L0  Nsteps           time(ps)         Etot             EKinetic        
L1  Temp             T_solute         T_solv           Pres_scal_solu  
L2  Pres_scal_solv   BoxX             BoxY             BoxZ            
L3  volume           pres_X           pres_Y           pres_Z          
L4  Pressure         EKCoM_x          EKCoM_y          EKCoM_z         
L5  EKComTot         VIRIAL_x         VIRIAL_y         VIRIAL_z        
L6  VIRIAL_tot       E_pot            E_vdw            E_el            
L7  E_hbon           E_bon            E_angle          E_dih           
L8  E_14vdw          E_14el           E_const          E_pol           
L9  AV_permMoment    AV_indMoment     AV_totMoment     Density          dV/dlambda      
L0     1000  0.2000000000E+01  -.7391803382E+04  0.1695272524E+04
L1 0.2931613908E+03  0.2931613908E+03  -.9087075906E+10  0.1000000000E+01
L2 0.1000000000E+01  0.3462318367E+02  0.3462318367E+02  0.3462318367E+02
L3 0.3195116485E+05  -.5616289492E+03  0.1477661727E+03  -.1686951742E+03
L4 -.1941859836E+03  0.2930557982E+03  0.2825918742E+03  0.2771223277E+03
L5 0.8527700001E+03  0.4222053077E+03  0.2486122712E+03  0.3159146639E+03
L6 0.9867322429E+03  -.9087075906E+04  0.1428246931E+04  -.1058854747E+05
L7 0.0000000000E+00  0.7190595381E+01  0.6806237340E+01  0.1083413123E+02
L8 0.2609199452E+01  0.4398150494E+02  0.1802965160E+01  0.0000000000E+00
L9 0.0000000000E+00  0.0000000000E+00  0.0000000000E+00  0.9073043907E+00  0.0000000000E+00
L0     2000  0.4000000000E+01  -.7342196233E+04  0.1761085681E+04
L1 0.3045423791E+03  0.3045423791E+03  -.9103281914E+10  0.1000000000E+01
L2 0.1000000000E+01  0.3410419841E+02  0.3410419841E+02  0.3410419841E+02
L3 0.3053587946E+05  -.2970004778E+03  -.5439461298E+03  0.1656980885E+03
L4 -.2250828397E+03  0.2947236149E+03  0.2797442262E+03  0.2760114744E+03
L5 0.8504793154E+03  0.3599952001E+03  0.3992868830E+03  0.2395961225E+03
L6 0.9988782056E+03  -.9103281914E+04  0.1353228336E+04  -.1053478096E+05
L7 0.0000000000E+00  0.4229739289E+01  0.1446725044E+02  0.1151216219E+02
L8 0.2059477296E+01  0.4269190639E+02  0.3310169603E+01  0.0000000000E+00
L9 0.0000000000E+00  0.0000000000E+00  0.0000000000E+00  0.9493563855E+00  0.0000000000E+00
L0     3000  0.6000000000E+01  -.7452213438E+04  0.1710200135E+04
L1 0.2957428043E+03  0.2957428043E+03  -.9162413573E+10  0.1000000000E+01
L2 0.1000000000E+01  0.3386533112E+02  0.3386533112E+02  0.3386533112E+02
L3 0.2989802724E+05  0.4819582456E+03  -.2931362867E+03  -.6338898310E+02
L4 0.4181099193E+02  0.3136093109E+03  0.2778086080E+03  0.2747824193E+03
L5 0.8662003382E+03  0.2099022018E+03  0.3408852690E+03  0.2884223731E+03
L6 0.8392098439E+03  -.9162413573E+04  0.1383065934E+04  -.1062119215E+05
L7 0.0000000000E+00  0.3407823220E+01  0.5154362012E+01  0.1191511019E+02
L8 0.2718933223E+01  0.4589796488E+02  0.6618453357E+01  0.0000000000E+00
L9 0.0000000000E+00  0.0000000000E+00  0.0000000000E+00  0.9696101992E+00  0.0000000000E+00
L0     4000  0.8000000000E+01  -.7425553895E+04  0.1741772809E+04
L1 0.3012026279E+03  0.3012026279E+03  -.9167326703E+10  0.1000000000E+01
L2 0.1000000000E+01  0.3373906665E+02  0.3373906665E+02  0.3373906665E+02
L3 0.2956401919E+05  0.2718876095E+03  -.1750527221E+01  0.8056518769E+03
L4 0.3585963197E+03  0.2936765164E+03  0.2946731217E+03  0.2710149806E+03
L5 0.8593646188E+03  0.2358257027E+03  0.2950455897E+03  0.9959261713E+02
L6 0.6304639095E+03  -.9167326703E+04  0.1391792464E+04  -.1063869850E+05
L7 0.0000000000E+00  0.8375779330E+01  0.1086516537E+02  0.1220276748E+02
L8 0.2008179069E+01  0.4317602706E+02  0.2951419713E+01  0.0000000000E+00
L9 0.0000000000E+00  0.0000000000E+00  0.0000000000E+00  0.9805646509E+00  0.0000000000E+00
L0     5000  0.1000000000E+02  -.7460472857E+04  0.1710464298E+04
L1 0.2957884858E+03  0.2957884858E+03  -.9170937155E+10  0.1000000000E+01
L2 0.1000000000E+01  0.3364105905E+02  0.3364105905E+02  0.3364105905E+02
L3 0.2930796817E+05  0.3698459286E+03  -.1082506851E+03  -.1500067066E+03
L4 0.3719617899E+02  0.2991696676E+03  0.2645054608E+03  0.2630624348E+03
L5 0.8267375632E+03  0.2211573584E+03  0.2873389849E+03  0.2947036364E+03
L6 0.8031999796E+03  -.9170937155E+04  0.1365566376E+04  -.1061282377E+05
L7 0.0000000000E+00  0.2331980433E+01  0.9806276112E+01  0.1070918194E+02
L8 0.4339697021E+01  0.4581081238E+02  0.3322287514E+01  0.0000000000E+00
L9 0.0000000000E+00  0.0000000000E+00  0.0000000000E+00  0.9891314194E+00  0.0000000000E+00
L0     6000  0.1200000000E+02  -.7425045888E+04  0.1781339520E+04
L1 0.3080448506E+03  0.3080448506E+03  -.9206385408E+10  0.1000000000E+01
L2 0.1000000000E+01  0.3360561955E+02  0.3360561955E+02  0.3360561955E+02
L3 0.2921624791E+05  -.1556062368E+03  -.1386544781E+03  -.5225534628E+03
L4 -.2722713926E+03  0.3055160697E+03  0.2974779977E+03  0.2971227746E+03
L5 0.9001168420E+03  0.3382356723E+03  0.3266331236E+03  0.4070010290E+03
L6 0.1071869825E+04  -.9206385408E+04  0.1303877036E+04  -.1058700750E+05
L7 0.0000000000E+00  0.4989572942E+01  0.1130490176E+02  0.1006272764E+02
L8 0.2339657738E+01  0.4329788407E+02  0.4750315784E+01  0.0000000000E+00
L9 0.0000000000E+00  0.0000000000E+00  0.0000000000E+00  0.9922366568E+00  0.0000000000E+00
L0     7000  0.1400000000E+02  -.7505276550E+04  0.1701912331E+04
L1 0.2943096046E+03  0.2943096046E+03  -.9207188881E+10  0.1000000000E+01
L2 0.1000000000E+01  0.3360649761E+02  0.3360649761E+02  0.3360649761E+02
L3 0.2921664559E+05  0.9479911905E+02  0.2937889180E+03  0.9730671913E+03
L4 0.4538850761E+03  0.2809137894E+03  0.2748975241E+03  0.2725124288E+03
L5 0.8283237422E+03  0.2609799371E+03  0.2131211602E+03  0.6790105928E+02
L6 0.5420021567E+03  -.9207188881E+04  0.1405669557E+04  -.1068931430E+05
L7 0.0000000000E+00  0.5922166236E+01  0.8410073598E+01  0.1229117876E+02
L8 0.2819323669E+01  0.4465862263E+02  0.2354493657E+01  0.0000000000E+00
L9 0.0000000000E+00  0.0000000000E+00  0.0000000000E+00  0.9922231512E+00  0.0000000000E+00
L0     8000  0.1600000000E+02  -.7581110049E+04  0.1687859128E+04
L1 0.2918794015E+03  0.2918794015E+03  -.9268969178E+10  0.1000000000E+01
L2 0.1000000000E+01  0.3368046814E+02  0.3368046814E+02  0.3368046814E+02
L3 0.2941094014E+05  0.6284368890E+03  -.1670745589E+03  -.1806429465E+03
L4 0.9357312788E+02  0.2906342133E+03  0.2873119184E+03  0.2860918117E+03
L5 0.8640379434E+03  0.1576110849E+03  0.3226770933E+03  0.3243290481E+03
L6 0.8046172263E+03  -.9268969178E+04  0.1393001309E+04  -.1073213711E+05
L7 0.0000000000E+00  0.2054112560E+01  0.9457476726E+01  0.9910063297E+01
L8 0.2734278033E+01  0.4378041307E+02  0.2230281428E+01  0.0000000000E+00
L9 0.0000000000E+00  0.0000000000E+00  0.0000000000E+00  0.9856683268E+00  0.0000000000E+00
L0     9000  0.1800000000E+02  -.7516587860E+04  0.1738193512E+04
L1 0.3005836644E+03  0.3005836644E+03  -.9254781372E+10  0.1000000000E+01
L2 0.1000000000E+01  0.3365106730E+02  0.3365106730E+02  0.3365106730E+02
L3 0.2933526727E+05  -.5776388960E+02  -.2767589203E+03  -.8538330219E+03
L4 -.3961186106E+03  0.2866851962E+03  0.2917662595E+03  0.2668760706E+03
L5 0.8453275263E+03  0.2988807930E+03  0.3501979239E+03  0.4471444591E+03
L6 0.1096223176E+04  -.9254781372E+04  0.1341077104E+04  -.1066931700E+05
L7 0.0000000000E+00  0.3047328859E+01  0.1027848610E+02  0.1171655076E+02
L8 0.2364443965E+01  0.4352553523E+02  0.2526175468E+01  0.0000000000E+00
L9 0.0000000000E+00  0.0000000000E+00  0.0000000000E+00  0.9882109437E+00  0.0000000000E+00
L0    10000  0.2000000000E+02  -.7563410606E+04  0.1744524472E+04
L1 0.3016784697E+03  0.3016784697E+03  -.9307935078E+10  0.1000000000E+01
L2 0.1000000000E+01  0.3368299626E+02  0.3368299626E+02  0.3368299626E+02
L3 0.2941856011E+05  0.6171831727E+03  -.5284299554E+03  -.9473255226E+03
L4 -.2861907684E+03  0.2996990889E+03  0.2944627421E+03  0.2901188021E+03
L5 0.8842806332E+03  0.1690242212E+03  0.4063460817E+03  0.4906940006E+03
L6 0.1066064303E+04  -.9307935078E+04  0.1358393286E+04  -.1073847903E+05
L7 0.0000000000E+00  0.2112286842E+01  0.9097917915E+01  0.1172983026E+02
L8 0.2060198563E+01  0.4384943793E+02  0.3300994939E+01  0.0000000000E+00
L9 0.0000000000E+00  0.0000000000E+00  0.0000000000E+00  0.9854130197E+00  0.0000000000E+00
