-984.54609709
-984.54988385
-984.55400588
-984.55215576
-984.54383414 0.0
-984.53124071 0.0
-984.53899889 0.0
-984.54749094
-984.55211631
-984.55082579
-984.54637272
-984.55695607
-984.55330991 0.0
-984.55150954 0.0
-984.55273367
-984.55329415
-984.55552097
-984.55656804
-984.55704110
-984.55609484
-984.55402441
-984.55599778
-984.55768672
-984.55494759 0.0
-984.55122519 0.0
-984.55373129
-984.55367566
-984.55666679
-984.56078070
-984.56090066
-984.55820814
-984.55697722
-984.55443856
-984.55555830
-984.55746035
-984.55803296
-984.56078593
-984.56008838
-984.56055520
-984.56448703
-984.56720669
-984.56685069
-984.56347321
-984.55970792
-984.55647505
-984.55863138
-984.55958287
-984.56395932
-984.56507043
-984.56347214
-984.56397870
-984.56690336
-984.56908661
-984.56843600
-984.56505459
-984.56072555
-984.55905303
-984.56044021
-984.56001665
-984.56559765
-984.56514258
-984.56387984
-984.56471982
-984.56657501
-984.56796710
-984.56649579
-984.56263748
-984.55959484
-984.55897764
-984.55962938
-984.56286634
-984.56581733
-984.56411551
-984.56508125
-984.56594674
-984.56627058
-984.56703507
-984.56535129
-984.56167105
-984.55861114
-984.55756142
-984.55977619
-984.56483447
-984.55116278
-984.55340971
-984.55758706
-984.55241415 
-984.54373616 0.0
-984.54067987 0.0
-984.54758866 0.0
-984.55428935
-984.55610963
-984.55216644
-984.54971342 0.0
-984.55016081
-984.56112079
-984.55895183
-984.55993228
-984.56256720
-984.56491968
-984.56620500
-984.56299730
-984.55579373
-984.55108206
-984.55233237
-984.56016773
-984.56483035
-984.54999220
-984.54814787
-984.55022018
-984.55495030
-984.56036572
-984.55808403
-984.54933636
-984.53745597 0.0 
-984.53873058 0.0
-984.54940235
-984.55869901
-984.55560493
-984.56609861
-984.56220499
-984.55960068
-984.55319391
-984.55161025
-984.55539229
-984.55969082
-984.56113531
-984.55969123
-984.55808745
-984.56892584
-984.56573090
-984.56064594
-984.55936543
-984.55544171
-984.55419648
-984.55490237
-984.55706705
-984.55823586
-984.55859242
-984.55785147
-984.55821282
-984.56062526
-984.56075206
