L0  Nsteps           time(ps)         Etot             EKinetic        
L1  Temp             T_solute         T_solv           Pres_scal_solu  
L2  Pres_scal_solv   BoxX             BoxY             BoxZ            
L3  volume           pres_X           pres_Y           pres_Z          
L4  Pressure         EKCoM_x          EKCoM_y          EKCoM_z         
L5  EKComTot         VIRIAL_x         VIRIAL_y         VIRIAL_z        
L6  VIRIAL_tot       E_pot            E_vdw            E_el            
L7  E_hbon           E_bon            E_angle          E_dih           
L8  E_14vdw          E_14el           E_const          E_pol           
L9  AV_permMoment    AV_indMoment     AV_totMoment     Density          dV/dlambda      
L0     1000  0.2000000000E+01  -.7548557090E+04  0.1724909512E+04
L1 0.2931488190E+03  0.2931488190E+03  -.9273466601E+10  0.1000000000E+01
L2 0.1000000000E+01  0.3483131659E+02  0.3483131659E+02  0.3483131659E+02
L3 0.3253062244E+05  0.4436155705E+03  -.9897048509E+03  0.1955314023E+03
L4 -.1168526260E+03  0.2942535387E+03  0.2803326798E+03  0.2865674157E+03
L5 0.8611536342E+03  0.1903917652E+03  0.5120479484E+03  0.2407885036E+03
L6 0.9432282172E+03  -.9273466601E+04  0.1476146156E+04  -.1082606134E+05
L7 0.0000000000E+00  0.3936927918E+01  0.9606015752E+01  0.1107753710E+02
L8 0.2894373527E+01  0.4619214232E+02  0.2741590054E+01  0.0000000000E+00
L9 0.0000000000E+00  0.0000000000E+00  0.0000000000E+00  0.9067769097E+00  0.0000000000E+00
L0     2000  0.4000000000E+01  -.7593044188E+04  0.1746362974E+04
L1 0.2967948405E+03  0.2967948405E+03  -.9339407162E+10  0.1000000000E+01
L2 0.1000000000E+01  0.3436670812E+02  0.3436670812E+02  0.3436670812E+02
L3 0.3124694159E+05  -.4989528469E+03  -.5565627260E+03  -.1477494902E+03
L4 -.4010883544E+03  0.3016036054E+03  0.2757284152E+03  0.2711430026E+03
L5 0.8484750232E+03  0.4138115483E+03  0.4008920634E+03  0.3043699227E+03
L6 0.1119073534E+04  -.9339407162E+04  0.1408899551E+04  -.1082704414E+05
L7 0.0000000000E+00  0.5911256469E+01  0.5610547388E+01  0.1175319507E+02
L8 0.3207260617E+01  0.4840900365E+02  0.3846160132E+01  0.0000000000E+00
L9 0.0000000000E+00  0.0000000000E+00  0.0000000000E+00  0.9440289442E+00  0.0000000000E+00
L0     3000  0.6000000000E+01  -.7573156289E+04  0.1769560418E+04
L1 0.3007372522E+03  0.3007372522E+03  -.9342716707E+10  0.1000000000E+01
L2 0.1000000000E+01  0.3413507058E+02  0.3413507058E+02  0.3413507058E+02
L3 0.3061921790E+05  -.3760572545E+03  -.4130652155E+03  -.2566105951E+03
L4 -.3485776883E+03  0.3011142402E+03  0.2958347523E+03  0.2977151701E+03
L5 0.8946641626E+03  0.3839856342E+03  0.3868615569E+03  0.3542642128E+03
L6 0.1125111404E+04  -.9342716707E+04  0.1359989349E+04  -.1078156546E+05
L7 0.0000000000E+00  0.4541200698E+01  0.7073208361E+01  0.1048774299E+02
L8 0.4333180359E+01  0.5002636541E+02  0.2397702479E+01  0.0000000000E+00
L9 0.0000000000E+00  0.0000000000E+00  0.0000000000E+00  0.9633824541E+00  0.0000000000E+00
L0     4000  0.8000000000E+01  -.7594600746E+04  0.1784664681E+04
L1 0.3033042255E+03  0.3033042255E+03  -.9379265427E+10  0.1000000000E+01
L2 0.1000000000E+01  0.3387086724E+02  0.3387086724E+02  0.3387086724E+02
L3 0.2991427431E+05  -.1035400881E+04  -.6023125041E+03  -.1543335988E+02
L4 -.5510489151E+03  0.2772259418E+03  0.2916557580E+03  0.3142879220E+03
L5 0.8831696218E+03  0.5001431432E+03  0.4213309594E+03  0.3176106557E+03
L6 0.1239084758E+04  -.9379265427E+04  0.1312099846E+04  -.1076538035E+05
L7 0.0000000000E+00  0.7451275699E+01  0.4107296235E+01  0.1028918653E+02
L8 0.2848887375E+01  0.4581019327E+02  0.3508242154E+01  0.0000000000E+00
L9 0.0000000000E+00  0.0000000000E+00  0.0000000000E+00  0.9860850035E+00  0.0000000000E+00
L0     5000  0.1000000000E+02  -.7669860922E+04  0.1762524170E+04
L1 0.2995414399E+03  0.2995414399E+03  -.9432385092E+10  0.1000000000E+01
L2 0.1000000000E+01  0.3390565720E+02  0.3390565720E+02  0.3390565720E+02
L3 0.3000626001E+05  -.1008781639E+04  0.8836515002E+02  -.4110302837E+03
L4 -.4438155909E+03  0.2889889792E+03  0.2738235004E+03  0.2994017305E+03
L5 0.8622142101E+03  0.5068430188E+03  0.2547403766E+03  0.3881668350E+03
L6 0.1149750230E+04  -.9432385092E+04  0.1361256325E+04  -.1086847939E+05
L7 0.0000000000E+00  0.2736095669E+01  0.8432028212E+01  0.1032176397E+02
L8 0.3212061894E+01  0.4732625040E+02  0.2809776715E+01  0.0000000000E+00
L9 0.0000000000E+00  0.0000000000E+00  0.0000000000E+00  0.9830621101E+00  0.0000000000E+00
L0     6000  0.1200000000E+02  -.7676011666E+04  0.1718028024E+04
L1 0.2919793084E+03  0.2919793084E+03  -.9394039690E+10  0.1000000000E+01
L2 0.1000000000E+01  0.3380418995E+02  0.3380418995E+02  0.3380418995E+02
L3 0.2973649757E+05  0.1608361486E+03  -.6635631294E+03  0.4995755870E+03
L4 -.1050464609E+01  0.2860286096E+03  0.2959922193E+03  0.2635361280E+03
L5 0.8455569569E+03  0.2516070884E+03  0.4380053958E+03  0.1566189217E+03
L6 0.8462314058E+03  -.9394039690E+04  0.1393545788E+04  -.1085886326E+05
L7 0.0000000000E+00  0.1646683287E+01  0.7994821963E+01  0.9616082110E+01
L8 0.2994145492E+01  0.4519872594E+02  0.3827325509E+01  0.0000000000E+00
L9 0.0000000000E+00  0.0000000000E+00  0.0000000000E+00  0.9919802160E+00  0.0000000000E+00
L0     7000  0.1400000000E+02  -.7606798565E+04  0.1819223704E+04
L1 0.3091775405E+03  0.3091775405E+03  -.9426022269E+10  0.1000000000E+01
L2 0.1000000000E+01  0.3379997022E+02  0.3379997022E+02  0.3379997022E+02
L3 0.2972602116E+05  0.5841356375E+03  -.2606684125E+03  -.1071179277E+04
L4 -.2492373507E+03  0.3158551256E+03  0.2854102463E+03  0.2950638905E+03
L5 0.8963292624E+03  0.1908847527E+03  0.3411778225E+03  0.5242327086E+03
L6 0.1056295284E+04  -.9426022269E+04  0.1358398415E+04  -.1085882100E+05
L7 0.0000000000E+00  0.3372357727E+01  0.6069022377E+01  0.1166070593E+02
L8 0.2696091634E+01  0.4572431817E+02  0.4877820069E+01  0.0000000000E+00
L9 0.0000000000E+00  0.0000000000E+00  0.0000000000E+00  0.9923298221E+00  0.0000000000E+00
L0     8000  0.1600000000E+02  -.7583779440E+04  0.1777933161E+04
L1 0.3021602019E+03  0.3021602019E+03  -.9361712601E+10  0.1000000000E+01
L2 0.1000000000E+01  0.3382208118E+02  0.3382208118E+02  0.3382208118E+02
L3 0.2978242243E+05  0.5262046991E+03  -.9935151852E+02  0.1055235083E+04
L4 0.4940294212E+03  0.3080547924E+03  0.3048034029E+03  0.2864954958E+03
L5 0.8993536911E+03  0.1952646042E+03  0.3260990631E+03  0.6030944344E+02
L6 0.5816731107E+03  -.9361712601E+04  0.1432054708E+04  -.1086663821E+05
L7 0.0000000000E+00  0.3684515122E+01  0.6519664492E+01  0.1015616139E+02
L8 0.2743083816E+01  0.4769381649E+02  0.2073660933E+01  0.0000000000E+00
L9 0.0000000000E+00  0.0000000000E+00  0.0000000000E+00  0.9904505704E+00  0.0000000000E+00
L0     9000  0.1800000000E+02  -.7569990493E+04  0.1773473034E+04
L1 0.3014022022E+03  0.3014022022E+03  -.9343463527E+10  0.1000000000E+01
L2 0.1000000000E+01  0.3385267389E+02  0.3385267389E+02  0.3385267389E+02
L3 0.2986432029E+05  0.1986654167E+03  -.3096819443E+03  0.4573584622E+03
L4 0.1154473115E+03  0.2886481114E+03  0.2859792569E+03  0.2981204616E+03
L5 0.8727478299E+03  0.2459477562E+03  0.3525410634E+03  0.1998176513E+03
L6 0.7983064709E+03  -.9343463527E+04  0.1390730053E+04  -.1080929852E+05
L7 0.0000000000E+00  0.3119836177E+01  0.9711869437E+01  0.1080054472E+02
L8 0.2915778312E+01  0.4494880408E+02  0.3608108563E+01  0.0000000000E+00
L9 0.0000000000E+00  0.0000000000E+00  0.0000000000E+00  0.9877344267E+00  0.0000000000E+00
L0    10000  0.2000000000E+02  -.7570419275E+04  0.1797341007E+04
L1 0.3054585704E+03  0.3054585704E+03  -.9367760282E+10  0.1000000000E+01
L2 0.1000000000E+01  0.3394871936E+02  0.3394871936E+02  0.3394871936E+02
L3 0.3011977376E+05  0.2032966754E+02  0.2730130901E+03  -.5522155713E+03
L4 -.8629093789E+02  0.3211023448E+03  0.3061180245E+03  0.2746815850E+03
L5 0.9019019544E+03  0.3166953904E+03  0.2469357358E+03  0.3943878648E+03
L6 0.9580189910E+03  -.9367760282E+04  0.1384270500E+04  -.1082966283E+05
L7 0.0000000000E+00  0.2036646589E+01  0.1072232558E+02  0.1188881987E+02
L8 0.3308760431E+01  0.4512763999E+02  0.4547854945E+01  0.0000000000E+00
L9 0.0000000000E+00  0.0000000000E+00  0.0000000000E+00  0.9793571996E+00  0.0000000000E+00
