L0  Nsteps           time(ps)         Etot             EKinetic        
L1  Temp             T_solute         T_solv           Pres_scal_solu  
L2  Pres_scal_solv   BoxX             BoxY             BoxZ            
L3  volume           pres_X           pres_Y           pres_Z          
L4  Pressure         EKCoM_x          EKCoM_y          EKCoM_z         
L5  EKComTot         VIRIAL_x         VIRIAL_y         VIRIAL_z        
L6  VIRIAL_tot       E_pot            E_vdw            E_el            
L7  E_hbon           E_bon            E_angle          E_dih           
L8  E_14vdw          E_14el           E_const          E_pol           
L9  AV_permMoment    AV_indMoment     AV_totMoment     Density          dV/dlambda      
L0     1000  0.2000000000E+01  -.7073736517E+04  0.1654428397E+04
L1 0.2984035680E+03  0.2984035680E+03  -.8728164914E+10  0.1000000000E+01
L2 0.1000000000E+01  0.3423730150E+02  0.3423730150E+02  0.3423730150E+02
L3 0.3089624493E+05  -.6269555604E+03  -.8814219996E+03  -.7329437338E+03
L4 -.7471070980E+03  0.2677314722E+03  0.2792634793E+03  0.2930122893E+03
L5 0.8400072408E+03  0.4071431127E+03  0.4752590087E+03  0.4559917647E+03
L6 0.1338393886E+04  -.8728164914E+04  0.1300080697E+04  -.1010150830E+05
L7 0.0000000000E+00  0.1456583654E+01  0.8850170779E+01  0.1108734808E+02
L8 0.3512908926E+01  0.4643887353E+02  0.1916804839E+01  0.0000000000E+00
L9 0.0000000000E+00  0.0000000000E+00  0.0000000000E+00  0.8995514284E+00  0.0000000000E+00
L0     2000  0.4000000000E+01  -.7099166045E+04  0.1665729814E+04
L1 0.3004419659E+03  0.3004419659E+03  -.8764895859E+10  0.1000000000E+01
L2 0.1000000000E+01  0.3366136432E+02  0.3366136432E+02  0.3366136432E+02
L3 0.2936310548E+05  -.1061361885E+04  -.2811317467E+03  -.8775319533E+03
L4 -.7400085283E+03  0.2691900267E+03  0.2717918008E+03  0.2677986379E+03
L5 0.8087804653E+03  0.4934862973E+03  0.3312030188E+03  0.4532463606E+03
L6 0.1277935677E+04  -.8764895859E+04  0.1256935708E+04  -.1010101046E+05
L7 0.0000000000E+00  0.3306573924E+01  0.5833771428E+01  0.1002986142E+02
L8 0.5841846321E+01  0.4979514887E+02  0.4371689709E+01  0.0000000000E+00
L9 0.0000000000E+00  0.0000000000E+00  0.0000000000E+00  0.9465198182E+00  0.0000000000E+00
L0     3000  0.6000000000E+01  -.7109229830E+04  0.1657990713E+04
L1 0.2990460908E+03  0.2990460908E+03  -.8767220543E+10  0.1000000000E+01
L2 0.1000000000E+01  0.3343059365E+02  0.3343059365E+02  0.3343059365E+02
L3 0.2876282606E+05  -.2137195195E+03  -.7153529606E+03  -.7060352348E+03
L4 -.5450359050E+03  0.2610691352E+03  0.2919335288E+03  0.2790422840E+03
L5 0.8320449479E+03  0.3053108879E+03  0.4400176573E+03  0.4251975643E+03
L6 0.1170526109E+04  -.8767220543E+04  0.1237163863E+04  -.1008278598E+05
L7 0.0000000000E+00  0.2615185371E+01  0.9697693330E+01  0.1074568349E+02
L8 0.4156447705E+01  0.4767843527E+02  0.3508131156E+01  0.0000000000E+00
L9 0.0000000000E+00  0.0000000000E+00  0.0000000000E+00  0.9662736616E+00  0.0000000000E+00
L0     4000  0.8000000000E+01  -.7111212669E+04  0.1663812471E+04
L1 0.3000961412E+03  0.3000961412E+03  -.8775025140E+10  0.1000000000E+01
L2 0.1000000000E+01  0.3333666208E+02  0.3333666208E+02  0.3333666208E+02
L3 0.2851972766E+05  -.2598525400E+03  -.1683055216E+03  0.3614613589E+03
L4 -.2223223423E+02  0.2720471497E+03  0.2785897830E+03  0.2682147829E+03
L5 0.8188517156E+03  0.3253841910E+03  0.3131359858E+03  0.1940216293E+03
L6 0.8325418061E+03  -.8775025140E+04  0.1308912689E+04  -.1015868939E+05
L7 0.0000000000E+00  0.3011190867E+01  0.8319697159E+01  0.1187689447E+02
L8 0.4073881195E+01  0.4514739062E+02  0.2322507963E+01  0.0000000000E+00
L9 0.0000000000E+00  0.0000000000E+00  0.0000000000E+00  0.9745100509E+00  0.0000000000E+00
L0     5000  0.1000000000E+02  -.7168774438E+04  0.1659707044E+04
L1 0.2993556596E+03  0.2993556596E+03  -.8828481483E+10  0.1000000000E+01
L2 0.1000000000E+01  0.3318171369E+02  0.3318171369E+02  0.3318171369E+02
L3 0.2812559662E+05  -.1007212215E+04  -.7990478288E+03  -.2950016803E+03
L4 -.7004205747E+03  0.2726221235E+03  0.2668201686E+03  0.2899374248E+03
L5 0.8293797169E+03  0.4765043219E+03  0.4285652562E+03  0.3496523392E+03
L6 0.1254721917E+04  -.8828481483E+04  0.1227771299E+04  -.1012880711E+05
L7 0.0000000000E+00  0.2319864614E+01  0.7385939538E+01  0.1139254822E+02
L8 0.3386068397E+01  0.4425442406E+02  0.3815479566E+01  0.0000000000E+00
L9 0.0000000000E+00  0.0000000000E+00  0.0000000000E+00  0.9881661048E+00  0.0000000000E+00
L0     6000  0.1200000000E+02  -.7229485762E+04  0.1688502424E+04
L1 0.3045493833E+03  0.3045493833E+03  -.8917988186E+10  0.1000000000E+01
L2 0.1000000000E+01  0.3317448440E+02  0.3317448440E+02  0.3317448440E+02
L3 0.2810411649E+05  0.1103094804E+04  0.5307812714E+03  -.2440532096E+02
L4 0.5364902515E+03  0.2693914219E+03  0.2798458521E+03  0.2844809414E+03
L5 0.8337182154E+03  0.4627098277E+02  0.1724859499E+03  0.2894173494E+03
L6 0.5081742820E+03  -.8917988186E+04  0.1396273827E+04  -.1038869737E+05
L7 0.0000000000E+00  0.1436818733E+01  0.9253298992E+01  0.1084264694E+02
L8 0.4454071637E+01  0.4516911346E+02  0.3279406263E+01  0.0000000000E+00
L9 0.0000000000E+00  0.0000000000E+00  0.0000000000E+00  0.9889213654E+00  0.0000000000E+00
L0     7000  0.1400000000E+02  -.7222069104E+04  0.1640893375E+04
L1 0.2959623026E+03  0.2959623026E+03  -.8862962478E+10  0.1000000000E+01
L2 0.1000000000E+01  0.3327756607E+02  0.3327756607E+02  0.3327756607E+02
L3 0.2836918073E+05  0.4322721993E+02  -.4576577862E+03  -.6663836315E+03
L4 -.3602713993E+03  0.2934713277E+03  0.2873037851E+03  0.2505580342E+03
L5 0.8313331471E+03  0.2846453937E+03  0.3807462378E+03  0.3866171659E+03
L6 0.1052008797E+04  -.8862962478E+04  0.1272018757E+04  -.1021789540E+05
L7 0.0000000000E+00  0.5383366957E+01  0.1352708610E+02  0.1081126895E+02
L8 0.3268392291E+01  0.4598942154E+02  0.3934630543E+01  0.0000000000E+00
L9 0.0000000000E+00  0.0000000000E+00  0.0000000000E+00  0.9796814904E+00  0.0000000000E+00
L0     8000  0.1600000000E+02  -.7165098646E+04  0.1648441349E+04
L1 0.2973237049E+03  0.2973237049E+03  -.8813539995E+10  0.1000000000E+01
L2 0.1000000000E+01  0.3325094285E+02  0.3325094285E+02  0.3325094285E+02
L3 0.2830095685E+05  -.5435115255E+03  0.3677466538E+03  -.6800540769E+03
L4 -.2852729829E+03  0.2564585367E+03  0.2773482971E+03  0.2954798909E+03
L5 0.8292867246E+03  0.3671633381E+03  0.2024440524E+03  0.4339962756E+03
L6 0.1003603666E+04  -.8813539995E+04  0.1263905846E+04  -.1015579553E+05
L7 0.0000000000E+00  0.4792366631E+01  0.1402434663E+02  0.9273486501E+01
L8 0.3663566106E+01  0.4341468740E+02  0.3181230695E+01  0.0000000000E+00
L9 0.0000000000E+00  0.0000000000E+00  0.0000000000E+00  0.9820431655E+00  0.0000000000E+00
L0     9000  0.1800000000E+02  -.7276634925E+04  0.1593469043E+04
L1 0.2874085388E+03  0.2874085388E+03  -.8870103969E+10  0.1000000000E+01
L2 0.1000000000E+01  0.3330135256E+02  0.3330135256E+02  0.3330135256E+02
L3 0.2842786668E+05  0.1900960439E+04  0.1854429055E+03  -.5744535570E+03
L4 0.5039832626E+03  0.2687292967E+03  0.2812569044E+03  0.2480417205E+03
L5 0.7980279216E+03  -.1202029291E+03  0.2433157035E+03  0.3655736249E+03
L6 0.4886863993E+03  -.8870103969E+04  0.1400746497E+04  -.1034279894E+05
L7 0.0000000000E+00  0.2671576652E+01  0.9399429928E+01  0.1073796940E+02
L8 0.2983927750E+01  0.4430169785E+02  0.1853875068E+01  0.0000000000E+00
L9 0.0000000000E+00  0.0000000000E+00  0.0000000000E+00  0.9776590544E+00  0.0000000000E+00
L0    10000  0.2000000000E+02  -.7139987648E+04  0.1676374546E+04
L1 0.3023619196E+03  0.3023619196E+03  -.8816362194E+10  0.1000000000E+01
L2 0.1000000000E+01  0.3319062312E+02  0.3319062312E+02  0.3319062312E+02
L3 0.2814766686E+05  -.7552828645E+03  -.1680862676E+03  -.4713397191E+03
L4 -.4649029504E+03  0.2860507990E+03  0.2929735011E+03  0.2835917497E+03
L5 0.8626160499E+03  0.4390568528E+03  0.3270246066E+03  0.3790762811E+03
L6 0.1145157740E+04  -.8816362194E+04  0.1230151228E+04  -.1012069413E+05
L7 0.0000000000E+00  0.5304930541E+01  0.7319313460E+01  0.1179914613E+02
L8 0.4016708024E+01  0.4313845085E+02  0.2602156380E+01  0.0000000000E+00
L9 0.0000000000E+00  0.0000000000E+00  0.0000000000E+00  0.9873912958E+00  0.0000000000E+00
