L0  Nsteps           time(ps)         Etot             EKinetic        
L1  Temp             T_solute         T_solv           Pres_scal_solu  
L2  Pres_scal_solv   BoxX             BoxY             BoxZ            
L3  volume           pres_X           pres_Y           pres_Z          
L4  Pressure         EKCoM_x          EKCoM_y          EKCoM_z         
L5  EKComTot         VIRIAL_x         VIRIAL_y         VIRIAL_z        
L6  VIRIAL_tot       E_pot            E_vdw            E_el            
L7  E_hbon           E_bon            E_angle          E_dih           
L8  E_14vdw          E_14el           E_const          E_pol           
L9  AV_permMoment    AV_indMoment     AV_totMoment     Density          dV/dlambda      
L0     1000  0.2000000000E+01  -.7489378408E+04  0.1658381732E+04
L1 0.2873744363E+03  0.2873744363E+03  -.9147760141E+10  0.1000000000E+01
L2 0.1000000000E+01  0.3462996647E+02  0.3462996647E+02  0.3462996647E+02
L3 0.3197149417E+05  -.1024784337E+04  -.4078001023E+03  -.7779559985E+03
L4 -.7368468124E+03  0.2757302857E+03  0.2785151879E+03  0.2564847570E+03
L5 0.8107302306E+03  0.5115347332E+03  0.3723506169E+03  0.4354936253E+03
L6 0.1319378975E+04  -.9147760141E+04  0.1375348640E+04  -.1059718857E+05
L7 0.0000000000E+00  0.3976650271E+01  0.4619686246E+01  0.1073827195E+02
L8 0.3075278776E+01  0.4834816649E+02  0.3321739256E+01  0.0000000000E+00
L9 0.0000000000E+00  0.0000000000E+00  0.0000000000E+00  0.9048560087E+00  0.0000000000E+00
L0     2000  0.4000000000E+01  -.7393020491E+04  0.1707323574E+04
L1 0.2958553752E+03  0.2958553752E+03  -.9100344064E+10  0.1000000000E+01
L2 0.1000000000E+01  0.3409675214E+02  0.3409675214E+02  0.3409675214E+02
L3 0.3051402894E+05  0.9289183198E+03  -.5366413906E+02  0.4922425977E+03
L4 0.4558322595E+03  0.3065796634E+03  0.2705582478E+03  0.2779652742E+03
L5 0.8551031854E+03  0.1025780220E+03  0.2823435385E+03  0.1698628762E+03
L6 0.5547844367E+03  -.9100344064E+04  0.1446322086E+04  -.1062219003E+05
L7 0.0000000000E+00  0.1263036553E+01  0.5039224629E+01  0.1164006822E+02
L8 0.4048816519E+01  0.4845679046E+02  0.5075944853E+01  0.0000000000E+00
L9 0.0000000000E+00  0.0000000000E+00  0.0000000000E+00  0.9480753479E+00  0.0000000000E+00
L0     3000  0.6000000000E+01  -.7413375443E+04  0.1737716631E+04
L1 0.3011220683E+03  0.3011220683E+03  -.9151092074E+10  0.1000000000E+01
L2 0.1000000000E+01  0.3381942661E+02  0.3381942661E+02  0.3381942661E+02
L3 0.2977710813E+05  -.6588578987E+02  0.2294312255E+03  -.5990444504E+03
L4 -.1451663382E+03  0.2944930069E+03  0.2879922652E+03  0.2857905013E+03
L5 0.8682757735E+03  0.3086128820E+03  0.2388232372E+03  0.4141707307E+03
L6 0.9616068499E+03  -.9151092074E+04  0.1349701049E+04  -.1057961455E+05
L7 0.0000000000E+00  0.5426550479E+01  0.8726965292E+01  0.1020512244E+02
L8 0.3298989904E+01  0.4823040956E+02  0.2933391971E+01  0.0000000000E+00
L9 0.0000000000E+00  0.0000000000E+00  0.0000000000E+00  0.9715382192E+00  0.0000000000E+00
L0     4000  0.8000000000E+01  -.7487323596E+04  0.1699495928E+04
L1 0.2944989533E+03  0.2944989533E+03  -.9186819524E+10  0.1000000000E+01
L2 0.1000000000E+01  0.3373428309E+02  0.3373428309E+02  0.3373428309E+02
L3 0.2955237696E+05  0.1288486089E+03  0.1940775256E+03  -.3065188760E+03
L4 0.5469086142E+01  0.2866349641E+03  0.2734406693E+03  0.2635257327E+03
L5 0.8236013661E+03  0.2592300319E+03  0.2321621373E+03  0.3287195217E+03
L6 0.8201116909E+03  -.9186819524E+04  0.1373416652E+04  -.1062743179E+05
L7 0.0000000000E+00  0.2095715157E+01  0.6998770644E+01  0.1033190442E+02
L8 0.3182049574E+01  0.4289247800E+02  0.1694696588E+01  0.0000000000E+00
L9 0.0000000000E+00  0.0000000000E+00  0.0000000000E+00  0.9789262856E+00  0.0000000000E+00
L0     5000  0.1000000000E+02  -.7469758509E+04  0.1713712455E+04
L1 0.2969624793E+03  0.2969624793E+03  -.9183470965E+10  0.1000000000E+01
L2 0.1000000000E+01  0.3371826544E+02  0.3371826544E+02  0.3371826544E+02
L3 0.2951034673E+05  -.8360625351E+03  0.4433100007E+03  0.3569442099E+03
L4 -.1193610816E+02  0.2779890027E+03  0.2997053200E+03  0.2934115309E+03
L5 0.8711058536E+03  0.4555590273E+03  0.2055513968E+03  0.2176007040E+03
L6 0.8787111281E+03  -.9183470965E+04  0.1363281811E+04  -.1062194879E+05
L7 0.0000000000E+00  0.4477522299E+01  0.9994912155E+01  0.1046763795E+02
L8 0.3003655132E+01  0.4411680415E+02  0.3135483509E+01  0.0000000000E+00
L9 0.0000000000E+00  0.0000000000E+00  0.0000000000E+00  0.9803205252E+00  0.0000000000E+00
L0     6000  0.1200000000E+02  -.7461858871E+04  0.1725455448E+04
L1 0.2989973762E+03  0.2989973762E+03  -.9187314319E+10  0.1000000000E+01
L2 0.1000000000E+01  0.3361766984E+02  0.3361766984E+02  0.3361766984E+02
L3 0.2924625788E+05  0.8748670691E+03  -.2869062971E+03  0.2400508936E+03
L4 0.2760038886E+03  0.2825114458E+03  0.2904994556E+03  0.2764788433E+03
L5 0.8494897446E+03  0.9836261968E+02  0.3508897247E+03  0.2259510639E+03
L6 0.6752034083E+03  -.9187314319E+04  0.1391416835E+04  -.1066632165E+05
L7 0.0000000000E+00  0.3214588818E+01  0.1042069550E+02  0.1156850254E+02
L8 0.4600142168E+01  0.5024386506E+02  0.7542701574E+01  0.0000000000E+00
L9 0.0000000000E+00  0.0000000000E+00  0.0000000000E+00  0.9891726568E+00  0.0000000000E+00
L0     7000  0.1400000000E+02  -.7444363995E+04  0.1732977256E+04
L1 0.3003008007E+03  0.3003008007E+03  -.9177341251E+10  0.1000000000E+01
L2 0.1000000000E+01  0.3365526623E+02  0.3365526623E+02  0.3365526623E+02
L3 0.2934565912E+05  -.1478142708E+03  -.4442007226E+03  0.8067789110E+02
L4 -.1704457008E+03  0.2860245506E+03  0.2984142330E+03  0.2864456768E+03
L5 0.8708844604E+03  0.3172433943E+03  0.3922308372E+03  0.2694062498E+03
L6 0.9788804813E+03  -.9177341251E+04  0.1332171110E+04  -.1058645459E+05
L7 0.0000000000E+00  0.3265811309E+01  0.8287863483E+01  0.1132974100E+02
L8 0.4046778260E+01  0.4690323820E+02  0.3108793714E+01  0.0000000000E+00
L9 0.0000000000E+00  0.0000000000E+00  0.0000000000E+00  0.9858220765E+00  0.0000000000E+00
L0     8000  0.1600000000E+02  -.7562278123E+04  0.1670395626E+04
L1 0.2894562767E+03  0.2894562767E+03  -.9232673749E+10  0.1000000000E+01
L2 0.1000000000E+01  0.3359821663E+02  0.3359821663E+02  0.3359821663E+02
L3 0.2919659627E+05  -.2998727829E+03  0.4893717632E+03  -.6055419370E+03
L4 -.1386809856E+03  0.2778446264E+03  0.2850777960E+03  0.2715347808E+03
L5 0.8344572033E+03  0.3408570023E+03  0.1822459312E+03  0.3987775261E+03
L6 0.9218804595E+03  -.9232673749E+04  0.1349014796E+04  -.1065159541E+05
L7 0.0000000000E+00  0.2001024480E+01  0.9492157457E+01  0.1049523714E+02
L8 0.2717900363E+01  0.4259083498E+02  0.2609713191E+01  0.0000000000E+00
L9 0.0000000000E+00  0.0000000000E+00  0.0000000000E+00  0.9908551784E+00  0.0000000000E+00
L0     9000  0.1800000000E+02  -.7505871769E+04  0.1729905831E+04
L1 0.2997685656E+03  0.2997685656E+03  -.9235777600E+10  0.1000000000E+01
L2 0.1000000000E+01  0.3356787380E+02  0.3356787380E+02  0.3356787380E+02
L3 0.2911774446E+05  -.3432564377E+03  -.3743366556E+03  0.9383883167E+02
L4 -.2079180872E+03  0.2716329356E+03  0.2722007688E+03  0.3079091987E+03
L5 0.8517429031E+03  0.3435667353E+03  0.3506478278E+03  0.2882440650E+03
L6 0.9824586282E+03  -.9235777600E+04  0.1344994301E+04  -.1065744036E+05
L7 0.0000000000E+00  0.4581238756E+01  0.1074298182E+02  0.1181314728E+02
L8 0.2054113213E+01  0.4523982934E+02  0.2237147476E+01  0.0000000000E+00
L9 0.0000000000E+00  0.0000000000E+00  0.0000000000E+00  0.9935384470E+00  0.0000000000E+00
L0    10000  0.2000000000E+02  -.7507339142E+04  0.1681214977E+04
L1 0.2913311193E+03  0.2913311193E+03  -.9188554119E+10  0.1000000000E+01
L2 0.1000000000E+01  0.3358635681E+02  0.3358635681E+02  0.3358635681E+02
L3 0.2916531790E+05  0.6667167046E+02  0.6082599850E+03  -.6631657254E+03
L4 0.3921976700E+01  0.2734602255E+03  0.2938480667E+03  0.2649294586E+03
L5 0.8322377509E+03  0.2594654921E+03  0.1661711044E+03  0.4041314240E+03
L6 0.8297680205E+03  -.9188554119E+04  0.1350560715E+04  -.1060762682E+05
L7 0.0000000000E+00  0.3082327709E+01  0.6838341689E+01  0.1022033638E+02
L8 0.2518611437E+01  0.4278365928E+02  0.3068712445E+01  0.0000000000E+00
L9 0.0000000000E+00  0.0000000000E+00  0.0000000000E+00  0.9919178218E+00  0.0000000000E+00
