L0  Nsteps           time(ps)         Etot             EKinetic        
L1  Temp             T_solute         T_solv           Pres_scal_solu  
L2  Pres_scal_solv   BoxX             BoxY             BoxZ            
L3  volume           pres_X           pres_Y           pres_Z          
L4  Pressure         EKCoM_x          EKCoM_y          EKCoM_z         
L5  EKComTot         VIRIAL_x         VIRIAL_y         VIRIAL_z        
L6  VIRIAL_tot       E_pot            E_vdw            E_el            
L7  E_hbon           E_bon            E_angle          E_dih           
L8  E_14vdw          E_14el           E_const          E_pol           
L9  AV_permMoment    AV_indMoment     AV_totMoment     Density          dV/dlambda      
L0     1000  0.2000000000E+01  -.6903601058E+04  0.1586720178E+04
L1 0.2934486001E+03  0.2934486001E+03  -.8490321236E+10  0.1000000000E+01
L2 0.1000000000E+01  0.3397713513E+02  0.3397713513E+02  0.3397713513E+02
L3 0.3019787436E+05  -.1139968763E+04  -.9379348677E+03  -.8590952261E+03
L4 -.9789996189E+03  0.2721832368E+03  0.2571286404E+03  0.2575538892E+03
L5 0.7868657664E+03  0.5199402204E+03  0.4609762555E+03  0.4442667614E+03
L6 0.1425183237E+04  -.8490321236E+04  0.1244415519E+04  -.9805803677E+04
L7 0.0000000000E+00  0.2039377612E+01  0.4814686410E+01  0.1200672636E+02
L8 0.3572101295E+01  0.4480576466E+02  0.3828266334E+01  0.0000000000E+00
L9 0.0000000000E+00  0.0000000000E+00  0.0000000000E+00  0.8975689868E+00  0.0000000000E+00
L0     2000  0.4000000000E+01  -.6933609661E+04  0.1626661184E+04
L1 0.3008353042E+03  0.3008353042E+03  -.8560270846E+10  0.1000000000E+01
L2 0.1000000000E+01  0.3338307302E+02  0.3338307302E+02  0.3338307302E+02
L3 0.2863931195E+05  -.9278725385E+03  0.5672526159E+03  -.6286495173E+02
L4 -.1411616248E+03  0.2573373892E+03  0.2876443299E+03  0.2689953453E+03
L5 0.8139770645E+03  0.4485900480E+03  0.1707224829E+03  0.2819530401E+03
L6 0.9012655711E+03  -.8560270846E+04  0.1312985816E+04  -.9955221262E+04
L7 0.0000000000E+00  0.4933784558E+01  0.9819445566E+01  0.1456009410E+02
L8 0.3447331023E+01  0.4528584484E+02  0.3918100372E+01  0.0000000000E+00
L9 0.0000000000E+00  0.0000000000E+00  0.0000000000E+00  0.9464150375E+00  0.0000000000E+00
L0     3000  0.6000000000E+01  -.7022045762E+04  0.1610144734E+04
L1 0.2977807459E+03  0.2977807459E+03  -.8632190495E+10  0.1000000000E+01
L2 0.1000000000E+01  0.3305445519E+02  0.3305445519E+02  0.3305445519E+02
L3 0.2780081136E+05  0.1465207580E+03  0.4039257597E+03  0.2792317364E+03
L4 0.2765594180E+03  0.2706851656E+03  0.2867608369E+03  0.2671115287E+03
L5 0.8245575312E+03  0.2413685922E+03  0.2059414407E+03  0.2112415086E+03
L6 0.6585515415E+03  -.8632190495E+04  0.1335794605E+04  -.1004261057E+05
L7 0.0000000000E+00  0.1779918038E+01  0.9380998517E+01  0.1146928535E+02
L8 0.3015324803E+01  0.4503679603E+02  0.3943143744E+01  0.0000000000E+00
L9 0.0000000000E+00  0.0000000000E+00  0.0000000000E+00  0.9749598723E+00  0.0000000000E+00
L0     4000  0.8000000000E+01  -.7040874310E+04  0.1609492315E+04
L1 0.2976600874E+03  0.2976600874E+03  -.8650366625E+10  0.1000000000E+01
L2 0.1000000000E+01  0.3298600435E+02  0.3298600435E+02  0.3298600435E+02
L3 0.2762944007E+05  -.5949328461E+03  0.1960768388E+03  0.2918832225E+02
L4 -.1232225617E+03  0.2830815931E+03  0.2547155158E+03  0.2742270335E+03
L5 0.8120241425E+03  0.4013848254E+03  0.2157253610E+03  0.2684228946E+03
L6 0.8855330810E+03  -.8650366625E+04  0.1282612171E+04  -.1000895308E+05
L7 0.0000000000E+00  0.2289325120E+01  0.8368371334E+01  0.1230325901E+02
L8 0.3767494276E+01  0.4654965478E+02  0.2696178448E+01  0.0000000000E+00
L9 0.0000000000E+00  0.0000000000E+00  0.0000000000E+00  0.9810070499E+00  0.0000000000E+00
L0     5000  0.1000000000E+02  -.6995007382E+04  0.1611634474E+04
L1 0.2980562591E+03  0.2980562591E+03  -.8606641857E+10  0.1000000000E+01
L2 0.1000000000E+01  0.3302820352E+02  0.3302820352E+02  0.3302820352E+02
L3 0.2773331767E+05  0.5582279686E+03  0.2868036034E+03  0.1571534111E+04
L4 0.8055218943E+03  0.2492347893E+03  0.2575799592E+03  0.2663815946E+03
L5 0.7731963431E+03  0.1378130334E+03  0.2003342408E+03  -.4729507510E+02
L6 0.2908521992E+03  -.8606641857E+04  0.1396566153E+04  -.1008164436E+05
L7 0.0000000000E+00  0.3120436660E+01  0.7023766474E+01  0.1347111389E+02
L8 0.3125890454E+01  0.4907737784E+02  0.2617766980E+01  0.0000000000E+00
L9 0.0000000000E+00  0.0000000000E+00  0.0000000000E+00  0.9773326010E+00  0.0000000000E+00
L0     6000  0.1200000000E+02  -.7085225790E+04  0.1546392073E+04
L1 0.2859903059E+03  0.2859903059E+03  -.8631617863E+10  0.1000000000E+01
L2 0.1000000000E+01  0.3296174696E+02  0.3296174696E+02  0.3296174696E+02
L3 0.2756705300E+05  0.1067064765E+04  0.6388098376E+02  0.3014541179E+03
L4 0.4774666221E+03  0.2551014961E+03  0.2589904319E+03  0.2746310036E+03
L5 0.7887229316E+03  0.4339328592E+02  0.2463162914E+03  0.2148217831E+03
L6 0.5045313605E+03  -.8631617863E+04  0.1352662998E+04  -.1006589024E+05
L7 0.0000000000E+00  0.2202725151E+01  0.1285431337E+02  0.1166986328E+02
L8 0.3699210527E+01  0.4941478347E+02  0.1768486924E+01  0.0000000000E+00
L9 0.0000000000E+00  0.0000000000E+00  0.0000000000E+00  0.9832271695E+00  0.0000000000E+00
L0     7000  0.1400000000E+02  -.6952654703E+04  0.1608331719E+04
L1 0.2974454463E+03  0.2974454463E+03  -.8560986423E+10  0.1000000000E+01
L2 0.1000000000E+01  0.3296269876E+02  0.3296269876E+02  0.3296269876E+02
L3 0.2757018053E+05  0.1609085242E+03  -.6459103993E+02  0.4340643951E+03
L4 0.1767939598E+03  0.2661943035E+03  0.2937022458E+03  0.2431302173E+03
L5 0.8030267667E+03  0.2342660443E+03  0.3065187171E+03  0.1570010292E+03
L6 0.6977857905E+03  -.8560986423E+04  0.1274250303E+04  -.9914082364E+04
L7 0.0000000000E+00  0.4436360028E+01  0.9417481537E+01  0.1022689847E+02
L8 0.2627889498E+01  0.4731551264E+02  0.4821496726E+01  0.0000000000E+00
L9 0.0000000000E+00  0.0000000000E+00  0.0000000000E+00  0.9831156332E+00  0.0000000000E+00
L0     8000  0.1600000000E+02  -.7013252179E+04  0.1658011421E+04
L1 0.3066332282E+03  0.3066332282E+03  -.8671263600E+10  0.1000000000E+01
L2 0.1000000000E+01  0.3297210512E+02  0.3297210512E+02  0.3297210512E+02
L3 0.2759435622E+05  -.4852921739E+03  0.3635359972E+03  -.3815902305E+02
L4 -.5330506659E+02  0.2696311783E+03  0.2459930168E+03  0.2733957960E+03
L5 0.7890199911E+03  0.3660096719E+03  0.1737951664E+03  0.2809741362E+03
L6 0.8207789744E+03  -.8671263600E+04  0.1303583626E+04  -.1004996338E+05
L7 0.0000000000E+00  0.4366804795E+01  0.1190290722E+02  0.1206536572E+02
L8 0.2430601602E+01  0.4199300946E+02  0.2357467330E+01  0.0000000000E+00
L9 0.0000000000E+00  0.0000000000E+00  0.0000000000E+00  0.9822543159E+00  0.0000000000E+00
L0     9000  0.1800000000E+02  -.7049096182E+04  0.1590237740E+04
L1 0.2940991393E+03  0.2940991393E+03  -.8639333922E+10  0.1000000000E+01
L2 0.1000000000E+01  0.3290384856E+02  0.3290384856E+02  0.3290384856E+02
L3 0.2742348080E+05  0.6350550016E+03  -.6076641214E+03  -.3612157502E+03
L4 -.1112749567E+03  0.2538902879E+03  0.2482494628E+03  0.2754008325E+03
L5 0.7775405832E+03  0.1285500545E+03  0.3681835828E+03  0.3466936596E+03
L6 0.8434272969E+03  -.8639333922E+04  0.1278018981E+04  -.1000162295E+05
L7 0.0000000000E+00  0.4269679401E+01  0.1173555626E+02  0.1588949082E+02
L8 0.1668344083E+01  0.4458123193E+02  0.6125746978E+01  0.0000000000E+00
L9 0.0000000000E+00  0.0000000000E+00  0.0000000000E+00  0.9883747322E+00  0.0000000000E+00
L0    10000  0.2000000000E+02  -.6977405744E+04  0.1635176632E+04
L1 0.3024101542E+03  0.3024101542E+03  -.8612582376E+10  0.1000000000E+01
L2 0.1000000000E+01  0.3296976770E+02  0.3296976770E+02  0.3296976770E+02
L3 0.2758656551E+05  0.7302496024E+03  0.9725157237E+03  0.4812338988E+03
L4 0.7279997416E+03  0.2834568083E+03  0.2817457341E+03  0.2526384366E+03
L5 0.8178409789E+03  0.1384709834E+03  0.8865970700E+02  0.1570928949E+03
L6 0.3842235852E+03  -.8612582376E+04  0.1362426543E+04  -.1005586883E+05
L7 0.0000000000E+00  0.5092209996E+01  0.7104808775E+01  0.1278031168E+02
L8 0.3392166063E+01  0.4835399179E+02  0.4136417414E+01  0.0000000000E+00
L9 0.0000000000E+00  0.0000000000E+00  0.0000000000E+00  0.9825317138E+00  0.0000000000E+00
