L0  Nsteps           time(ps)         Etot             EKinetic        
L1  Temp             T_solute         T_solv           Pres_scal_solu  
L2  Pres_scal_solv   BoxX             BoxY             BoxZ            
L3  volume           pres_X           pres_Y           pres_Z          
L4  Pressure         EKCoM_x          EKCoM_y          EKCoM_z         
L5  EKComTot         VIRIAL_x         VIRIAL_y         VIRIAL_z        
L6  VIRIAL_tot       E_pot            E_vdw            E_el            
L7  E_hbon           E_bon            E_angle          E_dih           
L8  E_14vdw          E_14el           E_const          E_pol           
L9  AV_permMoment    AV_indMoment     AV_totMoment     Density          dV/dlambda      
L0     1000  0.2000000000E+01  -.7211068330E+04  0.1686224580E+04
L1 0.2974225435E+03  0.2974225435E+03  -.8897292910E+10  0.1000000000E+01
L2 0.1000000000E+01  0.3453853562E+02  0.3453853562E+02  0.3453853562E+02
L3 0.3171876973E+05  -.3228049555E+03  -.1232764818E+04  -.4887523775E+03
L4 -.6814407171E+03  0.2935806807E+03  0.2362959048E+03  0.3091769259E+03
L5 0.8390535114E+03  0.3672714529E+03  0.5177147299E+03  0.4207506161E+03
L6 0.1305736799E+04  -.8897292910E+04  0.1324013586E+04  -.1029190433E+05
L7 0.0000000000E+00  0.1597950412E+01  0.4400587333E+01  0.1283174637E+02
L8 0.4171834968E+01  0.4605010789E+02  0.1545608290E+01  0.0000000000E+00
L9 0.0000000000E+00  0.0000000000E+00  0.0000000000E+00  0.8960313946E+00  0.0000000000E+00
L0     2000  0.4000000000E+01  -.7208756399E+04  0.1692126858E+04
L1 0.2984636092E+03  0.2984636092E+03  -.8900883258E+10  0.1000000000E+01
L2 0.1000000000E+01  0.3387369938E+02  0.3387369938E+02  0.3387369938E+02
L3 0.2992211401E+05  -.1794544034E+04  -.3688187509E+03  0.1335229027E+03
L4 -.6766132941E+03  0.2759686342E+03  0.2764061023E+03  0.2831804629E+03
L5 0.8355551994E+03  0.6624272312E+03  0.3558319477E+03  0.2544260424E+03
L6 0.1272685221E+04  -.8900883258E+04  0.1264268589E+04  -.1024127965E+05
L7 0.0000000000E+00  0.2899510406E+01  0.1413449304E+02  0.1187366974E+02
L8 0.2775352053E+01  0.4201284245E+02  0.2431935362E+01  0.0000000000E+00
L9 0.0000000000E+00  0.0000000000E+00  0.0000000000E+00  0.9498330722E+00  0.0000000000E+00
L0     3000  0.6000000000E+01  -.7323269680E+04  0.1676787689E+04
L1 0.2957580297E+03  0.2957580297E+03  -.9000057369E+10  0.1000000000E+01
L2 0.1000000000E+01  0.3361868445E+02  0.3361868445E+02  0.3361868445E+02
L3 0.2925092057E+05  0.2629403051E+02  -.1193040733E+04  -.3216317459E+03
L4 -.4961261495E+03  0.2790662801E+03  0.2673999460E+03  0.2829128494E+03
L5 0.8293790755E+03  0.2735308256E+03  0.5185604757E+03  0.3506231944E+03
L6 0.1142714496E+04  -.9000057369E+04  0.1289006839E+04  -.1036743605E+05
L7 0.0000000000E+00  0.2984021361E+01  0.9602748814E+01  0.1335985136E+02
L8 0.3753325644E+01  0.4504785737E+02  0.3624037177E+01  0.0000000000E+00
L9 0.0000000000E+00  0.0000000000E+00  0.0000000000E+00  0.9716280009E+00  0.0000000000E+00
L0     4000  0.8000000000E+01  -.7206521144E+04  0.1756571870E+04
L1 0.3098306593E+03  0.3098306593E+03  -.8963093014E+10  0.1000000000E+01
L2 0.1000000000E+01  0.3345508615E+02  0.3345508615E+02  0.3345508615E+02
L3 0.2882730890E+05  -.1309659283E+04  -.1080176114E+04  -.6666100068E+03
L4 -.1018815135E+04  0.2635524994E+03  0.3015813191E+03  0.2936396414E+03
L5 0.8587734599E+03  0.5352708736E+03  0.5256882310E+03  0.4319429312E+03
L6 0.1492902036E+04  -.8963093014E+04  0.1195604685E+04  -.1024132535E+05
L7 0.0000000000E+00  0.7710361463E+01  0.7400724596E+01  0.1260784774E+02
L8 0.3564157033E+01  0.4956979601E+02  0.1774761033E+01  0.0000000000E+00
L9 0.0000000000E+00  0.0000000000E+00  0.0000000000E+00  0.9859058844E+00  0.0000000000E+00
L0     5000  0.1000000000E+02  -.7295670713E+04  0.1687605930E+04
L1 0.2976661911E+03  0.2976661911E+03  -.8983276643E+10  0.1000000000E+01
L2 0.1000000000E+01  0.3344512376E+02  0.3344512376E+02  0.3344512376E+02
L3 0.2879750494E+05  0.1807856386E+03  0.1011310779E+04  0.4911287670E+03
L4 0.5610750615E+03  0.3034470509E+03  0.2793427412E+03  0.2542348122E+03
L5 0.8370246043E+03  0.2659777690E+03  0.6974042494E+02  0.1524444138E+03
L6 0.4881626078E+03  -.8983276643E+04  0.1400427369E+04  -.1045924698E+05
L7 0.0000000000E+00  0.4173138565E+01  0.7703009273E+01  0.1301606373E+02
L8 0.3560039370E+01  0.4557920493E+02  0.1511512231E+01  0.0000000000E+00
L9 0.0000000000E+00  0.0000000000E+00  0.0000000000E+00  0.9869262473E+00  0.0000000000E+00
L0     6000  0.1200000000E+02  -.7347594424E+04  0.1678470582E+04
L1 0.2960548645E+03  0.2960548645E+03  -.9026065005E+10  0.1000000000E+01
L2 0.1000000000E+01  0.3343798879E+02  0.3343798879E+02  0.3343798879E+02
L3 0.2878111997E+05  -.2910516543E+03  0.5843815936E+02  -.4699359046E+03
L4 -.2341831332E+03  0.2944893974E+03  0.2831330190E+03  0.2652675488E+03
L5 0.8428899652E+03  0.3547778784E+03  0.2710281304E+03  0.3626101389E+03
L6 0.9884161477E+03  -.9026065005E+04  0.1304135414E+04  -.1040725732E+05
L7 0.0000000000E+00  0.5276052161E+01  0.6684998947E+01  0.1183494747E+02
L8 0.3395720285E+01  0.4610764301E+02  0.3757539093E+01  0.0000000000E+00
L9 0.0000000000E+00  0.0000000000E+00  0.0000000000E+00  0.9874881000E+00  0.0000000000E+00
L0     7000  0.1400000000E+02  -.7399407047E+04  0.1675887879E+04
L1 0.2955993179E+03  0.2955993179E+03  -.9075294926E+10  0.1000000000E+01
L2 0.1000000000E+01  0.3344372359E+02  0.3344372359E+02  0.3344372359E+02
L3 0.2879502758E+05  0.6354968979E+03  -.2425226075E+03  -.4049213981E+02
L4 0.1174940502E+03  0.2758738581E+03  0.2740184498E+03  0.2720003006E+03
L5 0.8218926085E+03  0.1441733308E+03  0.3242788923E+03  0.2803919012E+03
L6 0.7488441243E+03  -.9075294926E+04  0.1362252484E+04  -.1051251585E+05
L7 0.0000000000E+00  0.2633708874E+01  0.5899328233E+01  0.1065463904E+02
L8 0.3300495712E+01  0.4949913548E+02  0.2981132829E+01  0.0000000000E+00
L9 0.0000000000E+00  0.0000000000E+00  0.0000000000E+00  0.9870111567E+00  0.0000000000E+00
L0     8000  0.1600000000E+02  -.7343180973E+04  0.1712658489E+04
L1 0.3020850544E+03  0.3020850544E+03  -.9055839462E+10  0.1000000000E+01
L2 0.1000000000E+01  0.3340015278E+02  0.3340015278E+02  0.3340015278E+02
L3 0.2868209277E+05  0.2227482877E+03  -.1150565012E+03  0.8756954590E+03
L4 0.3277957485E+03  0.2722960792E+03  0.2986816555E+03  0.2904581801E+03
L5 0.8614359149E+03  0.2263147215E+03  0.3224324740E+03  0.1096906127E+03
L6 0.6584378082E+03  -.9055839462E+04  0.1368009042E+04  -.1049717039E+05
L7 0.0000000000E+00  0.1430216737E+01  0.7204882580E+01  0.1082488601E+02
L8 0.3777195815E+01  0.4692903415E+02  0.3155669827E+01  0.0000000000E+00
L9 0.0000000000E+00  0.0000000000E+00  0.0000000000E+00  0.9908974812E+00  0.0000000000E+00
L0     9000  0.1800000000E+02  -.7352436159E+04  0.1674449676E+04
L1 0.2953456423E+03  0.2953456423E+03  -.9026885835E+10  0.1000000000E+01
L2 0.1000000000E+01  0.3340212696E+02  0.3340212696E+02  0.3340212696E+02
L3 0.2868814887E+05  -.9806094624E+02  -.1836492316E+03  0.1280602328E+03
L4 -.5121664835E+02  0.2586679815E+03  0.2675719742E+03  0.2932314890E+03
L5 0.8194714447E+03  0.2789147252E+03  0.3054902186E+03  0.2667907619E+03
L6 0.8511957058E+03  -.9026885835E+04  0.1328858083E+04  -.1043297014E+05
L7 0.0000000000E+00  0.4294743189E+01  0.6629838597E+01  0.1119963363E+02
L8 0.2716693800E+01  0.4826836531E+02  0.4116947316E+01  0.0000000000E+00
L9 0.0000000000E+00  0.0000000000E+00  0.0000000000E+00  0.9906883016E+00  0.0000000000E+00
L0    10000  0.2000000000E+02  -.7325807905E+04  0.1728316949E+04
L1 0.3048469516E+03  0.3048469516E+03  -.9054124854E+10  0.1000000000E+01
L2 0.1000000000E+01  0.3348813450E+02  0.3348813450E+02  0.3348813450E+02
L3 0.2890841350E+05  0.5449697082E+03  0.1021474247E+04  0.5076315186E+03
L4 0.6913584912E+03  0.2929457474E+03  0.2964181173E+03  0.2709902435E+03
L5 0.8603541082E+03  0.1795613748E+03  0.8389398094E+02  0.1653743159E+03
L6 0.4288296717E+03  -.9054124854E+04  0.1437911130E+04  -.1057224710E+05
L7 0.0000000000E+00  0.1943150329E+01  0.4112550566E+01  0.1280478597E+02
L8 0.4609326916E+01  0.5325956918E+02  0.3481728619E+01  0.0000000000E+00
L9 0.0000000000E+00  0.0000000000E+00  0.0000000000E+00  0.9831398557E+00  0.0000000000E+00
