L0  Nsteps           time(ps)         Etot             EKinetic        
L1  Temp             T_solute         T_solv           Pres_scal_solu  
L2  Pres_scal_solv   BoxX             BoxY             BoxZ            
L3  volume           pres_X           pres_Y           pres_Z          
L4  Pressure         EKCoM_x          EKCoM_y          EKCoM_z         
L5  EKComTot         VIRIAL_x         VIRIAL_y         VIRIAL_z        
L6  VIRIAL_tot       E_pot            E_vdw            E_el            
L7  E_hbon           E_bon            E_angle          E_dih           
L8  E_14vdw          E_14el           E_const          E_pol           
L9  AV_permMoment    AV_indMoment     AV_totMoment     Density          dV/dlambda      
L0     1000  0.2000000000E+01  -.7429886314E+04  0.1701186559E+04
L1 0.2938811274E+03  0.2938811274E+03  -.9131072873E+10  0.1000000000E+01
L2 0.1000000000E+01  0.3477975263E+02  0.3477975263E+02  0.3477975263E+02
L3 0.3238674079E+05  -.2994921340E+03  -.3276257289E+03  -.1166883178E+03
L4 -.2479353936E+03  0.2787736744E+03  0.2847196098E+03  0.2719982772E+03
L5 0.8354915614E+03  0.3485823254E+03  0.3610859233E+03  0.2991971687E+03
L6 0.1008865417E+04  -.9131072873E+04  0.1448305404E+04  -.1064856993E+05
L7 0.0000000000E+00  0.2130758071E+01  0.7830841960E+01  0.9599629791E+01
L8 0.2802793049E+01  0.4535160115E+02  0.1476033055E+01  0.0000000000E+00
L9 0.0000000000E+00  0.0000000000E+00  0.0000000000E+00  0.8960256023E+00  0.0000000000E+00
L0     2000  0.4000000000E+01  -.7301471507E+04  0.1740386827E+04
L1 0.3006530002E+03  0.3006530002E+03  -.9041858334E+10  0.1000000000E+01
L2 0.1000000000E+01  0.3427733140E+02  0.3427733140E+02  0.3427733140E+02
L3 0.3100200650E+05  -.2183990378E+02  0.8699818206E+03  -.1216145953E+03
L4 0.2421757738E+03  0.2810806746E+03  0.2949099902E+03  0.2886782179E+03
L5 0.8646688827E+03  0.2859536824E+03  0.1007961235E+03  0.3158133589E+03
L6 0.7025631648E+03  -.9041858334E+04  0.1414923732E+04  -.1053610362E+05
L7 0.0000000000E+00  0.4041531647E+01  0.9807548721E+01  0.1164455227E+02
L8 0.4251204309E+01  0.4720489249E+02  0.2371827683E+01  0.0000000000E+00
L9 0.0000000000E+00  0.0000000000E+00  0.0000000000E+00  0.9360474435E+00  0.0000000000E+00
L0     3000  0.6000000000E+01  -.7470792506E+04  0.1721834924E+04
L1 0.2974481465E+03  0.2974481465E+03  -.9192627430E+10  0.1000000000E+01
L2 0.1000000000E+01  0.3397960378E+02  0.3397960378E+02  0.3397960378E+02
L3 0.3020338028E+05  -.7803869862E+03  -.4300817944E+03  -.5276560273E+03
L4 -.5793749359E+03  0.2613950152E+03  0.2873878534E+03  0.2970696714E+03
L5 0.8458525401E+03  0.4310326268E+03  0.3808774293E+03  0.4117695700E+03
L6 0.1223679626E+04  -.9192627430E+04  0.1324559333E+04  -.1058681186E+05
L7 0.0000000000E+00  0.2950671284E+01  0.1092774616E+02  0.1142132479E+02
L8 0.2076159053E+01  0.3968172599E+02  0.2567470382E+01  0.0000000000E+00
L9 0.0000000000E+00  0.0000000000E+00  0.0000000000E+00  0.9607980517E+00  0.0000000000E+00
L0     4000  0.8000000000E+01  -.7477771330E+04  0.1736060593E+04
L1 0.2999056404E+03  0.2999056404E+03  -.9213831923E+10  0.1000000000E+01
L2 0.1000000000E+01  0.3381666351E+02  0.3381666351E+02  0.3381666351E+02
L3 0.2977052922E+05  -.7275222075E+03  -.5312149433E+03  0.1097827872E+02
L4 -.4159196240E+03  0.2698152155E+03  0.3044741699E+03  0.3113450435E+03
L5 0.8856344289E+03  0.4256948539E+03  0.4182928169E+03  0.3089928265E+03
L6 0.1152980497E+04  -.9213831923E+04  0.1321597703E+04  -.1061038491E+05
L7 0.0000000000E+00  0.2074209048E+01  0.1013670959E+02  0.1326033335E+02
L8 0.3577923038E+01  0.4360376250E+02  0.2302350820E+01  0.0000000000E+00
L9 0.0000000000E+00  0.0000000000E+00  0.0000000000E+00  0.9747676538E+00  0.0000000000E+00
L0     5000  0.1000000000E+02  -.7451637488E+04  0.1755271196E+04
L1 0.3032242850E+03  0.3032242850E+03  -.9206908683E+10  0.1000000000E+01
L2 0.1000000000E+01  0.3374317304E+02  0.3374317304E+02  0.3374317304E+02
L3 0.2957676220E+05  -.3511184023E+02  -.2663703582E+03  -.8367365500E+03
L4 -.3794062495E+03  0.3071180388E+03  0.2770225308E+03  0.3113615507E+03
L5 0.8955021202E+03  0.3145921714E+03  0.3337238424E+03  0.4894746864E+03
L6 0.1137790700E+04  -.9206908683E+04  0.1302027788E+04  -.1058238980E+05
L7 0.0000000000E+00  0.8114704484E+00  0.8698882778E+01  0.1087760748E+02
L8 0.3235379473E+01  0.4636415350E+02  0.3465836773E+01  0.0000000000E+00
L9 0.0000000000E+00  0.0000000000E+00  0.0000000000E+00  0.9811536749E+00  0.0000000000E+00
L0     6000  0.1200000000E+02  -.7427697731E+04  0.1760549736E+04
L1 0.3041361564E+03  0.3041361564E+03  -.9188247467E+10  0.1000000000E+01
L2 0.1000000000E+01  0.3362575850E+02  0.3362575850E+02  0.3362575850E+02
L3 0.2926862332E+05  0.1551276230E+03  -.1491730163E+03  -.6140611717E+03
L4 -.2027021883E+03  0.2872038393E+03  0.2731824162E+03  0.2795912325E+03
L5 0.8399774879E+03  0.2545264003E+03  0.3046055248E+03  0.4089424475E+03
L6 0.9680743725E+03  -.9188247467E+04  0.1316951649E+04  -.1057671502E+05
L7 0.0000000000E+00  0.4071362042E+01  0.4692973474E+01  0.9858014803E+01
L8 0.3602775368E+01  0.4637271613E+02  0.2918063446E+01  0.0000000000E+00
L9 0.0000000000E+00  0.0000000000E+00  0.0000000000E+00  0.9914832210E+00  0.0000000000E+00
L0     7000  0.1400000000E+02  -.7481871817E+04  0.1714377924E+04
L1 0.2961599447E+03  0.2961599447E+03  -.9196249741E+10  0.1000000000E+01
L2 0.1000000000E+01  0.3363678501E+02  0.3363678501E+02  0.3363678501E+02
L3 0.2929696367E+05  0.2059109034E+03  0.3244970500E+03  -.6078345504E+03
L4 -.2580886567E+02  0.2777176156E+03  0.2749417176E+03  0.2759254905E+03
L5 0.8285848238E+03  0.2343007431E+03  0.2065206344E+03  0.4040890543E+03
L6 0.8449104318E+03  -.9196249741E+04  0.1335160428E+04  -.1060341461E+05
L7 0.0000000000E+00  0.3710814092E+01  0.5707608686E+01  0.9870304533E+01
L8 0.2714399639E+01  0.4855642041E+02  0.1444892146E+01  0.0000000000E+00
L9 0.0000000000E+00  0.0000000000E+00  0.0000000000E+00  0.9905241120E+00  0.0000000000E+00
L0     8000  0.1600000000E+02  -.7426087321E+04  0.1784147021E+04
L1 0.3082126033E+03  0.3082126033E+03  -.9210234342E+10  0.1000000000E+01
L2 0.1000000000E+01  0.3371041448E+02  0.3371041448E+02  0.3371041448E+02
L3 0.2948945210E+05  -.1291676002E+03  0.6207493523E+03  -.2013586213E+03
L4 0.9674104362E+02  0.2797509868E+03  0.3156761282E+03  0.3002136515E+03
L5 0.8956407664E+03  0.3071652687E+03  0.1839294849E+03  0.3429496163E+03
L6 0.8340443698E+03  -.9210234342E+04  0.1372316135E+04  -.1065676849E+05
L7 0.0000000000E+00  0.2016955295E+01  0.7357408332E+01  0.1215989619E+02
L8 0.3860351580E+01  0.4592851545E+02  0.2894887602E+01  0.0000000000E+00
L9 0.0000000000E+00  0.0000000000E+00  0.0000000000E+00  0.9840585991E+00  0.0000000000E+00
L0     9000  0.1800000000E+02  -.7469165035E+04  0.1767692331E+04
L1 0.3053700445E+03  0.3053700445E+03  -.9236857366E+10  0.1000000000E+01
L2 0.1000000000E+01  0.3367681063E+02  0.3367681063E+02  0.3367681063E+02
L3 0.2940086881E+05  0.6959136348E+03  -.2942686776E+02  0.1756558062E+03
L4 0.2807141911E+03  0.2956574980E+03  0.3003760848E+03  0.2805692461E+03
L5 0.8766028290E+03  0.1484018064E+03  0.3066028256E+03  0.2434003850E+03
L6 0.6984050170E+03  -.9236857366E+04  0.1406292187E+04  -.1071272576E+05
L7 0.0000000000E+00  0.1900331715E+01  0.6591901643E+01  0.1076704775E+02
L8 0.3083320793E+01  0.4557526827E+02  0.1658341504E+01  0.0000000000E+00
L9 0.0000000000E+00  0.0000000000E+00  0.0000000000E+00  0.9870235165E+00  0.0000000000E+00
L0    10000  0.2000000000E+02  -.7446248079E+04  0.1767455927E+04
L1 0.3053292056E+03  0.3053292056E+03  -.9213704007E+10  0.1000000000E+01
L2 0.1000000000E+01  0.3368739622E+02  0.3368739622E+02  0.3368739622E+02
L3 0.2943036394E+05  -.1864668412E+03  -.5653776707E+03  -.4194019916E+03
L4 -.3904155011E+03  0.2701443891E+03  0.3020986751E+03  0.2667693876E+03
L5 0.8390124518E+03  0.3096404539E+03  0.4218529057E+03  0.3556041000E+03
L6 0.1087097460E+04  -.9213704007E+04  0.1315403693E+04  -.1059957770E+05
L7 0.0000000000E+00  0.3253310098E+01  0.7819191115E+01  0.1049073230E+02
L8 0.2070903197E+01  0.4357488634E+02  0.3260973035E+01  0.0000000000E+00
L9 0.0000000000E+00  0.0000000000E+00  0.0000000000E+00  0.9860343211E+00  0.0000000000E+00
