L0  Nsteps           time(ps)         Etot             EKinetic        
L1  Temp             T_solute         T_solv           Pres_scal_solu  
L2  Pres_scal_solv   BoxX             BoxY             BoxZ            
L3  volume           pres_X           pres_Y           pres_Z          
L4  Pressure         EKCoM_x          EKCoM_y          EKCoM_z         
L5  EKComTot         VIRIAL_x         VIRIAL_y         VIRIAL_z        
L6  VIRIAL_tot       E_pot            E_vdw            E_el            
L7  E_hbon           E_bon            E_angle          E_dih           
L8  E_14vdw          E_14el           E_const          E_pol           
L9  AV_permMoment    AV_indMoment     AV_totMoment     Density          dV/dlambda      
L0     1000  0.2000000000E+01  -.7294090430E+04  0.1692865436E+04
L1 0.2954867659E+03  0.2954867659E+03  -.8986955866E+10  0.1000000000E+01
L2 0.1000000000E+01  0.3450787686E+02  0.3450787686E+02  0.3450787686E+02
L3 0.3163479075E+05  -.1060763145E+04  -.3906565868E+03  -.1032255167E+04
L4 -.8278916329E+03  0.2749358217E+03  0.2710906005E+03  0.2848408008E+03
L5 0.8308672229E+03  0.5164485191E+03  0.3600346088E+03  0.5198628516E+03
L6 0.1396345979E+04  -.8986955866E+04  0.1305008512E+04  -.1036425658E+05
L7 0.0000000000E+00  0.2242763784E+01  0.8544495601E+01  0.1022965962E+02
L8 0.3409960693E+01  0.4442587313E+02  0.3439450148E+01  0.0000000000E+00
L9 0.0000000000E+00  0.0000000000E+00  0.0000000000E+00  0.9078669565E+00  0.0000000000E+00
L0     2000  0.4000000000E+01  -.7345364779E+04  0.1761035210E+04
L1 0.3073856834E+03  0.3073856834E+03  -.9106399989E+10  0.1000000000E+01
L2 0.1000000000E+01  0.3402384343E+02  0.3402384343E+02  0.3402384343E+02
L3 0.3032152053E+05  -.6550190841E+03  -.5330164416E+03  -.5689080848E+03
L4 -.5856478702E+03  0.2949199232E+03  0.2981964575E+03  0.2927508565E+03
L5 0.8858672372E+03  0.4378624679E+03  0.4145147884E+03  0.4169016963E+03
L6 0.1269278953E+04  -.9106399989E+04  0.1324895368E+04  -.1050367065E+05
L7 0.0000000000E+00  0.5147135465E+01  0.8096880222E+01  0.1023319949E+02
L8 0.2263538503E+01  0.4296683390E+02  0.3667706495E+01  0.0000000000E+00
L9 0.0000000000E+00  0.0000000000E+00  0.0000000000E+00  0.9471880269E+00  0.0000000000E+00
L0     3000  0.6000000000E+01  -.7409892022E+04  0.1716648447E+04
L1 0.2996380498E+03  0.2996380498E+03  -.9126540469E+10  0.1000000000E+01
L2 0.1000000000E+01  0.3369717448E+02  0.3369717448E+02  0.3369717448E+02
L3 0.2945547570E+05  -.2343457101E+03  -.4815185151E+02  -.2910861677E+03
L4 -.1911945764E+03  0.2846555534E+03  0.2735918205E+03  0.3106867800E+03
L5 0.8689341539E+03  0.3343353294E+03  0.2837997018E+03  0.3723951663E+03
L6 0.9905301974E+03  -.9126540469E+04  0.1348411025E+04  -.1054884445E+05
L7 0.0000000000E+00  0.2679795391E+01  0.7108281922E+01  0.1016859921E+02
L8 0.4663463799E+01  0.4718847553E+02  0.2084340010E+01  0.0000000000E+00
L9 0.0000000000E+00  0.0000000000E+00  0.0000000000E+00  0.9750370863E+00  0.0000000000E+00
L0     4000  0.8000000000E+01  -.7444616194E+04  0.1725485634E+04
L1 0.3011805657E+03  0.3011805657E+03  -.9170101828E+10  0.1000000000E+01
L2 0.1000000000E+01  0.3362762824E+02  0.3362762824E+02  0.3362762824E+02
L3 0.2927317786E+05  -.4488646640E+02  -.1756732141E+03  -.1055167396E+02
L4 -.7703711814E+02  0.2943829067E+03  0.2729131638E+03  0.3040101772E+03
L5 0.8713062477E+03  0.3038396558E+03  0.3099242643E+03  0.3062332200E+03
L6 0.9199971401E+03  -.9170101828E+04  0.1367156128E+04  -.1061211725E+05
L7 0.0000000000E+00  0.1987075001E+01  0.1337839571E+02  0.1197752551E+02
L8 0.2267119125E+01  0.4189015256E+02  0.3359024122E+01  0.0000000000E+00
L9 0.0000000000E+00  0.0000000000E+00  0.0000000000E+00  0.9811091005E+00  0.0000000000E+00
L0     5000  0.1000000000E+02  -.7508261685E+04  0.1704023549E+04
L1 0.2974343954E+03  0.2974343954E+03  -.9212285234E+10  0.1000000000E+01
L2 0.1000000000E+01  0.3349592019E+02  0.3349592019E+02  0.3349592019E+02
L3 0.2892997837E+05  -.2561882461E+03  -.5773113528E+03  0.1283036420E+04
L4 0.1498456072E+03  0.2814106019E+03  0.2732856773E+03  0.2901613203E+03
L5 0.8448575994E+03  0.3347519379E+03  0.3934885333E+03  0.2301839741E+02
L6 0.7512588687E+03  -.9212285234E+04  0.1391850652E+04  -.1067645136E+05
L7 0.0000000000E+00  0.3778399684E+01  0.7256747920E+01  0.1051193772E+02
L8 0.3538938961E+01  0.4359259073E+02  0.3636862868E+01  0.0000000000E+00
L9 0.0000000000E+00  0.0000000000E+00  0.0000000000E+00  0.9927481050E+00  0.0000000000E+00
L0     6000  0.1200000000E+02  -.7396577086E+04  0.1743890789E+04
L1 0.3043931539E+03  0.3043931539E+03  -.9140467875E+10  0.1000000000E+01
L2 0.1000000000E+01  0.3347719722E+02  0.3347719722E+02  0.3347719722E+02
L3 0.2888144444E+05  0.4586398519E+03  -.4874081543E+02  0.9634269470E+02
L4 0.1687472437E+03  0.2834917286E+03  0.3096622564E+03  0.2886049067E+03
L5 0.8817588917E+03  0.1881578465E+03  0.3197936288E+03  0.2685789036E+03
L6 0.7765303789E+03  -.9140467875E+04  0.1351671653E+04  -.1056357547E+05
L7 0.0000000000E+00  0.3788734847E+01  0.4770813490E+01  0.1178032901E+02
L8 0.3002786843E+01  0.4254570757E+02  0.5547572672E+01  0.0000000000E+00
L9 0.0000000000E+00  0.0000000000E+00  0.0000000000E+00  0.9944163720E+00  0.0000000000E+00
L0     7000  0.1400000000E+02  -.7370028446E+04  0.1722402240E+04
L1 0.3006423645E+03  0.3006423645E+03  -.9092430686E+10  0.1000000000E+01
L2 0.1000000000E+01  0.3357409779E+02  0.3357409779E+02  0.3357409779E+02
L3 0.2913297520E+05  -.1017386206E+03  0.4308658977E+03  0.1656027466E+03
L4 0.1649100079E+03  0.3293844058E+03  0.2668426006E+03  0.2883937926E+03
L5 0.8846207990E+03  0.3507161941E+03  0.1765018819E+03  0.2536714551E+03
L6 0.7808895311E+03  -.9092430686E+04  0.1360095398E+04  -.1052840568E+05
L7 0.0000000000E+00  0.1864881831E+01  0.7041827998E+01  0.1334523553E+02
L8 0.2293747557E+01  0.4570358626E+02  0.5630314273E+01  0.0000000000E+00
L9 0.0000000000E+00  0.0000000000E+00  0.0000000000E+00  0.9858306954E+00  0.0000000000E+00
L0     8000  0.1600000000E+02  -.7398676062E+04  0.1722653933E+04
L1 0.3006862970E+03  0.3006862970E+03  -.9121329995E+10  0.1000000000E+01
L2 0.1000000000E+01  0.3361406118E+02  0.3361406118E+02  0.3361406118E+02
L3 0.2923744460E+05  -.6662601049E+03  0.5933911559E+03  0.2061352931E+03
L4 0.4442211469E+02  0.2993577463E+03  0.2778510472E+03  0.2944057479E+03
L5 0.8716145415E+03  0.4395550951E+03  0.1529870996E+03  0.2510298631E+03
L6 0.8435720578E+03  -.9121329995E+04  0.1357058076E+04  -.1054872218E+05
L7 0.0000000000E+00  0.1571605219E+01  0.9671778906E+01  0.1403621574E+02
L8 0.2664247367E+01  0.4025030156E+02  0.2139959598E+01  0.0000000000E+00
L9 0.0000000000E+00  0.0000000000E+00  0.0000000000E+00  0.9823081870E+00  0.0000000000E+00
L0     9000  0.1800000000E+02  -.7499486131E+04  0.1634028435E+04
L1 0.2852168681E+03  0.2852168681E+03  -.9133514566E+10  0.1000000000E+01
L2 0.1000000000E+01  0.3347910183E+02  0.3347910183E+02  0.3347910183E+02
L3 0.2888599523E+05  -.4323349130E+03  0.3979696537E+03  0.9817996082E+03
L4 0.3158114497E+03  0.2715984628E+03  0.2857283575E+03  0.2646478803E+03
L5 0.8219747005E+03  0.3614787028E+03  0.2029924809E+03  0.6053671139E+02
L6 0.6250078951E+03  -.9133514566E+04  0.1391176193E+04  -.1059996605E+05
L7 0.0000000000E+00  0.2968909764E+01  0.1061505506E+02  0.1128029585E+02
L8 0.3039804623E+01  0.4408147390E+02  0.3289752884E+01  0.0000000000E+00
L9 0.0000000000E+00  0.0000000000E+00  0.0000000000E+00  0.9942597085E+00  0.0000000000E+00
L0    10000  0.2000000000E+02  -.7466682403E+04  0.1705666440E+04
L1 0.2977211593E+03  0.2977211593E+03  -.9172348843E+10  0.1000000000E+01
L2 0.1000000000E+01  0.3349029510E+02  0.3349029510E+02  0.3349029510E+02
L3 0.2891629652E+05  -.9254600635E+03  0.4624801598E+03  -.1234249919E+03
L4 -.1954682985E+03  0.2805855847E+03  0.2640314016E+03  0.3100745656E+03
L5 0.8546915518E+03  0.4731858725E+03  0.1677832593E+03  0.3357609133E+03
L6 0.9767300451E+03  -.9172348843E+04  0.1326352341E+04  -.1056898606E+05
L7 0.0000000000E+00  0.4525951460E+01  0.8910934493E+01  0.9655205087E+01
L8 0.2734984146E+01  0.4238951486E+02  0.2068285159E+01  0.0000000000E+00
L9 0.0000000000E+00  0.0000000000E+00  0.0000000000E+00  0.9932178273E+00  0.0000000000E+00
