L0  Nsteps           time(ps)         Etot             EKinetic        
L1  Temp             T_solute         T_solv           Pres_scal_solu  
L2  Pres_scal_solv   BoxX             BoxY             BoxZ            
L3  volume           pres_X           pres_Y           pres_Z          
L4  Pressure         EKCoM_x          EKCoM_y          EKCoM_z         
L5  EKComTot         VIRIAL_x         VIRIAL_y         VIRIAL_z        
L6  VIRIAL_tot       E_pot            E_vdw            E_el            
L7  E_hbon           E_bon            E_angle          E_dih           
L8  E_14vdw          E_14el           E_const          E_pol           
L9  AV_permMoment    AV_indMoment     AV_totMoment     Density          dV/dlambda      
L0     1000  0.2000000000E+01  -.7479052628E+04  0.1713272802E+04
L1 0.2956645393E+03  0.2956645393E+03  -.9192325430E+10  0.1000000000E+01
L2 0.1000000000E+01  0.3475178063E+02  0.3475178063E+02  0.3475178063E+02
L3 0.3231039625E+05  -.4940804879E+03  -.1240104084E+04  -.8153496209E+03
L4 -.8498447308E+03  0.2744917593E+03  0.2710609832E+03  0.2949504998E+03
L5 0.8405032424E+03  0.3893855524E+03  0.5594355811E+03  0.4845524229E+03
L6 0.1433373556E+04  -.9192325430E+04  0.1392606944E+04  -.1066051081E+05
L7 0.0000000000E+00  0.1905555860E+01  0.5412446013E+01  0.1294964340E+02
L8 0.3492679214E+01  0.4742532831E+02  0.4392778958E+01  0.0000000000E+00
L9 0.0000000000E+00  0.0000000000E+00  0.0000000000E+00  0.8990686920E+00  0.0000000000E+00
L0     2000  0.4000000000E+01  -.7478706128E+04  0.1674033234E+04
L1 0.2888928513E+03  0.2888928513E+03  -.9152739363E+10  0.1000000000E+01
L2 0.1000000000E+01  0.3416604363E+02  0.3416604363E+02  0.3416604363E+02
L3 0.3070131298E+05  -.1179198016E+03  -.5468122818E+02  0.5829458728E+03
L4 0.1367816143E+03  0.2923561827E+03  0.2840227815E+03  0.2725692229E+03
L5 0.8489481870E+03  0.3184117341E+03  0.2961051420E+03  0.1437615420E+03
L6 0.7582784181E+03  -.9152739363E+04  0.1428565049E+04  -.1065347042E+05
L7 0.0000000000E+00  0.2243397671E+01  0.9880184107E+01  0.1082565183E+02
L8 0.2129794021E+01  0.4512547417E+02  0.1961502703E+01  0.0000000000E+00
L9 0.0000000000E+00  0.0000000000E+00  0.0000000000E+00  0.9461896864E+00  0.0000000000E+00
L0     3000  0.6000000000E+01  -.7458884605E+04  0.1806872446E+04
L1 0.3118173058E+03  0.3118173058E+03  -.9265757051E+10  0.1000000000E+01
L2 0.1000000000E+01  0.3390407520E+02  0.3390407520E+02  0.3390407520E+02
L3 0.3000211259E+05  -.1062793641E+04  -.4114830333E+03  0.8390151114E+02
L4 -.4634583879E+03  0.2988346144E+03  0.2862255657E+03  0.3165625969E+03
L5 0.9016227770E+03  0.5283212315E+03  0.3750761625E+03  0.2984459341E+03
L6 0.1201843328E+04  -.9265757051E+04  0.1333425181E+04  -.1067572448E+05
L7 0.0000000000E+00  0.3328959505E+01  0.1217680623E+02  0.1218281664E+02
L8 0.2046955026E+01  0.4354136021E+02  0.3265350804E+01  0.0000000000E+00
L9 0.0000000000E+00  0.0000000000E+00  0.0000000000E+00  0.9682406734E+00  0.0000000000E+00
L0     4000  0.8000000000E+01  -.7534739095E+04  0.1696906439E+04
L1 0.2928401476E+03  0.2928401476E+03  -.9231645534E+10  0.1000000000E+01
L2 0.1000000000E+01  0.3367828453E+02  0.3367828453E+02  0.3367828453E+02
L3 0.2940483556E+05  -.2450489686E+03  0.1753814899E+03  0.7902245508E+03
L4 0.2401856907E+03  0.2893621326E+03  0.2690796053E+03  0.3006008041E+03
L5 0.8590425420E+03  0.3412216193E+03  0.2319637827E+03  0.1333663128E+03
L6 0.7065517149E+03  -.9231645534E+04  0.1399124935E+04  -.1070362491E+05
L7 0.0000000000E+00  0.5716564223E+01  0.8562115248E+01  0.1065848896E+02
L8 0.2141273048E+01  0.4307597186E+02  0.2700032218E+01  0.0000000000E+00
L9 0.0000000000E+00  0.0000000000E+00  0.0000000000E+00  0.9879077760E+00  0.0000000000E+00
L0     5000  0.1000000000E+02  -.7528998673E+04  0.1740109273E+04
L1 0.3002957882E+03  0.3002957882E+03  -.9269107946E+10  0.1000000000E+01
L2 0.1000000000E+01  0.3367162794E+02  0.3367162794E+02  0.3367162794E+02
L3 0.2938847996E+05  -.6279395165E+03  0.3251913352E+03  -.2089811832E+03
L4 -.1705764548E+03  0.2800061189E+03  0.2847478327E+03  0.3146016550E+03
L5 0.8793556066E+03  0.4128224620E+03  0.2159661701E+03  0.3588035499E+03
L6 0.9875921820E+03  -.9269107946E+04  0.1351757864E+04  -.1069518351E+05
L7 0.0000000000E+00  0.4926058935E+01  0.6905746069E+01  0.1061558059E+02
L8 0.4121447441E+01  0.4504206926E+02  0.2706801163E+01  0.0000000000E+00
L9 0.0000000000E+00  0.0000000000E+00  0.0000000000E+00  0.9884575770E+00  0.0000000000E+00
L0     6000  0.1200000000E+02  -.7546269214E+04  0.1713899046E+04
L1 0.2957726121E+03  0.2957726121E+03  -.9260168260E+10  0.1000000000E+01
L2 0.1000000000E+01  0.3358788009E+02  0.3358788009E+02  0.3358788009E+02
L3 0.2916826482E+05  0.2535735906E+03  0.4163446874E+03  0.5197558921E+03
L4 0.3965580567E+03  0.2711042676E+03  0.2844355110E+03  0.2736665213E+03
L5 0.8292062999E+03  0.2178724623E+03  0.1970337462E+03  0.1645560088E+03
L6 0.5794622173E+03  -.9260168260E+04  0.1426937673E+04  -.1076324335E+05
L7 0.0000000000E+00  0.4008885504E+01  0.1140431508E+02  0.1003821865E+02
L8 0.3789724967E+01  0.4360902035E+02  0.3287249016E+01  0.0000000000E+00
L9 0.0000000000E+00  0.0000000000E+00  0.0000000000E+00  0.9959202536E+00  0.0000000000E+00
L0     7000  0.1400000000E+02  -.7545139309E+04  0.1723479956E+04
L1 0.2974260179E+03  0.2974260179E+03  -.9268619264E+10  0.1000000000E+01
L2 0.1000000000E+01  0.3360365419E+02  0.3360365419E+02  0.3360365419E+02
L3 0.2921006921E+05  0.1857381712E+03  -.1919232174E+02  0.2290736100E+03
L4 0.1318731532E+03  0.2840380432E+03  0.2685210605E+03  0.2880154870E+03
L5 0.8405745906E+03  0.2449908041E+03  0.2725558109E+03  0.2398579545E+03
L6 0.7574045696E+03  -.9268619264E+04  0.1379524324E+04  -.1072927142E+05
L7 0.0000000000E+00  0.6595269961E+01  0.1213948833E+02  0.1129884291E+02
L8 0.2181100085E+01  0.4077033197E+02  0.8142795216E+01  0.0000000000E+00
L9 0.0000000000E+00  0.0000000000E+00  0.0000000000E+00  0.9944949289E+00  0.0000000000E+00
L0     8000  0.1600000000E+02  -.7559194755E+04  0.1725261772E+04
L1 0.2977335112E+03  0.2977335112E+03  -.9284456527E+10  0.1000000000E+01
L2 0.1000000000E+01  0.3364529193E+02  0.3364529193E+02  0.3364529193E+02
L3 0.2932071165E+05  -.8670514560E+03  -.4608029095E+02  -.9012705191E+03
L4 -.6048007553E+03  0.2904078549E+03  0.2978466408E+03  0.2904719366E+03
L5 0.8787264323E+03  0.4733761996E+03  0.3075706710E+03  0.4806613121E+03
L6 0.1261608183E+04  -.9284456527E+04  0.1284781383E+04  -.1064579636E+05
L7 0.0000000000E+00  0.1675721146E+01  0.1504522792E+02  0.8873461147E+01
L8 0.3437900681E+01  0.4492050986E+02  0.2605628810E+01  0.0000000000E+00
L9 0.0000000000E+00  0.0000000000E+00  0.0000000000E+00  0.9907421771E+00  0.0000000000E+00
L0     9000  0.1800000000E+02  -.7524092101E+04  0.1756026428E+04
L1 0.3030426585E+03  0.3030426585E+03  -.9280118529E+10  0.1000000000E+01
L2 0.1000000000E+01  0.3361972500E+02  0.3361972500E+02  0.3361972500E+02
L3 0.2925251712E+05  -.1027596650E+03  -.3899246429E+03  0.2915129260E+03
L4 -.6705712729E+02  0.2957891843E+03  0.2664250968E+03  0.3046733329E+03
L5 0.8668876140E+03  0.3174234670E+03  0.3485170342E+03  0.2433002925E+03
L6 0.9092407937E+03  -.9280118529E+04  0.1364395722E+04  -.1071794876E+05
L7 0.0000000000E+00  0.3837181662E+01  0.9638123447E+01  0.9495891634E+01
L8 0.3121883939E+01  0.4358418464E+02  0.3757246260E+01  0.0000000000E+00
L9 0.0000000000E+00  0.0000000000E+00  0.0000000000E+00  0.9930518312E+00  0.0000000000E+00
L0    10000  0.2000000000E+02  -.7431581741E+04  0.1821999330E+04
L1 0.3144277967E+03  0.3144277967E+03  -.9253581071E+10  0.1000000000E+01
L2 0.1000000000E+01  0.3370723167E+02  0.3370723167E+02  0.3370723167E+02
L3 0.2948204841E+05  -.1032130540E+04  -.7760666947E+03  0.1016541518E+04
L4 -.2638852387E+03  0.3068842190E+03  0.2793567971E+03  0.3360010832E+03
L5 0.9222420992E+03  0.5258866136E+03  0.4440263403E+03  0.1203064417E+03
L6 0.1090219396E+04  -.9253581071E+04  0.1323694024E+04  -.1065247197E+05
L7 0.0000000000E+00  0.2414746394E+01  0.1051617145E+02  0.1012165253E+02
L8 0.3900787597E+01  0.4626554944E+02  0.1977967789E+01  0.0000000000E+00
L9 0.0000000000E+00  0.0000000000E+00  0.0000000000E+00  0.9853204666E+00  0.0000000000E+00
