L0  Nsteps           time(ps)         Etot             EKinetic        
L1  Temp             T_solute         T_solv           Pres_scal_solu  
L2  Pres_scal_solv   BoxX             BoxY             BoxZ            
L3  volume           pres_X           pres_Y           pres_Z          
L4  Pressure         EKCoM_x          EKCoM_y          EKCoM_z         
L5  EKComTot         VIRIAL_x         VIRIAL_y         VIRIAL_z        
L6  VIRIAL_tot       E_pot            E_vdw            E_el            
L7  E_hbon           E_bon            E_angle          E_dih           
L8  E_14vdw          E_14el           E_const          E_pol           
L9  AV_permMoment    AV_indMoment     AV_totMoment     Density          dV/dlambda      
L0     1000  0.2000000000E+01  -.7035634675E+04  0.1657101804E+04
L1 0.2995299117E+03  0.2995299117E+03  -.8692736480E+10  0.1000000000E+01
L2 0.1000000000E+01  0.3428272253E+02  0.3428272253E+02  0.3428272253E+02
L3 0.3101952582E+05  -.6543310552E+03  -.1411972161E+04  -.3396528548E+03
L4 -.8019853571E+03  0.2876166545E+03  0.2801175690E+03  0.2752922288E+03
L5 0.8430264523E+03  0.4336961525E+03  0.5953405480E+03  0.3511197752E+03
L6 0.1380156476E+04  -.8692736480E+04  0.1289644774E+04  -.1006212834E+05
L7 0.0000000000E+00  0.3809139698E+01  0.9505227023E+01  0.1356377774E+02
L8 0.2730753877E+01  0.4671072115E+02  0.3427464918E+01  0.0000000000E+00
L9 0.0000000000E+00  0.0000000000E+00  0.0000000000E+00  0.8940474420E+00  0.0000000000E+00
L0     2000  0.4000000000E+01  -.7079192633E+04  0.1671811249E+04
L1 0.3021887216E+03  0.3021887216E+03  -.8751003882E+10  0.1000000000E+01
L2 0.1000000000E+01  0.3366490776E+02  0.3366490776E+02  0.3366490776E+02
L3 0.2937134486E+05  -.4602200116E+03  0.7638314224E+02  -.6516544835E+03
L4 -.3451637843E+03  0.2788772539E+03  0.2610058121E+03  0.2940114191E+03
L5 0.8338944851E+03  0.3761622602E+03  0.2448593294E+03  0.4317633833E+03
L6 0.1052784973E+04  -.8751003882E+04  0.1312087849E+04  -.1013642294E+05
L7 0.0000000000E+00  0.2274525135E+01  0.1000203320E+02  0.1117108053E+02
L8 0.3902877253E+01  0.4463026647E+02  0.1350427676E+01  0.0000000000E+00
L9 0.0000000000E+00  0.0000000000E+00  0.0000000000E+00  0.9442171560E+00  0.0000000000E+00
L0     3000  0.6000000000E+01  -.7093124508E+04  0.1700332222E+04
L1 0.3073440383E+03  0.3073440383E+03  -.8793456731E+10  0.1000000000E+01
L2 0.1000000000E+01  0.3341086830E+02  0.3341086830E+02  0.3341086830E+02
L3 0.2871216039E+05  -.2257012264E+03  -.5858230862E+03  -.1078732743E+04
L4 -.6300856850E+03  0.2829336032E+03  0.2971579573E+03  0.2767485393E+03
L5 0.8568400998E+03  0.3295733700E+03  0.4182146860E+03  0.4996620093E+03
L6 0.1247450065E+04  -.8793456731E+04  0.1258376644E+04  -.1012596720E+05
L7 0.0000000000E+00  0.2483414588E+01  0.9648916418E+01  0.1092424199E+02
L8 0.2912245585E+01  0.4679145449E+02  0.1373552018E+01  0.0000000000E+00
L9 0.0000000000E+00  0.0000000000E+00  0.0000000000E+00  0.9658948451E+00  0.0000000000E+00
L0     4000  0.8000000000E+01  -.7189366533E+04  0.1641806219E+04
L1 0.2967651538E+03  0.2967651538E+03  -.8831172752E+10  0.1000000000E+01
L2 0.1000000000E+01  0.3320676872E+02  0.3320676872E+02  0.3320676872E+02
L3 0.2818747138E+05  -.4273310060E+03  -.2511273152E+03  0.8262255869E+03
L4 0.4925575525E+02  0.2553174059E+03  0.2874526528E+03  0.2838906600E+03
L5 0.8266607187E+03  0.3420090228E+03  0.3383982493E+03  0.1162762554E+03
L6 0.7966835276E+03  -.8831172752E+04  0.1314479634E+04  -.1022164535E+05
L7 0.0000000000E+00  0.5091544583E+01  0.7753836490E+01  0.1048557604E+02
L8 0.2740079712E+01  0.4748169611E+02  0.2440233856E+01  0.0000000000E+00
L9 0.0000000000E+00  0.0000000000E+00  0.0000000000E+00  0.9838742659E+00  0.0000000000E+00
L0     5000  0.1000000000E+02  -.7159643674E+04  0.1645616093E+04
L1 0.2974538087E+03  0.2974538087E+03  -.8805259767E+10  0.1000000000E+01
L2 0.1000000000E+01  0.3314793112E+02  0.3314793112E+02  0.3314793112E+02
L3 0.2803774796E+05  -.4613896890E+02  0.6909402279E+03  -.3094685507E+03
L4 0.1117775694E+03  0.2713843663E+03  0.2799808921E+03  0.2668425835E+03
L5 0.8182078418E+03  0.2806947502E+03  0.1405560419E+03  0.3292902520E+03
L6 0.7505410441E+03  -.8805259767E+04  0.1314890251E+04  -.1019590137E+05
L7 0.0000000000E+00  0.2138933522E+01  0.8782374483E+01  0.1242011143E+02
L8 0.2853521381E+01  0.4655291829E+02  0.3003489630E+01  0.0000000000E+00
L9 0.0000000000E+00  0.0000000000E+00  0.0000000000E+00  0.9891282191E+00  0.0000000000E+00
L0     6000  0.1200000000E+02  -.7194100849E+04  0.1599049215E+04
L1 0.2890365992E+03  0.2890365992E+03  -.8793150064E+10  0.1000000000E+01
L2 0.1000000000E+01  0.3314004248E+02  0.3314004248E+02  0.3314004248E+02
L3 0.2801808995E+05  0.3028897005E+03  -.4743196290E+03  0.8092334864E+02
L4 -.3016885997E+02  0.2593189007E+03  0.2932373459E+03  0.2460453840E+03
L5 0.7986016305E+03  0.1982416315E+03  0.3888832117E+03  0.2297273080E+03
L6 0.8168521512E+03  -.8793150064E+04  0.1298246087E+04  -.1017478674E+05
L7 0.0000000000E+00  0.3849503363E+01  0.9565088328E+01  0.1403282255E+02
L8 0.2254915342E+01  0.4876087775E+02  0.4927380214E+01  0.0000000000E+00
L9 0.0000000000E+00  0.0000000000E+00  0.0000000000E+00  0.9898222099E+00  0.0000000000E+00
L0     7000  0.1400000000E+02  -.7194609713E+04  0.1693154919E+04
L1 0.3060467028E+03  0.3060467028E+03  -.8887764631E+10  0.1000000000E+01
L2 0.1000000000E+01  0.3315568746E+02  0.3315568746E+02  0.3315568746E+02
L3 0.2805760507E+05  0.8418977593E+02  0.2486429239E+03  -.2021136618E+03
L4 0.4357301267E+02  0.2914704170E+03  0.2647809445E+03  0.2816781368E+03
L5 0.8379294982E+03  0.2744697277E+03  0.2145717467E+03  0.3224915436E+03
L6 0.8115330180E+03  -.8887764631E+04  0.1326484917E+04  -.1029344698E+05
L7 0.0000000000E+00  0.6559955498E+01  0.8238444980E+01  0.1117565647E+02
L8 0.3452213413E+01  0.4704670602E+02  0.2724457788E+01  0.0000000000E+00
L9 0.0000000000E+00  0.0000000000E+00  0.0000000000E+00  0.9884281872E+00  0.0000000000E+00
L0     8000  0.1600000000E+02  -.7194537433E+04  0.1614743462E+04
L1 0.2918734174E+03  0.2918734174E+03  -.8809280895E+10  0.1000000000E+01
L2 0.1000000000E+01  0.3308165269E+02  0.3308165269E+02  0.3308165269E+02
L3 0.2787015204E+05  0.9500255876E+02  0.2116574573E+03  -.2733637802E+03
L4 0.1109874531E+02  0.2795861705E+03  0.2591548039E+03  0.2581011336E+03
L5 0.7968421080E+03  0.2605301935E+03  0.2166997406E+03  0.3129334874E+03
L6 0.7901634215E+03  -.8809280895E+04  0.1285149181E+04  -.1016696459E+05
L7 0.0000000000E+00  0.9885417549E+00  0.1046852066E+02  0.1041908768E+02
L8 0.1910769639E+01  0.4636524267E+02  0.2382351336E+01  0.0000000000E+00
L9 0.0000000000E+00  0.0000000000E+00  0.0000000000E+00  0.9950762980E+00  0.0000000000E+00
L0     9000  0.1800000000E+02  -.7220412668E+04  0.1659016903E+04
L1 0.2998760760E+03  0.2998760760E+03  -.8879429571E+10  0.1000000000E+01
L2 0.1000000000E+01  0.3314892673E+02  0.3314892673E+02  0.3314892673E+02
L3 0.2804058529E+05  -.7038189033E+03  0.1714529872E+03  0.4948170394E+03
L4 -.1251629222E+02  0.2823887253E+03  0.2554867569E+03  0.2832966093E+03
L5 0.8211720914E+03  0.4244267361E+03  0.2208857521E+03  0.1834373590E+03
L6 0.8287498472E+03  -.8879429571E+04  0.1323563462E+04  -.1027463394E+05
L7 0.0000000000E+00  0.2996951832E+01  0.8215188080E+01  0.1086646436E+02
L8 0.2909215138E+01  0.4459775091E+02  0.2055340555E+01  0.0000000000E+00
L9 0.0000000000E+00  0.0000000000E+00  0.0000000000E+00  0.9890281327E+00  0.0000000000E+00
L0    10000  0.2000000000E+02  -.7132847735E+04  0.1672124308E+04
L1 0.3022453087E+03  0.3022453087E+03  -.8804972043E+10  0.1000000000E+01
L2 0.1000000000E+01  0.3318833894E+02  0.3318833894E+02  0.3318833894E+02
L3 0.2814155998E+05  0.7833505042E+02  -.5368355028E+03  -.5825883412E+03
L4 -.3470295979E+03  0.2851391095E+03  0.2859577629E+03  0.2648017363E+03
L5 0.8358986087E+03  0.2692733497E+03  0.3946869091E+03  0.3827975331E+03
L6 0.1046757792E+04  -.8804972043E+04  0.1262501898E+04  -.1014471506E+05
L7 0.0000000000E+00  0.1637480743E+01  0.8668414201E+01  0.1152352825E+02
L8 0.3665658572E+01  0.4844329644E+02  0.3302739546E+01  0.0000000000E+00
L9 0.0000000000E+00  0.0000000000E+00  0.0000000000E+00  0.9854794023E+00  0.0000000000E+00
