L0  Nsteps           time(ps)         Etot             EKinetic        
L1  Temp             T_solute         T_solv           Pres_scal_solu  
L2  Pres_scal_solv   BoxX             BoxY             BoxZ            
L3  volume           pres_X           pres_Y           pres_Z          
L4  Pressure         EKCoM_x          EKCoM_y          EKCoM_z         
L5  EKComTot         VIRIAL_x         VIRIAL_y         VIRIAL_z        
L6  VIRIAL_tot       E_pot            E_vdw            E_el            
L7  E_hbon           E_bon            E_angle          E_dih           
L8  E_14vdw          E_14el           E_const          E_pol           
L9  AV_permMoment    AV_indMoment     AV_totMoment     Density          dV/dlambda      
L0     1000  0.2000000000E+01  -.7022663186E+04  0.1557577538E+04
L1 0.2867941465E+03  0.2867941465E+03  -.8580240723E+10  0.1000000000E+01
L2 0.1000000000E+01  0.3395955591E+02  0.3395955591E+02  0.3395955591E+02
L3 0.3015214350E+05  -.1571204535E+04  -.1480773381E+04  -.1130378457E+04
L4 -.1394118791E+04  0.2638380471E+03  0.2377615881E+03  0.2699921295E+03
L5 0.7715917647E+03  0.6048012368E+03  0.5591005380E+03  0.5152927482E+03
L6 0.1679194523E+04  -.8580240723E+04  0.1193104017E+04  -.9854329149E+04
L7 0.0000000000E+00  0.3815464030E+01  0.1115226517E+02  0.1359177935E+02
L8 0.2682511519E+01  0.4586783466E+02  0.3874553836E+01  0.0000000000E+00
L9 0.0000000000E+00  0.0000000000E+00  0.0000000000E+00  0.9028990786E+00  0.0000000000E+00
L0     2000  0.4000000000E+01  -.6902298832E+04  0.1620715013E+04
L1 0.2984195441E+03  0.2984195441E+03  -.8523013845E+10  0.1000000000E+01
L2 0.1000000000E+01  0.3338015935E+02  0.3338015935E+02  0.3338015935E+02
L3 0.2863229947E+05  -.3633136208E+03  0.1756033264E+03  -.8063590697E+03
L4 -.3313564547E+03  0.2774509915E+03  0.2667175876E+03  0.2725045626E+03
L5 0.8166731417E+03  0.3523186909E+03  0.2305311737E+03  0.4386702249E+03
L6 0.1021520090E+04  -.8523013845E+04  0.1259349104E+04  -.9856835413E+04
L7 0.0000000000E+00  0.2912460218E+01  0.9869932342E+01  0.1259003522E+02
L8 0.3065483289E+01  0.4423736768E+02  0.1797185716E+01  0.0000000000E+00
L9 0.0000000000E+00  0.0000000000E+00  0.0000000000E+00  0.9508262725E+00  0.0000000000E+00
L0     3000  0.6000000000E+01  -.6978134440E+04  0.1672701762E+04
L1 0.3079917774E+03  0.3079917774E+03  -.8650836202E+10  0.1000000000E+01
L2 0.1000000000E+01  0.3310034763E+02  0.3310034763E+02  0.3310034763E+02
L3 0.2791842247E+05  -.4043472975E+03  -.6637471844E+03  -.9629662481E+02
L4 -.3881303689E+03  0.2778009626E+03  0.2795806007E+03  0.2791875676E+03
L5 0.8365691309E+03  0.3590469647E+03  0.4129481426E+03  0.2985365674E+03
L6 0.1070531675E+04  -.8650836202E+04  0.1256047104E+04  -.9987615380E+04
L7 0.0000000000E+00  0.4468140542E+01  0.1199147082E+02  0.1129016139E+02
L8 0.3101297757E+01  0.4736986290E+02  0.2511141080E+01  0.0000000000E+00
L9 0.0000000000E+00  0.0000000000E+00  0.0000000000E+00  0.9751390004E+00  0.0000000000E+00
L0     4000  0.8000000000E+01  -.7056176603E+04  0.1594785275E+04
L1 0.2936451449E+03  0.2936451449E+03  -.8650961878E+10  0.1000000000E+01
L2 0.1000000000E+01  0.3305496521E+02  0.3305496521E+02  0.3305496521E+02
L3 0.2780213740E+05  0.5276853616E+03  0.6250845061E+03  -.3704308344E+03
L4 0.2607796778E+03  0.2671683868E+03  0.2604958113E+03  0.2687875283E+03
L5 0.7964517264E+03  0.1615815420E+03  0.1354199508E+03  0.3429086350E+03
L6 0.6399101278E+03  -.8650961878E+04  0.1328598622E+04  -.1005213247E+05
L7 0.0000000000E+00  0.2374790302E+01  0.6491110007E+01  0.9444793250E+01
L8 0.3063164379E+01  0.4870608832E+02  0.2492024610E+01  0.0000000000E+00
L9 0.0000000000E+00  0.0000000000E+00  0.0000000000E+00  0.9792176117E+00  0.0000000000E+00
L0     5000  0.1000000000E+02  -.6966257379E+04  0.1649535738E+04
L1 0.3037262561E+03  0.3037262561E+03  -.8615793117E+10  0.1000000000E+01
L2 0.1000000000E+01  0.3303785300E+02  0.3303785300E+02  0.3303785300E+02
L3 0.2776042361E+05  -.6212375172E+03  -.2576168691E+03  -.8646655520E+02
L4 -.3217736472E+03  0.2696775582E+03  0.2726447442E+03  0.2740592015E+03
L5 0.8163815039E+03  0.3937971516E+03  0.3241150759E+03  0.2913347095E+03
L6 0.1009246937E+04  -.8615793117E+04  0.1239669584E+04  -.9930037964E+04
L7 0.0000000000E+00  0.1742300858E+01  0.8885398861E+01  0.1064155240E+02
L8 0.3227949615E+01  0.4690582191E+02  0.3172239086E+01  0.0000000000E+00
L9 0.0000000000E+00  0.0000000000E+00  0.0000000000E+00  0.9806890184E+00  0.0000000000E+00
L0     6000  0.1200000000E+02  -.7034254467E+04  0.1648267901E+04
L1 0.3034928113E+03  0.3034928113E+03  -.8682522368E+10  0.1000000000E+01
L2 0.1000000000E+01  0.3290315662E+02  0.3290315662E+02  0.3290315662E+02
L3 0.2742287713E+05  -.9089502000E+03  -.5212672189E+03  -.2850094527E+03
L4 -.5717422905E+03  0.2760244654E+03  0.2693300784E+03  0.2750021335E+03
L5 0.8203566773E+03  0.4554191981E+03  0.3722098548E+03  0.3312529541E+03
L6 0.1158882007E+04  -.8682522368E+04  0.1202627152E+04  -.9962295442E+04
L7 0.0000000000E+00  0.1145548096E+01  0.1352390379E+02  0.1314726824E+02
L8 0.2472858107E+01  0.4427023111E+02  0.2586113032E+01  0.0000000000E+00
L9 0.0000000000E+00  0.0000000000E+00  0.0000000000E+00  0.9927602582E+00  0.0000000000E+00
L0     7000  0.1400000000E+02  -.6974720702E+04  0.1660890282E+04
L1 0.3058169492E+03  0.3058169492E+03  -.8635610984E+10  0.1000000000E+01
L2 0.1000000000E+01  0.3299501992E+02  0.3299501992E+02  0.3299501992E+02
L3 0.2765268396E+05  -.8983677809E+03  -.1876714615E+03  0.7218098969E+01
L4 -.3596070478E+03  0.2461571474E+03  0.2623067412E+03  0.2807289688E+03
L5 0.7891928574E+03  0.4249491291E+03  0.2996568702E+03  0.2792924321E+03
L6 0.1003898432E+04  -.8635610984E+04  0.1248156129E+04  -.9962767908E+04
L7 0.0000000000E+00  0.6931397820E+01  0.1277979450E+02  0.1146324849E+02
L8 0.1969443877E+01  0.4293654549E+02  0.2920364752E+01  0.0000000000E+00
L9 0.0000000000E+00  0.0000000000E+00  0.0000000000E+00  0.9845099529E+00  0.0000000000E+00
L0     8000  0.1600000000E+02  -.7168505948E+04  0.1578423857E+04
L1 0.2906325443E+03  0.2906325443E+03  -.8746929805E+10  0.1000000000E+01
L2 0.1000000000E+01  0.3293448998E+02  0.3293448998E+02  0.3293448998E+02
L3 0.2750103234E+05  0.2127381720E+03  -.7579665760E+03  -.8483334712E+03
L4 -.4645206251E+03  0.2768508671E+03  0.2579417405E+03  0.2687097493E+03
L5 0.8035023568E+03  0.2347441871E+03  0.4079639757E+03  0.4366180550E+03
L6 0.1079326218E+04  -.8746929805E+04  0.1266709454E+04  -.1009302843E+05
L7 0.0000000000E+00  0.2628221949E+01  0.1584264066E+02  0.1409088163E+02
L8 0.3473649158E+01  0.4091535643E+02  0.2438424731E+01  0.0000000000E+00
L9 0.0000000000E+00  0.0000000000E+00  0.0000000000E+00  0.9899389318E+00  0.0000000000E+00
L0     9000  0.1800000000E+02  -.7059416025E+04  0.1612165639E+04
L1 0.2968453623E+03  0.2968453623E+03  -.8671581664E+10  0.1000000000E+01
L2 0.1000000000E+01  0.3290872179E+02  0.3290872179E+02  0.3290872179E+02
L3 0.2743579500E+05  -.1901318714E+03  0.2371713494E+01  -.3026227911E+03
L4 -.1634609830E+03  0.2626254640E+03  0.2881921598E+03  0.2709573778E+03
L5 0.8217750016E+03  0.3001684708E+03  0.2877238467E+03  0.3307125857E+03
L6 0.9186049031E+03  -.8671581664E+04  0.1246148446E+04  -.9988839917E+04
L7 0.0000000000E+00  0.3379597086E+01  0.1244076071E+02  0.1036918864E+02
L8 0.1718221496E+01  0.4051525737E+02  0.2686781297E+01  0.0000000000E+00
L9 0.0000000000E+00  0.0000000000E+00  0.0000000000E+00  0.9922928269E+00  0.0000000000E+00
L0    10000  0.2000000000E+02  -.7038679600E+04  0.1657972354E+04
L1 0.3052796760E+03  0.3052796760E+03  -.8696651954E+10  0.1000000000E+01
L2 0.1000000000E+01  0.3295351530E+02  0.3295351530E+02  0.3295351530E+02
L3 0.2754727127E+05  -.4090431249E+03  0.2317759616E+03  0.5518803318E+03
L4 0.1248710562E+03  0.2858871628E+03  0.2657194650E+03  0.2701747707E+03
L5 0.8217813985E+03  0.3669840647E+03  0.2197675561E+03  0.1607589600E+03
L6 0.7475105808E+03  -.8696651954E+04  0.1299265361E+04  -.1006862286E+05
L7 0.0000000000E+00  0.2287869576E+01  0.9867935584E+01  0.1016561192E+02
L8 0.3334947913E+01  0.4547193969E+02  0.1577245241E+01  0.0000000000E+00
L9 0.0000000000E+00  0.0000000000E+00  0.0000000000E+00  0.9882772894E+00  0.0000000000E+00
