L0  Nsteps           time(ps)         Etot             EKinetic        
L1  Temp             T_solute         T_solv           Pres_scal_solu  
L2  Pres_scal_solv   BoxX             BoxY             BoxZ            
L3  volume           pres_X           pres_Y           pres_Z          
L4  Pressure         EKCoM_x          EKCoM_y          EKCoM_z         
L5  EKComTot         VIRIAL_x         VIRIAL_y         VIRIAL_z        
L6  VIRIAL_tot       E_pot            E_vdw            E_el            
L7  E_hbon           E_bon            E_angle          E_dih           
L8  E_14vdw          E_14el           E_const          E_pol           
L9  AV_permMoment    AV_indMoment     AV_totMoment     Density          dV/dlambda      
L0     1000  0.2000000000E+01  -.8172399066E+04  0.1854964856E+04
L1 0.2921628972E+03  0.2921628972E+03  -.1002736392E+11  0.1000000000E+01
L2 0.1000000000E+01  0.3581999778E+02  0.3581999778E+02  0.3581999778E+02
L3 0.3538198712E+05  -.2994111635E+03  -.1086998470E+04  -.7340258612E+03
L4 -.7068118314E+03  0.2990490300E+03  0.3095729891E+03  0.3021603390E+03
L5 0.9107823580E+03  0.3752932260E+03  0.5863740388E+03  0.4890779241E+03
L6 0.1450745189E+04  -.1002736392E+05  0.1529226829E+04  -.1163713380E+05
L7 0.0000000000E+00  0.3472458091E+01  0.6041923940E+01  0.1528577867E+02
L8 0.3581296265E+01  0.4985564410E+02  0.2305950557E+01  0.0000000000E+00
L9 0.0000000000E+00  0.0000000000E+00  0.0000000000E+00  0.8996534146E+00  0.0000000000E+00
L0     2000  0.4000000000E+01  -.8241082844E+04  0.1848440744E+04
L1 0.2911353289E+03  0.2911353289E+03  -.1008952359E+11  0.1000000000E+01
L2 0.1000000000E+01  0.3524119032E+02  0.3524119032E+02  0.3524119032E+02
L3 0.3369232511E+05  0.1859804744E+03  0.1642431608E+03  -.4355597711E+03
L4 -.2844537863E+02  0.2985962620E+03  0.3219454630E+03  0.3016603165E+03
L5 0.9222020414E+03  0.2534985079E+03  0.2821187140E+03  0.4072776803E+03
L6 0.9428949023E+03  -.1008952359E+05  0.1587105394E+04  -.1175208766E+05
L7 0.0000000000E+00  0.1940268527E+01  0.1159579241E+02  0.1361328323E+02
L8 0.3776489683E+01  0.4258618996E+02  0.1946651484E+01  0.0000000000E+00
L9 0.0000000000E+00  0.0000000000E+00  0.0000000000E+00  0.9447708172E+00  0.0000000000E+00
L0     3000  0.6000000000E+01  -.8178455478E+04  0.1895230947E+04
L1 0.2985049354E+03  0.2985049354E+03  -.1007368642E+11  0.1000000000E+01
L2 0.1000000000E+01  0.3499110570E+02  0.3499110570E+02  0.3499110570E+02
L3 0.3297951006E+05  -.2032058641E+03  -.1763487885E+03  0.9195722976E+03
L4 0.1800058817E+03  0.3159252511E+03  0.3067098248E+03  0.3088630296E+03
L5 0.9314981055E+03  0.3641574450E+03  0.3485673223E+03  0.9059674331E+02
L6 0.8033215105E+03  -.1007368642E+05  0.1568171407E+04  -.1171169748E+05
L7 0.0000000000E+00  0.2586916468E+01  0.5971486356E+01  0.9499038139E+01
L8 0.3215548870E+01  0.4625671290E+02  0.2309946805E+01  0.0000000000E+00
L9 0.0000000000E+00  0.0000000000E+00  0.0000000000E+00  0.9651909768E+00  0.0000000000E+00
L0     4000  0.8000000000E+01  -.8290620364E+04  0.1854180253E+04
L1 0.2920393198E+03  0.2920393198E+03  -.1014480062E+11  0.1000000000E+01
L2 0.1000000000E+01  0.3481836893E+02  0.3481836893E+02  0.3481836893E+02
L3 0.3249462377E+05  -.6709366106E+03  0.9733624777E+02  -.5139282537E+02
L4 -.2083310627E+03  0.2979112012E+03  0.3120464892E+03  0.3191092763E+03
L5 0.9290669667E+03  0.4548208258E+03  0.2892827975E+03  0.3311283386E+03
L6 0.1075231962E+04  -.1014480062E+05  0.1482791222E+04  -.1169609675E+05
L7 0.0000000000E+00  0.3532905779E+01  0.7578221886E+01  0.1051229872E+02
L8 0.3458930382E+01  0.4102626107E+02  0.2396295896E+01  0.0000000000E+00
L9 0.0000000000E+00  0.0000000000E+00  0.0000000000E+00  0.9795936017E+00  0.0000000000E+00
L0     5000  0.1000000000E+02  -.8263845625E+04  0.1916730984E+04
L1 0.3018912600E+03  0.3018912600E+03  -.1018057661E+11  0.1000000000E+01
L2 0.1000000000E+01  0.3471392218E+02  0.3471392218E+02  0.3471392218E+02
L3 0.3220312839E+05  -.1898749857E+03  0.3180734076E+03  -.8122033293E+03
L4 -.2280016358E+03  0.3141815842E+03  0.3472368310E+03  0.2979783994E+03
L5 0.9593968146E+03  0.3581886485E+03  0.2735173948E+03  0.4862216479E+03
L6 0.1117927691E+04  -.1018057661E+05  0.1478189580E+04  -.1173876727E+05
L7 0.0000000000E+00  0.4904336860E+01  0.9021175662E+01  0.1196455763E+02
L8 0.2729054411E+01  0.4942788077E+02  0.1954077401E+01  0.0000000000E+00
L9 0.0000000000E+00  0.0000000000E+00  0.0000000000E+00  0.9884606597E+00  0.0000000000E+00
L0     6000  0.1200000000E+02  -.8229471083E+04  0.1879633548E+04
L1 0.2960482951E+03  0.2960482951E+03  -.1010910463E+11  0.1000000000E+01
L2 0.1000000000E+01  0.3476731052E+02  0.3476731052E+02  0.3476731052E+02
L3 0.3235104910E+05  0.2378282623E+03  0.2209429767E+03  -.2191068047E+03
L4 0.7988814476E+02  0.3209033552E+03  0.3012485455E+03  0.3282273503E+03
L5 0.9503792510E+03  0.2655290345E+03  0.2498056802E+03  0.3792426937E+03
L6 0.8945774085E+03  -.1010910463E+05  0.1493615564E+04  -.1167461831E+05
L7 0.0000000000E+00  0.1448109303E+01  0.1063074840E+02  0.1008302203E+02
L8 0.2244874779E+01  0.4476252215E+02  0.2728835983E+01  0.0000000000E+00
L9 0.0000000000E+00  0.0000000000E+00  0.0000000000E+00  0.9839410595E+00  0.0000000000E+00
L0     7000  0.1400000000E+02  -.8285116969E+04  0.1841946665E+04
L1 0.2901124907E+03  0.2901124907E+03  -.1012706363E+11  0.1000000000E+01
L2 0.1000000000E+01  0.3470004940E+02  0.3470004940E+02  0.3470004940E+02
L3 0.3216248221E+05  0.1143102911E+03  0.9365135138E+03  0.4124373115E+03
L4 0.4877537055E+03  0.3251667380E+03  0.2948763423E+03  0.3071092258E+03
L5 0.9271523061E+03  0.2987066387E+03  0.7809585530E+02  0.2116398493E+03
L6 0.5884423433E+03  -.1012706363E+05  0.1557927410E+04  -.1176612945E+05
L7 0.0000000000E+00  0.4624271603E+01  0.1049551385E+02  0.1162659201E+02
L8 0.3696244321E+01  0.4591591374E+02  0.4779872700E+01  0.0000000000E+00
L9 0.0000000000E+00  0.0000000000E+00  0.0000000000E+00  0.9897098528E+00  0.0000000000E+00
L0     8000  0.1600000000E+02  -.8205757769E+04  0.1892528269E+04
L1 0.2980792550E+03  0.2980792550E+03  -.1009828604E+11  0.1000000000E+01
L2 0.1000000000E+01  0.3474395935E+02  0.3474395935E+02  0.3474395935E+02
L3 0.3228653867E+05  0.3935419434E+03  -.5421552152E+03  -.2687381299E+03
L4 -.1391171339E+03  0.3406878489E+03  0.3354733056E+03  0.2947873049E+03
L5 0.9709484593E+03  0.2492409264E+03  0.4614533358E+03  0.3572336980E+03
L6 0.1067927960E+04  -.1009828604E+05  0.1476515780E+04  -.1164911983E+05
L7 0.0000000000E+00  0.2231946601E+01  0.7778637548E+01  0.1094553019E+02
L8 0.2696574620E+01  0.4679965851E+02  0.3865667380E+01  0.0000000000E+00
L9 0.0000000000E+00  0.0000000000E+00  0.0000000000E+00  0.9859070326E+00  0.0000000000E+00
L0     9000  0.1800000000E+02  -.8189404264E+04  0.1920136560E+04
L1 0.3024276492E+03  0.3024276492E+03  -.1010954082E+11  0.1000000000E+01
L2 0.1000000000E+01  0.3476419683E+02  0.3476419683E+02  0.3476419683E+02
L3 0.3234151421E+05  -.5766913469E+02  0.8770100864E+03  0.2977979595E+03
L4 0.3723796371E+03  0.3109442402E+03  0.3329457099E+03  0.2984976783E+03
L5 0.9423876283E+03  0.3243675732E+03  0.1288088088E+03  0.2291808556E+03
L6 0.6823572376E+03  -.1010954082E+05  0.1557241909E+04  -.1173994053E+05
L7 0.0000000000E+00  0.1397668527E+01  0.7687661213E+01  0.1023777499E+02
L8 0.3764212710E+01  0.4797280189E+02  0.2097672661E+01  0.0000000000E+00
L9 0.0000000000E+00  0.0000000000E+00  0.0000000000E+00  0.9842311441E+00  0.0000000000E+00
L0    10000  0.2000000000E+02  -.8282497337E+04  0.1904065690E+04
L1 0.2998964357E+03  0.2998964357E+03  -.1018656303E+11  0.1000000000E+01
L2 0.1000000000E+01  0.3469932952E+02  0.3469932952E+02  0.3469932952E+02
L3 0.3216150998E+05  0.9593494989E+02  -.1225368775E+03  0.4132695414E+03
L4 0.1288892046E+03  0.3229442848E+03  0.3143195709E+03  0.3431133945E+03
L5 0.9803772503E+03  0.3007383089E+03  0.3426830709E+03  0.2474542684E+03
L6 0.8908756483E+03  -.1018656303E+05  0.1530613282E+04  -.1179384581E+05
L7 0.0000000000E+00  0.3055334067E+01  0.8937967249E+01  0.1086041561E+02
L8 0.3068025634E+01  0.4715135393E+02  0.3596402150E+01  0.0000000000E+00
L9 0.0000000000E+00  0.0000000000E+00  0.0000000000E+00  0.9897397711E+00  0.0000000000E+00
