L0  Nsteps           time(ps)         Etot             EKinetic        
L1  Temp             T_solute         T_solv           Pres_scal_solu  
L2  Pres_scal_solv   BoxX             BoxY             BoxZ            
L3  volume           pres_X           pres_Y           pres_Z          
L4  Pressure         EKCoM_x          EKCoM_y          EKCoM_z         
L5  EKComTot         VIRIAL_x         VIRIAL_y         VIRIAL_z        
L6  VIRIAL_tot       E_pot            E_vdw            E_el            
L7  E_hbon           E_bon            E_angle          E_dih           
L8  E_14vdw          E_14el           E_const          E_pol           
L9  AV_permMoment    AV_indMoment     AV_totMoment     Density          dV/dlambda      
L0     1000  0.2000000000E+01  -.7302418482E+04  0.1729427020E+04
L1 0.3012415942E+03  0.3012415942E+03  -.9031845502E+10  0.1000000000E+01
L2 0.1000000000E+01  0.3447861242E+02  0.3447861242E+02  0.3447861242E+02
L3 0.3155485710E+05  -.8166694782E+03  -.1091445127E+04  -.1089109323E+04
L4 -.9990746425E+03  0.3043946604E+03  0.3024350418E+03  0.2822151491E+03
L5 0.8890448513E+03  0.4898627175E+03  0.5503054625E+03  0.5295551018E+03
L6 0.1569723282E+04  -.9031845502E+04  0.1278350792E+04  -.1038851368E+05
L7 0.0000000000E+00  0.2689526305E+01  0.1026488350E+02  0.1404857561E+02
L8 0.3497812318E+01  0.4592281117E+02  0.1893778555E+01  0.0000000000E+00
L9 0.0000000000E+00  0.0000000000E+00  0.0000000000E+00  0.9120629085E+00  0.0000000000E+00
L0     2000  0.4000000000E+01  -.7290413690E+04  0.1769065527E+04
L1 0.3081460586E+03  0.3081460586E+03  -.9059479217E+10  0.1000000000E+01
L2 0.1000000000E+01  0.3406033425E+02  0.3406033425E+02  0.3406033425E+02
L3 0.3041792460E+05  -.6513042860E+03  0.5130320763E+03  -.2247820072E+03
L4 -.1210180723E+03  0.2957527295E+03  0.3072936891E+03  0.2707007046E+03
L5 0.8737471232E+03  0.4383365000E+03  0.1949805208E+03  0.3199100631E+03
L6 0.9532270840E+03  -.9059479217E+04  0.1372811573E+04  -.1051095600E+05
L7 0.0000000000E+00  0.2887306737E+01  0.7271361525E+01  0.1159447075E+02
L8 0.5979361499E+01  0.4682638749E+02  0.4106318306E+01  0.0000000000E+00
L9 0.0000000000E+00  0.0000000000E+00  0.0000000000E+00  0.9461531357E+00  0.0000000000E+00
L0     3000  0.6000000000E+01  -.7307440607E+04  0.1769902698E+04
L1 0.3082918819E+03  0.3082918819E+03  -.9077343305E+10  0.1000000000E+01
L2 0.1000000000E+01  0.3387208020E+02  0.3387208020E+02  0.3387208020E+02
L3 0.2991687008E+05  0.5975848208E+02  -.7894077665E+03  -.2286262889E+03
L4 -.3194251911E+03  0.2950804827E+03  0.2689843954E+03  0.2856878521E+03
L5 0.8497527302E+03  0.2822136310E+03  0.4389551218E+03  0.3349143458E+03
L6 0.1056083099E+04  -.9077343305E+04  0.1338063926E+04  -.1049130759E+05
L7 0.0000000000E+00  0.4376462754E+01  0.6170300191E+01  0.1177759492E+02
L8 0.3382738061E+01  0.4503350469E+02  0.5159761994E+01  0.0000000000E+00
L9 0.0000000000E+00  0.0000000000E+00  0.0000000000E+00  0.9619995229E+00  0.0000000000E+00
L0     4000  0.8000000000E+01  -.7451683573E+04  0.1718878317E+04
L1 0.2994041603E+03  0.2994041603E+03  -.9170561891E+10  0.1000000000E+01
L2 0.1000000000E+01  0.3356785530E+02  0.3356785530E+02  0.3356785530E+02
L3 0.2911726878E+05  -.1909571321E+03  0.1845271644E+03  -.1235026983E+03
L4 -.4331088869E+02  0.2769241592E+03  0.2667488817E+03  0.2802372444E+03
L5 0.8239102853E+03  0.3169410276E+03  0.2280794737E+03  0.3061183999E+03
L6 0.8511389011E+03  -.9170561891E+04  0.1355212685E+04  -.1060005258E+05
L7 0.0000000000E+00  0.1905947075E+01  0.5181046790E+01  0.1090536700E+02
L8 0.4431895438E+01  0.4769231708E+02  0.4161430944E+01  0.0000000000E+00
L9 0.0000000000E+00  0.0000000000E+00  0.0000000000E+00  0.9884173878E+00  0.0000000000E+00
L0     5000  0.1000000000E+02  -.7367533454E+04  0.1734059693E+04
L1 0.3020485400E+03  0.3020485400E+03  -.9101593146E+10  0.1000000000E+01
L2 0.1000000000E+01  0.3359236757E+02  0.3359236757E+02  0.3359236757E+02
L3 0.2918138959E+05  0.4908347662E+02  -.2103691311E+03  -.2997385837E+03
L4 -.1536747461E+03  0.2936693450E+03  0.2738302519E+03  0.2814385020E+03
L5 0.8489380988E+03  0.2833607883E+03  0.3180121695E+03  0.3443898739E+03
L6 0.9457628318E+03  -.9101593146E+04  0.1318085194E+04  -.1049400145E+05
L7 0.0000000000E+00  0.2503109696E+01  0.8463144605E+01  0.1214731308E+02
L8 0.3308760302E+01  0.4451460916E+02  0.3386168380E+01  0.0000000000E+00
L9 0.0000000000E+00  0.0000000000E+00  0.0000000000E+00  0.9862455198E+00  0.0000000000E+00
L0     6000  0.1200000000E+02  -.7524121030E+04  0.1665112737E+04
L1 0.2900389607E+03  0.2900389607E+03  -.9189233767E+10  0.1000000000E+01
L2 0.1000000000E+01  0.3360828206E+02  0.3360828206E+02  0.3360828206E+02
L3 0.2922235471E+05  0.1602173730E+03  0.1026779139E+03  -.1152473923E+03
L4 0.4921596487E+02  0.2672166410E+03  0.2852238611E+03  0.2856386372E+03
L5 0.8380791394E+03  0.2335204048E+03  0.2636290791E+03  0.3098769785E+03
L6 0.8070264623E+03  -.9189233767E+04  0.1385008889E+04  -.1064908592E+05
L7 0.0000000000E+00  0.2863702232E+01  0.9473997929E+01  0.1387515929E+02
L8 0.3450447873E+01  0.4287321416E+02  0.2306746272E+01  0.0000000000E+00
L9 0.0000000000E+00  0.0000000000E+00  0.0000000000E+00  0.9848629596E+00  0.0000000000E+00
L0     7000  0.1400000000E+02  -.7526881074E+04  0.1702669381E+04
L1 0.2965807940E+03  0.2965807940E+03  -.9229550455E+10  0.1000000000E+01
L2 0.1000000000E+01  0.3354844672E+02  0.3354844672E+02  0.3354844672E+02
L3 0.2906669623E+05  -.4963849352E+03  0.3991103950E+03  0.7823479668E+02
L4 -.6346581199E+01  0.2645606632E+03  0.2868387657E+03  0.2740187659E+03
L5 0.8254181948E+03  0.3684021373E+03  0.2033466836E+03  0.2576524018E+03
L6 0.8294012227E+03  -.9229550455E+04  0.1382162121E+04  -.1068421099E+05
L7 0.0000000000E+00  0.1345529327E+01  0.8868175086E+01  0.1221460850E+02
L8 0.3682231584E+01  0.4359715035E+02  0.2790723274E+01  0.0000000000E+00
L9 0.0000000000E+00  0.0000000000E+00  0.0000000000E+00  0.9901371149E+00  0.0000000000E+00
L0     8000  0.1600000000E+02  -.7425340128E+04  0.1728274237E+04
L1 0.3010407958E+03  0.3010407958E+03  -.9153614365E+10  0.1000000000E+01
L2 0.1000000000E+01  0.3353407028E+02  0.3353407028E+02  0.3353407028E+02
L3 0.2902974167E+05  -.2336500372E+03  0.1072389702E+03  -.3526696336E+03
L4 -.1596935669E+03  0.2736871616E+03  0.2874786243E+03  0.2726092845E+03
L5 0.8337750705E+03  0.3225035455E+03  0.2650732406E+03  0.3462923724E+03
L6 0.9338691585E+03  -.9153614365E+04  0.1325006388E+04  -.1054877245E+05
L7 0.0000000000E+00  0.1133724761E+01  0.8983728943E+01  0.1076196904E+02
L8 0.3747413867E+01  0.4404152795E+02  0.1483328138E+01  0.0000000000E+00
L9 0.0000000000E+00  0.0000000000E+00  0.0000000000E+00  0.9913975492E+00  0.0000000000E+00
L0     9000  0.1800000000E+02  -.7396735271E+04  0.1752970914E+04
L1 0.3053426058E+03  0.3053426058E+03  -.9149706185E+10  0.1000000000E+01
L2 0.1000000000E+01  0.3353502567E+02  0.3353502567E+02  0.3353502567E+02
L3 0.2903122511E+05  0.6891056825E+03  -.1665968258E+03  0.1543629128E+03
L4 0.2256239231E+03  0.2845289255E+03  0.2946424489E+03  0.2896452705E+03
L5 0.8688166449E+03  0.1405470671E+03  0.3294512180E+03  0.2573926573E+03
L6 0.7273909424E+03  -.9149706185E+04  0.1367633607E+04  -.1060007570E+05
L7 0.0000000000E+00  0.2249130727E+01  0.6002232390E+01  0.1284656326E+02
L8 0.5182747782E+01  0.4868916861E+02  0.7766068213E+01  0.0000000000E+00
L9 0.0000000000E+00  0.0000000000E+00  0.0000000000E+00  0.9913468905E+00  0.0000000000E+00
L0    10000  0.2000000000E+02  -.7432098155E+04  0.1688800546E+04
L1 0.2941650402E+03  0.2941650402E+03  -.9120898701E+10  0.1000000000E+01
L2 0.1000000000E+01  0.3365679017E+02  0.3365679017E+02  0.3365679017E+02
L3 0.2934929184E+05  -.3211407538E+03  0.3264696132E+03  -.1111807499E+03
L4 -.3528396351E+02  0.2641750100E+03  0.2679887560E+03  0.2669986086E+03
L5 0.7991623746E+03  0.3320093540E+03  0.1990288007E+03  0.2904832431E+03
L6 0.8215213978E+03  -.9120898701E+04  0.1359012755E+04  -.1055335279E+05
L7 0.0000000000E+00  0.2873908174E+01  0.7280018472E+01  0.1011866617E+02
L8 0.3372707154E+01  0.4810013158E+02  0.1695903620E+01  0.0000000000E+00
L9 0.0000000000E+00  0.0000000000E+00  0.0000000000E+00  0.9806033788E+00  0.0000000000E+00
