L0  Nsteps           time(ps)         Etot             EKinetic        
L1  Temp             T_solute         T_solv           Pres_scal_solu  
L2  Pres_scal_solv   BoxX             BoxY             BoxZ            
L3  volume           pres_X           pres_Y           pres_Z          
L4  Pressure         EKCoM_x          EKCoM_y          EKCoM_z         
L5  EKComTot         VIRIAL_x         VIRIAL_y         VIRIAL_z        
L6  VIRIAL_tot       E_pot            E_vdw            E_el            
L7  E_hbon           E_bon            E_angle          E_dih           
L8  E_14vdw          E_14el           E_const          E_pol           
L9  AV_permMoment    AV_indMoment     AV_totMoment     Density          dV/dlambda      
L0     1000  0.2000000000E+01  -.7013487099E+04  0.1654708923E+04
L1 0.2981335919E+03  0.2981335919E+03  -.8668196022E+10  0.1000000000E+01
L2 0.1000000000E+01  0.3426372591E+02  0.3426372591E+02  0.3426372591E+02
L3 0.3096749023E+05  -.4364247099E+03  -.6420113271E+03  -.7857606932E+03
L4 -.6213989101E+03  0.2616894753E+03  0.2932725256E+03  0.2497696608E+03
L5 0.8047316617E+03  0.3589579086E+03  0.4363612064E+03  0.4248965726E+03
L6 0.1220215688E+04  -.8668196022E+04  0.1308413634E+04  -.1004987573E+05
L7 0.0000000000E+00  0.2962862422E+01  0.1506418741E+02  0.1133270705E+02
L8 0.1839737626E+01  0.4021277666E+02  0.1853803174E+01  0.0000000000E+00
L9 0.0000000000E+00  0.0000000000E+00  0.0000000000E+00  0.8984479473E+00  0.0000000000E+00
L0     2000  0.4000000000E+01  -.7171526989E+04  0.1634994205E+04
L1 0.2945815353E+03  0.2945815353E+03  -.8806521194E+10  0.1000000000E+01
L2 0.1000000000E+01  0.3367085730E+02  0.3367085730E+02  0.3367085730E+02
L3 0.2938688842E+05  -.6230206287E+03  -.5183924830E+03  0.1418739204E+03
L4 -.3331797304E+03  0.2603148105E+03  0.2615156274E+03  0.2815324172E+03
L5 0.8033628551E+03  0.3920836165E+03  0.3711555902E+03  0.2515260960E+03
L6 0.1014765303E+04  -.8806521194E+04  0.1338573003E+04  -.1022049894E+05
L7 0.0000000000E+00  0.1611929136E+01  0.1179715717E+02  0.1387777309E+02
L8 0.2147314107E+01  0.4393232848E+02  0.2038237122E+01  0.0000000000E+00
L9 0.0000000000E+00  0.0000000000E+00  0.0000000000E+00  0.9467718267E+00  0.0000000000E+00
L0     3000  0.6000000000E+01  -.7199874903E+04  0.1650572497E+04
L1 0.2973883202E+03  0.2973883202E+03  -.8850447400E+10  0.1000000000E+01
L2 0.1000000000E+01  0.3341148317E+02  0.3341148317E+02  0.3341148317E+02
L3 0.2871259964E+05  -.5802090511E+03  -.6832133318E+03  0.7154166295E+03
L4 -.1826685845E+03  0.2646003941E+03  0.2859864749E+03  0.2602727363E+03
L5 0.8108596052E+03  0.3844988513E+03  0.4271704572E+03  0.1124340392E+03
L6 0.9241033477E+03  -.8850447400E+04  0.1321509816E+04  -.1024585981E+05
L7 0.0000000000E+00  0.4325013777E+01  0.9921216736E+01  0.9131455629E+01
L8 0.3685384884E+01  0.4483180303E+02  0.2007719679E+01  0.0000000000E+00
L9 0.0000000000E+00  0.0000000000E+00  0.0000000000E+00  0.9690058851E+00  0.0000000000E+00
L0     4000  0.8000000000E+01  -.7241760874E+04  0.1618491557E+04
L1 0.2916082065E+03  0.2916082065E+03  -.8860252431E+10  0.1000000000E+01
L2 0.1000000000E+01  0.3330268166E+02  0.3330268166E+02  0.3330268166E+02
L3 0.2843334350E+05  -.1139312083E+04  0.2833771782E+03  -.8413611270E+02
L4 -.3133570059E+03  0.2631470621E+03  0.2764957551E+03  0.2601395354E+03
L5 0.7997823525E+03  0.4962926574E+03  0.2185062525E+03  0.2773569110E+03
L6 0.9921558210E+03  -.8860252431E+04  0.1304562541E+04  -.1024003944E+05
L7 0.0000000000E+00  0.3940072888E+01  0.1299677410E+02  0.1122071081E+02
L8 0.2834945359E+01  0.4189891253E+02  0.2333048690E+01  0.0000000000E+00
L9 0.0000000000E+00  0.0000000000E+00  0.0000000000E+00  0.9785229104E+00  0.0000000000E+00
L0     5000  0.1000000000E+02  -.7223208813E+04  0.1642944614E+04
L1 0.2960139829E+03  0.2960139829E+03  -.8866153426E+10  0.1000000000E+01
L2 0.1000000000E+01  0.3324251582E+02  0.3324251582E+02  0.3324251582E+02
L3 0.2827821888E+05  0.4439176906E+03  0.7414954137E+03  -.5833138735E+03
L4 0.2006997436E+03  0.2528569856E+03  0.2722024185E+03  0.2750362141E+03
L5 0.8000956182E+03  0.1625105374E+03  0.1212927376E+03  0.3937526740E+03
L6 0.6775559489E+03  -.8866153426E+04  0.1351900958E+04  -.1029167054E+05
L7 0.0000000000E+00  0.3582888907E+01  0.9037010038E+01  0.1067132157E+02
L8 0.3201003744E+01  0.4302117048E+02  0.4102761771E+01  0.0000000000E+00
L9 0.0000000000E+00  0.0000000000E+00  0.0000000000E+00  0.9838907518E+00  0.0000000000E+00
L0     6000  0.1200000000E+02  -.7194720601E+04  0.1693671460E+04
L1 0.3051535825E+03  0.3051535825E+03  -.8888392061E+10  0.1000000000E+01
L2 0.1000000000E+01  0.3322196656E+02  0.3322196656E+02  0.3322196656E+02
L3 0.2822723703E+05  -.8417335866E+02  -.5216566285E+01  -.1009146858E+04
L4 -.3661789275E+03  0.2752654392E+03  0.2725827774E+03  0.2764476149E+03
L5 0.8242958315E+03  0.2923655769E+03  0.2736425427E+03  0.4814596337E+03
L6 0.1047467753E+04  -.8888392061E+04  0.1286187523E+04  -.1024357585E+05
L7 0.0000000000E+00  0.4254516569E+01  0.1088611869E+02  0.1002656364E+02
L8 0.2371873674E+01  0.4016944061E+02  0.1287749581E+01  0.0000000000E+00
L9 0.0000000000E+00  0.0000000000E+00  0.0000000000E+00  0.9856677791E+00  0.0000000000E+00
L0     7000  0.1400000000E+02  -.7148070193E+04  0.1674286388E+04
L1 0.3016609192E+03  0.3016609192E+03  -.8822356581E+10  0.1000000000E+01
L2 0.1000000000E+01  0.3323177098E+02  0.3323177098E+02  0.3323177098E+02
L3 0.2825093111E+05  0.2921841784E+02  -.1078381095E+03  0.5329601170E+03
L4 0.1514468085E+03  0.2879891622E+03  0.2723279162E+03  0.2657435281E+03
L5 0.8260606065E+03  0.2820483470E+03  0.2942540274E+03  0.1573797703E+03
L6 0.7336821447E+03  -.8822356581E+04  0.1315680187E+04  -.1020882867E+05
L7 0.0000000000E+00  0.1916942329E+01  0.1299236380E+02  0.1020356887E+02
L8 0.1989862571E+01  0.4101620025E+02  0.2672960202E+01  0.0000000000E+00
L9 0.0000000000E+00  0.0000000000E+00  0.0000000000E+00  0.9848410985E+00  0.0000000000E+00
L0     8000  0.1600000000E+02  -.7186221853E+04  0.1643816677E+04
L1 0.2961711049E+03  0.2961711049E+03  -.8830038529E+10  0.1000000000E+01
L2 0.1000000000E+01  0.3320934941E+02  0.3320934941E+02  0.3320934941E+02
L3 0.2819463982E+05  0.4027929456E+03  -.7802202774E+03  -.1858478441E+03
L4 -.1877583919E+03  0.3009241173E+03  0.2527503393E+03  0.2745180068E+03
L5 0.8281924634E+03  0.2191896970E+03  0.4110720100E+03  0.3122301017E+03
L6 0.9424918087E+03  -.8830038529E+04  0.1276407593E+04  -.1018583513E+05
L7 0.0000000000E+00  0.3857903304E+01  0.1155950348E+02  0.1049619164E+02
L8 0.3146333417E+01  0.4803698407E+02  0.2292094610E+01  0.0000000000E+00
L9 0.0000000000E+00  0.0000000000E+00  0.0000000000E+00  0.9868073580E+00  0.0000000000E+00
L0     9000  0.1800000000E+02  -.7061120753E+04  0.1705578334E+04
L1 0.3072988776E+03  0.3072988776E+03  -.8766699086E+10  0.1000000000E+01
L2 0.1000000000E+01  0.3323123729E+02  0.3323123729E+02  0.3323123729E+02
L3 0.2824989009E+05  -.2938776592E+03  0.2252189688E+02  0.3446516082E+03
L4 0.2443194862E+02  0.2981801259E+03  0.2830623070E+03  0.2848205292E+03
L5 0.8660629621E+03  0.3579304018E+03  0.2784832262E+03  0.2147470547E+03
L6 0.8511606827E+03  -.8766699086E+04  0.1279395910E+04  -.1012490917E+05
L7 0.0000000000E+00  0.2822364316E+01  0.1219775381E+02  0.1005925706E+02
L8 0.2615795813E+01  0.4549935968E+02  0.5619642738E+01  0.0000000000E+00
L9 0.0000000000E+00  0.0000000000E+00  0.0000000000E+00  0.9848773904E+00  0.0000000000E+00
L0    10000  0.2000000000E+02  -.7216075839E+04  0.1658379369E+04
L1 0.2987949066E+03  0.2987949066E+03  -.8874455209E+10  0.1000000000E+01
L2 0.1000000000E+01  0.3315910029E+02  0.3315910029E+02  0.3315910029E+02
L3 0.2806567356E+05  -.3644691055E+03  0.1636878366E+04  -.4267740301E+03
L4 0.2818784101E+03  0.2646584089E+03  0.2877797451E+03  0.2946996058E+03
L5 0.8471377598E+03  0.3382778931E+03  -.4285497598E+02  0.3809041250E+03
L6 0.6763270421E+03  -.8874455209E+04  0.1347229179E+04  -.1029798798E+05
L7 0.0000000000E+00  0.4751521076E+01  0.6684120264E+01  0.1112977550E+02
L8 0.2945739558E+01  0.4853682638E+02  0.2255608339E+01  0.0000000000E+00
L9 0.0000000000E+00  0.0000000000E+00  0.0000000000E+00  0.9913418956E+00  0.0000000000E+00
