L0  Nsteps           time(ps)         Etot             EKinetic        
L1  Temp             T_solute         T_solv           Pres_scal_solu  
L2  Pres_scal_solv   BoxX             BoxY             BoxZ            
L3  volume           pres_X           pres_Y           pres_Z          
L4  Pressure         EKCoM_x          EKCoM_y          EKCoM_z         
L5  EKComTot         VIRIAL_x         VIRIAL_y         VIRIAL_z        
L6  VIRIAL_tot       E_pot            E_vdw            E_el            
L7  E_hbon           E_bon            E_angle          E_dih           
L8  E_14vdw          E_14el           E_const          E_pol           
L9  AV_permMoment    AV_indMoment     AV_totMoment     Density          dV/dlambda      
L0     1000  0.2000000000E+01  -.6970049519E+04  0.1604322086E+04
L1 0.2931486277E+03  0.2931486277E+03  -.8574371604E+10  0.1000000000E+01
L2 0.1000000000E+01  0.3413798670E+02  0.3413798670E+02  0.3413798670E+02
L3 0.3062739406E+05  0.2494103914E+03  -.7343155696E+03  -.9212086002E+03
L4 -.4687045928E+03  0.2873873545E+03  0.2530274268E+03  0.2733456578E+03
L5 0.8137604390E+03  0.2324103377E+03  0.4148910893E+03  0.4764057645E+03
L6 0.1123707191E+04  -.8574371604E+04  0.1302807861E+04  -.9955832390E+04
L7 0.0000000000E+00  0.2698357366E+01  0.1131525611E+02  0.1294675521E+02
L8 0.2822965623E+01  0.4473929265E+02  0.4130297106E+01  0.0000000000E+00
L9 0.0000000000E+00  0.0000000000E+00  0.0000000000E+00  0.8957262225E+00  0.0000000000E+00
L0     2000  0.4000000000E+01  -.6943281873E+04  0.1630746708E+04
L1 0.2979770482E+03  0.2979770482E+03  -.8574028580E+10  0.1000000000E+01
L2 0.1000000000E+01  0.3353690819E+02  0.3353690819E+02  0.3353690819E+02
L3 0.2903823054E+05  -.9380156277E+03  -.8786171903E+02  -.7481539819E+03
L4 -.5913437762E+03  0.2762687447E+03  0.2957425751E+03  0.2600047869E+03
L5 0.8320161067E+03  0.4723051827E+03  0.3141048474E+03  0.4163619279E+03
L6 0.1202771958E+04  -.8574028580E+04  0.1218544759E+04  -.9869169051E+04
L7 0.0000000000E+00  0.2353426138E+01  0.5970862780E+01  0.1434077053E+02
L8 0.4586776348E+01  0.4702800126E+02  0.2315874596E+01  0.0000000000E+00
L9 0.0000000000E+00  0.0000000000E+00  0.0000000000E+00  0.9447462699E+00  0.0000000000E+00
L0     3000  0.6000000000E+01  -.7099943459E+04  0.1648229889E+04
L1 0.3011716503E+03  0.3011716503E+03  -.8748173348E+10  0.1000000000E+01
L2 0.1000000000E+01  0.3321084536E+02  0.3321084536E+02  0.3321084536E+02
L3 0.2819855780E+05  -.6369692389E+03  0.3002150966E+03  -.3549090469E+03
L4 -.2305543964E+03  0.2683306529E+03  0.2588263015E+03  0.2691033233E+03
L5 0.7962602776E+03  0.3976018994E+03  0.1978984302E+03  0.3411311891E+03
L6 0.9366315188E+03  -.8748173348E+04  0.1303597401E+04  -.1012838420E+05
L7 0.0000000000E+00  0.2497177138E+01  0.1114293865E+02  0.1044688056E+02
L8 0.2149590688E+01  0.4664520368E+02  0.3731657275E+01  0.0000000000E+00
L9 0.0000000000E+00  0.0000000000E+00  0.0000000000E+00  0.9728781231E+00  0.0000000000E+00
L0     4000  0.8000000000E+01  -.7179927836E+04  0.1607243714E+04
L1 0.2936824803E+03  0.2936824803E+03  -.8787171550E+10  0.1000000000E+01
L2 0.1000000000E+01  0.3304655640E+02  0.3304655640E+02  0.3304655640E+02
L3 0.2778176998E+05  0.2490894976E+03  -.3806811249E+01  -.4857092217E+03
L4 -.8014217845E+02  0.2883029120E+03  0.2641904674E+03  0.2799507884E+03
L5 0.8324441678E+03  0.2384980309E+03  0.2649516306E+03  0.3770672477E+03
L6 0.8805169092E+03  -.8787171550E+04  0.1298499893E+04  -.1016089701E+05
L7 0.0000000000E+00  0.2621626045E+01  0.9010397998E+01  0.8806153296E+01
L8 0.5436626365E+01  0.4777581347E+02  0.1574950924E+01  0.0000000000E+00
L9 0.0000000000E+00  0.0000000000E+00  0.0000000000E+00  0.9874734408E+00  0.0000000000E+00
L0     5000  0.1000000000E+02  -.7057318447E+04  0.1632127254E+04
L1 0.2982293076E+03  0.2982293076E+03  -.8689445701E+10  0.1000000000E+01
L2 0.1000000000E+01  0.3299043336E+02  0.3299043336E+02  0.3299043336E+02
L3 0.2764002915E+05  -.3468488930E+03  -.4214330128E+02  0.6785314258E+03
L4 0.9651307719E+02  0.2775472808E+03  0.2752641175E+03  0.2763349763E+03
L5 0.8291463746E+03  0.3465451040E+03  0.2836475839E+03  0.1413563378E+03
L6 0.7715490257E+03  -.8689445701E+04  0.1280592983E+04  -.1004776181E+05
L7 0.0000000000E+00  0.4961142136E+01  0.8861542123E+01  0.1145035741E+02
L8 0.4137939977E+01  0.4455255397E+02  0.3759589556E+01  0.0000000000E+00
L9 0.0000000000E+00  0.0000000000E+00  0.0000000000E+00  0.9925373029E+00  0.0000000000E+00
L0     6000  0.1200000000E+02  -.7088345865E+04  0.1556453241E+04
L1 0.2844018266E+03  0.2844018266E+03  -.8644799105E+10  0.1000000000E+01
L2 0.1000000000E+01  0.3301088536E+02  0.3301088536E+02  0.3301088536E+02
L3 0.2769023446E+05  0.1125359125E+04  0.7850269044E+03  -.1246606935E+03
L4 0.5952417785E+03  0.2634508271E+03  0.2640829635E+03  0.2697610466E+03
L5 0.7972948372E+03  0.3917919186E+02  0.1076357782E+03  0.2946045449E+03
L6 0.4414195150E+03  -.8644799105E+04  0.1317665863E+04  -.1003860725E+05
L7 0.0000000000E+00  0.5262513746E+01  0.1026721355E+02  0.1192764217E+02
L8 0.2433142613E+01  0.4156772212E+02  0.4684045470E+01  0.0000000000E+00
L9 0.0000000000E+00  0.0000000000E+00  0.0000000000E+00  0.9907377285E+00  0.0000000000E+00
L0     7000  0.1400000000E+02  -.7106326121E+04  0.1602008612E+04
L1 0.2927258998E+03  0.2927258998E+03  -.8708334733E+10  0.1000000000E+01
L2 0.1000000000E+01  0.3312640690E+02  0.3312640690E+02  0.3312640690E+02
L3 0.2798400571E+05  0.3353861534E+03  -.3269788306E+03  -.6829300390E+03
L4 -.2248409054E+03  0.2405108971E+03  0.2732344520E+03  0.2781029412E+03
L5 0.7918482904E+03  0.1729630379E+03  0.3390890491E+03  0.4156472663E+03
L6 0.9276993534E+03  -.8708334733E+04  0.1275279079E+04  -.1006059257E+05
L7 0.0000000000E+00  0.3635199629E+01  0.9637272035E+01  0.1234266389E+02
L8 0.3737859641E+01  0.4536570147E+02  0.2260059587E+01  0.0000000000E+00
L9 0.0000000000E+00  0.0000000000E+00  0.0000000000E+00  0.9803371350E+00  0.0000000000E+00
L0     8000  0.1600000000E+02  -.7025402696E+04  0.1643277840E+04
L1 0.3002667905E+03  0.3002667905E+03  -.8668680535E+10  0.1000000000E+01
L2 0.1000000000E+01  0.3315508053E+02  0.3315508053E+02  0.3315508053E+02
L3 0.2805619463E+05  0.1619284574E+03  -.3717890472E+03  0.1843078549E+03
L4 -.8517578304E+01  0.2614726338E+03  0.2613646358E+03  0.2934501040E+03
L5 0.8162873736E+03  0.2287755873E+03  0.3364373188E+03  0.2562341471E+03
L6 0.8214470532E+03  -.8668680535E+04  0.1285682492E+04  -.1003192729E+05
L7 0.0000000000E+00  0.3025825897E+01  0.1197330247E+02  0.1108744552E+02
L8 0.2765426192E+01  0.4519878597E+02  0.3513481560E+01  0.0000000000E+00
L9 0.0000000000E+00  0.0000000000E+00  0.0000000000E+00  0.9778147161E+00  0.0000000000E+00
L0     9000  0.1800000000E+02  -.7047412695E+04  0.1621400259E+04
L1 0.2962692249E+03  0.2962692249E+03  -.8668812953E+10  0.1000000000E+01
L2 0.1000000000E+01  0.3310486949E+02  0.3310486949E+02  0.3310486949E+02
L3 0.2792829392E+05  0.1681147962E+03  0.2173974555E+03  0.3430750583E+03
L4 0.2428624367E+03  0.2685981082E+03  0.2830011591E+03  0.2710195397E+03
L5 0.8226188069E+03  0.2348066506E+03  0.2393037746E+03  0.2020606703E+03
L6 0.6761710955E+03  -.8668812953E+04  0.1317750370E+04  -.1006424348E+05
L7 0.0000000000E+00  0.2265122729E+01  0.1011673116E+02  0.8893266268E+01
L8 0.3516852727E+01  0.4733097134E+02  0.5557213782E+01  0.0000000000E+00
L9 0.0000000000E+00  0.0000000000E+00  0.0000000000E+00  0.9822927266E+00  0.0000000000E+00
L0    10000  0.2000000000E+02  -.7120854410E+04  0.1594105498E+04
L1 0.2912818090E+03  0.2912818090E+03  -.8714959909E+10  0.1000000000E+01
L2 0.1000000000E+01  0.3311280826E+02  0.3311280826E+02  0.3311280826E+02
L3 0.2794941213E+05  -.3930277550E+03  0.1831971549E+03  -.2904709282E+03
L4 -.1667671761E+03  0.2662609971E+03  0.2644809847E+03  0.2772697244E+03
L5 0.8080117062E+03  0.3453202085E+03  0.2276300946E+03  0.3356991921E+03
L6 0.9086494953E+03  -.8714959909E+04  0.1269737631E+04  -.1005740072E+05
L7 0.0000000000E+00  0.2400447339E+01  0.1074962759E+02  0.1004175140E+02
L8 0.2337033186E+01  0.4322685326E+02  0.3947463330E+01  0.0000000000E+00
L9 0.0000000000E+00  0.0000000000E+00  0.0000000000E+00  0.9815505194E+00  0.0000000000E+00
