L0  Nsteps           time(ps)         Etot             EKinetic        
L1  Temp             T_solute         T_solv           Pres_scal_solu  
L2  Pres_scal_solv   BoxX             BoxY             BoxZ            
L3  volume           pres_X           pres_Y           pres_Z          
L4  Pressure         EKCoM_x          EKCoM_y          EKCoM_z         
L5  EKComTot         VIRIAL_x         VIRIAL_y         VIRIAL_z        
L6  VIRIAL_tot       E_pot            E_vdw            E_el            
L7  E_hbon           E_bon            E_angle          E_dih           
L8  E_14vdw          E_14el           E_const          E_pol           
L9  AV_permMoment    AV_indMoment     AV_totMoment     Density          dV/dlambda      
L0     1000  0.2000000000E+01  -.6861126561E+04  0.1620109652E+04
L1 0.3002858132E+03  0.3002858132E+03  -.8481236213E+10  0.1000000000E+01
L2 0.1000000000E+01  0.3386127926E+02  0.3386127926E+02  0.3386127926E+02
L3 0.2988905216E+05  -.5721966173E+03  -.8434661179E+03  -.4339162308E+03
L4 -.6165263220E+03  0.2611981026E+03  0.2547243604E+03  0.2738033719E+03
L5 0.7897258349E+03  0.3842856190E+03  0.4361657505E+03  0.3671448381E+03
L6 0.1187596208E+04  -.8481236213E+04  0.1281556996E+04  -.9844549862E+04
L7 0.0000000000E+00  0.2305559514E+01  0.1500263671E+02  0.1240129951E+02
L8 0.2792517546E+01  0.4596493038E+02  0.3289709382E+01  0.0000000000E+00
L9 0.0000000000E+00  0.0000000000E+00  0.0000000000E+00  0.9048410704E+00  0.0000000000E+00
L0     2000  0.4000000000E+01  -.6889645805E+04  0.1608161937E+04
L1 0.2980713153E+03  0.2980713153E+03  -.8497807742E+10  0.1000000000E+01
L2 0.1000000000E+01  0.3339618218E+02  0.3339618218E+02  0.3339618218E+02
L3 0.2867381839E+05  -.2651861340E+03  -.3619050807E+03  -.6809679731E+03
L4 -.4360197293E+03  0.2716418785E+03  0.2651046600E+03  0.2639715120E+03
L5 0.8007180504E+03  0.3263677797E+03  0.3397902455E+03  0.4045014314E+03
L6 0.1070659457E+04  -.8497807742E+04  0.1245213179E+04  -.9819372544E+04
L7 0.0000000000E+00  0.2653421513E+01  0.8425782348E+01  0.1205943752E+02
L8 0.3674658984E+01  0.4714495342E+02  0.2393369878E+01  0.0000000000E+00
L9 0.0000000000E+00  0.0000000000E+00  0.0000000000E+00  0.9431894135E+00  0.0000000000E+00
L0     3000  0.6000000000E+01  -.7022278150E+04  0.1604196113E+04
L1 0.2973362535E+03  0.2973362535E+03  -.8626474263E+10  0.1000000000E+01
L2 0.1000000000E+01  0.3303346343E+02  0.3303346343E+02  0.3303346343E+02
L3 0.2774979683E+05  -.9451281985E+03  -.4245723711E+03  -.1251200029E+03
L4 -.4982735241E+03  0.2703743676E+03  0.2565868937E+03  0.2652613875E+03
L5 0.7922226488E+03  0.4591331246E+03  0.3413814783E+03  0.2902500570E+03
L6 0.1090764660E+04  -.8626474263E+04  0.1256533324E+04  -.9960176169E+04
L7 0.0000000000E+00  0.3815634948E+00  0.5843391564E+01  0.1515327606E+02
L8 0.3894881554E+01  0.4811145020E+02  0.3784019294E+01  0.0000000000E+00
L9 0.0000000000E+00  0.0000000000E+00  0.0000000000E+00  0.9745960344E+00  0.0000000000E+00
L0     4000  0.8000000000E+01  -.6918788021E+04  0.1645077453E+04
L1 0.3049135718E+03  0.3049135718E+03  -.8563865474E+10  0.1000000000E+01
L2 0.1000000000E+01  0.3297840042E+02  0.3297840042E+02  0.3297840042E+02
L3 0.2761022651E+05  0.4648608232E+03  -.1927649203E+03  -.5070990760E+03
L4 -.7833439102E+02  0.2837037293E+03  0.2785225777E+03  0.2640740236E+03
L5 0.8263003307E+03  0.1913297832E+03  0.3168274971E+03  0.3648412649E+03
L6 0.8729985452E+03  -.8563865474E+04  0.1256512081E+04  -.9897626651E+04
L7 0.0000000000E+00  0.3564028947E+01  0.6255839601E+01  0.1241583617E+02
L8 0.3935451188E+01  0.4748036303E+02  0.3597576420E+01  0.0000000000E+00
L9 0.0000000000E+00  0.0000000000E+00  0.0000000000E+00  0.9795226394E+00  0.0000000000E+00
L0     5000  0.1000000000E+02  -.7046334991E+04  0.1588887382E+04
L1 0.2944987946E+03  0.2944987946E+03  -.8635222373E+10  0.1000000000E+01
L2 0.1000000000E+01  0.3287802424E+02  0.3287802424E+02  0.3287802424E+02
L3 0.2735806792E+05  0.2131302478E+03  0.1852219929E+03  0.3671581733E+03
L4 0.2551701380E+03  0.2820812678E+03  0.2836381558E+03  0.2761016468E+03
L5 0.8418210704E+03  0.2401162808E+03  0.2471682572E+03  0.2038088205E+03
L6 0.6910933585E+03  -.8635222373E+04  0.1303176521E+04  -.1001406106E+05
L7 0.0000000000E+00  0.5376620989E+01  0.7136575276E+01  0.1231472955E+02
L8 0.3186380985E+01  0.4546652651E+02  0.2181333589E+01  0.0000000000E+00
L9 0.0000000000E+00  0.0000000000E+00  0.0000000000E+00  0.9885508737E+00  0.0000000000E+00
L0     6000  0.1200000000E+02  -.7007612302E+04  0.1579298929E+04
L1 0.2927215838E+03  0.2927215838E+03  -.8586911231E+10  0.1000000000E+01
L2 0.1000000000E+01  0.3301429148E+02  0.3301429148E+02  0.3301429148E+02
L3 0.2770044123E+05  -.3886767177E+03  -.1451633871E+03  0.3349239538E+03
L4 -.6630538368E+02  0.2530004461E+03  0.2615787541E+03  0.2515171101E+03
L5 0.7660963103E+03  0.3304879718E+03  0.2905188763E+03  0.1847458648E+03
L6 0.8057527128E+03  -.8586911231E+04  0.1302973335E+04  -.9968629029E+04
L7 0.0000000000E+00  0.5410622709E+01  0.1280249428E+02  0.1119946997E+02
L8 0.1350379784E+01  0.4341291863E+02  0.4568577289E+01  0.0000000000E+00
L9 0.0000000000E+00  0.0000000000E+00  0.0000000000E+00  0.9763325329E+00  0.0000000000E+00
L0     7000  0.1400000000E+02  -.7059864782E+04  0.1557136829E+04
L1 0.2886138592E+03  0.2886138592E+03  -.8617001611E+10  0.1000000000E+01
L2 0.1000000000E+01  0.3291654217E+02  0.3291654217E+02  0.3291654217E+02
L3 0.2745614334E+05  -.2056360650E+03  -.4762036179E+03  -.7692505852E+03
L4 -.4836967560E+03  0.2629990772E+03  0.2575101617E+03  0.2615082252E+03
L5 0.7820174641E+03  0.3036336219E+03  0.3516099842E+03  0.4135153515E+03
L6 0.1068758958E+04  -.8617001611E+04  0.1221311780E+04  -.9911970249E+04
L7 0.0000000000E+00  0.1947466367E+01  0.7025095622E+01  0.1041078172E+02
L8 0.3437263999E+01  0.4731840591E+02  0.3517844658E+01  0.0000000000E+00
L9 0.0000000000E+00  0.0000000000E+00  0.0000000000E+00  0.9850196952E+00  0.0000000000E+00
L0     8000  0.1600000000E+02  -.7047999487E+04  0.1548309295E+04
L1 0.2869776839E+03  0.2869776839E+03  -.8596308781E+10  0.1000000000E+01
L2 0.1000000000E+01  0.3292893948E+02  0.3292893948E+02  0.3292893948E+02
L3 0.2748640372E+05  0.1533839504E+03  0.2673304097E+03  -.9252356325E+03
L4 -.1681737574E+03  0.2621982572E+03  0.2532514057E+03  0.2472613477E+03
L5 0.7627110106E+03  0.2318555434E+03  0.2003675800E+03  0.4302932743E+03
L6 0.8625163977E+03  -.8596308781E+04  0.1265333199E+04  -.9937737492E+04
L7 0.0000000000E+00  0.2210467152E+01  0.7366113223E+01  0.1089904193E+02
L8 0.2981326825E+01  0.4900577928E+02  0.3632783401E+01  0.0000000000E+00
L9 0.0000000000E+00  0.0000000000E+00  0.0000000000E+00  0.9839352659E+00  0.0000000000E+00
L0     9000  0.1800000000E+02  -.6933492806E+04  0.1591517728E+04
L1 0.2949863267E+03  0.2949863267E+03  -.8525010533E+10  0.1000000000E+01
L2 0.1000000000E+01  0.3287359466E+02  0.3287359466E+02  0.3287359466E+02
L3 0.2734706013E+05  -.1340076764E+03  0.5016869213E+03  0.3383160116E+03
L4 0.2353317522E+03  0.2643270601E+03  0.2618943410E+03  0.2626160757E+03
L5 0.7888374769E+03  0.2907023294E+03  0.1631527763E+03  0.1960290252E+03
L6 0.6498841310E+03  -.8525010533E+04  0.1262885714E+04  -.9861239737E+04
L7 0.0000000000E+00  0.2499565224E+01  0.4993629963E+01  0.1074957504E+02
L8 0.3106288266E+01  0.4949994335E+02  0.2494487764E+01  0.0000000000E+00
L9 0.0000000000E+00  0.0000000000E+00  0.0000000000E+00  0.9889487872E+00  0.0000000000E+00
L0    10000  0.2000000000E+02  -.6989974997E+04  0.1573206185E+04
L1 0.2915922993E+03  0.2915922993E+03  -.8563181182E+10  0.1000000000E+01
L2 0.1000000000E+01  0.3295617978E+02  0.3295617978E+02  0.3295617978E+02
L3 0.2755349096E+05  0.6676917373E+03  0.8094547322E+03  -.5374956014E+03
L4 0.3132169561E+03  0.2529943496E+03  0.2662258938E+03  0.2364290097E+03
L5 0.7556492532E+03  0.1205878780E+03  0.1057071409E+03  0.3430169636E+03
L6 0.5693119824E+03  -.8563181182E+04  0.1317015872E+04  -.9955975924E+04
L7 0.0000000000E+00  0.5951785379E+01  0.5989144278E+01  0.9688629097E+01
L8 0.3610300484E+01  0.4865500968E+02  0.1884000684E+01  0.0000000000E+00
L9 0.0000000000E+00  0.0000000000E+00  0.0000000000E+00  0.9815395801E+00  0.0000000000E+00
