L0  Nsteps           time(ps)         Etot             EKinetic        
L1  Temp             T_solute         T_solv           Pres_scal_solu  
L2  Pres_scal_solv   BoxX             BoxY             BoxZ            
L3  volume           pres_X           pres_Y           pres_Z          
L4  Pressure         EKCoM_x          EKCoM_y          EKCoM_z         
L5  EKComTot         VIRIAL_x         VIRIAL_y         VIRIAL_z        
L6  VIRIAL_tot       E_pot            E_vdw            E_el            
L7  E_hbon           E_bon            E_angle          E_dih           
L8  E_14vdw          E_14el           E_const          E_pol           
L9  AV_permMoment    AV_indMoment     AV_totMoment     Density          dV/dlambda      
L0     1000  0.2000000000E+01  -.7254792505E+04  0.1707727415E+04
L1 0.2983913998E+03  0.2983913998E+03  -.8962519920E+10  0.1000000000E+01
L2 0.1000000000E+01  0.3453178945E+02  0.3453178945E+02  0.3453178945E+02
L3 0.3170044382E+05  -.1156684769E+04  -.4523408289E+03  -.7076028820E+03
L4 -.7722094931E+03  0.2805141540E+03  0.2828190059E+03  0.2931100094E+03
L5 0.8564431693E+03  0.5444126648E+03  0.3860209104E+03  0.4545501458E+03
L6 0.1384983721E+04  -.8962519920E+04  0.1322030229E+04  -.1036480728E+05
L7 0.0000000000E+00  0.2740184735E+01  0.9499404875E+01  0.1088280697E+02
L8 0.5378346141E+01  0.5015922316E+02  0.1597160576E+01  0.0000000000E+00
L9 0.0000000000E+00  0.0000000000E+00  0.0000000000E+00  0.9050429889E+00  0.0000000000E+00
L0     2000  0.4000000000E+01  -.7419095664E+04  0.1660554999E+04
L1 0.2901489584E+03  0.2901489584E+03  -.9079650663E+10  0.1000000000E+01
L2 0.1000000000E+01  0.3388435910E+02  0.3388435910E+02  0.3388435910E+02
L3 0.2994978090E+05  -.4800085194E+03  -.8094328310E+03  -.7723710976E+02
L4 -.4555594867E+03  0.2654492282E+03  0.2688243522E+03  0.2756620620E+03
L5 0.8099356424E+03  0.3689155892E+03  0.4432984837E+03  0.2923106054E+03
L6 0.1104524678E+04  -.9079650663E+04  0.1334665064E+04  -.1048739075E+05
L7 0.0000000000E+00  0.3517433012E+01  0.6352670608E+01  0.1191351648E+02
L8 0.4780576603E+01  0.4462763919E+02  0.1883186996E+01  0.0000000000E+00
L9 0.0000000000E+00  0.0000000000E+00  0.0000000000E+00  0.9579457201E+00  0.0000000000E+00
L0     3000  0.6000000000E+01  -.7379479597E+04  0.1701261506E+04
L1 0.2972616109E+03  0.2972616109E+03  -.9080741103E+10  0.1000000000E+01
L2 0.1000000000E+01  0.3359089125E+02  0.3359089125E+02  0.3359089125E+02
L3 0.2917688714E+05  -.2375101256E+03  -.1267177354E+02  0.5444180637E+03
L4 0.9807872154E+02  0.2669760770E+03  0.2870035903E+03  0.2917357065E+03
L5 0.8457153738E+03  0.3168504748E+03  0.2896645172E+03  0.1774141675E+03
L6 0.7839291595E+03  -.9080741103E+04  0.1362287698E+04  -.1052553992E+05
L7 0.0000000000E+00  0.3002953787E+01  0.1041856922E+02  0.1074251980E+02
L8 0.2530575504E+01  0.5013808879E+02  0.5678410940E+01  0.0000000000E+00
L9 0.0000000000E+00  0.0000000000E+00  0.0000000000E+00  0.9833216370E+00  0.0000000000E+00
L0     4000  0.8000000000E+01  -.7409631406E+04  0.1687952191E+04
L1 0.2949360728E+03  0.2949360728E+03  -.9097583597E+10  0.1000000000E+01
L2 0.1000000000E+01  0.3361089345E+02  0.3361089345E+02  0.3361089345E+02
L3 0.2922853612E+05  0.7898937128E+03  -.1307193330E+03  0.2144513281E+03
L4 0.2912085693E+03  0.2794966209E+03  0.3029496071E+03  0.2791688824E+03
L5 0.8616151105E+03  0.1133343948E+03  0.3304477566E+03  0.2340568509E+03
L6 0.6778390023E+03  -.9097583597E+04  0.1389175393E+04  -.1057105573E+05
L7 0.0000000000E+00  0.6331751586E+01  0.8953021836E+01  0.1130743706E+02
L8 0.5030800551E+01  0.4990822739E+02  0.2765502845E+01  0.0000000000E+00
L9 0.0000000000E+00  0.0000000000E+00  0.0000000000E+00  0.9815840351E+00  0.0000000000E+00
L0     5000  0.1000000000E+02  -.7460531165E+04  0.1695590081E+04
L1 0.2962706422E+03  0.2962706422E+03  -.9156121246E+10  0.1000000000E+01
L2 0.1000000000E+01  0.3346838933E+02  0.3346838933E+02  0.3346838933E+02
L3 0.2885890965E+05  0.1905798199E+01  0.8155035576E+02  0.1250766934E+03
L4 0.6951094912E+02  0.2760502416E+03  0.2763289131E+03  0.2804100809E+03
L5 0.8327892356E+03  0.2756544073E+03  0.2593909042E+03  0.2544316516E+03
L6 0.7894769630E+03  -.9156121246E+04  0.1371914004E+04  -.1060015238E+05
L7 0.0000000000E+00  0.2433485147E+01  0.5224390147E+01  0.1086783100E+02
L8 0.4304374874E+01  0.4700086195E+02  0.2286186304E+01  0.0000000000E+00
L9 0.0000000000E+00  0.0000000000E+00  0.0000000000E+00  0.9941562165E+00  0.0000000000E+00
L0     6000  0.1200000000E+02  -.7444597059E+04  0.1715820983E+04
L1 0.2998055899E+03  0.2998055899E+03  -.9160418042E+10  0.1000000000E+01
L2 0.1000000000E+01  0.3361105808E+02  0.3361105808E+02  0.3361105808E+02
L3 0.2922870434E+05  0.7677303654E+03  0.1653413230E+03  0.2411957216E+03
L4 0.3914224700E+03  0.3137465174E+03  0.2710863139E+03  0.2781462449E+03
L5 0.8629790762E+03  0.1522456488E+03  0.2363048744E+03  0.2274079645E+03
L6 0.6159584877E+03  -.9160418042E+04  0.1417448986E+04  -.1065329896E+05
L7 0.0000000000E+00  0.4180374250E+01  0.1055497350E+02  0.9849506279E+01
L8 0.3356626116E+01  0.4490918940E+02  0.2581259692E+01  0.0000000000E+00
L9 0.0000000000E+00  0.0000000000E+00  0.0000000000E+00  0.9815783860E+00  0.0000000000E+00
L0     7000  0.1400000000E+02  -.7463777362E+04  0.1747759905E+04
L1 0.3053862812E+03  0.3053862812E+03  -.9211537267E+10  0.1000000000E+01
L2 0.1000000000E+01  0.3364301064E+02  0.3364301064E+02  0.3364301064E+02
L3 0.2931414235E+05  -.1912652611E+03  -.6835719049E+03  -.2449046144E+03
L4 -.3732472601E+03  0.2633103971E+03  0.3077270298E+03  0.2838529689E+03
L5 0.8548903958E+03  0.3036628436E+03  0.4519445346E+03  0.3355220503E+03
L6 0.1091129428E+04  -.9211537267E+04  0.1358114383E+04  -.1064178225E+05
L7 0.0000000000E+00  0.4657444779E+01  0.6543385204E+01  0.9679876986E+01
L8 0.1752308326E+01  0.4681401426E+02  0.2683574845E+01  0.0000000000E+00
L9 0.0000000000E+00  0.0000000000E+00  0.0000000000E+00  0.9787175107E+00  0.0000000000E+00
L0     8000  0.1600000000E+02  -.7357841351E+04  0.1719574027E+04
L1 0.3004613597E+03  0.3004613597E+03  -.9077415378E+10  0.1000000000E+01
L2 0.1000000000E+01  0.3366890856E+02  0.3366890856E+02  0.3366890856E+02
L3 0.2938075203E+05  -.3451594519E+03  -.1662404562E+02  0.5461666284E+03
L4 0.6146104363E+02  0.2779609102E+03  0.2940540508E+03  0.2603335361E+03
L5 0.8323484971E+03  0.3509468591E+03  0.2975693008E+03  0.1448434650E+03
L6 0.7933596249E+03  -.9077415378E+04  0.1369671719E+04  -.1052863830E+05
L7 0.0000000000E+00  0.1356300754E+01  0.1452978834E+02  0.1308116411E+02
L8 0.3506035728E+01  0.4524219191E+02  0.3835722832E+01  0.0000000000E+00
L9 0.0000000000E+00  0.0000000000E+00  0.0000000000E+00  0.9764986409E+00  0.0000000000E+00
L0     9000  0.1800000000E+02  -.7393392675E+04  0.1698102840E+04
L1 0.2967096968E+03  0.2967096968E+03  -.9091495515E+10  0.1000000000E+01
L2 0.1000000000E+01  0.3360392093E+02  0.3360392093E+02  0.3360392093E+02
L3 0.2921187073E+05  0.3673785161E+03  -.6372555156E+03  -.6078024714E+03
L4 -.2925598236E+03  0.2715807093E+03  0.2945624926E+03  0.2618216429E+03
L5 0.8279648448E+03  0.1943429430E+03  0.4285392780E+03  0.3896062117E+03
L6 0.1012488433E+04  -.9091495515E+04  0.1311983212E+04  -.1048086805E+05
L7 0.0000000000E+00  0.2059758674E+01  0.8810605561E+01  0.1086329802E+02
L8 0.3234923115E+01  0.4885672721E+02  0.3564008674E+01  0.0000000000E+00
L9 0.0000000000E+00  0.0000000000E+00  0.0000000000E+00  0.9821440294E+00  0.0000000000E+00
L0    10000  0.2000000000E+02  -.7360808409E+04  0.1730048393E+04
L1 0.3022915468E+03  0.3022915468E+03  -.9090856802E+10  0.1000000000E+01
L2 0.1000000000E+01  0.3357556506E+02  0.3357556506E+02  0.3357556506E+02
L3 0.2913654310E+05  0.2069924062E+03  0.1830099013E+03  0.3953897523E+03
L4 0.2617973533E+03  0.2890552290E+03  0.3003182121E+03  0.2981083287E+03
L5 0.8874817698E+03  0.2456493039E+03  0.2619413739E+03  0.2151958283E+03
L6 0.7227865061E+03  -.9090856802E+04  0.1365492262E+04  -.1053175418E+05
L7 0.0000000000E+00  0.5358102795E+01  0.7587021122E+01  0.9484713510E+01
L8 0.2714352043E+01  0.4572088944E+02  0.4540038418E+01  0.0000000000E+00
L9 0.0000000000E+00  0.0000000000E+00  0.0000000000E+00  0.9846831978E+00  0.0000000000E+00
