L0  Nsteps           time(ps)         Etot             EKinetic        
L1  Temp             T_solute         T_solv           Pres_scal_solu  
L2  Pres_scal_solv   BoxX             BoxY             BoxZ            
L3  volume           pres_X           pres_Y           pres_Z          
L4  Pressure         EKCoM_x          EKCoM_y          EKCoM_z         
L5  EKComTot         VIRIAL_x         VIRIAL_y         VIRIAL_z        
L6  VIRIAL_tot       E_pot            E_vdw            E_el            
L7  E_hbon           E_bon            E_angle          E_dih           
L8  E_14vdw          E_14el           E_const          E_pol           
L9  AV_permMoment    AV_indMoment     AV_totMoment     Density          dV/dlambda      
L0     1000  0.2000000000E+01  -.7346139271E+04  0.1692289658E+04
L1 0.2932502072E+03  0.2932502072E+03  -.9038428929E+10  0.1000000000E+01
L2 0.1000000000E+01  0.3456245204E+02  0.3456245204E+02  0.3456245204E+02
L3 0.3178410619E+05  -.4008638221E+03  -.1092305902E+04  0.8448078688E+02
L4 -.4695629790E+03  0.2768442989E+03  0.2833967423E+03  0.2754660238E+03
L5 0.8357070649E+03  0.3685430553E+03  0.5332648703E+03  0.2561407999E+03
L6 0.1157948726E+04  -.9038428929E+04  0.1363865516E+04  -.1047443485E+05
L7 0.0000000000E+00  0.3278840327E+01  0.7212606167E+01  0.1061945501E+02
L8 0.1914218629E+01  0.4596625097E+02  0.3149029329E+01  0.0000000000E+00
L9 0.0000000000E+00  0.0000000000E+00  0.0000000000E+00  0.9101907235E+00  0.0000000000E+00
L0     2000  0.4000000000E+01  -.7375236344E+04  0.1720043305E+04
L1 0.2980595273E+03  0.2980595273E+03  -.9095279649E+10  0.1000000000E+01
L2 0.1000000000E+01  0.3410416716E+02  0.3410416716E+02  0.3410416716E+02
L3 0.3053663095E+05  -.2556523225E+03  -.1133511482E+04  -.2061983964E+03
L4 -.5317874003E+03  0.2881106852E+03  0.2829475547E+03  0.2823105531E+03
L5 0.8533687930E+03  0.3442965983E+03  0.5320647033E+03  0.3276277443E+03
L6 0.1203989046E+04  -.9095279649E+04  0.1330076294E+04  -.1049866266E+05
L7 0.0000000000E+00  0.6145717414E+01  0.6059002668E+01  0.1144217963E+02
L8 0.3153608332E+01  0.4288238521E+02  0.3623822129E+01  0.0000000000E+00
L9 0.0000000000E+00  0.0000000000E+00  0.0000000000E+00  0.9473736199E+00  0.0000000000E+00
L0     3000  0.6000000000E+01  -.7499746979E+04  0.1660076994E+04
L1 0.2876682015E+03  0.2876682015E+03  -.9159823972E+10  0.1000000000E+01
L2 0.1000000000E+01  0.3373160048E+02  0.3373160048E+02  0.3373160048E+02
L3 0.2954564107E+05  0.4599698404E+03  -.2621470649E+03  -.5385577797E+03
L4 -.1135783348E+03  0.2832853807E+03  0.2777183946E+03  0.2986525431E+03
L5 0.8596563184E+03  0.1854762601E+03  0.3334619926E+03  0.4131727969E+03
L6 0.9321110495E+03  -.9159823972E+04  0.1355704307E+04  -.1059910090E+05
L7 0.0000000000E+00  0.6025899983E+01  0.1509598653E+02  0.9630185597E+01
L8 0.2747281758E+01  0.4613858286E+02  0.3934679846E+01  0.0000000000E+00
L9 0.0000000000E+00  0.0000000000E+00  0.0000000000E+00  0.9791494636E+00  0.0000000000E+00
L0     4000  0.8000000000E+01  -.7566482265E+04  0.1684824913E+04
L1 0.2919566708E+03  0.2919566708E+03  -.9251307178E+10  0.1000000000E+01
L2 0.1000000000E+01  0.3367254154E+02  0.3367254154E+02  0.3367254154E+02
L3 0.2939037563E+05  -.7829231594E+02  0.3123826145E+03  -.1775897641E+03
L4 0.1883351148E+02  0.2576839722E+03  0.2900744109E+03  0.2633488495E+03
L5 0.8111072326E+03  0.2742447548E+03  0.2239976764E+03  0.3009135255E+03
L6 0.7991559567E+03  -.9251307178E+04  0.1401224620E+04  -.1073337929E+05
L7 0.0000000000E+00  0.2793582446E+01  0.1360243980E+02  0.1175034722E+02
L8 0.3387861105E+01  0.4633203565E+02  0.2981229449E+01  0.0000000000E+00
L9 0.0000000000E+00  0.0000000000E+00  0.0000000000E+00  0.9843221800E+00  0.0000000000E+00
L0     5000  0.1000000000E+02  -.7557087394E+04  0.1707239726E+04
L1 0.2958408455E+03  0.2958408455E+03  -.9264327120E+10  0.1000000000E+01
L2 0.1000000000E+01  0.3353723325E+02  0.3353723325E+02  0.3353723325E+02
L3 0.2903786545E+05  -.9740070570E+03  -.1545816223E+03  0.7553082703E+03
L4 -.1244268030E+03  0.2651969483E+03  0.2861412855E+03  0.2777144553E+03
L5 0.8290526891E+03  0.4687526970E+03  0.3184469836E+03  0.1198641200E+03
L6 0.9070638006E+03  -.9264327120E+04  0.1347031162E+04  -.1068440528E+05
L7 0.0000000000E+00  0.2547774315E+01  0.9096235808E+01  0.9353177360E+01
L8 0.2218378952E+01  0.4632967495E+02  0.3501754401E+01  0.0000000000E+00
L9 0.0000000000E+00  0.0000000000E+00  0.0000000000E+00  0.9962715289E+00  0.0000000000E+00
L0     6000  0.1200000000E+02  -.7577682339E+04  0.1690789994E+04
L1 0.2929903363E+03  0.2929903363E+03  -.9268472333E+10  0.1000000000E+01
L2 0.1000000000E+01  0.3356358210E+02  0.3356358210E+02  0.3356358210E+02
L3 0.2910481348E+05  0.1874315667E+03  0.7898901477E+03  0.4374661039E+03
L4 0.4715959395E+03  0.2864010452E+03  0.2660798756E+03  0.3066692818E+03
L5 0.8591502027E+03  0.2471397940E+03  0.1006217510E+03  0.2150333482E+03
L6 0.5627948933E+03  -.9268472333E+04  0.1446055917E+04  -.1078962661E+05
L7 0.0000000000E+00  0.5826501415E+01  0.9857621827E+01  0.1026322052E+02
L8 0.3168015036E+01  0.4367671650E+02  0.2306281010E+01  0.0000000000E+00
L9 0.0000000000E+00  0.0000000000E+00  0.0000000000E+00  0.9939798661E+00  0.0000000000E+00
L0     7000  0.1400000000E+02  -.7477963032E+04  0.1696526343E+04
L1 0.2939843656E+03  0.2939843656E+03  -.9174489376E+10  0.1000000000E+01
L2 0.1000000000E+01  0.3359904920E+02  0.3359904920E+02  0.3359904920E+02
L3 0.2919697744E+05  0.8816784683E+03  0.5373487052E+03  0.2260874391E+03
L4 0.5483715375E+03  0.2885762823E+03  0.2748112249E+03  0.2846370460E+03
L5 0.8480245531E+03  0.1033064496E+03  0.1618964739E+03  0.2371285908E+03
L6 0.5023315143E+03  -.9174489376E+04  0.1411974758E+04  -.1066548882E+05
L7 0.0000000000E+00  0.2265031612E+01  0.1079124786E+02  0.1262275462E+02
L8 0.3459871421E+01  0.4791112692E+02  0.1974657705E+01  0.0000000000E+00
L9 0.0000000000E+00  0.0000000000E+00  0.0000000000E+00  0.9908422426E+00  0.0000000000E+00
L0     8000  0.1600000000E+02  -.7505768327E+04  0.1712244526E+04
L1 0.2967081075E+03  0.2967081075E+03  -.9218012853E+10  0.1000000000E+01
L2 0.1000000000E+01  0.3356030257E+02  0.3356030257E+02  0.3356030257E+02
L3 0.2909850632E+05  -.8895440042E+03  0.1911827400E+03  -.4569863647E+03
L4 -.3851158763E+03  0.2891061375E+03  0.2879900456E+03  0.2752540165E+03
L5 0.8523501996E+03  0.4753983554E+03  0.2479517153E+03  0.3709581110E+03
L6 0.1094308182E+04  -.9218012853E+04  0.1301184679E+04  -.1059634069E+05
L7 0.0000000000E+00  0.3156533589E+01  0.1179248859E+02  0.1091505873E+02
L8 0.2553251200E+01  0.4562217480E+02  0.3103647197E+01  0.0000000000E+00
L9 0.0000000000E+00  0.0000000000E+00  0.0000000000E+00  0.9941953132E+00  0.0000000000E+00
L0     9000  0.1800000000E+02  -.7523983742E+04  0.1710675007E+04
L1 0.2964361318E+03  0.2964361318E+03  -.9234658748E+10  0.1000000000E+01
L2 0.1000000000E+01  0.3359192191E+02  0.3359192191E+02  0.3359192191E+02
L3 0.2917975022E+05  -.6852616514E+03  0.1271266268E+03  0.6480131846E+03
L4 0.2995938668E+02  0.2807536073E+03  0.2729857124E+03  0.3070275390E+03
L5 0.8607668587E+03  0.4246648020E+03  0.2462879617E+03  0.1709388620E+03
L6 0.8418916256E+03  -.9234658748E+04  0.1371473570E+04  -.1067977642E+05
L7 0.0000000000E+00  0.5406407745E+01  0.8240525629E+01  0.1189679931E+02
L8 0.2490148723E+01  0.4310732692E+02  0.2502893685E+01  0.0000000000E+00
L9 0.0000000000E+00  0.0000000000E+00  0.0000000000E+00  0.9914272190E+00  0.0000000000E+00
L0    10000  0.2000000000E+02  -.7529633781E+04  0.1678880048E+04
L1 0.2909265086E+03  0.2909265086E+03  -.9208513829E+10  0.1000000000E+01
L2 0.1000000000E+01  0.3358329414E+02  0.3358329414E+02  0.3358329414E+02
L3 0.2915715970E+05  0.4675318944E+03  -.1597327377E+03  -.8799470996E+02
L4 0.7326814894E+02  0.2945865587E+03  0.2977774338E+03  0.2650925274E+03
L5 0.8574565199E+03  0.1964766122E+03  0.3312967948E+03  0.2835579121E+03
L6 0.8113313191E+03  -.9208513829E+04  0.1359572019E+04  -.1064146676E+05
L7 0.0000000000E+00  0.2336637855E+01  0.7548914044E+01  0.1185118453E+02
L8 0.3148542267E+01  0.4519572989E+02  0.3299900239E+01  0.0000000000E+00
L9 0.0000000000E+00  0.0000000000E+00  0.0000000000E+00  0.9921953616E+00  0.0000000000E+00
