L0  Nsteps           time(ps)         Etot             EKinetic        
L1  Temp             T_solute         T_solv           Pres_scal_solu  
L2  Pres_scal_solv   BoxX             BoxY             BoxZ            
L3  volume           pres_X           pres_Y           pres_Z          
L4  Pressure         EKCoM_x          EKCoM_y          EKCoM_z         
L5  EKComTot         VIRIAL_x         VIRIAL_y         VIRIAL_z        
L6  VIRIAL_tot       E_pot            E_vdw            E_el            
L7  E_hbon           E_bon            E_angle          E_dih           
L8  E_14vdw          E_14el           E_const          E_pol           
L9  AV_permMoment    AV_indMoment     AV_totMoment     Density          dV/dlambda      
L0     1000  0.2000000000E+01  -.6931675112E+04  0.1700804259E+04
L1 0.3080933557E+03  0.3080933557E+03  -.8632479371E+10  0.1000000000E+01
L2 0.1000000000E+01  0.3427740474E+02  0.3427740474E+02  0.3427740474E+02
L3 0.3100367505E+05  -.2385640446E+03  -.6787606536E+03  0.4965495257E+02
L4 -.2892232486E+03  0.2763222416E+03  0.2845778995E+03  0.2758948540E+03
L5 0.8367949950E+03  0.3295544821E+03  0.4360338761E+03  0.2648150436E+03
L6 0.1030403402E+04  -.8632479371E+04  0.1335288028E+04  -.1004355679E+05
L7 0.0000000000E+00  0.3931740508E+01  0.1137625301E+02  0.1058223570E+02
L8 0.3180303210E+01  0.4205308663E+02  0.4665772436E+01  0.0000000000E+00
L9 0.0000000000E+00  0.0000000000E+00  0.0000000000E+00  0.8925746423E+00  0.0000000000E+00
L0     2000  0.4000000000E+01  -.6985935403E+04  0.1621962433E+04
L1 0.2938114990E+03  0.2938114990E+03  -.8607897836E+10  0.1000000000E+01
L2 0.1000000000E+01  0.3369613065E+02  0.3369613065E+02  0.3369613065E+02
L3 0.2945562398E+05  -.1524577091E+04  -.7280948355E+03  -.1615482006E+04
L4 -.1289384644E+04  0.2594347845E+03  0.2741023362E+03  0.2734744143E+03
L5 0.8070115350E+03  0.5826369015E+03  0.4284545126E+03  0.6159478827E+03
L6 0.1627039297E+04  -.8607897836E+04  0.1157742429E+04  -.9843693070E+04
L7 0.0000000000E+00  0.6282815810E+01  0.9521416397E+01  0.1041640109E+02
L8 0.4466928873E+01  0.4524482633E+02  0.2120415580E+01  0.0000000000E+00
L9 0.0000000000E+00  0.0000000000E+00  0.0000000000E+00  0.9394842286E+00  0.0000000000E+00
L0     3000  0.6000000000E+01  -.7122933539E+04  0.1618430054E+04
L1 0.2931716239E+03  0.2931716239E+03  -.8741363593E+10  0.1000000000E+01
L2 0.1000000000E+01  0.3335057575E+02  0.3335057575E+02  0.3335057575E+02
L3 0.2855501496E+05  0.3627326577E+03  0.4804784981E+03  -.3948379456E+03
L4 0.1494577367E+03  0.2815449064E+03  0.2723516126E+03  0.2746849602E+03
L5 0.8285814792E+03  0.2069986858E+03  0.1736071093E+03  0.3558292298E+03
L6 0.7364350250E+03  -.8741363593E+04  0.1328764987E+04  -.1014389755E+05
L7 0.0000000000E+00  0.2934750285E+01  0.8390908098E+01  0.1076462266E+02
L8 0.2206205939E+01  0.4624858007E+02  0.3223904511E+01  0.0000000000E+00
L9 0.0000000000E+00  0.0000000000E+00  0.0000000000E+00  0.9691150296E+00  0.0000000000E+00
L0     4000  0.8000000000E+01  -.7230110788E+04  0.1555788453E+04
L1 0.2818243680E+03  0.2818243680E+03  -.8785899242E+10  0.1000000000E+01
L2 0.1000000000E+01  0.3324680382E+02  0.3324680382E+02  0.3324680382E+02
L3 0.2829035169E+05  -.5370327226E+03  0.1879013064E+03  -.4616414984E+03
L4 -.2702576382E+03  0.2797230057E+03  0.2574718276E+03  0.2513603828E+03
L5 0.7885552161E+03  0.3890671866E+03  0.2192136106E+03  0.3453543042E+03
L6 0.9536351013E+03  -.8785899242E+04  0.1281984646E+04  -.1014285968E+05
L7 0.0000000000E+00  0.3511280473E+01  0.1041820419E+02  0.1066140682E+02
L8 0.4386519527E+01  0.4437079793E+02  0.1627580349E+01  0.0000000000E+00
L9 0.0000000000E+00  0.0000000000E+00  0.0000000000E+00  0.9781813415E+00  0.0000000000E+00
L0     5000  0.1000000000E+02  -.7171793953E+04  0.1619600637E+04
L1 0.2933836698E+03  0.2933836698E+03  -.8791394589E+10  0.1000000000E+01
L2 0.1000000000E+01  0.3321967722E+02  0.3321967722E+02  0.3321967722E+02
L3 0.2821970543E+05  0.2132116323E+03  -.6448985586E+02  0.7746392073E+03
L4 0.3077869946E+03  0.2705541369E+03  0.2838398552E+03  0.2848494805E+03
L5 0.8392434726E+03  0.2272509408E+03  0.2969377188E+03  0.1275205717E+03
L6 0.6517092313E+03  -.8791394589E+04  0.1339534981E+04  -.1020376629E+05
L7 0.0000000000E+00  0.3382970692E+01  0.5462379590E+01  0.1052526687E+02
L8 0.4012229036E+01  0.4722541595E+02  0.2228453233E+01  0.0000000000E+00
L9 0.0000000000E+00  0.0000000000E+00  0.0000000000E+00  0.9806301570E+00  0.0000000000E+00
L0     6000  0.1200000000E+02  -.7137281883E+04  0.1673098343E+04
L1 0.3030745485E+03  0.3030745485E+03  -.8810380226E+10  0.1000000000E+01
L2 0.1000000000E+01  0.3319430326E+02  0.3319430326E+02  0.3319430326E+02
L3 0.2815573678E+05  -.3024805158E+03  0.1440808538E+03  0.3094039637E+03
L4 0.5033476727E+02  0.2696845475E+03  0.2981775191E+03  0.2965121436E+03
L5 0.8643742101E+03  0.3309789592E+03  0.2689810892E+03  0.2338147698E+03
L6 0.8337748182E+03  -.8810380226E+04  0.1321528299E+04  -.1020965020E+05
L7 0.0000000000E+00  0.2237996364E+01  0.1578177779E+02  0.9282766657E+01
L8 0.3279417046E+01  0.4481294754E+02  0.2346769522E+01  0.0000000000E+00
L9 0.0000000000E+00  0.0000000000E+00  0.0000000000E+00  0.9828581076E+00  0.0000000000E+00
L0     7000  0.1400000000E+02  -.7108532252E+04  0.1635331046E+04
L1 0.2962331655E+03  0.2962331655E+03  -.8743863297E+10  0.1000000000E+01
L2 0.1000000000E+01  0.3312070817E+02  0.3312070817E+02  0.3312070817E+02
L3 0.2796945105E+05  -.8913466594E+03  0.4834311345E+03  -.1284584515E+03
L4 -.1787913255E+03  0.2635908458E+03  0.2427601667E+03  0.2751151790E+03
L5 0.7814661916E+03  0.4430175847E+03  0.1454462081E+03  0.3009736717E+03
L6 0.8894374645E+03  -.8743863297E+04  0.1249997171E+04  -.1006525771E+05
L7 0.0000000000E+00  0.2271369333E+01  0.8497197052E+01  0.1041800939E+02
L8 0.3158591098E+01  0.4435413215E+02  0.2697943211E+01  0.0000000000E+00
L9 0.0000000000E+00  0.0000000000E+00  0.0000000000E+00  0.9894042654E+00  0.0000000000E+00
L0     8000  0.1600000000E+02  -.7126967980E+04  0.1673315080E+04
L1 0.3031138096E+03  0.3031138096E+03  -.8800283060E+10  0.1000000000E+01
L2 0.1000000000E+01  0.3313936466E+02  0.3313936466E+02  0.3313936466E+02
L3 0.2801648470E+05  -.7774753340E+03  -.3568822849E+03  0.9071365384E+03
L4 -.7574036016E+02  0.2650853819E+03  0.2897994909E+03  0.2851682605E+03
L5 0.8400531333E+03  0.4218531741E+03  0.3617601633E+03  0.1022559724E+03
L6 0.8858693098E+03  -.8800283060E+04  0.1271266735E+04  -.1014871159E+05
L7 0.0000000000E+00  0.1943557314E+01  0.1457039485E+02  0.9831975671E+01
L8 0.3267299855E+01  0.4445246063E+02  0.3096107090E+01  0.0000000000E+00
L9 0.0000000000E+00  0.0000000000E+00  0.0000000000E+00  0.9877432683E+00  0.0000000000E+00
L0     9000  0.1800000000E+02  -.7159350083E+04  0.1647219042E+04
L1 0.2983866248E+03  0.2983866248E+03  -.8806569125E+10  0.1000000000E+01
L2 0.1000000000E+01  0.3308141247E+02  0.3308141247E+02  0.3308141247E+02
L3 0.2786897042E+05  -.6933302568E+02  -.2760852509E+03  0.1072011060E+04
L4 0.2421975945E+03  0.2772368257E+03  0.2617126193E+03  0.2900479659E+03
L5 0.8289974109E+03  0.2911433199E+03  0.3170885083E+03  0.7502899909E+02
L6 0.6832608272E+03  -.8806569125E+04  0.1327783915E+04  -.1021251988E+05
L7 0.0000000000E+00  0.3257694249E+01  0.7513843892E+01  0.1208957025E+02
L8 0.3417336781E+01  0.4777414543E+02  0.4114247278E+01  0.0000000000E+00
L9 0.0000000000E+00  0.0000000000E+00  0.0000000000E+00  0.9929715289E+00  0.0000000000E+00
L0    10000  0.2000000000E+02  -.7083254108E+04  0.1636037269E+04
L1 0.2963610948E+03  0.2963610948E+03  -.8719291377E+10  0.1000000000E+01
L2 0.1000000000E+01  0.3312990500E+02  0.3312990500E+02  0.3312990500E+02
L3 0.2799246576E+05  -.2776626111E+03  -.2537675891E+02  0.1164339883E+03
L4 -.6220179388E+02  0.2480431848E+03  0.2710768252E+03  0.2684260814E+03
L5 0.7875460914E+03  0.3039822416E+03  0.2761893319E+03  0.2449688090E+03
L6 0.8251403825E+03  -.8719291377E+04  0.1255270070E+04  -.1004830311E+05
L7 0.0000000000E+00  0.2980057020E+01  0.9877913913E+01  0.1183343327E+02
L8 0.2464140363E+01  0.4409140613E+02  0.2494708177E+01  0.0000000000E+00
L9 0.0000000000E+00  0.0000000000E+00  0.0000000000E+00  0.9885908017E+00  0.0000000000E+00
