L0  Nsteps           time(ps)         Etot             EKinetic        
L1  Temp             T_solute         T_solv           Pres_scal_solu  
L2  Pres_scal_solv   BoxX             BoxY             BoxZ            
L3  volume           pres_X           pres_Y           pres_Z          
L4  Pressure         EKCoM_x          EKCoM_y          EKCoM_z         
L5  EKComTot         VIRIAL_x         VIRIAL_y         VIRIAL_z        
L6  VIRIAL_tot       E_pot            E_vdw            E_el            
L7  E_hbon           E_bon            E_angle          E_dih           
L8  E_14vdw          E_14el           E_const          E_pol           
L9  AV_permMoment    AV_indMoment     AV_totMoment     Density          dV/dlambda      
L0     1000  0.2000000000E+01  -.7089626154E+04  0.1560591941E+04
L1 0.2845381589E+03  0.2845381589E+03  -.8650218095E+10  0.1000000000E+01
L2 0.1000000000E+01  0.3413266681E+02  0.3413266681E+02  0.3413266681E+02
L3 0.3061558147E+05  -.1498224582E+04  -.1326928846E+04  -.1331149871E+04
L4 -.1385434433E+04  0.2741816324E+03  0.2441252228E+03  0.2786599229E+03
L5 0.7969667782E+03  0.6043048055E+03  0.5365045938E+03  0.5719693669E+03
L6 0.1712778766E+04  -.8650218095E+04  0.1227645577E+04  -.9956635329E+04
L7 0.0000000000E+00  0.4727622483E+01  0.1231282282E+02  0.1415832151E+02
L8 0.1805031644E+01  0.4311006701E+02  0.2657791646E+01  0.0000000000E+00
L9 0.0000000000E+00  0.0000000000E+00  0.0000000000E+00  0.8980261754E+00  0.0000000000E+00
L0     2000  0.4000000000E+01  -.6994045069E+04  0.1645108566E+04
L1 0.2999478276E+03  0.2999478276E+03  -.8639153635E+10  0.1000000000E+01
L2 0.1000000000E+01  0.3356059426E+02  0.3356059426E+02  0.3356059426E+02
L3 0.2909906122E+05  -.4618235452E+03  -.2051593475E+03  -.2527571710E+03
L4 -.3065800212E+03  0.2874572059E+03  0.2534278741E+03  0.2894527808E+03
L5 0.8303378608E+03  0.3841761684E+03  0.2963940663E+03  0.3423873087E+03
L6 0.1022957543E+04  -.8639153635E+04  0.1280514358E+04  -.9997549192E+04
L7 0.0000000000E+00  0.2097167782E+01  0.1221373401E+02  0.1230292165E+02
L8 0.3458594915E+01  0.4354173854E+02  0.4267042461E+01  0.0000000000E+00
L9 0.0000000000E+00  0.0000000000E+00  0.0000000000E+00  0.9448275093E+00  0.0000000000E+00
L0     3000  0.6000000000E+01  -.7049804313E+04  0.1623974352E+04
L1 0.2960944883E+03  0.2960944883E+03  -.8673778665E+10  0.1000000000E+01
L2 0.1000000000E+01  0.3329125890E+02  0.3329125890E+02  0.3329125890E+02
L3 0.2840452640E+05  -.6630960814E+03  0.1643396424E+03  -.9511887627E+03
L4 -.4833150672E+03  0.2554084367E+03  0.2729912284E+03  0.2675936499E+03
L5 0.7959933150E+03  0.3909650138E+03  0.2393953136E+03  0.4620449466E+03
L6 0.1092405274E+04  -.8673778665E+04  0.1231826645E+04  -.9974209640E+04
L7 0.0000000000E+00  0.2161223231E+01  0.9839913976E+01  0.9964165138E+01
L8 0.1609547146E+01  0.4265615784E+02  0.2373322316E+01  0.0000000000E+00
L9 0.0000000000E+00  0.0000000000E+00  0.0000000000E+00  0.9679300103E+00  0.0000000000E+00
L0     4000  0.8000000000E+01  -.7217565423E+04  0.1625898771E+04
L1 0.2964453619E+03  0.2964453619E+03  -.8843464194E+10  0.1000000000E+01
L2 0.1000000000E+01  0.3314684484E+02  0.3314684484E+02  0.3314684484E+02
L3 0.2803576671E+05  0.8312700436E+02  -.4508820235E+03  -.2267802374E+03
L4 -.1981784188E+03  0.2728103549E+03  0.2777115596E+03  0.2613914050E+03
L5 0.8119133195E+03  0.2560373394E+03  0.3686886280E+03  0.3071501625E+03
L6 0.9318761299E+03  -.8843464194E+04  0.1311010634E+04  -.1022720130E+05
L7 0.0000000000E+00  0.4559526915E+01  0.6957744417E+01  0.1318168017E+02
L8 0.3580965893E+01  0.4371585351E+02  0.7306988861E+00  0.0000000000E+00
L9 0.0000000000E+00  0.0000000000E+00  0.0000000000E+00  0.9806613750E+00  0.0000000000E+00
L0     5000  0.1000000000E+02  -.7122421335E+04  0.1651056996E+04
L1 0.3010323874E+03  0.3010323874E+03  -.8773478331E+10  0.1000000000E+01
L2 0.1000000000E+01  0.3310262186E+02  0.3310262186E+02  0.3310262186E+02
L3 0.2792310439E+05  -.2116025422E+03  0.4825614597E+03  -.1429232883E+03
L4 0.4267854308E+02  0.2697430576E+03  0.2766228795E+03  0.2696049482E+03
L5 0.8159708853E+03  0.3122677480E+03  0.1796449487E+03  0.2983275171E+03
L6 0.7902402138E+03  -.8773478331E+04  0.1313598464E+04  -.1016549422E+05
L7 0.0000000000E+00  0.5454621790E+01  0.1510989075E+02  0.9628201601E+01
L8 0.2379652080E+01  0.4202423922E+02  0.3820820337E+01  0.0000000000E+00
L9 0.0000000000E+00  0.0000000000E+00  0.0000000000E+00  0.9846180836E+00  0.0000000000E+00
L0     6000  0.1200000000E+02  -.7092603334E+04  0.1663005510E+04
L1 0.3032109250E+03  0.3032109250E+03  -.8755608844E+10  0.1000000000E+01
L2 0.1000000000E+01  0.3310361225E+02  0.3310361225E+02  0.3310361225E+02
L3 0.2792655077E+05  -.4349318888E+03  -.1530324620E+03  -.4161027160E+03
L4 -.3346890223E+03  0.2817821600E+03  0.2730661839E+03  0.2920915643E+03
L5 0.8469399082E+03  0.3691990054E+03  0.3038241380E+03  0.3757239392E+03
L6 0.1048747083E+04  -.8755608844E+04  0.1241413663E+04  -.1006948166E+05
L7 0.0000000000E+00  0.4113271218E+01  0.1084216478E+02  0.9097074367E+01
L8 0.2881258753E+01  0.4271838467E+02  0.2806998795E+01  0.0000000000E+00
L9 0.0000000000E+00  0.0000000000E+00  0.0000000000E+00  0.9844965731E+00  0.0000000000E+00
L0     7000  0.1400000000E+02  -.7165641590E+04  0.1582575137E+04
L1 0.2885462906E+03  0.2885462906E+03  -.8748216727E+10  0.1000000000E+01
L2 0.1000000000E+01  0.3311916207E+02  0.3311916207E+02  0.3311916207E+02
L3 0.2796508582E+05  0.4302156170E+03  0.2975624673E+03  -.7247472557E+03
L4 0.1010276216E+01  0.2614657502E+03  0.2458099956E+03  0.2492862272E+03
L5 0.7565619730E+03  0.1748775110E+03  0.1859204680E+03  0.3951539880E+03
L6 0.7559519670E+03  -.8748216727E+04  0.1323786812E+04  -.1014541120E+05
L7 0.0000000000E+00  0.1160397298E+01  0.1155232679E+02  0.8279631745E+01
L8 0.3585800421E+01  0.4538496925E+02  0.3444531449E+01  0.0000000000E+00
L9 0.0000000000E+00  0.0000000000E+00  0.0000000000E+00  0.9831399662E+00  0.0000000000E+00
L0     8000  0.1600000000E+02  -.7131686185E+04  0.1630814231E+04
L1 0.2973415833E+03  0.2973415833E+03  -.8762500415E+10  0.1000000000E+01
L2 0.1000000000E+01  0.3313406082E+02  0.3313406082E+02  0.3313406082E+02
L3 0.2800374699E+05  -.8409134950E+03  -.1228123476E+03  -.1185470310E+03
L4 -.3607576246E+03  0.2574400099E+03  0.2704437659E+03  0.2808296041E+03
L5 0.8087133798E+03  0.4269221921E+03  0.2951960202E+03  0.3047222038E+03
L6 0.1026840416E+04  -.8762500415E+04  0.1267521431E+04  -.1011001997E+05
L7 0.0000000000E+00  0.4411733125E+01  0.1083244525E+02  0.1297250901E+02
L8 0.2110754914E+01  0.4445056184E+02  0.5220116985E+01  0.0000000000E+00
L9 0.0000000000E+00  0.0000000000E+00  0.0000000000E+00  0.9817826715E+00  0.0000000000E+00
L0     9000  0.1800000000E+02  -.7134108895E+04  0.1646520344E+04
L1 0.3002052329E+03  0.3002052329E+03  -.8780629238E+10  0.1000000000E+01
L2 0.1000000000E+01  0.3307633285E+02  0.3307633285E+02  0.3307633285E+02
L3 0.2785711747E+05  -.1943072834E+03  0.2236782671E+03  -.4893849283E+03
L4 -.1533379815E+03  0.2795965895E+03  0.2665662764E+03  0.2808512143E+03
L5 0.8270140802E+03  0.3185532603E+03  0.2217210166E+03  0.3789680075E+03
L6 0.9192422844E+03  -.8780629238E+04  0.1277037306E+04  -.1012883195E+05
L7 0.0000000000E+00  0.3607608089E+01  0.9210336317E+01  0.9577382865E+01
L8 0.2761566741E+01  0.4240376152E+02  0.3604746321E+01  0.0000000000E+00
L9 0.0000000000E+00  0.0000000000E+00  0.0000000000E+00  0.9869504111E+00  0.0000000000E+00
L0    10000  0.2000000000E+02  -.7081295244E+04  0.1647652563E+04
L1 0.3004116671E+03  0.3004116671E+03  -.8728947807E+10  0.1000000000E+01
L2 0.1000000000E+01  0.3315806995E+02  0.3315806995E+02  0.3315806995E+02
L3 0.2806318328E+05  0.2426390178E+03  0.2758922150E+03  0.1762723132E+03
L4 0.2316011820E+03  0.2942410378E+03  0.2704293251E+03  0.2634309223E+03
L5 0.8281012853E+03  0.2452344853E+03  0.2147065216E+03  0.2278286583E+03
L6 0.6877696652E+03  -.8728947807E+04  0.1314674716E+04  -.1011581604E+05
L7 0.0000000000E+00  0.3084770706E+01  0.9620477977E+01  0.1136490863E+02
L8 0.1863294397E+01  0.4037302281E+02  0.5887041946E+01  0.0000000000E+00
L9 0.0000000000E+00  0.0000000000E+00  0.0000000000E+00  0.9797033095E+00  0.0000000000E+00
