L0  Nsteps           time(ps)         Etot             EKinetic        
L1  Temp             T_solute         T_solv           Pres_scal_solu  
L2  Pres_scal_solv   BoxX             BoxY             BoxZ            
L3  volume           pres_X           pres_Y           pres_Z          
L4  Pressure         EKCoM_x          EKCoM_y          EKCoM_z         
L5  EKComTot         VIRIAL_x         VIRIAL_y         VIRIAL_z        
L6  VIRIAL_tot       E_pot            E_vdw            E_el            
L7  E_hbon           E_bon            E_angle          E_dih           
L8  E_14vdw          E_14el           E_const          E_pol           
L9  AV_permMoment    AV_indMoment     AV_totMoment     Density          dV/dlambda      
L0     1000  0.2000000000E+01  -.7584125555E+04  0.1713972166E+04
L1 0.2918814661E+03  0.2918814661E+03  -.9298097721E+10  0.1000000000E+01
L2 0.1000000000E+01  0.3480256219E+02  0.3480256219E+02  0.3480256219E+02
L3 0.3245182623E+05  -.6161957204E+03  -.1433629724E+04  -.6526517245E+02
L4 -.7050302056E+03  0.2772688012E+03  0.2618554633E+03  0.3000443139E+03
L5 0.8391685784E+03  0.4211865641E+03  0.5966919054E+03  0.3152875512E+03
L6 0.1333166021E+04  -.9298097721E+04  0.1400316204E+04  -.1077171663E+05
L7 0.0000000000E+00  0.1725145859E+01  0.7044426674E+01  0.1272350390E+02
L8 0.2463637282E+01  0.4582151396E+02  0.3524478184E+01  0.0000000000E+00
L9 0.0000000000E+00  0.0000000000E+00  0.0000000000E+00  0.9071348876E+00  0.0000000000E+00
L0     2000  0.4000000000E+01  -.7435553747E+04  0.1785872260E+04
L1 0.3041257168E+03  0.3041257168E+03  -.9221426007E+10  0.1000000000E+01
L2 0.1000000000E+01  0.3418933513E+02  0.3418933513E+02  0.3418933513E+02
L3 0.3076584264E+05  -.8444634082E+03  0.1345999940E+03  -.7362797364E+03
L4 -.4820477168E+03  0.2838560268E+03  0.3014290949E+03  0.2998410349E+03
L5 0.8851261566E+03  0.4708407950E+03  0.2716253776E+03  0.4628713029E+03
L6 0.1205337476E+04  -.9221426007E+04  0.1330521609E+04  -.1063021834E+05
L7 0.0000000000E+00  0.6289990979E+01  0.9471414112E+01  0.1038502297E+02
L8 0.4145220773E+01  0.4475770078E+02  0.3221370507E+01  0.0000000000E+00
L9 0.0000000000E+00  0.0000000000E+00  0.0000000000E+00  0.9568463338E+00  0.0000000000E+00
L0     3000  0.6000000000E+01  -.7607927442E+04  0.1771640703E+04
L1 0.3017021489E+03  0.3017021489E+03  -.9379568145E+10  0.1000000000E+01
L2 0.1000000000E+01  0.3394065882E+02  0.3394065882E+02  0.3394065882E+02
L3 0.3009884564E+05  -.3300676091E+03  -.1940755301E+03  -.3169447022E+03
L4 -.2803626138E+03  0.2976357786E+03  0.2955805208E+03  0.3047449349E+03
L5 0.8979612343E+03  0.3691363195E+03  0.3376219238E+03  0.3734027401E+03
L6 0.1080160983E+04  -.9379568145E+04  0.1370909999E+04  -.1082741281E+05
L7 0.0000000000E+00  0.3849755099E+01  0.1398230227E+02  0.1189877622E+02
L8 0.3193596460E+01  0.4185125188E+02  0.2158981808E+01  0.0000000000E+00
L9 0.0000000000E+00  0.0000000000E+00  0.0000000000E+00  0.9780502580E+00  0.0000000000E+00
L0     4000  0.8000000000E+01  -.7657153120E+04  0.1710114101E+04
L1 0.2912244555E+03  0.2912244555E+03  -.9367267221E+10  0.1000000000E+01
L2 0.1000000000E+01  0.3382670462E+02  0.3382670462E+02  0.3382670462E+02
L3 0.2979428872E+05  0.6380698468E+03  0.2169981754E+03  0.1021047147E+04
L4 0.6253717229E+03  0.2816300015E+03  0.2789142302E+03  0.2841906959E+03
L5 0.8447349277E+03  0.1448074063E+03  0.2323828769E+03  0.6524551131E+02
L6 0.4424357945E+03  -.9367267221E+04  0.1477713671E+04  -.1092110435E+05
L7 0.0000000000E+00  0.4357775454E+01  0.6843735422E+01  0.1349140274E+02
L8 0.3605372828E+01  0.4390003015E+02  0.3925138922E+01  0.0000000000E+00
L9 0.0000000000E+00  0.0000000000E+00  0.0000000000E+00  0.9880478777E+00  0.0000000000E+00
L0     5000  0.1000000000E+02  -.7559656551E+04  0.1773019545E+04
L1 0.3019369594E+03  0.3019369594E+03  -.9332676096E+10  0.1000000000E+01
L2 0.1000000000E+01  0.3378607159E+02  0.3378607159E+02  0.3378607159E+02
L3 0.2968883475E+05  -.5741990759E+03  0.3134385371E+02  0.3969426116E+03
L4 -.4863753687E+02  0.2903635379E+03  0.2953838082E+03  0.3056061370E+03
L5 0.8913534832E+03  0.4130544011E+03  0.2886864716E+03  0.2207902018E+03
L6 0.9225310745E+03  -.9332676096E+04  0.1353460964E+04  -.1075353410E+05
L7 0.0000000000E+00  0.1745144097E+01  0.7240485921E+01  0.8874082357E+01
L8 0.3572779496E+01  0.4378486337E+02  0.2179683095E+01  0.0000000000E+00
L9 0.0000000000E+00  0.0000000000E+00  0.0000000000E+00  0.9915573980E+00  0.0000000000E+00
L0     6000  0.1200000000E+02  -.7645142463E+04  0.1749049039E+04
L1 0.2978548939E+03  0.2978548939E+03  -.9394191502E+10  0.1000000000E+01
L2 0.1000000000E+01  0.3382269259E+02  0.3382269259E+02  0.3382269259E+02
L3 0.2978566925E+05  -.4524926754E+03  -.2063275642E+03  0.2984718153E+03
L4 -.1201161414E+03  0.2914421346E+03  0.3077620644E+03  0.3010879989E+03
L5 0.9002921979E+03  0.3884429749E+03  0.3519924977E+03  0.2371046054E+03
L6 0.9775400780E+03  -.9394191502E+04  0.1390958473E+04  -.1085915367E+05
L7 0.0000000000E+00  0.3908552074E+01  0.7835658497E+01  0.1087986091E+02
L8 0.4998080517E+01  0.4162657612E+02  0.4754966160E+01  0.0000000000E+00
L9 0.0000000000E+00  0.0000000000E+00  0.0000000000E+00  0.9883338021E+00  0.0000000000E+00
L0     7000  0.1400000000E+02  -.7611594646E+04  0.1783734829E+04
L1 0.3037617223E+03  0.3037617223E+03  -.9395329476E+10  0.1000000000E+01
L2 0.1000000000E+01  0.3382416057E+02  0.3382416057E+02  0.3382416057E+02
L3 0.2978835879E+05  0.6174264639E+03  0.2752824474E+03  0.8926347508E+02
L4 0.3273241288E+03  0.2790813380E+03  0.2925041007E+03  0.2982097234E+03
L5 0.8697951621E+03  0.1467116954E+03  0.2334864827E+03  0.2790725873E+03
L6 0.6592707654E+03  -.9395329476E+04  0.1450268452E+04  -.1092261367E+05
L7 0.0000000000E+00  0.4942303279E+01  0.1254643924E+02  0.1014571304E+02
L8 0.2799931034E+01  0.4379343156E+02  0.2787927975E+01  0.0000000000E+00
L9 0.0000000000E+00  0.0000000000E+00  0.0000000000E+00  0.9882445672E+00  0.0000000000E+00
L0     8000  0.1600000000E+02  -.7594783510E+04  0.1787373648E+04
L1 0.3043813962E+03  0.3043813962E+03  -.9382157158E+10  0.1000000000E+01
L2 0.1000000000E+01  0.3384013136E+02  0.3384013136E+02  0.3384013136E+02
L3 0.2983262856E+05  -.9018020390E+03  -.4981004922E+03  0.6594515094E+02
L4 -.4446524601E+03  0.2866993155E+03  0.3058171735E+03  0.3100702790E+03
L5 0.9025867680E+03  0.4803233717E+03  0.4127633031E+03  0.2959113316E+03
L6 0.1188998006E+04  -.9382157158E+04  0.1316726801E+04  -.1077361367E+05
L7 0.0000000000E+00  0.1888995730E+01  0.1321386689E+02  0.1220522875E+02
L8 0.2180373634E+01  0.4048163013E+02  0.4759612941E+01  0.0000000000E+00
L9 0.0000000000E+00  0.0000000000E+00  0.0000000000E+00  0.9867780736E+00  0.0000000000E+00
L0     9000  0.1800000000E+02  -.7736114477E+04  0.1690123658E+04
L1 0.2878201763E+03  0.2878201763E+03  -.9426238135E+10  0.1000000000E+01
L2 0.1000000000E+01  0.3382041526E+02  0.3382041526E+02  0.3382041526E+02
L3 0.2977890116E+05  0.5202202216E+03  0.2937653901E+03  -.3250859513E+03
L4 0.1629665535E+03  0.3013042042E+03  0.2802464666E+03  0.2913234439E+03
L5 0.8728741147E+03  0.1898099523E+03  0.2172862988E+03  0.3609962737E+03
L6 0.7680925248E+03  -.9426238135E+04  0.1417125831E+04  -.1091772282E+05
L7 0.0000000000E+00  0.3251715208E+01  0.1261904776E+02  0.1012646060E+02
L8 0.2433801282E+01  0.4272283687E+02  0.3204997286E+01  0.0000000000E+00
L9 0.0000000000E+00  0.0000000000E+00  0.0000000000E+00  0.9885584286E+00  0.0000000000E+00
L0    10000  0.2000000000E+02  -.7573767660E+04  0.1762461896E+04
L1 0.3001390410E+03  0.3001390410E+03  -.9336229556E+10  0.1000000000E+01
L2 0.1000000000E+01  0.3386349342E+02  0.3386349342E+02  0.3386349342E+02
L3 0.2989398281E+05  -.7979764176E+03  0.2475918906E+03  -.2495784609E+03
L4 -.2666543293E+03  0.2948062054E+03  0.2840719471E+03  0.3005074000E+03
L5 0.8793855526E+03  0.4664904404E+03  0.2308026733E+03  0.3542040835E+03
L6 0.1051497197E+04  -.9336229556E+04  0.1341650634E+04  -.1075413752E+05
L7 0.0000000000E+00  0.2286805411E+01  0.8344368395E+01  0.1211682265E+02
L8 0.4213026718E+01  0.4713711001E+02  0.2159196575E+01  0.0000000000E+00
L9 0.0000000000E+00  0.0000000000E+00  0.0000000000E+00  0.9847528154E+00  0.0000000000E+00
