L0  Nsteps           time(ps)         Etot             EKinetic        
L1  Temp             T_solute         T_solv           Pres_scal_solu  
L2  Pres_scal_solv   BoxX             BoxY             BoxZ            
L3  volume           pres_X           pres_Y           pres_Z          
L4  Pressure         EKCoM_x          EKCoM_y          EKCoM_z         
L5  EKComTot         VIRIAL_x         VIRIAL_y         VIRIAL_z        
L6  VIRIAL_tot       E_pot            E_vdw            E_el            
L7  E_hbon           E_bon            E_angle          E_dih           
L8  E_14vdw          E_14el           E_const          E_pol           
L9  AV_permMoment    AV_indMoment     AV_totMoment     Density          dV/dlambda      
L0     1000  0.2000000000E+01  -.7607206052E+04  0.1738155188E+04
L1 0.2945047738E+03  0.2945047738E+03  -.9345361240E+10  0.1000000000E+01
L2 0.1000000000E+01  0.3485253217E+02  0.3485253217E+02  0.3485253217E+02
L3 0.3259185719E+05  -.5231039291E+03  -.1172670792E+04  -.4666321602E+03
L4 -.7208022938E+03  0.3066839796E+03  0.2722928064E+03  0.2980026707E+03
L5 0.8769794567E+03  0.4293865529E+03  0.5473619005E+03  0.4074588680E+03
L6 0.1384207321E+04  -.9345361240E+04  0.1415095337E+04  -.1084541899E+05
L7 0.0000000000E+00  0.5253759200E+01  0.1216882621E+02  0.1274076252E+02
L8 0.2760432048E+01  0.4682258362E+02  0.5216047949E+01  0.0000000000E+00
L9 0.0000000000E+00  0.0000000000E+00  0.0000000000E+00  0.9078269896E+00  0.0000000000E+00
L0     2000  0.4000000000E+01  -.7594342292E+04  0.1800805081E+04
L1 0.3051198747E+03  0.3051198747E+03  -.9395147373E+10  0.1000000000E+01
L2 0.1000000000E+01  0.3427842820E+02  0.3427842820E+02  0.3427842820E+02
L3 0.3100775508E+05  -.1092215748E+04  -.4986131981E+03  -.6898798157E+03
L4 -.7602362539E+03  0.2884701261E+03  0.2887171649E+03  0.2909034550E+03
L5 0.8680907460E+03  0.5322149148E+03  0.3999903898E+03  0.4448607754E+03
L6 0.1377066080E+04  -.9395147373E+04  0.1350155262E+04  -.1082567821E+05
L7 0.0000000000E+00  0.2146123483E+01  0.1281723659E+02  0.1356736413E+02
L8 0.2981126924E+01  0.4559436747E+02  0.3269353761E+01  0.0000000000E+00
L9 0.0000000000E+00  0.0000000000E+00  0.0000000000E+00  0.9542054083E+00  0.0000000000E+00
L0     3000  0.6000000000E+01  -.7591996199E+04  0.1765971677E+04
L1 0.2992178678E+03  0.2992178678E+03  -.9357967876E+10  0.1000000000E+01
L2 0.1000000000E+01  0.3406417725E+02  0.3406417725E+02  0.3406417725E+02
L3 0.3042830516E+05  -.1012442544E+03  -.4292126281E+03  0.7533404077E+02
L4 -.1517076139E+03  0.2834839422E+03  0.2906483238E+03  0.2847697667E+03
L5 0.8589020326E+03  0.3056559350E+03  0.3846437744E+03  0.2682719829E+03
L6 0.9585716924E+03  -.9357967876E+04  0.1381900337E+04  -.1082091111E+05
L7 0.0000000000E+00  0.2100067919E+01  0.8687393971E+01  0.1373177952E+02
L8 0.3122578661E+01  0.4970147457E+02  0.3699600722E+01  0.0000000000E+00
L9 0.0000000000E+00  0.0000000000E+00  0.0000000000E+00  0.9723764583E+00  0.0000000000E+00
L0     4000  0.8000000000E+01  -.7697295452E+04  0.1737123127E+04
L1 0.2943299063E+03  0.2943299063E+03  -.9434418579E+10  0.1000000000E+01
L2 0.1000000000E+01  0.3392006733E+02  0.3392006733E+02  0.3392006733E+02
L3 0.3004306505E+05  0.5277150375E+03  -.3847664035E+02  -.1753760396E+03
L4 0.1046207858E+03  0.2776262946E+03  0.2762349944E+03  0.2854013381E+03
L5 0.8392626271E+03  0.1635224472E+03  0.2845545085E+03  0.3233215781E+03
L6 0.7713985338E+03  -.9434418579E+04  0.1433101945E+04  -.1093968829E+05
L7 0.0000000000E+00  0.2423026405E+01  0.6127624726E+01  0.1194966210E+02
L8 0.2922198459E+01  0.4605410308E+02  0.2691147862E+01  0.0000000000E+00
L9 0.0000000000E+00  0.0000000000E+00  0.0000000000E+00  0.9848451731E+00  0.0000000000E+00
L0     5000  0.1000000000E+02  -.7620204460E+04  0.1782320581E+04
L1 0.3019879486E+03  0.3019879486E+03  -.9402525042E+10  0.1000000000E+01
L2 0.1000000000E+01  0.3397510833E+02  0.3397510833E+02  0.3397510833E+02
L3 0.3019151201E+05  -.1040822157E+04  -.6188970963E+03  -.2095557164E+03
L4 -.6230916566E+03  0.3042534289E+03  0.2800073938E+03  0.2965490896E+03
L5 0.8808099123E+03  0.5304145625E+03  0.4144880713E+03  0.3420836298E+03
L6 0.1286986264E+04  -.9402525042E+04  0.1312820261E+04  -.1079670704E+05
L7 0.0000000000E+00  0.7045045338E+01  0.7636155279E+01  0.1356402241E+02
L8 0.2956419884E+01  0.4496581983E+02  0.5194278088E+01  0.0000000000E+00
L9 0.0000000000E+00  0.0000000000E+00  0.0000000000E+00  0.9800028430E+00  0.0000000000E+00
L0     6000  0.1200000000E+02  -.7691393977E+04  0.1764436136E+04
L1 0.2989576930E+03  0.2989576930E+03  -.9455830112E+10  0.1000000000E+01
L2 0.1000000000E+01  0.3392767922E+02  0.3392767922E+02  0.3392767922E+02
L3 0.3006350738E+05  -.2771216019E+03  0.6694162463E+03  -.3158016000E+03
L4 0.2549768146E+02  0.3158477575E+03  0.2895043990E+03  0.2829838595E+03
L5 0.8883360160E+03  0.3758084455E+03  0.1446630788E+03  0.3513137229E+03
L6 0.8717852471E+03  -.9455830112E+04  0.1402435497E+04  -.1093997114E+05
L7 0.0000000000E+00  0.4374704461E+01  0.1414537501E+02  0.1092290419E+02
L8 0.2469170393E+01  0.4641798382E+02  0.3375388382E+01  0.0000000000E+00
L9 0.0000000000E+00  0.0000000000E+00  0.0000000000E+00  0.9841755063E+00  0.0000000000E+00
L0     7000  0.1400000000E+02  -.7744277282E+04  0.1763122931E+04
L1 0.2987351899E+03  0.2987351899E+03  -.9507400213E+10  0.1000000000E+01
L2 0.1000000000E+01  0.3398214323E+02  0.3398214323E+02  0.3398214323E+02
L3 0.3020784999E+05  -.2159635716E+03  0.7947033670E+03  0.2465123773E+03
L4 0.2750840575E+03  0.2842536637E+03  0.3051484901E+03  0.2930080482E+03
L5 0.8824102019E+03  0.3312059665E+03  0.1323732723E+03  0.2394141773E+03
L6 0.7029934160E+03  -.9507400213E+04  0.1482275348E+04  -.1106193399E+05
L7 0.0000000000E+00  0.4208151072E+01  0.8487186237E+01  0.1030505936E+02
L8 0.3553322743E+01  0.4349355483E+02  0.2211150686E+01  0.0000000000E+00
L9 0.0000000000E+00  0.0000000000E+00  0.0000000000E+00  0.9794728061E+00  0.0000000000E+00
L0     8000  0.1600000000E+02  -.7690478888E+04  0.1718453954E+04
L1 0.2911666901E+03  0.2911666901E+03  -.9408932842E+10  0.1000000000E+01
L2 0.1000000000E+01  0.3396288929E+02  0.3396288929E+02  0.3396288929E+02
L3 0.3015702120E+05  0.5356741316E+03  -.3609779417E+03  0.1057450943E+03
L4 0.9348042807E+02  0.2921458730E+03  0.2961083429E+03  0.2685466000E+03
L5 0.8568008159E+03  0.1758817565E+03  0.3744559408E+03  0.2455954078E+03
L6 0.7959331051E+03  -.9408932842E+04  0.1414667390E+04  -.1089493458E+05
L7 0.0000000000E+00  0.5740633676E+01  0.8194974396E+01  0.8994902133E+01
L8 0.2820555707E+01  0.4178437438E+02  0.3798908447E+01  0.0000000000E+00
L9 0.0000000000E+00  0.0000000000E+00  0.0000000000E+00  0.9811236793E+00  0.0000000000E+00
L0     9000  0.1800000000E+02  -.7643165342E+04  0.1801152212E+04
L1 0.3051786908E+03  0.3051786908E+03  -.9444317553E+10  0.1000000000E+01
L2 0.1000000000E+01  0.3391500763E+02  0.3391500763E+02  0.3391500763E+02
L3 0.3003032680E+05  -.5771874516E+03  0.4774304957E+03  -.3747126051E+03
L4 -.1581565203E+03  0.2895756466E+03  0.2822954334E+03  0.2935142979E+03
L5 0.8653853779E+03  0.4143236257E+03  0.1791080038E+03  0.3745012287E+03
L6 0.9679328583E+03  -.9444317553E+04  0.1400117181E+04  -.1091701542E+05
L7 0.0000000000E+00  0.2566852900E+01  0.9116889459E+01  0.1012302839E+02
L8 0.3719394731E+01  0.4383710355E+02  0.3217414866E+01  0.0000000000E+00
L9 0.0000000000E+00  0.0000000000E+00  0.0000000000E+00  0.9852629243E+00  0.0000000000E+00
L0    10000  0.2000000000E+02  -.7739380776E+04  0.1729135779E+04
L1 0.2929765679E+03  0.2929765679E+03  -.9468516554E+10  0.1000000000E+01
L2 0.1000000000E+01  0.3396874161E+02  0.3396874161E+02  0.3396874161E+02
L3 0.3017260994E+05  -.1017332064E+03  0.6399660931E+03  -.2539253413E+03
L4 0.9476918178E+02  0.3052641925E+03  0.2869738390E+03  0.2731730346E+03
L5 0.8654110661E+03  0.3273560479E+03  0.1480021221E+03  0.3283141445E+03
L6 0.8036723144E+03  -.9468516554E+04  0.1452370858E+04  -.1099550830E+05
L7 0.0000000000E+00  0.7807163877E+01  0.5578657297E+01  0.1241646526E+02
L8 0.3258869028E+01  0.4384815709E+02  0.1711579750E+01  0.0000000000E+00
L9 0.0000000000E+00  0.0000000000E+00  0.0000000000E+00  0.9806167800E+00  0.0000000000E+00
