L0  Nsteps           time(ps)         Etot             EKinetic        
L1  Temp             T_solute         T_solv           Pres_scal_solu  
L2  Pres_scal_solv   BoxX             BoxY             BoxZ            
L3  volume           pres_X           pres_Y           pres_Z          
L4  Pressure         EKCoM_x          EKCoM_y          EKCoM_z         
L5  EKComTot         VIRIAL_x         VIRIAL_y         VIRIAL_z        
L6  VIRIAL_tot       E_pot            E_vdw            E_el            
L7  E_hbon           E_bon            E_angle          E_dih           
L8  E_14vdw          E_14el           E_const          E_pol           
L9  AV_permMoment    AV_indMoment     AV_totMoment     Density          dV/dlambda      
L0     1000  0.2000000000E+01  -.7052636013E+04  0.1673251346E+04
L1 0.2995439667E+03  0.2995439667E+03  -.8725887359E+10  0.1000000000E+01
L2 0.1000000000E+01  0.3426052638E+02  0.3426052638E+02  0.3426052638E+02
L3 0.3095848802E+05  -.2434840117E+03  -.2602838851E+03  -.1004308906E+04
L4 -.5026922675E+03  0.2556203751E+03  0.2740093285E+03  0.2837802067E+03
L5 0.8134099103E+03  0.3098712530E+03  0.3320034004E+03  0.5075511208E+03
L6 0.1149425774E+04  -.8725887359E+04  0.1331609568E+04  -.1013613946E+05
L7 0.0000000000E+00  0.3858951920E+01  0.1145942490E+02  0.9390011166E+01
L8 0.4877471507E+01  0.4589256746E+02  0.3164102474E+01  0.0000000000E+00
L9 0.0000000000E+00  0.0000000000E+00  0.0000000000E+00  0.9045073080E+00  0.0000000000E+00
L0     2000  0.4000000000E+01  -.7093267105E+04  0.1716949483E+04
L1 0.3073667682E+03  0.3073667682E+03  -.8810216588E+10  0.1000000000E+01
L2 0.1000000000E+01  0.3363819012E+02  0.3363819012E+02  0.3363819012E+02
L3 0.2930183883E+05  -.1239206187E+03  -.6441398590E+03  -.6907731710E+03
L4 -.4862778829E+03  0.2876831188E+03  0.2664897328E+03  0.2632753174E+03
L5 0.8174481689E+03  0.3138164654E+03  0.4023309702E+03  0.4089509514E+03
L6 0.1125098387E+04  -.8810216588E+04  0.1288993642E+04  -.1017638842E+05
L7 0.0000000000E+00  0.2294954120E+01  0.1087316544E+02  0.1150401520E+02
L8 0.3755688830E+01  0.4637802937E+02  0.2372338635E+01  0.0000000000E+00
L9 0.0000000000E+00  0.0000000000E+00  0.0000000000E+00  0.9556457815E+00  0.0000000000E+00
L0     3000  0.6000000000E+01  -.7212425989E+04  0.1636825188E+04
L1 0.2930229884E+03  0.2930229884E+03  -.8849251177E+10  0.1000000000E+01
L2 0.1000000000E+01  0.3338825510E+02  0.3338825510E+02  0.3338825510E+02
L3 0.2865138920E+05  -.1705373417E+03  0.4169092231E+03  0.8114178287E+03
L4 0.3525965700E+03  0.2867915387E+03  0.2758094199E+03  0.2590913542E+03
L5 0.8216923129E+03  0.3219574401E+03  0.1898400453E+03  0.9177175716E+02
L6 0.6035692426E+03  -.8849251177E+04  0.1347955770E+04  -.1027307979E+05
L7 0.0000000000E+00  0.2505851331E+01  0.8015844629E+01  0.1119822472E+02
L8 0.3437911155E+01  0.4767150298E+02  0.3043511586E+01  0.0000000000E+00
L9 0.0000000000E+00  0.0000000000E+00  0.0000000000E+00  0.9773410452E+00  0.0000000000E+00
L0     4000  0.8000000000E+01  -.7223026854E+04  0.1671128822E+04
L1 0.2991639944E+03  0.2991639944E+03  -.8894155676E+10  0.1000000000E+01
L2 0.1000000000E+01  0.3334621185E+02  0.3334621185E+02  0.3334621185E+02
L3 0.2854234658E+05  0.5447787764E+03  0.1170335872E+04  0.4543581107E+03
L4 0.7231575864E+03  0.2537335316E+03  0.2701565188E+03  0.2851584740E+03
L5 0.8090485244E+03  0.1418241656E+03  0.2974416957E+02  0.1918234722E+03
L6 0.3633918074E+03  -.8894155676E+04  0.1414971762E+04  -.1038371828E+05
L7 0.0000000000E+00  0.1920109951E+01  0.1117971787E+02  0.1134072116E+02
L8 0.2799442236E+01  0.4422269924E+02  0.3128152861E+01  0.0000000000E+00
L9 0.0000000000E+00  0.0000000000E+00  0.0000000000E+00  0.9810748596E+00  0.0000000000E+00
L0     5000  0.1000000000E+02  -.7179093063E+04  0.1677165411E+04
L1 0.3002446592E+03  0.3002446592E+03  -.8856258474E+10  0.1000000000E+01
L2 0.1000000000E+01  0.3336043113E+02  0.3336043113E+02  0.3336043113E+02
L3 0.2858013226E+05  0.1034461971E+03  -.2452091699E+03  0.8312855435E+03
L4 0.2298408569E+03  0.2579695034E+03  0.2678151954E+03  0.2994021947E+03
L5 0.8251868935E+03  0.2366912810E+03  0.3182531563E+03  0.1284120648E+03
L6 0.6833565022E+03  -.8856258474E+04  0.1347459599E+04  -.1027554426E+05
L7 0.0000000000E+00  0.2446522237E+01  0.9951544991E+01  0.1168624053E+02
L8 0.2450387873E+01  0.4297932161E+02  0.2312168738E+01  0.0000000000E+00
L9 0.0000000000E+00  0.0000000000E+00  0.0000000000E+00  0.9797777844E+00  0.0000000000E+00
L0     6000  0.1200000000E+02  -.7220436295E+04  0.1656822415E+04
L1 0.2966028742E+03  0.2966028742E+03  -.8877258710E+10  0.1000000000E+01
L2 0.1000000000E+01  0.3331476640E+02  0.3331476640E+02  0.3331476640E+02
L3 0.2846248918E+05  0.4882977304E+03  0.4412079952E+02  0.6766888449E+03
L4 0.4030357916E+03  0.2681529752E+03  0.2717810932E+03  0.2858117713E+03
L5 0.8257458396E+03  0.1681266844E+03  0.2627430829E+03  0.1471941392E+03
L6 0.5780639065E+03  -.8877258710E+04  0.1358462245E+04  -.1030999561E+05
L7 0.0000000000E+00  0.3894304530E+01  0.9554601928E+01  0.1077540627E+02
L8 0.2729334033E+01  0.4396509086E+02  0.3355920423E+01  0.0000000000E+00
L9 0.0000000000E+00  0.0000000000E+00  0.0000000000E+00  0.9838274682E+00  0.0000000000E+00
L0     7000  0.1400000000E+02  -.7244517825E+04  0.1677334542E+04
L1 0.3002749369E+03  0.3002749369E+03  -.8921852367E+10  0.1000000000E+01
L2 0.1000000000E+01  0.3332454690E+02  0.3332454690E+02  0.3332454690E+02
L3 0.2848837367E+05  -.1786877493E+03  0.3224197584E+03  0.1100271782E+03
L4 0.8458639579E+02  0.2918209754E+03  0.2858666760E+03  0.2809842305E+03
L5 0.8586718819E+03  0.3284579004E+03  0.2197599140E+03  0.2584250036E+03
L6 0.8066428180E+03  -.8921852367E+04  0.1331990301E+04  -.1032281253E+05
L7 0.0000000000E+00  0.2055939538E+01  0.9920296587E+01  0.8910101045E+01
L8 0.3290290458E+01  0.4286250541E+02  0.1930726151E+01  0.0000000000E+00
L9 0.0000000000E+00  0.0000000000E+00  0.0000000000E+00  0.9829335638E+00  0.0000000000E+00
L0     8000  0.1600000000E+02  -.7210805834E+04  0.1654395743E+04
L1 0.2961684535E+03  0.2961684535E+03  -.8865201577E+10  0.1000000000E+01
L2 0.1000000000E+01  0.3331932574E+02  0.3331932574E+02  0.3331932574E+02
L3 0.2847398225E+05  0.7355253614E+03  0.1152266097E+03  0.5879153252E+03
L4 0.4795557654E+03  0.2792550740E+03  0.2636960036E+03  0.2924485199E+03
L5 0.8353995975E+03  0.1285241220E+03  0.2400826552E+03  0.1719672404E+03
L6 0.5405740176E+03  -.8865201577E+04  0.1371269195E+04  -.1031210023E+05
L7 0.0000000000E+00  0.2995495049E+01  0.7110103590E+01  0.9910732606E+01
L8 0.3687165944E+01  0.4624678139E+02  0.5679182663E+01  0.0000000000E+00
L9 0.0000000000E+00  0.0000000000E+00  0.0000000000E+00  0.9834303616E+00  0.0000000000E+00
L0     9000  0.1800000000E+02  -.7278993908E+04  0.1650610728E+04
L1 0.2954908635E+03  0.2954908635E+03  -.8929604637E+10  0.1000000000E+01
L2 0.1000000000E+01  0.3327364568E+02  0.3327364568E+02  0.3327364568E+02
L3 0.2835791887E+05  0.2334858787E+03  0.3754737257E+03  -.2231667794E+03
L4 0.1285976083E+03  0.2756136501E+03  0.2741879495E+03  0.2831650155E+03
L5 0.8329666152E+03  0.2279605066E+03  0.1975558918E+03  0.3287120894E+03
L6 0.7542284878E+03  -.8929604637E+04  0.1344237968E+04  -.1035113659E+05
L7 0.0000000000E+00  0.4749687146E+01  0.9443289305E+01  0.1215966305E+02
L8 0.2323738251E+01  0.4320835409E+02  0.5409248321E+01  0.0000000000E+00
L9 0.0000000000E+00  0.0000000000E+00  0.0000000000E+00  0.9874553488E+00  0.0000000000E+00
L0    10000  0.2000000000E+02  -.7286080228E+04  0.1656901398E+04
L1 0.2966170136E+03  0.2966170136E+03  -.8942981626E+10  0.1000000000E+01
L2 0.1000000000E+01  0.3323331571E+02  0.3323331571E+02  0.3323331571E+02
L3 0.2825743360E+05  -.5130446114E+03  -.1053005469E+04  -.1029804925E+04
L4 -.8652850018E+03  0.2598151603E+03  0.2773620751E+03  0.2512599125E+03
L5 0.7884371479E+03  0.3641536212E+03  0.4915129844E+03  0.4606925008E+03
L6 0.1316359106E+04  -.8942981626E+04  0.1240111806E+04  -.1026512266E+05
L7 0.0000000000E+00  0.5756690463E+01  0.8704227283E+01  0.1464018225E+02
L8 0.2275880370E+01  0.4438386751E+02  0.6268377908E+01  0.0000000000E+00
L9 0.0000000000E+00  0.0000000000E+00  0.0000000000E+00  0.9909668040E+00  0.0000000000E+00
