L0  Nsteps           time(ps)         Etot             EKinetic        
L1  Temp             T_solute         T_solv           Pres_scal_solu  
L2  Pres_scal_solv   BoxX             BoxY             BoxZ            
L3  volume           pres_X           pres_Y           pres_Z          
L4  Pressure         EKCoM_x          EKCoM_y          EKCoM_z         
L5  EKComTot         VIRIAL_x         VIRIAL_y         VIRIAL_z        
L6  VIRIAL_tot       E_pot            E_vdw            E_el            
L7  E_hbon           E_bon            E_angle          E_dih           
L8  E_14vdw          E_14el           E_const          E_pol           
L9  AV_permMoment    AV_indMoment     AV_totMoment     Density          dV/dlambda      
L0     1000  0.2000000000E+01  -.7695076804E+04  0.1753238283E+04
L1 0.2908899883E+03  0.2908899883E+03  -.9448315087E+10  0.1000000000E+01
L2 0.1000000000E+01  0.3510034231E+02  0.3510034231E+02  0.3510034231E+02
L3 0.3329264577E+05  -.7147450283E+03  -.8911973442E+03  -.1188032972E+04
L4 -.9313251147E+03  0.2868777796E+03  0.2787827457E+03  0.3142491444E+03
L5 0.8799096697E+03  0.4581378165E+03  0.4923225172E+03  0.5989136925E+03
L6 0.1549374026E+04  -.9448315087E+04  0.1356648543E+04  -.1088314071E+05
L7 0.0000000000E+00  0.8520126168E+01  0.1465075665E+02  0.1050951441E+02
L8 0.1358819138E+01  0.4154755263E+02  0.1590306473E+01  0.0000000000E+00
L9 0.0000000000E+00  0.0000000000E+00  0.0000000000E+00  0.9075884215E+00  0.0000000000E+00
L0     2000  0.4000000000E+01  -.7732276152E+04  0.1794263679E+04
L1 0.2976967510E+03  0.2976967510E+03  -.9526539831E+10  0.1000000000E+01
L2 0.1000000000E+01  0.3465419048E+02  0.3465419048E+02  0.3465419048E+02
L3 0.3203755329E+05  -.2827203541E+03  -.4766218937E+03  -.3165042947E+03
L4 -.3586155142E+03  0.2920321149E+03  0.3040277458E+03  0.3065954005E+03
L5 0.9026552612E+03  0.3572209166E+03  0.4139257763E+03  0.3795740007E+03
L6 0.1150720694E+04  -.9526539831E+04  0.1418202416E+04  -.1102042994E+05
L7 0.0000000000E+00  0.1848217796E+01  0.1107063306E+02  0.9426887876E+01
L8 0.2759129554E+01  0.4759248377E+02  0.2990340000E+01  0.0000000000E+00
L9 0.0000000000E+00  0.0000000000E+00  0.0000000000E+00  0.9431438021E+00  0.0000000000E+00
L0     3000  0.6000000000E+01  -.7674003950E+04  0.1887000533E+04
L1 0.3130832632E+03  0.3130832632E+03  -.9561004483E+10  0.1000000000E+01
L2 0.1000000000E+01  0.3433399806E+02  0.3433399806E+02  0.3433399806E+02
L3 0.3115593645E+05  0.6536184255E+03  0.1327171900E+03  0.2680198041E+02
L4 0.2710458653E+03  0.3335418033E+03  0.3187061908E+03  0.2869843958E+03
L5 0.9392323899E+03  0.1869797044E+03  0.2889467636E+03  0.2809745369E+03
L6 0.7569010049E+03  -.9561004483E+04  0.1472432225E+04  -.1110527169E+05
L7 0.0000000000E+00  0.2291971755E+01  0.6854192091E+01  0.1078700739E+02
L8 0.2963596098E+01  0.4757336003E+02  0.1364858044E+01  0.0000000000E+00
L9 0.0000000000E+00  0.0000000000E+00  0.0000000000E+00  0.9698318608E+00  0.0000000000E+00
L0     4000  0.8000000000E+01  -.7791066527E+04  0.1793471197E+04
L1 0.2975652656E+03  0.2975652656E+03  -.9584537724E+10  0.1000000000E+01
L2 0.1000000000E+01  0.3418084481E+02  0.3418084481E+02  0.3418084481E+02
L3 0.3074178715E+05  -.1055482574E+03  0.2441441513E+03  -.3368112593E+03
L4 -.6607178847E+02  0.2887646083E+03  0.2910858594E+03  0.2897672599E+03
L5 0.8696177276E+03  0.3121172899E+03  0.2370686660E+03  0.3642871649E+03
L6 0.9134731208E+03  -.9584537724E+04  0.1409860759E+04  -.1107178872E+05
L7 0.0000000000E+00  0.2613947481E+01  0.1189230642E+02  0.1091475886E+02
L8 0.2299885077E+01  0.4626351143E+02  0.3405823476E+01  0.0000000000E+00
L9 0.0000000000E+00  0.0000000000E+00  0.0000000000E+00  0.9828973075E+00  0.0000000000E+00
L0     5000  0.1000000000E+02  -.7778699201E+04  0.1820385274E+04
L1 0.3020307370E+03  0.3020307370E+03  -.9599084475E+10  0.1000000000E+01
L2 0.1000000000E+01  0.3410738265E+02  0.3410738265E+02  0.3410738265E+02
L3 0.3054342499E+05  0.5615536996E+03  -.4744598188E+03  0.3481290771E+03
L4 0.1450743193E+03  0.3204752688E+03  0.2976842539E+03  0.3045103860E+03
L5 0.9226699087E+03  0.1970325132E+03  0.4019817191E+03  0.2279833992E+03
L6 0.8269976315E+03  -.9599084475E+04  0.1428428606E+04  -.1110005185E+05
L7 0.0000000000E+00  0.2429892631E+01  0.6369372548E+01  0.9461349076E+01
L8 0.3746209259E+01  0.4773244767E+02  0.2799500729E+01  0.0000000000E+00
L9 0.0000000000E+00  0.0000000000E+00  0.0000000000E+00  0.9892806663E+00  0.0000000000E+00
L0     6000  0.1200000000E+02  -.7912544128E+04  0.1784148944E+04
L1 0.2960185563E+03  0.2960185563E+03  -.9696693072E+10  0.1000000000E+01
L2 0.1000000000E+01  0.3410290711E+02  0.3410290711E+02  0.3410290711E+02
L3 0.3053164503E+05  0.3045475138E+03  -.3072654584E+03  0.1712421348E+03
L4 0.5617473005E+02  0.2938447512E+03  0.2982619080E+03  0.2961390455E+03
L5 0.8882457047E+03  0.2269238404E+03  0.3657800567E+03  0.2585105012E+03
L6 0.8512143983E+03  -.9696693072E+04  0.1460909565E+04  -.1123154365E+05
L7 0.0000000000E+00  0.1912600108E+01  0.8994539575E+01  0.1190854318E+02
L8 0.2850945692E+01  0.4410832151E+02  0.4166063591E+01  0.0000000000E+00
L9 0.0000000000E+00  0.0000000000E+00  0.0000000000E+00  0.9896623581E+00  0.0000000000E+00
L0     7000  0.1400000000E+02  -.7841063596E+04  0.1790097366E+04
L1 0.2970054937E+03  0.2970054937E+03  -.9631160962E+10  0.1000000000E+01
L2 0.1000000000E+01  0.3420152502E+02  0.3420152502E+02  0.3420152502E+02
L3 0.3079670480E+05  0.1961962837E+03  0.1250228685E+03  0.4794066534E+03
L4 0.2668752686E+03  0.3045712890E+03  0.3175596807E+03  0.2861261540E+03
L5 0.9082571236E+03  0.2610850741E+03  0.2898488025E+03  0.1798673588E+03
L6 0.7308012354E+03  -.9631160962E+04  0.1477738263E+04  -.1119169582E+05
L7 0.0000000000E+00  0.5649869448E+01  0.1209866426E+02  0.1068615447E+02
L8 0.2531769531E+01  0.4812094221E+02  0.3709190474E+01  0.0000000000E+00
L9 0.0000000000E+00  0.0000000000E+00  0.0000000000E+00  0.9811445744E+00  0.0000000000E+00
L0     8000  0.1600000000E+02  -.7867510920E+04  0.1758266646E+04
L1 0.2917242733E+03  0.2917242733E+03  -.9625777566E+10  0.1000000000E+01
L2 0.1000000000E+01  0.3414323643E+02  0.3414323643E+02  0.3414323643E+02
L3 0.3063939000E+05  0.4788854808E+03  0.1620466311E+03  0.2973441278E+03
L4 0.3127587466E+03  0.3068069189E+03  0.2717642458E+03  0.2924169096E+03
L5 0.8709880743E+03  0.2012058377E+03  0.2360306515E+03  0.2268482869E+03
L6 0.6640847762E+03  -.9625777566E+04  0.1475792396E+04  -.1117732454E+05
L7 0.0000000000E+00  0.4921583068E+01  0.8598145796E+01  0.1238111136E+02
L8 0.3091346597E+01  0.4462693114E+02  0.2135457971E+01  0.0000000000E+00
L9 0.0000000000E+00  0.0000000000E+00  0.0000000000E+00  0.9861821602E+00  0.0000000000E+00
L0     9000  0.1800000000E+02  -.7892429642E+04  0.1776390465E+04
L1 0.2947313017E+03  0.2947313017E+03  -.9668820106E+10  0.1000000000E+01
L2 0.1000000000E+01  0.3405529005E+02  0.3405529005E+02  0.3405529005E+02
L3 0.3040509207E+05  -.3587966099E+03  -.6843378871E+03  -.7184532564E+02
L4 -.3716599409E+03  0.3054318996E+03  0.2909300640E+03  0.2951509844E+03
L5 0.8915129480E+03  0.3839466463E+03  0.4406823592E+03  0.3108727537E+03
L6 0.1135501759E+04  -.9668820106E+04  0.1389434416E+04  -.1113517125E+05
L7 0.0000000000E+00  0.1458727906E+01  0.1114540165E+02  0.1214408535E+02
L8 0.3651862684E+01  0.4591865106E+02  0.2598001607E+01  0.0000000000E+00
L9 0.0000000000E+00  0.0000000000E+00  0.0000000000E+00  0.9937815599E+00  0.0000000000E+00
L0    10000  0.2000000000E+02  -.7797815813E+04  0.1827034043E+04
L1 0.3031338731E+03  0.3031338731E+03  -.9624849856E+10  0.1000000000E+01
L2 0.1000000000E+01  0.3411981784E+02  0.3411981784E+02  0.3411981784E+02
L3 0.3057875712E+05  -.9528574821E+03  -.3353956990E+03  -.3800790253E+03
L4 -.5561107354E+03  0.2876358407E+03  0.2971914640E+03  0.3091378960E+03
L5 0.8939652007E+03  0.4973387028E+03  0.3710046410E+03  0.3927848851E+03
L6 0.1261128229E+04  -.9624849856E+04  0.1350073044E+04  -.1104515216E+05
L7 0.0000000000E+00  0.1561478071E+01  0.5600686459E+01  0.1088971257E+02
L8 0.3203072123E+01  0.4721618450E+02  0.1758128237E+01  0.0000000000E+00
L9 0.0000000000E+00  0.0000000000E+00  0.0000000000E+00  0.9881376048E+00  0.0000000000E+00
