L0  Nsteps           time(ps)         Etot             EKinetic        
L1  Temp             T_solute         T_solv           Pres_scal_solu  
L2  Pres_scal_solv   BoxX             BoxY             BoxZ            
L3  volume           pres_X           pres_Y           pres_Z          
L4  Pressure         EKCoM_x          EKCoM_y          EKCoM_z         
L5  EKComTot         VIRIAL_x         VIRIAL_y         VIRIAL_z        
L6  VIRIAL_tot       E_pot            E_vdw            E_el            
L7  E_hbon           E_bon            E_angle          E_dih           
L8  E_14vdw          E_14el           E_const          E_pol           
L9  AV_permMoment    AV_indMoment     AV_totMoment     Density          dV/dlambda      
L0     1000  0.2000000000E+01  -.7189110579E+04  0.1684483155E+04
L1 0.3009123863E+03  0.3009123863E+03  -.8873593734E+10  0.1000000000E+01
L2 0.1000000000E+01  0.3421220072E+02  0.3421220072E+02  0.3421220072E+02
L3 0.3082836105E+05  -.9731638822E+03  -.4899948720E+03  -.8002269619E+03
L4 -.7544619054E+03  0.2540369290E+03  0.2883426893E+03  0.2725281324E+03
L5 0.8149077506E+03  0.4699569923E+03  0.3970599626E+03  0.4500779361E+03
L6 0.1317094891E+04  -.8873593734E+04  0.1333237861E+04  -.1027998269E+05
L7 0.0000000000E+00  0.2763548890E+01  0.8395916053E+01  0.1246855679E+02
L8 0.2218350352E+01  0.4398328396E+02  0.3321435538E+01  0.0000000000E+00
L9 0.0000000000E+00  0.0000000000E+00  0.0000000000E+00  0.9102661074E+00  0.0000000000E+00
L0     2000  0.4000000000E+01  -.7145733074E+04  0.1698334283E+04
L1 0.3033867214E+03  0.3033867214E+03  -.8844067358E+10  0.1000000000E+01
L2 0.1000000000E+01  0.3378978811E+02  0.3378978811E+02  0.3378978811E+02
L3 0.2969879641E+05  0.4570075669E+03  -.8207307314E+03  0.3305416320E+02
L4 -.1102230004E+03  0.2936789791E+03  0.2640074242E+03  0.2871495807E+03
L5 0.8448359840E+03  0.1959960171E+03  0.4394342982E+03  0.2800844273E+03
L6 0.9155147426E+03  -.8844067358E+04  0.1344989062E+04  -.1026213589E+05
L7 0.0000000000E+00  0.1674776777E+01  0.1045174873E+02  0.9548107566E+01
L8 0.3424130792E+01  0.4519287644E+02  0.2787824847E+01  0.0000000000E+00
L9 0.0000000000E+00  0.0000000000E+00  0.0000000000E+00  0.9448871873E+00  0.0000000000E+00
L0     3000  0.6000000000E+01  -.7227358457E+04  0.1609776285E+04
L1 0.2875669144E+03  0.2875669144E+03  -.8837134742E+10  0.1000000000E+01
L2 0.1000000000E+01  0.3356123857E+02  0.3356123857E+02  0.3356123857E+02
L3 0.2909956481E+05  0.5780219190E+03  0.9415082902E+02  -.2369318942E+03
L4 0.1450802846E+03  0.2622367791E+03  0.2684406374E+03  0.2702713775E+03
L5 0.8009487939E+03  0.1411804830E+03  0.2487224394E+03  0.3198925018E+03
L6 0.7097954243E+03  -.8837134742E+04  0.1350867173E+04  -.1026348450E+05
L7 0.0000000000E+00  0.2948847647E+01  0.9517564686E+01  0.9713574994E+01
L8 0.3482764575E+01  0.4445755902E+02  0.5362270840E+01  0.0000000000E+00
L9 0.0000000000E+00  0.0000000000E+00  0.0000000000E+00  0.9643447381E+00  0.0000000000E+00
L0     4000  0.8000000000E+01  -.7232744497E+04  0.1734215196E+04
L1 0.3097964092E+03  0.3097964092E+03  -.8966959693E+10  0.1000000000E+01
L2 0.1000000000E+01  0.3345978463E+02  0.3345978463E+02  0.3345978463E+02
L3 0.2883674517E+05  0.5906901525E+03  0.7275168109E+02  -.5582344436E+03
L4 0.3506912999E+02  0.3085596770E+03  0.2866391366E+03  0.2801548492E+03
L5 0.8753536627E+03  0.1859675584E+03  0.2715402177E+03  0.3960110943E+03
L6 0.8535188704E+03  -.8966959693E+04  0.1345916148E+04  -.1038650050E+05
L7 0.0000000000E+00  0.3185737577E+01  0.1169916946E+02  0.9199770173E+01
L8 0.3221255356E+01  0.4386436142E+02  0.2454359992E+01  0.0000000000E+00
L9 0.0000000000E+00  0.0000000000E+00  0.0000000000E+00  0.9731338279E+00  0.0000000000E+00
L0     5000  0.1000000000E+02  -.7303085248E+04  0.1658527871E+04
L1 0.2962757911E+03  0.2962757911E+03  -.8961613119E+10  0.1000000000E+01
L2 0.1000000000E+01  0.3341249978E+02  0.3341249978E+02  0.3341249978E+02
L3 0.2871481350E+05  -.3461334114E+03  0.3695149364E+02  0.2380174471E+03
L4 -.2372149024E+02  0.2737600669E+03  0.2815603607E+03  0.2633007859E+03
L5 0.8186212135E+03  0.3452930115E+03  0.2739238568E+03  0.2141114032E+03
L6 0.8333282715E+03  -.8961613119E+04  0.1356872710E+04  -.1038964650E+05
L7 0.0000000000E+00  0.4850969358E+01  0.9748320172E+01  0.8306882471E+01
L8 0.3676964002E+01  0.4204889427E+02  0.2528639159E+01  0.0000000000E+00
L9 0.0000000000E+00  0.0000000000E+00  0.0000000000E+00  0.9772660444E+00  0.0000000000E+00
L0     6000  0.1200000000E+02  -.7221468187E+04  0.1672802780E+04
L1 0.2988258295E+03  0.2988258295E+03  -.8894270967E+10  0.1000000000E+01
L2 0.1000000000E+01  0.3331729751E+02  0.3331729751E+02  0.3331729751E+02
L3 0.2847083268E+05  -.2070013182E+03  -.5679144583E+03  -.2080933184E+03
L4 -.3276696983E+03  0.2920849444E+03  0.2743747798E+03  0.2794978753E+03
L5 0.8459575995E+03  0.3345009590E+03  0.3907444154E+03  0.3221376484E+03
L6 0.1047383023E+04  -.8894270967E+04  0.1275264788E+04  -.1024331679E+05
L7 0.0000000000E+00  0.3874842413E+01  0.1089959625E+02  0.1124696008E+02
L8 0.2672607417E+01  0.4277770675E+02  0.2309319143E+01  0.0000000000E+00
L9 0.0000000000E+00  0.0000000000E+00  0.0000000000E+00  0.9856407267E+00  0.0000000000E+00
L0     7000  0.1400000000E+02  -.7245979192E+04  0.1650006721E+04
L1 0.2947535914E+03  0.2947535914E+03  -.8895985912E+10  0.1000000000E+01
L2 0.1000000000E+01  0.3331519703E+02  0.3331519703E+02  0.3331519703E+02
L3 0.2846338813E+05  0.3163262351E+03  -.1201066208E+02  0.1146793807E+04
L4 0.4837031267E+03  0.2693622418E+03  0.2736521818E+03  0.3003307707E+03
L5 0.8433451943E+03  0.2045617373E+03  0.2761126067E+03  0.6540616103E+02
L6 0.5460805051E+03  -.8895985912E+04  0.1362437854E+04  -.1033050595E+05
L7 0.0000000000E+00  0.4024359299E+01  0.7653254420E+01  0.1091777754E+02
L8 0.2864832361E+01  0.4263864045E+02  0.3983324053E+01  0.0000000000E+00
L9 0.0000000000E+00  0.0000000000E+00  0.0000000000E+00  0.9858985193E+00  0.0000000000E+00
L0     8000  0.1600000000E+02  -.7221474948E+04  0.1672012128E+04
L1 0.2986845893E+03  0.2986845893E+03  -.8893487076E+10  0.1000000000E+01
L2 0.1000000000E+01  0.3328964882E+02  0.3328964882E+02  0.3328964882E+02
L3 0.2839947485E+05  -.4008716106E+03  0.1169628195E+03  -.6410066601E+02
L4 -.1160031524E+03  0.2725809237E+03  0.2961944851E+03  0.2785581557E+03
L5 0.8473335645E+03  0.3545164392E+03  0.2722880556E+03  0.2916599094E+03
L6 0.9184644042E+03  -.8893487076E+04  0.1297783976E+04  -.1026560904E+05
L7 0.0000000000E+00  0.3546155670E+01  0.1096963729E+02  0.9775027042E+01
L8 0.4046922239E+01  0.4452165401E+02  0.1478591509E+01  0.0000000000E+00
L9 0.0000000000E+00  0.0000000000E+00  0.0000000000E+00  0.9881172930E+00  0.0000000000E+00
L0     9000  0.1800000000E+02  -.7363946107E+04  0.1627697741E+04
L1 0.2907683640E+03  0.2907683640E+03  -.8991643848E+10  0.1000000000E+01
L2 0.1000000000E+01  0.3325533535E+02  0.3325533535E+02  0.3325533535E+02
L3 0.2831214824E+05  -.2200266616E+03  -.4528842320E+03  -.1521717952E+03
L4 -.2750275629E+03  0.2648060473E+03  0.2557762521E+03  0.2793882706E+03
L5 0.7999705700E+03  0.3096397609E+03  0.3480581683E+03  0.3103955432E+03
L6 0.9680934724E+03  -.8991643848E+04  0.1323677258E+04  -.1038759958E+05
L7 0.0000000000E+00  0.4352959883E+01  0.8266818009E+01  0.1028989233E+02
L8 0.3684900027E+01  0.4262793784E+02  0.3055964913E+01  0.0000000000E+00
L9 0.0000000000E+00  0.0000000000E+00  0.0000000000E+00  0.9911650634E+00  0.0000000000E+00
L0    10000  0.2000000000E+02  -.7353174900E+04  0.1611052804E+04
L1 0.2877949488E+03  0.2877949488E+03  -.8964227704E+10  0.1000000000E+01
L2 0.1000000000E+01  0.3328615746E+02  0.3328615746E+02  0.3328615746E+02
L3 0.2839010783E+05  0.3260514068E+03  -.5629239843E+03  0.4012090570E+03
L4 0.5477882650E+02  0.2790097054E+03  0.2803527750E+03  0.2556157437E+03
L5 0.8149782241E+03  0.2123889273E+03  0.3953727781E+03  0.1736383040E+03
L6 0.7814000095E+03  -.8964227704E+04  0.1336507068E+04  -.1037752949E+05
L7 0.0000000000E+00  0.2685838166E+01  0.1219169580E+02  0.1055143703E+02
L8 0.3360510535E+01  0.4404427105E+02  0.3960962825E+01  0.0000000000E+00
L9 0.0000000000E+00  0.0000000000E+00  0.0000000000E+00  0.9884433118E+00  0.0000000000E+00
