L0  Nsteps           time(ps)         Etot             EKinetic        
L1  Temp             T_solute         T_solv           Pres_scal_solu  
L2  Pres_scal_solv   BoxX             BoxY             BoxZ            
L3  volume           pres_X           pres_Y           pres_Z          
L4  Pressure         EKCoM_x          EKCoM_y          EKCoM_z         
L5  EKComTot         VIRIAL_x         VIRIAL_y         VIRIAL_z        
L6  VIRIAL_tot       E_pot            E_vdw            E_el            
L7  E_hbon           E_bon            E_angle          E_dih           
L8  E_14vdw          E_14el           E_const          E_pol           
L9  AV_permMoment    AV_indMoment     AV_totMoment     Density          dV/dlambda      
L0     1000  0.2000000000E+01  -.7622916057E+04  0.1665779475E+04
L1 0.2819569712E+03  0.2819569712E+03  -.9288695532E+10  0.1000000000E+01
L2 0.1000000000E+01  0.3495190226E+02  0.3495190226E+02  0.3495190226E+02
L3 0.3287216308E+05  -.5297138993E+03  -.9961639896E+03  -.1390176879E+04
L4 -.9720182559E+03  0.2683408658E+03  0.2773940622E+03  0.2769807068E+03
L5 0.8227156348E+03  0.3936625525E+03  0.5130702482E+03  0.6058739292E+03
L6 0.1512606730E+04  -.9288695532E+04  0.1367549195E+04  -.1073285407E+05
L7 0.0000000000E+00  0.2962814164E+01  0.9216029525E+01  0.1239340219E+02
L8 0.3327527823E+01  0.4657468379E+02  0.2134889156E+01  0.0000000000E+00
L9 0.0000000000E+00  0.0000000000E+00  0.0000000000E+00  0.9009959065E+00  0.0000000000E+00
L0     2000  0.4000000000E+01  -.7577924690E+04  0.1775160673E+04
L1 0.3004713014E+03  0.3004713014E+03  -.9353085363E+10  0.1000000000E+01
L2 0.1000000000E+01  0.3440921589E+02  0.3440921589E+02  0.3440921589E+02
L3 0.3136284820E+05  -.2846276180E+03  -.3426682290E+03  -.3789225346E+03
L4 -.3354061272E+03  0.2931603391E+03  0.3152556371E+03  0.2836258488E+03
L5 0.8920418250E+03  0.3574067860E+03  0.3926030721E+03  0.3691566440E+03
L6 0.1119166502E+04  -.9353085363E+04  0.1400638258E+04  -.1083010599E+05
L7 0.0000000000E+00  0.4699818230E+01  0.8063111864E+01  0.1074643838E+02
L8 0.2381247698E+01  0.4470920968E+02  0.5782545461E+01  0.0000000000E+00
L9 0.0000000000E+00  0.0000000000E+00  0.0000000000E+00  0.9443556970E+00  0.0000000000E+00
L0     3000  0.6000000000E+01  -.7647499882E+04  0.1743235164E+04
L1 0.2950674530E+03  0.2950674530E+03  -.9390735046E+10  0.1000000000E+01
L2 0.1000000000E+01  0.3400219037E+02  0.3400219037E+02  0.3400219037E+02
L3 0.3026111610E+05  0.6561663165E+03  0.1463406404E+03  0.2751976227E+03
L4 0.3592348599E+03  0.3080474898E+03  0.2720219479E+03  0.2794549605E+03
L5 0.8595243982E+03  0.1651398474E+03  0.2401501566E+03  0.2195191753E+03
L6 0.6248091793E+03  -.9390735046E+04  0.1452584578E+04  -.1091963704E+05
L7 0.0000000000E+00  0.2983847913E+01  0.9489035923E+01  0.1298159743E+02
L8 0.2143573017E+01  0.4492898377E+02  0.3790376396E+01  0.0000000000E+00
L9 0.0000000000E+00  0.0000000000E+00  0.0000000000E+00  0.9787373433E+00  0.0000000000E+00
L0     4000  0.8000000000E+01  -.7627416980E+04  0.1736432702E+04
L1 0.2939160391E+03  0.2939160391E+03  -.9363849683E+10  0.1000000000E+01
L2 0.1000000000E+01  0.3397963643E+02  0.3397963643E+02  0.3397963643E+02
L3 0.3020285004E+05  -.5198368686E+03  -.3900015329E+03  -.1409262836E+03
L4 -.3502548950E+03  0.2798815189E+03  0.2929827974E+03  0.2835615433E+03
L5 0.8564258596E+03  0.3928797342E+03  0.3777583873E+03  0.3141950353E+03
L6 0.1084833157E+04  -.9363849683E+04  0.1352604088E+04  -.1079697516E+05
L7 0.0000000000E+00  0.2086056165E+01  0.1451227829E+02  0.1279292664E+02
L8 0.1831419153E+01  0.4593340560E+02  0.3365303072E+01  0.0000000000E+00
L9 0.0000000000E+00  0.0000000000E+00  0.0000000000E+00  0.9806254818E+00  0.0000000000E+00
L0     5000  0.1000000000E+02  -.7711271760E+04  0.1765096402E+04
L1 0.2987677797E+03  0.2987677797E+03  -.9476368162E+10  0.1000000000E+01
L2 0.1000000000E+01  0.3388926533E+02  0.3388926533E+02  0.3388926533E+02
L3 0.2996109686E+05  -.4024812051E+03  0.6911796983E+03  0.2478257700E+03
L4 0.1788414211E+03  0.3036688644E+03  0.3111605851E+03  0.2867148883E+03
L5 0.9015443378E+03  0.3904569070E+03  0.1621197545E+03  0.2332755893E+03
L6 0.7858522509E+03  -.9476368162E+04  0.1424775692E+04  -.1097646096E+05
L7 0.0000000000E+00  0.2789860333E+01  0.7869120920E+01  0.1411731660E+02
L8 0.3691037344E+01  0.4478705561E+02  0.2062713433E+01  0.0000000000E+00
L9 0.0000000000E+00  0.0000000000E+00  0.0000000000E+00  0.9885380537E+00  0.0000000000E+00
L0     6000  0.1200000000E+02  -.7680154280E+04  0.1737758366E+04
L1 0.2941404267E+03  0.2941404267E+03  -.9417912646E+10  0.1000000000E+01
L2 0.1000000000E+01  0.3394186710E+02  0.3394186710E+02  0.3394186710E+02
L3 0.3010078226E+05  0.3794130127E+03  -.8717776098E+02  0.2946170906E+03
L4 0.1956174475E+03  0.2843584684E+03  0.3107859519E+03  0.2781619519E+03
L5 0.8733063722E+03  0.2021632442E+03  0.3296719557E+03  0.2143367350E+03
L6 0.7461719350E+03  -.9417912646E+04  0.1431413402E+04  -.1092668459E+05
L7 0.0000000000E+00  0.3044003522E+01  0.7648206518E+01  0.1219882270E+02
L8 0.2941521427E+01  0.4963806290E+02  0.1887920249E+01  0.0000000000E+00
L9 0.0000000000E+00  0.0000000000E+00  0.0000000000E+00  0.9839506533E+00  0.0000000000E+00
L0     7000  0.1400000000E+02  -.7787335161E+04  0.1778252390E+04
L1 0.3009946187E+03  0.3009946187E+03  -.9565587551E+10  0.1000000000E+01
L2 0.1000000000E+01  0.3381087254E+02  0.3381087254E+02  0.3381087254E+02
L3 0.2975314315E+05  0.9114636203E+03  0.2838370917E+03  -.7563188607E+02
L4 0.3732229420E+03  0.2833940220E+03  0.2846864704E+03  0.2858157374E+03
L5 0.8538962299E+03  0.8821696241E+02  0.2239067665E+03  0.3020112375E+03
L6 0.6141349664E+03  -.9565587551E+04  0.1510867956E+04  -.1115942457E+05
L7 0.0000000000E+00  0.5144245674E+01  0.1044706058E+02  0.1303583521E+02
L8 0.3401262712E+01  0.4795361944E+02  0.2987037857E+01  0.0000000000E+00
L9 0.0000000000E+00  0.0000000000E+00  0.0000000000E+00  0.9954472448E+00  0.0000000000E+00
L0     8000  0.1600000000E+02  -.7668126422E+04  0.1770705301E+04
L1 0.2997171660E+03  0.2997171660E+03  -.9438831722E+10  0.1000000000E+01
L2 0.1000000000E+01  0.3386766549E+02  0.3386766549E+02  0.3386766549E+02
L3 0.2990279692E+05  0.7073613232E+03  0.5725185616E+03  0.4353184503E+03
L4 0.5717327784E+03  0.3088810243E+03  0.3087264700E+03  0.3034638085E+03
L5 0.9210713028E+03  0.1566477104E+03  0.1855130640E+03  0.2097776426E+03
L6 0.5519384169E+03  -.9438831722E+04  0.1450608637E+04  -.1096581305E+05
L7 0.0000000000E+00  0.3036199315E+01  0.5792848790E+01  0.1417869106E+02
L8 0.3226363768E+01  0.4713858829E+02  0.2999996713E+01  0.0000000000E+00
L9 0.0000000000E+00  0.0000000000E+00  0.0000000000E+00  0.9904653551E+00  0.0000000000E+00
L0     9000  0.1800000000E+02  -.7720442607E+04  0.1779994282E+04
L1 0.3012894588E+03  0.3012894588E+03  -.9500436889E+10  0.1000000000E+01
L2 0.1000000000E+01  0.3387556096E+02  0.3387556096E+02  0.3387556096E+02
L3 0.2992675347E+05  -.5262589353E+03  -.3134091935E+03  -.8597406588E+03
L4 -.5664695959E+03  0.3064024134E+03  0.3161172629E+03  0.2828974964E+03
L5 0.9054171726E+03  0.4197508851E+03  0.3836210158E+03  0.4680730500E+03
L6 0.1271444951E+04  -.9500436889E+04  0.1352652284E+04  -.1093073882E+05
L7 0.0000000000E+00  0.2148802266E+01  0.1215927628E+02  0.1567667835E+02
L8 0.2835520204E+01  0.4171309761E+02  0.3116273297E+01  0.0000000000E+00
L9 0.0000000000E+00  0.0000000000E+00  0.0000000000E+00  0.9896724817E+00  0.0000000000E+00
L0    10000  0.2000000000E+02  -.7699537170E+04  0.1767730497E+04
L1 0.2992136380E+03  0.2992136380E+03  -.9467267667E+10  0.1000000000E+01
L2 0.1000000000E+01  0.3385271715E+02  0.3385271715E+02  0.3385271715E+02
L3 0.2986481836E+05  -.1352620179E+03  -.1886844753E+03  0.2383256265E+03
L4 -.2854028887E+02  0.3028105204E+03  0.2750836080E+03  0.2861787893E+03
L5 0.8640729177E+03  0.3318836858E+03  0.3156393756E+03  0.2349531720E+03
L6 0.8824762335E+03  -.9467267667E+04  0.1395370843E+04  -.1093938577E+05
L7 0.0000000000E+00  0.9182902946E+00  0.7630460439E+01  0.1477713852E+02
L8 0.3917745363E+01  0.4782001946E+02  0.1683601119E+01  0.0000000000E+00
L9 0.0000000000E+00  0.0000000000E+00  0.0000000000E+00  0.9917249125E+00  0.0000000000E+00
