L0  Nsteps           time(ps)         Etot             EKinetic        
L1  Temp             T_solute         T_solv           Pres_scal_solu  
L2  Pres_scal_solv   BoxX             BoxY             BoxZ            
L3  volume           pres_X           pres_Y           pres_Z          
L4  Pressure         EKCoM_x          EKCoM_y          EKCoM_z         
L5  EKComTot         VIRIAL_x         VIRIAL_y         VIRIAL_z        
L6  VIRIAL_tot       E_pot            E_vdw            E_el            
L7  E_hbon           E_bon            E_angle          E_dih           
L8  E_14vdw          E_14el           E_const          E_pol           
L9  AV_permMoment    AV_indMoment     AV_totMoment     Density          dV/dlambda      
L0     1000  0.2000000000E+01  -.7346254023E+04  0.1727550398E+04
L1 0.2981284661E+03  0.2981284661E+03  -.9073804421E+10  0.1000000000E+01
L2 0.1000000000E+01  0.3464605121E+02  0.3464605121E+02  0.3464605121E+02
L3 0.3201658274E+05  -.7244446858E+03  -.1114229104E+04  -.9160265503E+03
L4 -.9182334467E+03  0.2887087299E+03  0.2920096111E+03  0.3024893909E+03
L5 0.8832077319E+03  0.4556396500E+03  0.5487570111E+03  0.5135657613E+03
L6 0.1517962422E+04  -.9073804421E+04  0.1305728779E+04  -.1045294054E+05
L7 0.0000000000E+00  0.1901462401E+01  0.9947465586E+01  0.1009185227E+02
L8 0.2724886737E+01  0.4606498835E+02  0.2676684193E+01  0.0000000000E+00
L9 0.0000000000E+00  0.0000000000E+00  0.0000000000E+00  0.9073193704E+00  0.0000000000E+00
L0     2000  0.4000000000E+01  -.7459955147E+04  0.1753858371E+04
L1 0.3026685105E+03  0.3026685105E+03  -.9213813518E+10  0.1000000000E+01
L2 0.1000000000E+01  0.3409614780E+02  0.3409614780E+02  0.3409614780E+02
L3 0.3051509144E+05  -.2028242870E+03  0.6649498485E+02  -.1455565283E+04
L4 -.5306315284E+03  0.2909852045E+03  0.3071359876E+03  0.2970363778E+03
L5 0.8951575699E+03  0.3355294097E+03  0.2925323802E+03  0.6167071605E+03
L6 0.1244768950E+04  -.9213813518E+04  0.1356745454E+04  -.1065043474E+05
L7 0.0000000000E+00  0.2859941264E+01  0.1061388802E+02  0.1112433399E+02
L8 0.3497382681E+01  0.4455574747E+02  0.7224476700E+01  0.0000000000E+00
L9 0.0000000000E+00  0.0000000000E+00  0.0000000000E+00  0.9519639078E+00  0.0000000000E+00
L0     3000  0.6000000000E+01  -.7551412399E+04  0.1701777344E+04
L1 0.2936807341E+03  0.2936807341E+03  -.9253189743E+10  0.1000000000E+01
L2 0.1000000000E+01  0.3378521864E+02  0.3378521864E+02  0.3378521864E+02
L3 0.2968733929E+05  -.3830149100E+03  -.2959247623E+03  -.3200644631E+03
L4 -.3330013785E+03  0.2733809187E+03  0.3027365209E+03  0.2746960574E+03
L5 0.8508134970E+03  0.3552167572E+03  0.3659644800E+03  0.3430817600E+03
L6 0.1064262997E+04  -.9253189743E+04  0.1346688440E+04  -.1066924155E+05
L7 0.0000000000E+00  0.2273842487E+01  0.8383620816E+01  0.9569746490E+01
L8 0.2834619143E+01  0.4245005950E+02  0.3851483021E+01  0.0000000000E+00
L9 0.0000000000E+00  0.0000000000E+00  0.0000000000E+00  0.9785068783E+00  0.0000000000E+00
L0     4000  0.8000000000E+01  -.7447286168E+04  0.1747984048E+04
L1 0.3016547613E+03  0.3016547613E+03  -.9195270216E+10  0.1000000000E+01
L2 0.1000000000E+01  0.3374289408E+02  0.3374289408E+02  0.3374289408E+02
L3 0.2957477393E+05  0.2820014881E+02  0.5841978749E+03  -.3237902924E+03
L4 0.9620257709E+02  0.2940631880E+03  0.2772822902E+03  0.2939722800E+03
L5 0.8653177583E+03  0.2880607261E+03  0.1529345245E+03  0.3628917355E+03
L6 0.8038869861E+03  -.9195270216E+04  0.1384829065E+04  -.1065252795E+05
L7 0.0000000000E+00  0.2812200340E+01  0.5697245743E+01  0.1268985760E+02
L8 0.3713823772E+01  0.4585969668E+02  0.1655848634E+01  0.0000000000E+00
L9 0.0000000000E+00  0.0000000000E+00  0.0000000000E+00  0.9822312005E+00  0.0000000000E+00
L0     5000  0.1000000000E+02  -.7434388876E+04  0.1740685447E+04
L1 0.3003952202E+03  0.3003952202E+03  -.9175074323E+10  0.1000000000E+01
L2 0.1000000000E+01  0.3374164668E+02  0.3374164668E+02  0.3374164668E+02
L3 0.2957173586E+05  0.9396592725E+03  -.5954367692E+03  -.3305743953E+03
L4 0.4549369326E+01  0.2915363505E+03  0.2765856824E+03  0.2781617072E+03
L5 0.8462837402E+03  0.9154841280E+02  0.4033126515E+03  0.3485179454E+03
L6 0.8433790097E+03  -.9175074323E+04  0.1350704520E+04  -.1059902255E+05
L7 0.0000000000E+00  0.5439962522E+01  0.4809554432E+01  0.9095420179E+01
L8 0.5278358605E+01  0.4522253425E+02  0.3397878662E+01  0.0000000000E+00
L9 0.0000000000E+00  0.0000000000E+00  0.0000000000E+00  0.9823321106E+00  0.0000000000E+00
L0     6000  0.1200000000E+02  -.7411529182E+04  0.1725214602E+04
L1 0.2977253709E+03  0.2977253709E+03  -.9136743785E+10  0.1000000000E+01
L2 0.1000000000E+01  0.3377693321E+02  0.3377693321E+02  0.3377693321E+02
L3 0.2966569274E+05  -.3473980533E+03  -.4954095861E+03  -.3710423447E+03
L4 -.4046166614E+03  0.2924490541E+03  0.2756595670E+03  0.2932969183E+03
L5 0.8614055393E+03  0.3666207919E+03  0.3814327272E+03  0.3725168657E+03
L6 0.1120570385E+04  -.9136743785E+04  0.1275075450E+04  -.1048644148E+05
L7 0.0000000000E+00  0.4801100054E+01  0.8338746691E+01  0.1173863111E+02
L8 0.4437168165E+01  0.4369869539E+02  0.1607902246E+01  0.0000000000E+00
L9 0.0000000000E+00  0.0000000000E+00  0.0000000000E+00  0.9792208782E+00  0.0000000000E+00
L0     7000  0.1400000000E+02  -.7529939023E+04  0.1724736598E+04
L1 0.2976428802E+03  0.2976428802E+03  -.9254675621E+10  0.1000000000E+01
L2 0.1000000000E+01  0.3371487625E+02  0.3371487625E+02  0.3371487625E+02
L3 0.2950358832E+05  0.4528968904E+02  -.1144609207E+04  -.1375253145E+04
L4 -.8248575546E+03  0.2923392437E+03  0.2678479736E+03  0.2943804155E+03
L5 0.8545676328E+03  0.2827224399E+03  0.5108940724E+03  0.5864014038E+03
L6 0.1380017916E+04  -.9254675621E+04  0.1265784966E+04  -.1059362737E+05
L7 0.0000000000E+00  0.1221086380E+01  0.1178590109E+02  0.1015218028E+02
L8 0.2954259035E+01  0.4428321674E+02  0.2770143434E+01  0.0000000000E+00
L9 0.0000000000E+00  0.0000000000E+00  0.0000000000E+00  0.9846011064E+00  0.0000000000E+00
L0     8000  0.1600000000E+02  -.7451743473E+04  0.1766277625E+04
L1 0.3048117379E+03  0.3048117379E+03  -.9218021098E+10  0.1000000000E+01
L2 0.1000000000E+01  0.3371136830E+02  0.3371136830E+02  0.3371136830E+02
L3 0.2949218980E+05  -.3736251853E+03  -.1167005056E+03  0.5131841915E+03
L4 0.7619500213E+01  0.2852439852E+03  0.2900545897E+03  0.2687049060E+03
L5 0.8440034809E+03  0.3645488344E+03  0.3148251789E+03  0.1597775731E+03
L6 0.8391515865E+03  -.9218021098E+04  0.1372975430E+04  -.1066249021E+05
L7 0.0000000000E+00  0.2523341819E+01  0.9053714617E+01  0.1243450648E+02
L8 0.2791258432E+01  0.4206310973E+02  0.2627755104E+01  0.0000000000E+00
L9 0.0000000000E+00  0.0000000000E+00  0.0000000000E+00  0.9849816476E+00  0.0000000000E+00
L0     9000  0.1800000000E+02  -.7462571910E+04  0.1747277470E+04
L1 0.3015328251E+03  0.3015328251E+03  -.9209849381E+10  0.1000000000E+01
L2 0.1000000000E+01  0.3375156696E+02  0.3375156696E+02  0.3375156696E+02
L3 0.2959883263E+05  -.3588512849E+03  -.5794966884E+03  -.1913391651E+03
L4 -.3765623795E+03  0.2982876592E+03  0.2983046159E+03  0.2963344475E+03
L5 0.8929267227E+03  0.3747320579E+03  0.4217520654E+03  0.3370945284E+03
L6 0.1133578652E+04  -.9209849381E+04  0.1315801717E+04  -.1059894563E+05
L7 0.0000000000E+00  0.3837607621E+01  0.6827396763E+01  0.1001435126E+02
L8 0.3845122789E+01  0.4352109730E+02  0.5248958464E+01  0.0000000000E+00
L9 0.0000000000E+00  0.0000000000E+00  0.0000000000E+00  0.9814328173E+00  0.0000000000E+00
L0    10000  0.2000000000E+02  -.7549530790E+04  0.1698351245E+04
L1 0.2930894821E+03  0.2930894821E+03  -.9247882035E+10  0.1000000000E+01
L2 0.1000000000E+01  0.3375304820E+02  0.3375304820E+02  0.3375304820E+02
L3 0.2960147757E+05  0.4542252209E+01  0.4743066931E+02  0.2410136218E+03
L4 0.9766218112E+02  0.2555561639E+03  0.2902367088E+03  0.2953376798E+03
L5 0.8411305525E+03  0.2545884629E+03  0.2801318739E+03  0.2439910955E+03
L6 0.7787114322E+03  -.9247882035E+04  0.1408267492E+04  -.1073045831E+05
L7 0.0000000000E+00  0.2550391500E+01  0.8395571245E+01  0.1122249691E+02
L8 0.3070702216E+01  0.4152864056E+02  0.7540977618E+01  0.0000000000E+00
L9 0.0000000000E+00  0.0000000000E+00  0.0000000000E+00  0.9813451247E+00  0.0000000000E+00
