L0  Nsteps           time(ps)         Etot             EKinetic        
L1  Temp             T_solute         T_solv           Pres_scal_solu  
L2  Pres_scal_solv   BoxX             BoxY             BoxZ            
L3  volume           pres_X           pres_Y           pres_Z          
L4  Pressure         EKCoM_x          EKCoM_y          EKCoM_z         
L5  EKComTot         VIRIAL_x         VIRIAL_y         VIRIAL_z        
L6  VIRIAL_tot       E_pot            E_vdw            E_el            
L7  E_hbon           E_bon            E_angle          E_dih           
L8  E_14vdw          E_14el           E_const          E_pol           
L9  AV_permMoment    AV_indMoment     AV_totMoment     Density          dV/dlambda      
L0     1000  0.2000000000E+01  -.8134771819E+04  0.1820822539E+04
L1 0.2875955014E+03  0.2875955014E+03  -.9955594358E+10  0.1000000000E+01
L2 0.1000000000E+01  0.3560943207E+02  0.3560943207E+02  0.3560943207E+02
L3 0.3476137027E+05  0.3746858161E+02  -.1104597450E+04  -.7582545567E+03
L4 -.6084611416E+03  0.2971488040E+03  0.3008081957E+03  0.3047370215E+03
L5 0.9026940212E+03  0.2877748952E+03  0.5771569454E+03  0.4944375307E+03
L6 0.1359369371E+04  -.9955594358E+04  0.1494632842E+04  -.1152120316E+05
L7 0.0000000000E+00  0.4167265727E+01  0.6691482911E+01  0.1047193256E+02
L8 0.3665310493E+01  0.4331955191E+02  0.2660418798E+01  0.0000000000E+00
L9 0.0000000000E+00  0.0000000000E+00  0.0000000000E+00  0.9131336011E+00  0.0000000000E+00
L0     2000  0.4000000000E+01  -.8216402537E+04  0.1889909952E+04
L1 0.2985077285E+03  0.2985077285E+03  -.1010631249E+11  0.1000000000E+01
L2 0.1000000000E+01  0.3509467016E+02  0.3509467016E+02  0.3509467016E+02
L3 0.3327500852E+05  -.3300116723E+03  -.6039536844E+03  -.3442555775E+03
L4 -.4260736447E+03  0.2934697512E+03  0.3050095740E+03  0.3360364809E+03
L5 0.9345158061E+03  0.3725019484E+03  0.4496462360E+03  0.4184798518E+03
L6 0.1240628036E+04  -.1010631249E+05  0.1508964313E+04  -.1168584244E+05
L7 0.0000000000E+00  0.1886717633E+01  0.6978942814E+01  0.1172303310E+02
L8 0.3214372887E+01  0.4480219435E+02  0.1960380529E+01  0.0000000000E+00
L9 0.0000000000E+00  0.0000000000E+00  0.0000000000E+00  0.9539223767E+00  0.0000000000E+00
L0     3000  0.6000000000E+01  -.8230672532E+04  0.1897343482E+04
L1 0.2996818407E+03  0.2996818407E+03  -.1012801601E+11  0.1000000000E+01
L2 0.1000000000E+01  0.3485073796E+02  0.3485073796E+02  0.3485073796E+02
L3 0.3258330941E+05  0.1695682042E+03  0.5057019142E+03  0.7897820674E+03
L4 0.4883507286E+03  0.3273194877E+03  0.3218316614E+03  0.2974228299E+03
L5 0.9465739790E+03  0.2875549266E+03  0.2032421253E+03  0.1122151287E+03
L6 0.6030121807E+03  -.1012801601E+05  0.1588165571E+04  -.1178642814E+05
L7 0.0000000000E+00  0.1929361234E+01  0.4610760350E+01  0.9325671431E+01
L8 0.3768487442E+01  0.4694147935E+02  0.3670789702E+01  0.0000000000E+00
L9 0.0000000000E+00  0.0000000000E+00  0.0000000000E+00  0.9741728444E+00  0.0000000000E+00
L0     4000  0.8000000000E+01  -.8158472225E+04  0.1966823480E+04
L1 0.3106560759E+03  0.3106560759E+03  -.1012529571E+11  0.1000000000E+01
L2 0.1000000000E+01  0.3475828480E+02  0.3475828480E+02  0.3475828480E+02
L3 0.3232550955E+05  0.4274367524E+03  -.4778662555E+02  0.2249435181E+03
L4 0.2015312150E+03  0.3495377656E+03  0.3531973464E+03  0.3040705008E+03
L5 0.1006805613E+04  0.2500948564E+03  0.3643148768E+03  0.2517375236E+03
L6 0.8661472568E+03  -.1012529571E+05  0.1535479185E+04  -.1173412884E+05
L7 0.0000000000E+00  0.3582338637E+01  0.1074559401E+02  0.1088641242E+02
L8 0.2205067117E+01  0.4453037069E+02  0.1404169606E+01  0.0000000000E+00
L9 0.0000000000E+00  0.0000000000E+00  0.0000000000E+00  0.9819419912E+00  0.0000000000E+00
L0     5000  0.1000000000E+02  -.8226320291E+04  0.1841546742E+04
L1 0.2908688504E+03  0.2908688504E+03  -.1006786703E+11  0.1000000000E+01
L2 0.1000000000E+01  0.3474251052E+02  0.3474251052E+02  0.3474251052E+02
L3 0.3228260773E+05  -.3698408285E+03  -.4076768675E+03  0.2476813636E+03
L4 -.1766121108E+03  0.2904598887E+03  0.2871141169E+03  0.3213273733E+03
L5 0.8989013789E+03  0.3763889450E+03  0.3818340229E+03  0.2637809258E+03
L6 0.1022003894E+04  -.1006786703E+05  0.1477102983E+04  -.1161645225E+05
L7 0.0000000000E+00  0.1930594065E+01  0.7848578390E+01  0.1082350081E+02
L8 0.2596748641E+01  0.4743016258E+02  0.8526485785E+00  0.0000000000E+00
L9 0.0000000000E+00  0.0000000000E+00  0.0000000000E+00  0.9832469382E+00  0.0000000000E+00
L0     6000  0.1200000000E+02  -.8249668501E+04  0.1897005860E+04
L1 0.2996285138E+03  0.2996285138E+03  -.1014667436E+11  0.1000000000E+01
L2 0.1000000000E+01  0.3475250767E+02  0.3475250767E+02  0.3475250767E+02
L3 0.3231052286E+05  -.2362286938E+03  -.6094516119E+03  0.2751003881E+03
L4 -.1901933059E+03  0.3008952374E+03  0.3189971650E+03  0.3127063145E+03
L5 0.9325987169E+03  0.3558282244E+03  0.4607199884E+03  0.2487340435E+03
L6 0.1065282256E+04  -.1014667436E+05  0.1476206378E+04  -.1169604747E+05
L7 0.0000000000E+00  0.2471051043E+01  0.5221120670E+01  0.1037091447E+02
L8 0.2866918291E+01  0.4732829239E+02  0.4908434871E+01  0.0000000000E+00
L9 0.0000000000E+00  0.0000000000E+00  0.0000000000E+00  0.9823974485E+00  0.0000000000E+00
L0     7000  0.1400000000E+02  -.8283990647E+04  0.1866628619E+04
L1 0.2948304856E+03  0.2948304856E+03  -.1015061927E+11  0.1000000000E+01
L2 0.1000000000E+01  0.3466461675E+02  0.3466461675E+02  0.3466461675E+02
L3 0.3206581836E+05  -.4886506053E+03  0.2724776628E+03  -.1667694080E+03
L4 -.1276474502E+03  0.3040092221E+03  0.2835470079E+03  0.3097681079E+03
L5 0.8973243379E+03  0.4167802007E+03  0.2206645059E+03  0.3482552174E+03
L6 0.9856999239E+03  -.1015061927E+05  0.1483848896E+04  -.1170496194E+05
L7 0.0000000000E+00  0.1820346301E+01  0.5735388587E+01  0.1032775465E+02
L8 0.4295704350E+01  0.4500661150E+02  0.3307976425E+01  0.0000000000E+00
L9 0.0000000000E+00  0.0000000000E+00  0.0000000000E+00  0.9898944369E+00  0.0000000000E+00
L0     8000  0.1600000000E+02  -.8235724287E+04  0.1909387086E+04
L1 0.3015841053E+03  0.3015841053E+03  -.1014511137E+11  0.1000000000E+01
L2 0.1000000000E+01  0.3476941590E+02  0.3476941590E+02  0.3476941590E+02
L3 0.3235724377E+05  0.8008246567E+02  0.1773032982E+03  -.3473538097E+03
L4 -.2998934864E+02  0.3175908481E+03  0.3157062187E+03  0.3137024911E+03
L5 0.9469995579E+03  0.2989414192E+03  0.2744162156E+03  0.3945934842E+03
L6 0.9679511190E+03  -.1014511137E+05  0.1524533780E+04  -.1174028788E+05
L7 0.0000000000E+00  0.1714958701E+01  0.8329337582E+01  0.1069200275E+02
L8 0.1951308020E+01  0.4314266552E+02  0.4812450853E+01  0.0000000000E+00
L9 0.0000000000E+00  0.0000000000E+00  0.0000000000E+00  0.9809789561E+00  0.0000000000E+00
L0     9000  0.1800000000E+02  -.8279552369E+04  0.1893567276E+04
L1 0.2990853960E+03  0.2990853960E+03  -.1017311965E+11  0.1000000000E+01
L2 0.1000000000E+01  0.3469033965E+02  0.3469033965E+02  0.3469033965E+02
L3 0.3213687919E+05  0.1867225903E+02  -.2492412214E+03  0.2406453499E+03
L4 0.3358795855E+01  0.3153402335E+03  0.3014399881E+03  0.3260445140E+03
L5 0.9428247356E+03  0.3110214926E+03  0.3590874447E+03  0.2703852122E+03
L6 0.9404941495E+03  -.1017311965E+05  0.1515245035E+04  -.1176782019E+05
L7 0.0000000000E+00  0.4759834299E+01  0.1027256605E+02  0.1095701473E+02
L8 0.2929066974E+01  0.4745745390E+02  0.3079571972E+01  0.0000000000E+00
L9 0.0000000000E+00  0.0000000000E+00  0.0000000000E+00  0.9877055897E+00  0.0000000000E+00
L0    10000  0.2000000000E+02  -.8288144086E+04  0.1845040702E+04
L1 0.2914207147E+03  0.2914207147E+03  -.1013318479E+11  0.1000000000E+01
L2 0.1000000000E+01  0.3475365187E+02  0.3475365187E+02  0.3475365187E+02
L3 0.3231258048E+05  0.2380310487E+03  0.1250016536E+03  0.2465311177E+03
L4 0.2031879400E+03  0.3057308321E+03  0.3157707176E+03  0.3191128826E+03
L5 0.9406144324E+03  0.2503751977E+03  0.2867007880E+03  0.2617805032E+03
L6 0.7988564889E+03  -.1013318479E+05  0.1552308222E+04  -.1175930335E+05
L7 0.0000000000E+00  0.3521176603E+01  0.6706962321E+01  0.1051357843E+02
L8 0.3772624588E+01  0.4480511840E+02  0.4490883607E+01  0.0000000000E+00
L9 0.0000000000E+00  0.0000000000E+00  0.0000000000E+00  0.9823348905E+00  0.0000000000E+00
