-987.8906898490
-987.8932085758
-987.8926742301
-987.8904293436
-987.8877549261
-987.8904388381
-987.8920470924
-987.8939623337
-987.8938972109
-987.8920413528
-987.8912248249
-987.8925119812
-987.8930560792
-987.8920891560
-987.8891508719
-987.8940505123
-987.8908442598
-987.8883209173
-987.8932246084
-987.8932109837
-987.8901772033
-987.8881878061
-987.8942893056
-987.8899291247
-987.8920437874
-987.8899744943
-987.8890090470
-987.8894647626
-987.8887245486
-987.8889401813
-987.8909474482
-987.8883771069
-987.8893218193
