L0  Nsteps           time(ps)         Etot             EKinetic        
L1  Temp             T_solute         T_solv           Pres_scal_solu  
L2  Pres_scal_solv   BoxX             BoxY             BoxZ            
L3  volume           pres_X           pres_Y           pres_Z          
L4  Pressure         EKCoM_x          EKCoM_y          EKCoM_z         
L5  EKComTot         VIRIAL_x         VIRIAL_y         VIRIAL_z        
L6  VIRIAL_tot       E_pot            E_vdw            E_el            
L7  E_hbon           E_bon            E_angle          E_dih           
L8  E_14vdw          E_14el           E_const          E_pol           
L9  AV_permMoment    AV_indMoment     AV_totMoment     Density          dV/dlambda      
L0     1000  0.2000000000E+01  -.7374509389E+04  0.1734344929E+04
L1 0.3002276469E+03  0.3002276469E+03  -.9108854319E+10  0.1000000000E+01
L2 0.1000000000E+01  0.3466270140E+02  0.3466270140E+02  0.3466270140E+02
L3 0.3206172478E+05  -.2119771408E+03  -.3440753203E+03  -.1108087920E+04
L4 -.5547134604E+03  0.2784625353E+03  0.3122140829E+03  0.3003645201E+03
L5 0.8910411383E+03  0.3273764579E+03  0.3916097834E+03  0.5560568393E+03
L6 0.1275043081E+04  -.9108854319E+04  0.1404138000E+04  -.1059239414E+05
L7 0.0000000000E+00  0.3758227192E+01  0.1064060210E+02  0.1243863292E+02
L8 0.3376015912E+01  0.4513697073E+02  0.4051374259E+01  0.0000000000E+00
L9 0.0000000000E+00  0.0000000000E+00  0.0000000000E+00  0.9032425915E+00  0.0000000000E+00
L0     2000  0.4000000000E+01  -.7553169225E+04  0.1679356870E+04
L1 0.2907088162E+03  0.2907088162E+03  -.9232526095E+10  0.1000000000E+01
L2 0.1000000000E+01  0.3404192090E+02  0.3404192090E+02  0.3404192090E+02
L3 0.3036968666E+05  -.5431619154E+03  0.3046779732E+02  -.1033157593E+04
L4 -.5152839037E+03  0.2843691340E+03  0.2695866395E+03  0.2813950970E+03
L5 0.8353508705E+03  0.4030897667E+03  0.2629271959E+03  0.5072156481E+03
L6 0.1173232611E+04  -.9232526095E+04  0.1386890205E+04  -.1069243206E+05
L7 0.0000000000E+00  0.1319195027E+01  0.9174292956E+01  0.1167570851E+02
L8 0.2614035435E+01  0.4642453051E+02  0.1807996456E+01  0.0000000000E+00
L9 0.0000000000E+00  0.0000000000E+00  0.0000000000E+00  0.9535664858E+00  0.0000000000E+00
L0     3000  0.6000000000E+01  -.7548872071E+04  0.1665201666E+04
L1 0.2882584481E+03  0.2882584481E+03  -.9214073737E+10  0.1000000000E+01
L2 0.1000000000E+01  0.3378948473E+02  0.3378948473E+02  0.3378948473E+02
L3 0.2969813029E+05  -.7563034353E+03  0.3028212303E+02  0.2438230716E+03
L4 -.1607327469E+03  0.2667162807E+03  0.2913484325E+03  0.2601926885E+03
L5 0.8182574017E+03  0.4283685335E+03  0.2848759332E+03  0.2080779592E+03
L6 0.9213224260E+03  -.9214073737E+04  0.1370603867E+04  -.1066163100E+05
L7 0.0000000000E+00  0.1800107074E+01  0.1251159069E+02  0.1077627677E+02
L8 0.2374472737E+01  0.4450334035E+02  0.4987603899E+01  0.0000000000E+00
L9 0.0000000000E+00  0.0000000000E+00  0.0000000000E+00  0.9751292453E+00  0.0000000000E+00
L0     4000  0.8000000000E+01  -.7480687569E+04  0.1700010032E+04
L1 0.2942840279E+03  0.2942840279E+03  -.9180697600E+10  0.1000000000E+01
L2 0.1000000000E+01  0.3368808283E+02  0.3368808283E+02  0.3368808283E+02
L3 0.2943020981E+05  -.3727212751E+03  0.6341206586E+03  0.7999274555E+03
L4 0.3537756130E+03  0.2931911009E+03  0.2864395754E+03  0.2748556090E+03
L5 0.8544862853E+03  0.3721378264E+03  0.1521254030E+03  0.1054216177E+03
L6 0.6296848472E+03  -.9180697600E+04  0.1410304826E+04  -.1067241455E+05
L7 0.0000000000E+00  0.7425607080E+01  0.7552623021E+01  0.1110380833E+02
L8 0.3080932227E+01  0.4834488705E+02  0.3904261906E+01  0.0000000000E+00
L9 0.0000000000E+00  0.0000000000E+00  0.0000000000E+00  0.9840064194E+00  0.0000000000E+00
L0     5000  0.1000000000E+02  -.7539584133E+04  0.1710443479E+04
L1 0.2960901330E+03  0.2960901330E+03  -.9250027612E+10  0.1000000000E+01
L2 0.1000000000E+01  0.3362812509E+02  0.3362812509E+02  0.3362812509E+02
L3 0.2927565414E+05  -.7913735140E+03  -.4788932023E+03  -.3149708000E+03
L4 -.5284125054E+03  0.2918553175E+03  0.2798596145E+03  0.2790099013E+03
L5 0.8507248333E+03  0.4585971994E+03  0.3807620991E+03  0.3453740429E+03
L6 0.1184733341E+04  -.9250027612E+04  0.1328161696E+04  -.1065038596E+05
L7 0.0000000000E+00  0.1086062346E+01  0.7948942796E+01  0.1207759767E+02
L8 0.3498013268E+01  0.4584491617E+02  0.1741121221E+01  0.0000000000E+00
L9 0.0000000000E+00  0.0000000000E+00  0.0000000000E+00  0.9892013085E+00  0.0000000000E+00
L0     6000  0.1200000000E+02  -.7577780382E+04  0.1686328624E+04
L1 0.2919156773E+03  0.2919156773E+03  -.9264109006E+10  0.1000000000E+01
L2 0.1000000000E+01  0.3361692694E+02  0.3361692694E+02  0.3361692694E+02
L3 0.2924600317E+05  -.1936009824E+03  -.1263653709E+04  0.3484906832E+03
L4 -.3695880026E+03  0.2803737746E+03  0.2927178181E+03  0.2823931855E+03
L5 0.8554847782E+03  0.3211240604E+03  0.5586991639E+03  0.2090407945E+03
L6 0.1088864019E+04  -.9264109006E+04  0.1345454850E+04  -.1068707980E+05
L7 0.0000000000E+00  0.2869866862E+01  0.6959149212E+01  0.1151748063E+02
L8 0.4220959955E+01  0.4932171720E+02  0.2626771653E+01  0.0000000000E+00
L9 0.0000000000E+00  0.0000000000E+00  0.0000000000E+00  0.9902042071E+00  0.0000000000E+00
L0     7000  0.1400000000E+02  -.7555374156E+04  0.1722901757E+04
L1 0.2982467510E+03  0.2982467510E+03  -.9278275912E+10  0.1000000000E+01
L2 0.1000000000E+01  0.3373097545E+02  0.3373097545E+02  0.3373097545E+02
L3 0.2954321375E+05  -.8168722047E+03  0.6204191880E+03  0.7493129297E+03
L4 0.1842866377E+03  0.3026353400E+03  0.2935447116E+03  0.2830474253E+03
L5 0.8792274770E+03  0.4763227886E+03  0.1616280848E+03  0.1237247673E+03
L6 0.7616756406E+03  -.9278275912E+04  0.1415311520E+04  -.1077098780E+05
L7 0.0000000000E+00  0.3794578683E+01  0.8495797692E+01  0.1470620975E+02
L8 0.3767440529E+01  0.4444184358E+02  0.2194498066E+01  0.0000000000E+00
L9 0.0000000000E+00  0.0000000000E+00  0.0000000000E+00  0.9802425567E+00  0.0000000000E+00
L0     8000  0.1600000000E+02  -.7525175303E+04  0.1756674662E+04
L1 0.3040930851E+03  0.3040930851E+03  -.9281849965E+10  0.1000000000E+01
L2 0.1000000000E+01  0.3364310285E+02  0.3364310285E+02  0.3364310285E+02
L3 0.2931420045E+05  -.7385407502E+03  -.4339842534E+03  0.2626595498E+03
L4 -.3032884846E+03  0.2954240389E+03  0.3030565462E+03  0.2725281192E+03
L5 0.8710087042E+03  0.4512389788E+03  0.3946171409E+03  0.2171130565E+03
L6 0.1062969176E+04  -.9281849965E+04  0.1360271739E+04  -.1071370714E+05
L7 0.0000000000E+00  0.1659500643E+01  0.1053083019E+02  0.9956345420E+01
L8 0.2652261844E+01  0.4177079200E+02  0.5015705288E+01  0.0000000000E+00
L9 0.0000000000E+00  0.0000000000E+00  0.0000000000E+00  0.9879005716E+00  0.0000000000E+00
L0     9000  0.1800000000E+02  -.7607306620E+04  0.1674167066E+04
L1 0.2898104237E+03  0.2898104237E+03  -.9281473687E+10  0.1000000000E+01
L2 0.1000000000E+01  0.3366017901E+02  0.3366017901E+02  0.3366017901E+02
L3 0.2935881776E+05  -.1000042909E+03  0.5769807794E+03  -.1338494284E+04
L4 -.2871725985E+03  0.2754177201E+03  0.2805873712E+03  0.2743592298E+03
L5 0.8303643211E+03  0.2965484149E+03  0.1586725547E+03  0.5571802367E+03
L6 0.1012401206E+04  -.9281473687E+04  0.1361356696E+04  -.1072786102E+05
L7 0.0000000000E+00  0.2382737340E+01  0.1585372758E+02  0.1176345785E+02
L8 0.4338437392E+01  0.4740082636E+02  0.3291455880E+01  0.0000000000E+00
L9 0.0000000000E+00  0.0000000000E+00  0.0000000000E+00  0.9863992351E+00  0.0000000000E+00
L0    10000  0.2000000000E+02  -.7500979667E+04  0.1700929639E+04
L1 0.2944432185E+03  0.2944432185E+03  -.9201909306E+10  0.1000000000E+01
L2 0.1000000000E+01  0.3368192703E+02  0.3368192703E+02  0.3368192703E+02
L3 0.2941438584E+05  0.4272610716E+03  0.7829732080E+02  0.2054606580E+03
L4 0.2370063501E+03  0.2988539627E+03  0.2736604871E+03  0.2659758157E+03
L5 0.8384902656E+03  0.2084037296E+03  0.2570851158E+03  0.2224802444E+03
L6 0.6879690898E+03  -.9201909306E+04  0.1400544728E+04  -.1067970352E+05
L7 0.0000000000E+00  0.1373497107E+01  0.1137571902E+02  0.1271300537E+02
L8 0.3289463386E+01  0.4444464490E+02  0.4053153200E+01  0.0000000000E+00
L9 0.0000000000E+00  0.0000000000E+00  0.0000000000E+00  0.9845357825E+00  0.0000000000E+00
