L0  Nsteps           time(ps)         Etot             EKinetic        
L1  Temp             T_solute         T_solv           Pres_scal_solu  
L2  Pres_scal_solv   BoxX             BoxY             BoxZ            
L3  volume           pres_X           pres_Y           pres_Z          
L4  Pressure         EKCoM_x          EKCoM_y          EKCoM_z         
L5  EKComTot         VIRIAL_x         VIRIAL_y         VIRIAL_z        
L6  VIRIAL_tot       E_pot            E_vdw            E_el            
L7  E_hbon           E_bon            E_angle          E_dih           
L8  E_14vdw          E_14el           E_const          E_pol           
L9  AV_permMoment    AV_indMoment     AV_totMoment     Density          dV/dlambda      
L0     1000  0.2000000000E+01  -.7260962622E+04  0.1649313575E+04
L1 0.2933800142E+03  0.2933800142E+03  -.8910276197E+10  0.1000000000E+01
L2 0.1000000000E+01  0.3434115909E+02  0.3434115909E+02  0.3434115909E+02
L3 0.3117889441E+05  -.5951459986E+03  -.8914779609E+03  -.1431886596E+04
L4 -.9728368517E+03  0.2595330161E+03  0.2765923186E+03  0.2759535008E+03
L5 0.8120788356E+03  0.3930820681E+03  0.4766374114E+03  0.5972647384E+03
L6 0.1466984218E+04  -.8910276197E+04  0.1327743224E+04  -.1031086182E+05
L7 0.0000000000E+00  0.2400633041E+01  0.9063874618E+01  0.1444041757E+02
L8 0.3372844735E+01  0.4283838560E+02  0.7262475464E+00  0.0000000000E+00
L9 0.0000000000E+00  0.0000000000E+00  0.0000000000E+00  0.9038703851E+00  0.0000000000E+00
L0     2000  0.4000000000E+01  -.7182775056E+04  0.1647644247E+04
L1 0.2930830741E+03  0.2930830741E+03  -.8830419304E+10  0.1000000000E+01
L2 0.1000000000E+01  0.3373440052E+02  0.3373440052E+02  0.3373440052E+02
L3 0.2955420866E+05  -.3928190888E+03  -.6631785673E+03  -.6608401712E+03
L4 -.5722792758E+03  0.2843109226E+03  0.2665349743E+03  0.2638644328E+03
L5 0.8147103298E+03  0.3678651638E+03  0.4075957922E+03  0.4044278642E+03
L6 0.1179888820E+04  -.8830419304E+04  0.1235003243E+04  -.1014698692E+05
L7 0.0000000000E+00  0.2281144781E+01  0.1439021174E+02  0.1250848413E+02
L8 0.3125017989E+01  0.4524887390E+02  0.4010639762E+01  0.0000000000E+00
L9 0.0000000000E+00  0.0000000000E+00  0.0000000000E+00  0.9535589202E+00  0.0000000000E+00
L0     3000  0.6000000000E+01  -.7293384225E+04  0.1693067821E+04
L1 0.3011630225E+03  0.3011630225E+03  -.8986452045E+10  0.1000000000E+01
L2 0.1000000000E+01  0.3347013219E+02  0.3347013219E+02  0.3347013219E+02
L3 0.2886547429E+05  -.1251471622E+04  -.2945059190E+03  -.6409479238E+03
L4 -.7289751548E+03  0.2804404484E+03  0.2494775189E+03  0.2985125784E+03
L5 0.8284305458E+03  0.5404302329E+03  0.3106603129E+03  0.4316677452E+03
L6 0.1282758291E+04  -.8986452045E+04  0.1257059410E+04  -.1031357608E+05
L7 0.0000000000E+00  0.2775986852E+01  0.8453988446E+01  0.1027043183E+02
L8 0.2921677598E+01  0.4348476461E+02  0.2157777278E+01  0.0000000000E+00
L9 0.0000000000E+00  0.0000000000E+00  0.0000000000E+00  0.9763109732E+00  0.0000000000E+00
L0     4000  0.8000000000E+01  -.7335493216E+04  0.1657851599E+04
L1 0.2948987585E+03  0.2948987585E+03  -.8993344815E+10  0.1000000000E+01
L2 0.1000000000E+01  0.3342870638E+02  0.3342870638E+02  0.3342870638E+02
L3 0.2875700966E+05  -.1809866350E+03  0.8647600517E+02  -.4349713153E+03
L4 -.1764939817E+03  0.2703365101E+03  0.2784223688E+03  0.2539945296E+03
L5 0.8027534085E+03  0.3077947018E+03  0.2605247225E+03  0.3440190717E+03
L6 0.9123384961E+03  -.8993344815E+04  0.1327583250E+04  -.1039539281E+05
L7 0.0000000000E+00  0.5842165609E+01  0.7143450752E+01  0.1009585548E+02
L8 0.2454971244E+01  0.4397602784E+02  0.4952270723E+01  0.0000000000E+00
L9 0.0000000000E+00  0.0000000000E+00  0.0000000000E+00  0.9799933869E+00  0.0000000000E+00
L0     5000  0.1000000000E+02  -.7308084951E+04  0.1695521762E+04
L1 0.3015995297E+03  0.3015995297E+03  -.9003606713E+10  0.1000000000E+01
L2 0.1000000000E+01  0.3347310534E+02  0.3347310534E+02  0.3347310534E+02
L3 0.2887059856E+05  0.8747904158E+03  0.2129342012E+03  -.2824120030E+03
L4 0.2684375380E+03  0.2874426225E+03  0.2887337002E+03  0.2866075394E+03
L5 0.8627838621E+03  0.1056750597E+03  0.2444893531E+03  0.3452882709E+03
L6 0.6954526837E+03  -.9003606713E+04  0.1404561203E+04  -.1048462503E+05
L7 0.0000000000E+00  0.1607329569E+01  0.8925929541E+01  0.1136789276E+02
L8 0.4835770599E+01  0.4487896064E+02  0.4841226832E+01  0.0000000000E+00
L9 0.0000000000E+00  0.0000000000E+00  0.0000000000E+00  0.9761376870E+00  0.0000000000E+00
L0     6000  0.1200000000E+02  -.7289762895E+04  0.1632648832E+04
L1 0.2904156886E+03  0.2904156886E+03  -.8922411727E+10  0.1000000000E+01
L2 0.1000000000E+01  0.3334994081E+02  0.3334994081E+02  0.3334994081E+02
L3 0.2855239043E+05  0.5948108033E+03  -.4767224716E+01  0.1028757667E+04
L4 0.5396004153E+03  0.2607333145E+03  0.2758079545E+03  0.2462835211E+03
L5 0.7828247901E+03  0.1385032893E+03  0.2767875904E+03  0.3488003795E+02
L6 0.4501709176E+03  -.8922411727E+04  0.1393322907E+04  -.1038966122E+05
L7 0.0000000000E+00  0.1578028755E+01  0.1267009361E+02  0.1155530561E+02
L8 0.1970552869E+01  0.4411254110E+02  0.2040061128E+01  0.0000000000E+00
L9 0.0000000000E+00  0.0000000000E+00  0.0000000000E+00  0.9870164591E+00  0.0000000000E+00
L0     7000  0.1400000000E+02  -.7333151456E+04  0.1671834895E+04
L1 0.2973861082E+03  0.2973861082E+03  -.9004986351E+10  0.1000000000E+01
L2 0.1000000000E+01  0.3328535335E+02  0.3328535335E+02  0.3328535335E+02
L3 0.2838843893E+05  -.5135397014E+03  0.6250098764E+03  -.4074701260E+03
L4 -.9866665032E+02  0.2703088839E+03  0.2806839061E+03  0.2860064021E+03
L5 0.8369991921E+03  0.3752322260E+03  0.1529856485E+03  0.3692582467E+03
L6 0.8974761212E+03  -.9004986351E+04  0.1304182069E+04  -.1038032728E+05
L7 0.0000000000E+00  0.2973589174E+01  0.6354779734E+01  0.1042537352E+02
L8 0.3100530801E+01  0.4427626745E+02  0.4028318704E+01  0.0000000000E+00
L9 0.0000000000E+00  0.0000000000E+00  0.0000000000E+00  0.9927167665E+00  0.0000000000E+00
L0     8000  0.1600000000E+02  -.7339896269E+04  0.1641908194E+04
L1 0.2920627446E+03  0.2920627446E+03  -.8981804463E+10  0.1000000000E+01
L2 0.1000000000E+01  0.3335198950E+02  0.3335198950E+02  0.3335198950E+02
L3 0.2855932099E+05  0.2281966822E+03  -.1101897584E+04  0.5277640093E+03
L4 -.1153122977E+03  0.2570515951E+03  0.2870956893E+03  0.2571189917E+03
L5 0.8012662760E+03  0.2101471736E+03  0.5135839459E+03  0.1486403526E+03
L6 0.8723714721E+03  -.8981804463E+04  0.1320637789E+04  -.1037918023E+05
L7 0.0000000000E+00  0.7578054226E+01  0.6210742022E+01  0.1100738620E+02
L8 0.3401087873E+01  0.4532636911E+02  0.3214339669E+01  0.0000000000E+00
L9 0.0000000000E+00  0.0000000000E+00  0.0000000000E+00  0.9867769372E+00  0.0000000000E+00
L0     9000  0.1800000000E+02  -.7276245145E+04  0.1660773671E+04
L1 0.2954185369E+03  0.2954185369E+03  -.8937018816E+10  0.1000000000E+01
L2 0.1000000000E+01  0.3325074447E+02  0.3325074447E+02  0.3325074447E+02
L3 0.2830007773E+05  -.1183569897E+04  0.2164188121E+03  0.5540934661E+03
L4 -.1376858730E+03  0.2617868897E+03  0.2499335324E+03  0.2887434522E+03
L5 0.8004638744E+03  0.5028540873E+03  0.2058537728E+03  0.1758867808E+03
L6 0.8845946409E+03  -.8937018816E+04  0.1278658219E+04  -.1028793758E+05
L7 0.0000000000E+00  0.2370095520E+01  0.1135055769E+02  0.1040006819E+02
L8 0.3335587001E+01  0.4170008005E+02  0.3104159980E+01  0.0000000000E+00
L9 0.0000000000E+00  0.0000000000E+00  0.0000000000E+00  0.9958163214E+00  0.0000000000E+00
L0    10000  0.2000000000E+02  -.7251760280E+04  0.1679749673E+04
L1 0.2987939894E+03  0.2987939894E+03  -.8931509952E+10  0.1000000000E+01
L2 0.1000000000E+01  0.3327566570E+02  0.3327566570E+02  0.3327566570E+02
L3 0.2836344184E+05  -.5067765373E+03  0.2340461986E+03  0.2341332354E+03
L4 -.1286570107E+02  0.2670471274E+03  0.2971846850E+03  0.2848452829E+03
L5 0.8490770954E+03  0.3704974883E+03  0.2494078802E+03  0.2370507109E+03
L6 0.8569560794E+03  -.8931509952E+04  0.1309472451E+04  -.1031790427E+05
L7 0.0000000000E+00  0.3234317349E+01  0.8585723428E+01  0.1488604972E+02
L8 0.4220311701E+01  0.4400449697E+02  0.1990963169E+01  0.0000000000E+00
L9 0.0000000000E+00  0.0000000000E+00  0.0000000000E+00  0.9935916612E+00  0.0000000000E+00
