L0  Nsteps           time(ps)         Etot             EKinetic        
L1  Temp             T_solute         T_solv           Pres_scal_solu  
L2  Pres_scal_solv   BoxX             BoxY             BoxZ            
L3  volume           pres_X           pres_Y           pres_Z          
L4  Pressure         EKCoM_x          EKCoM_y          EKCoM_z         
L5  EKComTot         VIRIAL_x         VIRIAL_y         VIRIAL_z        
L6  VIRIAL_tot       E_pot            E_vdw            E_el            
L7  E_hbon           E_bon            E_angle          E_dih           
L8  E_14vdw          E_14el           E_const          E_pol           
L9  AV_permMoment    AV_indMoment     AV_totMoment     Density          dV/dlambda      
L0     1000  0.2000000000E+01  -.7335381005E+04  0.1751114839E+04
L1 0.3018844704E+03  0.3018844704E+03  -.9086495844E+10  0.1000000000E+01
L2 0.1000000000E+01  0.3461537203E+02  0.3461537203E+02  0.3461537203E+02
L3 0.3193033232E+05  -.7012179892E+03  -.6930811772E+03  -.1924158143E+02
L4 -.4711802493E+03  0.2836716115E+03  0.2866933222E+03  0.2955116312E+03
L5 0.8658765649E+03  0.4448152137E+03  0.4459670420E+03  0.2999334484E+03
L6 0.1190715704E+04  -.9086495844E+04  0.1390452820E+04  -.1054970924E+05
L7 0.0000000000E+00  0.2716179311E+01  0.1207823814E+02  0.9971728727E+01
L8 0.1960509756E+01  0.4262560243E+02  0.3408320651E+01  0.0000000000E+00
L9 0.0000000000E+00  0.0000000000E+00  0.0000000000E+00  0.9107071663E+00  0.0000000000E+00
L0     2000  0.4000000000E+01  -.7550492179E+04  0.1667692099E+04
L1 0.2875027581E+03  0.2875027581E+03  -.9218184278E+10  0.1000000000E+01
L2 0.1000000000E+01  0.3403672737E+02  0.3403672737E+02  0.3403672737E+02
L3 0.3035512329E+05  -.1609204035E+03  -.2519222353E+03  -.3955335360E+03
L4 -.2694587249E+03  0.2962224064E+03  0.2774701666E+03  0.2750142313E+03
L5 0.8487068043E+03  0.3313784257E+03  0.3325072084E+03  0.3614258007E+03
L6 0.1025311435E+04  -.9218184278E+04  0.1367785869E+04  -.1066114289E+05
L7 0.0000000000E+00  0.2147362985E+01  0.7116099598E+01  0.1293780046E+02
L8 0.3924976464E+01  0.4801971744E+02  0.1026785900E+01  0.0000000000E+00
L9 0.0000000000E+00  0.0000000000E+00  0.0000000000E+00  0.9579662118E+00  0.0000000000E+00
L0     3000  0.6000000000E+01  -.7521704573E+04  0.1750824582E+04
L1 0.3018344314E+03  0.3018344314E+03  -.9272529155E+10  0.1000000000E+01
L2 0.1000000000E+01  0.3388821262E+02  0.3388821262E+02  0.3388821262E+02
L3 0.2995981648E+05  -.4446692985E+03  0.8126954656E+02  -.7970180972E+03
L4 -.3868059497E+03  0.2914082298E+03  0.3072407939E+03  0.2871159791E+03
L5 0.8857650028E+03  0.3872893003E+03  0.2897171845E+03  0.4589716674E+03
L6 0.1135978152E+04  -.9272529155E+04  0.1351243530E+04  -.1069447376E+05
L7 0.0000000000E+00  0.4845161643E+01  0.9961681876E+01  0.9131071506E+01
L8 0.2459985675E+01  0.4208058195E+02  0.2222595634E+01  0.0000000000E+00
L9 0.0000000000E+00  0.0000000000E+00  0.0000000000E+00  0.9706061613E+00  0.0000000000E+00
L0     4000  0.8000000000E+01  -.7561244747E+04  0.1713466226E+04
L1 0.2953940156E+03  0.2953940156E+03  -.9274710973E+10  0.1000000000E+01
L2 0.1000000000E+01  0.3362773182E+02  0.3362773182E+02  0.3362773182E+02
L3 0.2927389569E+05  -.6425840294E+03  -.4590130400E+02  -.5655643951E+02
L4 -.2483472576E+03  0.2612152935E+03  0.2741862169E+03  0.3038128828E+03
L5 0.8392143932E+03  0.3965991960E+03  0.2838570107E+03  0.3157285718E+03
L6 0.9961847785E+03  -.9274710973E+04  0.1346614675E+04  -.1069498183E+05
L7 0.0000000000E+00  0.4795970423E+01  0.6609125621E+01  0.1069784384E+02
L8 0.3552298549E+01  0.4527017474E+02  0.2730766611E+01  0.0000000000E+00
L9 0.0000000000E+00  0.0000000000E+00  0.0000000000E+00  0.9933485716E+00  0.0000000000E+00
L0     5000  0.1000000000E+02  -.7581310766E+04  0.1694368799E+04
L1 0.2921017035E+03  0.2921017035E+03  -.9275679565E+10  0.1000000000E+01
L2 0.1000000000E+01  0.3358127692E+02  0.3358127692E+02  0.3358127692E+02
L3 0.2915355577E+05  -.5389357445E+03  -.1698311802E+02  -.1127561675E+04
L4 -.5611601792E+03  0.2812708630E+03  0.2817759835E+03  0.3023891926E+03
L5 0.8654360392E+03  0.3943506810E+03  0.2853393914E+03  0.5389748529E+03
L6 0.1218664925E+04  -.9275679565E+04  0.1297003978E+04  -.1065435823E+05
L7 0.0000000000E+00  0.1236729177E+01  0.1345720675E+02  0.1153129619E+02
L8 0.5238897629E+01  0.4648539158E+02  0.3725163145E+01  0.0000000000E+00
L9 0.0000000000E+00  0.0000000000E+00  0.0000000000E+00  0.9974489117E+00  0.0000000000E+00
L0     6000  0.1200000000E+02  -.7519349631E+04  0.1731153394E+04
L1 0.2984432054E+03  0.2984432054E+03  -.9250503026E+10  0.1000000000E+01
L2 0.1000000000E+01  0.3375490732E+02  0.3375490732E+02  0.3375490732E+02
L3 0.2960531498E+05  0.2882715655E+03  0.8322436192E+03  0.3700999909E+03
L4 0.4968717252E+03  0.2868475126E+03  0.2939455412E+03  0.2906197515E+03
L5 0.8714128053E+03  0.2254249300E+03  0.1166177763E+03  0.2117618274E+03
L6 0.5538045336E+03  -.9250503026E+04  0.1440080976E+04  -.1076143250E+05
L7 0.0000000000E+00  0.2284431836E+01  0.9891569123E+01  0.1029858426E+02
L8 0.2884352392E+01  0.4147422949E+02  0.4015332172E+01  0.0000000000E+00
L9 0.0000000000E+00  0.0000000000E+00  0.0000000000E+00  0.9822284440E+00  0.0000000000E+00
L0     7000  0.1400000000E+02  -.7517355451E+04  0.1760914758E+04
L1 0.3035739332E+03  0.3035739332E+03  -.9278270209E+10  0.1000000000E+01
L2 0.1000000000E+01  0.3369520938E+02  0.3369520938E+02  0.3369520938E+02
L3 0.2944998581E+05  0.4716560885E+03  -.3330223449E+03  -.3273830202E+03
L4 -.6291642555E+02  0.2909637593E+03  0.3029830658E+03  0.2895820927E+03
L5 0.8835289178E+03  0.1909943525E+03  0.3735684925E+03  0.3589722418E+03
L6 0.9235350868E+03  -.9278270209E+04  0.1362340801E+04  -.1070871266E+05
L7 0.0000000000E+00  0.2988353916E+01  0.7736542442E+01  0.9219328851E+01
L8 0.2962322877E+01  0.4423814387E+02  0.9569536911E+00  0.0000000000E+00
L9 0.0000000000E+00  0.0000000000E+00  0.0000000000E+00  0.9874090486E+00  0.0000000000E+00
L0     8000  0.1600000000E+02  -.7471941878E+04  0.1791869330E+04
L1 0.3089103647E+03  0.3089103647E+03  -.9263811208E+10  0.1000000000E+01
L2 0.1000000000E+01  0.3372064777E+02  0.3372064777E+02  0.3372064777E+02
L3 0.2951690574E+05  0.1232023297E+03  -.4324627428E+02  -.4615701457E+03
L4 -.1272046967E+03  0.2969142459E+03  0.2755906826E+03  0.3061669451E+03
L5 0.8786718736E+03  0.2707416784E+03  0.2847777332E+03  0.4042209010E+03
L6 0.9597403125E+03  -.9263811208E+04  0.1362996406E+04  -.1070035035E+05
L7 0.0000000000E+00  0.7684078200E+00  0.7444769869E+01  0.1270097965E+02
L8 0.3199284766E+01  0.4669314726E+02  0.2736149251E+01  0.0000000000E+00
L9 0.0000000000E+00  0.0000000000E+00  0.0000000000E+00  0.9851704215E+00  0.0000000000E+00
L0     9000  0.1800000000E+02  -.7593542610E+04  0.1765716387E+04
L1 0.3044017128E+03  0.3044017128E+03  -.9359258997E+10  0.1000000000E+01
L2 0.1000000000E+01  0.3370252537E+02  0.3370252537E+02  0.3370252537E+02
L3 0.2946983921E+05  -.7303179789E+03  -.3243599258E+03  0.1053292108E+03
L4 -.3164495646E+03  0.2832983063E+03  0.2978740318E+03  0.2905135828E+03
L5 0.8716859209E+03  0.4381964947E+03  0.3666697705E+03  0.2681735824E+03
L6 0.1073039848E+04  -.9359258997E+04  0.1375273154E+04  -.1081496991E+05
L7 0.0000000000E+00  0.2547827968E+01  0.1115303450E+02  0.1094118894E+02
L8 0.5022938890E+01  0.4430634248E+02  0.6466424536E+01  0.0000000000E+00
L9 0.0000000000E+00  0.0000000000E+00  0.0000000000E+00  0.9867438456E+00  0.0000000000E+00
L0    10000  0.2000000000E+02  -.7541732185E+04  0.1692165899E+04
L1 0.2917219332E+03  0.2917219332E+03  -.9233898084E+10  0.1000000000E+01
L2 0.1000000000E+01  0.3371743287E+02  0.3371743287E+02  0.3371743287E+02
L3 0.2950971623E+05  0.3641523302E+02  -.7010689150E+03  -.1143910604E+04
L4 -.6028547620E+03  0.2680824559E+03  0.2862872231E+03  0.2643400611E+03
L5 0.8187097401E+03  0.2603484463E+03  0.4351829809E+03  0.5072882687E+03
L6 0.1202819696E+04  -.9233898084E+04  0.1302140068E+04  -.1061667400E+05
L7 0.0000000000E+00  0.9161050967E+01  0.1281400084E+02  0.1025705783E+02
L8 0.3284039768E+01  0.4247197327E+02  0.2647726094E+01  0.0000000000E+00
L9 0.0000000000E+00  0.0000000000E+00  0.0000000000E+00  0.9854104405E+00  0.0000000000E+00
