L0  Nsteps           time(ps)         Etot             EKinetic        
L1  Temp             T_solute         T_solv           Pres_scal_solu  
L2  Pres_scal_solv   BoxX             BoxY             BoxZ            
L3  volume           pres_X           pres_Y           pres_Z          
L4  Pressure         EKCoM_x          EKCoM_y          EKCoM_z         
L5  EKComTot         VIRIAL_x         VIRIAL_y         VIRIAL_z        
L6  VIRIAL_tot       E_pot            E_vdw            E_el            
L7  E_hbon           E_bon            E_angle          E_dih           
L8  E_14vdw          E_14el           E_const          E_pol           
L9  AV_permMoment    AV_indMoment     AV_totMoment     Density          dV/dlambda      
L0     1000  0.2000000000E+01  -.8118061616E+04  0.1825292305E+04
L1 0.2910420010E+03  0.2910420010E+03  -.9943353921E+10  0.1000000000E+01
L2 0.1000000000E+01  0.3555475179E+02  0.3555475179E+02  0.3555475179E+02
L3 0.3460053734E+05  -.7585220268E+03  0.2106263151E+02  -.1698122317E+03
L4 -.3024238757E+03  0.3158594230E+03  0.3017335602E+03  0.2966945515E+03
L5 0.9142875347E+03  0.5047488374E+03  0.2964884809E+03  0.3389816993E+03
L6 0.1140219018E+04  -.9943353921E+04  0.1562621942E+04  -.1157533994E+05
L7 0.0000000000E+00  0.3945605582E+01  0.6261655415E+01  0.9622063642E+01
L8 0.3129128405E+01  0.4309139317E+02  0.3314227362E+01  0.0000000000E+00
L9 0.0000000000E+00  0.0000000000E+00  0.0000000000E+00  0.9087317684E+00  0.0000000000E+00
L0     2000  0.4000000000E+01  -.7986034240E+04  0.1901244310E+04
L1 0.3031525125E+03  0.3031525125E+03  -.9887278550E+10  0.1000000000E+01
L2 0.1000000000E+01  0.3504915568E+02  0.3504915568E+02  0.3504915568E+02
L3 0.3314394816E+05  0.3120541228E+03  0.3058603620E+03  -.1056741012E+03
L4 0.1707467945E+03  0.3189790949E+03  0.3315546754E+03  0.2957422768E+03
L5 0.9462760472E+03  0.2445417720E+03  0.2585948108E+03  0.3209497541E+03
L6 0.8240863369E+03  -.9887278550E+04  0.1533361553E+04  -.1148825553E+05
L7 0.0000000000E+00  0.2329404392E+01  0.5848159204E+01  0.9372082722E+01
L8 0.3367594412E+01  0.4488387436E+02  0.1814315541E+01  0.0000000000E+00
L9 0.0000000000E+00  0.0000000000E+00  0.0000000000E+00  0.9486681351E+00  0.0000000000E+00
L0     3000  0.6000000000E+01  -.8177610939E+04  0.1877400266E+04
L1 0.2993505909E+03  0.2993505909E+03  -.1005501121E+11  0.1000000000E+01
L2 0.1000000000E+01  0.3484876891E+02  0.3484876891E+02  0.3484876891E+02
L3 0.3258023703E+05  -.1823523559E+03  -.6226171202E+03  -.2593343711E+03
L4 -.3547679491E+03  0.3020220727E+03  0.3066662173E+03  0.3155514249E+03
L5 0.9242397148E+03  0.3447805467E+03  0.4526591652E+03  0.3763608503E+03
L6 0.1173800562E+04  -.1005501121E+05  0.1488217243E+04  -.1161428088E+05
L7 0.0000000000E+00  0.3952189288E+01  0.4498412217E+01  0.9984877520E+01
L8 0.3302272665E+01  0.4462182277E+02  0.4692855230E+01  0.0000000000E+00
L9 0.0000000000E+00  0.0000000000E+00  0.0000000000E+00  0.9650822202E+00  0.0000000000E+00
L0     4000  0.8000000000E+01  -.8143469534E+04  0.1906936197E+04
L1 0.3040600812E+03  0.3040600812E+03  -.1005040573E+11  0.1000000000E+01
L2 0.1000000000E+01  0.3472382417E+02  0.3472382417E+02  0.3472382417E+02
L3 0.3223118112E+05  -.6513564938E+02  -.1067866310E+04  -.5966502316E+02
L4 -.3975556608E+03  0.3022496922E+03  0.3257457451E+03  0.3236340962E+03
L5 0.9516295335E+03  0.3173592428E+03  0.5734592510E+03  0.3374746228E+03
L6 0.1228293117E+04  -.1005040573E+05  0.1455348448E+04  -.1157833723E+05
L7 0.0000000000E+00  0.9109851067E+00  0.8657464180E+01  0.9180604162E+01
L8 0.3599430966E+01  0.4714027863E+02  0.3094287859E+01  0.0000000000E+00
L9 0.0000000000E+00  0.0000000000E+00  0.0000000000E+00  0.9755338277E+00  0.0000000000E+00
L0     5000  0.1000000000E+02  -.8168410115E+04  0.1891721977E+04
L1 0.3016341810E+03  0.3016341810E+03  -.1006013209E+11  0.1000000000E+01
L2 0.1000000000E+01  0.3465857944E+02  0.3465857944E+02  0.3465857944E+02
L3 0.3204827399E+05  0.7554121825E+03  -.2139137536E+02  -.2845597437E+03
L4 0.1498203545E+03  0.3557785669E+03  0.3065452810E+03  0.3014839609E+03
L5 0.9638078088E+03  0.1815396314E+03  0.3114792900E+03  0.3671188394E+03
L6 0.8601377608E+03  -.1006013209E+05  0.1529319382E+04  -.1166379047E+05
L7 0.0000000000E+00  0.5177692648E+01  0.7971266852E+01  0.1021605971E+02
L8 0.3374073854E+01  0.4486432033E+02  0.2735579578E+01  0.0000000000E+00
L9 0.0000000000E+00  0.0000000000E+00  0.0000000000E+00  0.9811014314E+00  0.0000000000E+00
L0     6000  0.1200000000E+02  -.8072588394E+04  0.1875028253E+04
L1 0.2989723745E+03  0.2989723745E+03  -.9947616647E+10  0.1000000000E+01
L2 0.1000000000E+01  0.3465865880E+02  0.3465865880E+02  0.3465865880E+02
L3 0.3204814747E+05  0.3577138677E+03  0.2580879357E+03  0.1974760808E+03
L4 0.2710926281E+03  0.3143517810E+03  0.3150779051E+03  0.3158841539E+03
L5 0.9453138401E+03  0.2318439277E+03  0.2555490933E+03  0.2703356612E+03
L6 0.7577286823E+03  -.9947616647E+04  0.1505220968E+04  -.1152426815E+05
L7 0.0000000000E+00  0.1667169132E+01  0.1009560872E+02  0.1214284718E+02
L8 0.2621502771E+01  0.4299922823E+02  0.1904180023E+01  0.0000000000E+00
L9 0.0000000000E+00  0.0000000000E+00  0.0000000000E+00  0.9811053046E+00  0.0000000000E+00
L0     7000  0.1400000000E+02  -.8186459896E+04  0.1834499181E+04
L1 0.2925100331E+03  0.2925100331E+03  -.1002095908E+11  0.1000000000E+01
L2 0.1000000000E+01  0.3459355292E+02  0.3459355292E+02  0.3459355292E+02
L3 0.3186800999E+05  -.5205425427E+03  0.1200674288E+04  -.3700359560E+01
L4 0.2254771287E+03  0.3143696525E+03  0.3118682950E+03  0.3220511113E+03
L5 0.9482890588E+03  0.4337595980E+03  0.3648554323E+02  0.3228998137E+03
L6 0.7931449549E+03  -.1002095908E+05  0.1531946413E+04  -.1162869528E+05
L7 0.0000000000E+00  0.3436972471E+01  0.8978622497E+01  0.1200175663E+02
L8 0.3125395422E+01  0.4607290995E+02  0.2174132208E+01  0.0000000000E+00
L9 0.0000000000E+00  0.0000000000E+00  0.0000000000E+00  0.9866511119E+00  0.0000000000E+00
L0     8000  0.1600000000E+02  -.8083912777E+04  0.1894270088E+04
L1 0.3020404761E+03  0.3020404761E+03  -.9978182865E+10  0.1000000000E+01
L2 0.1000000000E+01  0.3462917988E+02  0.3462917988E+02  0.3462917988E+02
L3 0.3196760102E+05  0.2782205873E+03  0.1732835027E+03  -.8582945996E+03
L4 -.1355968365E+03  0.3227334184E+03  0.3130282483E+03  0.2925529357E+03
L5 0.9283146024E+03  0.2587222301E+03  0.2731603038E+03  0.4900237906E+03
L6 0.1021906325E+04  -.9978182865E+04  0.1457305225E+04  -.1151808703E+05
L7 0.0000000000E+00  0.1637246415E+01  0.8863364008E+01  0.1379187559E+02
L8 0.4878138938E+01  0.5053988280E+02  0.2888429280E+01  0.0000000000E+00
L9 0.0000000000E+00  0.0000000000E+00  0.0000000000E+00  0.9835773247E+00  0.0000000000E+00
L0     9000  0.1800000000E+02  -.8075559082E+04  0.1927759766E+04
L1 0.3073803896E+03  0.3073803896E+03  -.1000331885E+11  0.1000000000E+01
L2 0.1000000000E+01  0.3461980333E+02  0.3461980333E+02  0.3461980333E+02
L3 0.3194119673E+05  -.1803938207E+03  -.1812883686E+03  0.4220826996E+03
L4 0.2013350343E+02  0.3206881826E+03  0.3156461633E+03  0.3150973624E+03
L5 0.9514317083E+03  0.3621577420E+03  0.3573213645E+03  0.2180675224E+03
L6 0.9375466288E+03  -.1000331885E+05  0.1483293549E+04  -.1156346278E+05
L7 0.0000000000E+00  0.2894334201E+01  0.9974667730E+01  0.1047457674E+02
L8 0.3262117367E+01  0.4521833124E+02  0.5026355123E+01  0.0000000000E+00
L9 0.0000000000E+00  0.0000000000E+00  0.0000000000E+00  0.9843904021E+00  0.0000000000E+00
L0    10000  0.2000000000E+02  -.8036733861E+04  0.1921126687E+04
L1 0.3063227482E+03  0.3063227482E+03  -.9957860547E+10  0.1000000000E+01
L2 0.1000000000E+01  0.3451522419E+02  0.3451522419E+02  0.3451522419E+02
L3 0.3165163062E+05  0.4656660690E+03  0.5136781202E+03  0.1189019247E+03
L4 0.3660820380E+03  0.3032460237E+03  0.3084280884E+03  0.3182019525E+03
L5 0.9298760646E+03  0.1971675499E+03  0.1914124958E+03  0.2911161596E+03
L6 0.6796962053E+03  -.9957860547E+04  0.1492699575E+04  -.1152334196E+05
L7 0.0000000000E+00  0.1758563473E+01  0.6552611948E+01  0.1171923430E+02
L8 0.4292279823E+01  0.4713287928E+02  0.1326272851E+01  0.0000000000E+00
L9 0.0000000000E+00  0.0000000000E+00  0.0000000000E+00  0.9933961338E+00  0.0000000000E+00
