L0  Nsteps           time(ps)         Etot             EKinetic        
L1  Temp             T_solute         T_solv           Pres_scal_solu  
L2  Pres_scal_solv   BoxX             BoxY             BoxZ            
L3  volume           pres_X           pres_Y           pres_Z          
L4  Pressure         EKCoM_x          EKCoM_y          EKCoM_z         
L5  EKComTot         VIRIAL_x         VIRIAL_y         VIRIAL_z        
L6  VIRIAL_tot       E_pot            E_vdw            E_el            
L7  E_hbon           E_bon            E_angle          E_dih           
L8  E_14vdw          E_14el           E_const          E_pol           
L9  AV_permMoment    AV_indMoment     AV_totMoment     Density          dV/dlambda      
L0     1000  0.2000000000E+01  -.7442543738E+04  0.1751426534E+04
L1 0.2994759160E+03  0.2994759160E+03  -.9193970272E+10  0.1000000000E+01
L2 0.1000000000E+01  0.3476365270E+02  0.3476365270E+02  0.3476365270E+02
L3 0.3234368374E+05  -.1385970297E+04  -.3818093372E+03  -.9502795683E+03
L4 -.9060197343E+03  0.2823512723E+03  0.2686033953E+03  0.2922348349E+03
L5 0.8431895024E+03  0.6049777337E+03  0.3574810542E+03  0.5134411155E+03
L6 0.1475899903E+04  -.9193970272E+04  0.1343685326E+04  -.1061326190E+05
L7 0.0000000000E+00  0.3272850958E+01  0.1131522461E+02  0.1112422897E+02
L8 0.2941827977E+01  0.4197573593E+02  0.4976428739E+01  0.0000000000E+00
L9 0.0000000000E+00  0.0000000000E+00  0.0000000000E+00  0.9064680721E+00  0.0000000000E+00
L0     2000  0.4000000000E+01  -.7481079341E+04  0.1719008648E+04
L1 0.2939327911E+03  0.2939327911E+03  -.9200087989E+10  0.1000000000E+01
L2 0.1000000000E+01  0.3426116398E+02  0.3426116398E+02  0.3426116398E+02
L3 0.3095958393E+05  0.4514866073E+03  -.1886164407E+03  -.1083784522E+04
L4 -.2736381186E+03  0.2806340193E+03  0.2976311570E+03  0.2716137889E+03
L5 0.8498789652E+03  0.1800343466E+03  0.3396584329E+03  0.5131012803E+03
L6 0.1032794060E+04  -.9200087989E+04  0.1370136221E+04  -.1064552981E+05
L7 0.0000000000E+00  0.5286909089E+01  0.1025126590E+02  0.1037729592E+02
L8 0.2511470988E+01  0.4365247012E+02  0.3226193005E+01  0.0000000000E+00
L9 0.0000000000E+00  0.0000000000E+00  0.0000000000E+00  0.9469932386E+00  0.0000000000E+00
L0     3000  0.6000000000E+01  -.7560112463E+04  0.1780152202E+04
L1 0.3043877098E+03  0.3043877098E+03  -.9340264665E+10  0.1000000000E+01
L2 0.1000000000E+01  0.3397621301E+02  0.3397621301E+02  0.3397621301E+02
L3 0.3019221771E+05  0.1925261845E+03  0.2760606022E+03  0.1565203987E+03
L4 0.2083690618E+03  0.2983695988E+03  0.3188273353E+03  0.2951548968E+03
L5 0.9123518309E+03  0.2565344423E+03  0.2588404897E+03  0.2611436510E+03
L6 0.7765185829E+03  -.9340264665E+04  0.1443772547E+04  -.1085510769E+05
L7 0.0000000000E+00  0.1402854402E+01  0.8844568632E+01  0.1289590568E+02
L8 0.2275192652E+01  0.4375690207E+02  0.1895051410E+01  0.0000000000E+00
L9 0.0000000000E+00  0.0000000000E+00  0.0000000000E+00  0.9710620442E+00  0.0000000000E+00
L0     4000  0.8000000000E+01  -.7634263709E+04  0.1740782042E+04
L1 0.2976558175E+03  0.2976558175E+03  -.9375045751E+10  0.1000000000E+01
L2 0.1000000000E+01  0.3381114840E+02  0.3381114840E+02  0.3381114840E+02
L3 0.2975506072E+05  -.3852643111E+03  0.6092576225E+02  0.9969578895E+02
L4 -.7488091996E+02  0.2824222423E+03  0.2922764922E+03  0.2972832297E+03
L5 0.8719819643E+03  0.3649264696E+03  0.2792292600E+03  0.2759334089E+03
L6 0.9200891385E+03  -.9375045751E+04  0.1407818036E+04  -.1085534069E+05
L7 0.0000000000E+00  0.1846978039E+01  0.8269831635E+01  0.1228611144E+02
L8 0.2774427903E+01  0.4509201664E+02  0.2207540019E+01  0.0000000000E+00
L9 0.0000000000E+00  0.0000000000E+00  0.0000000000E+00  0.9853287455E+00  0.0000000000E+00
L0     5000  0.1000000000E+02  -.7628644514E+04  0.1747194341E+04
L1 0.2987522546E+03  0.2987522546E+03  -.9375838855E+10  0.1000000000E+01
L2 0.1000000000E+01  0.3380910034E+02  0.3380910034E+02  0.3380910034E+02
L3 0.2974970112E+05  0.1230583380E+02  -.2026139443E+03  -.8766487065E+02
L4 -.9265766038E+02  0.3057048173E+03  0.3023131153E+03  0.2857962952E+03
L5 0.8938142277E+03  0.3030700016E+03  0.3456950102E+03  0.3045663172E+03
L6 0.9533313290E+03  -.9375838855E+04  0.1386287199E+04  -.1083438617E+05
L7 0.0000000000E+00  0.2445035837E+01  0.5627951926E+01  0.1074151347E+02
L8 0.3608852467E+01  0.4586623311E+02  0.3970525782E+01  0.0000000000E+00
L9 0.0000000000E+00  0.0000000000E+00  0.0000000000E+00  0.9855062587E+00  0.0000000000E+00
L0     6000  0.1200000000E+02  -.7587131205E+04  0.1716305082E+04
L1 0.2934705092E+03  0.2934705092E+03  -.9303436287E+10  0.1000000000E+01
L2 0.1000000000E+01  0.3378771729E+02  0.3378771729E+02  0.3378771729E+02
L3 0.2969179962E+05  0.4175241005E+03  0.6165989901E+03  0.3759974479E+03
L4 0.4700401795E+03  0.2810058908E+03  0.3026059014E+03  0.2712721916E+03
L5 0.8548839838E+03  0.1917833370E+03  0.1708421624E+03  0.1909236500E+03
L6 0.5535491494E+03  -.9303436287E+04  0.1422152272E+04  -.1080335712E+05
L7 0.0000000000E+00  0.2378759185E+01  0.7904587108E+01  0.1134275438E+02
L8 0.4950387539E+01  0.4866889180E+02  0.2523184027E+01  0.0000000000E+00
L9 0.0000000000E+00  0.0000000000E+00  0.0000000000E+00  0.9874280787E+00  0.0000000000E+00
L0     7000  0.1400000000E+02  -.7553023907E+04  0.1748875985E+04
L1 0.2990397984E+03  0.2990397984E+03  -.9301899892E+10  0.1000000000E+01
L2 0.1000000000E+01  0.3387127260E+02  0.3387127260E+02  0.3387127260E+02
L3 0.2991316754E+05  0.1792183564E+03  0.3909683471E+03  0.2284913601E+03
L4 0.2662260212E+03  0.2790574214E+03  0.2867619855E+03  0.2906039920E+03
L5 0.8564233989E+03  0.2404739345E+03  0.2025913548E+03  0.2414126392E+03
L6 0.6844779285E+03  -.9301899892E+04  0.1425207781E+04  -.1080701237E+05
L7 0.0000000000E+00  0.3226329712E+01  0.7667347696E+01  0.1184266016E+02
L8 0.3203747015E+01  0.4862163965E+02  0.5342968549E+01  0.0000000000E+00
L9 0.0000000000E+00  0.0000000000E+00  0.0000000000E+00  0.9801207647E+00  0.0000000000E+00
L0     8000  0.1600000000E+02  -.7580620305E+04  0.1748942826E+04
L1 0.2990512275E+03  0.2990512275E+03  -.9329563130E+10  0.1000000000E+01
L2 0.1000000000E+01  0.3383817932E+02  0.3383817932E+02  0.3383817932E+02
L3 0.2982601931E+05  -.6077215291E+03  0.2422095469E+03  0.6630554882E+03
L4 0.9918116867E+02  0.2666149425E+03  0.2963521022E+03  0.3048547557E+03
L5 0.8678218004E+03  0.3970686711E+03  0.2443593111E+03  0.1625230189E+03
L6 0.8039510012E+03  -.9329563130E+04  0.1410320854E+04  -.1081454659E+05
L7 0.0000000000E+00  0.3398602462E+01  0.5661520104E+01  0.1106757867E+02
L8 0.3551669443E+01  0.4937980857E+02  0.1603427894E+01  0.0000000000E+00
L9 0.0000000000E+00  0.0000000000E+00  0.0000000000E+00  0.9829845661E+00  0.0000000000E+00
L0     9000  0.1800000000E+02  -.7677799987E+04  0.1705772995E+04
L1 0.2916696307E+03  0.2916696307E+03  -.9383572983E+10  0.1000000000E+01
L2 0.1000000000E+01  0.3381976724E+02  0.3381976724E+02  0.3381976724E+02
L3 0.2977865825E+05  -.3860067713E+03  -.7505462150E+03  -.3345634622E+02
L4 -.3900031108E+03  0.2953650547E+03  0.2779562116E+03  0.2452358839E+03
L5 0.8185571502E+03  0.3780938364E+03  0.4388129079E+03  0.2524062316E+03
L6 0.1069312976E+04  -.9383572983E+04  0.1376176364E+04  -.1083854232E+05
L7 0.0000000000E+00  0.1864174011E+01  0.8410001721E+01  0.1102734887E+02
L8 0.4181189713E+01  0.5016181527E+02  0.3148441852E+01  0.0000000000E+00
L9 0.0000000000E+00  0.0000000000E+00  0.0000000000E+00  0.9845479404E+00  0.0000000000E+00
L0    10000  0.2000000000E+02  -.7681449746E+04  0.1735440247E+04
L1 0.2967424256E+03  0.2967424256E+03  -.9416889993E+10  0.1000000000E+01
L2 0.1000000000E+01  0.3385292852E+02  0.3385292852E+02  0.3385292852E+02
L3 0.2986475120E+05  -.8598560534E+02  -.2016750620E+03  0.9076367050E+03
L4 0.2066586792E+03  0.3040540950E+03  0.2920079137E+03  0.2734561742E+03
L5 0.8695181829E+03  0.3225357660E+03  0.3353557755E+03  0.7836953295E+02
L6 0.7362610744E+03  -.9416889993E+04  0.1449784639E+04  -.1094523338E+05
L7 0.0000000000E+00  0.4144076135E+01  0.6411053297E+01  0.1063595577E+02
L8 0.2963940072E+01  0.5038528341E+02  0.4018439496E+01  0.0000000000E+00
L9 0.0000000000E+00  0.0000000000E+00  0.0000000000E+00  0.9817097237E+00  0.0000000000E+00
