L0  Nsteps           time(ps)         Etot             EKinetic        
L1  Temp             T_solute         T_solv           Pres_scal_solu  
L2  Pres_scal_solv   BoxX             BoxY             BoxZ            
L3  volume           pres_X           pres_Y           pres_Z          
L4  Pressure         EKCoM_x          EKCoM_y          EKCoM_z         
L5  EKComTot         VIRIAL_x         VIRIAL_y         VIRIAL_z        
L6  VIRIAL_tot       E_pot            E_vdw            E_el            
L7  E_hbon           E_bon            E_angle          E_dih           
L8  E_14vdw          E_14el           E_const          E_pol           
L9  AV_permMoment    AV_indMoment     AV_totMoment     Density          dV/dlambda      
L0     1000  0.2000000000E+01  -.7282410185E+04  0.1618667616E+04
L1 0.2891552422E+03  0.2891552422E+03  -.8901077801E+10  0.1000000000E+01
L2 0.1000000000E+01  0.3438640184E+02  0.3438640184E+02  0.3438640184E+02
L3 0.3130342391E+05  -.1617689144E+04  -.7550506417E+03  -.1767473652E+04
L4 -.1380071146E+04  0.2808426373E+03  0.2610643905E+03  0.2682592865E+03
L5 0.8101663143E+03  0.6452972856E+03  0.4311722985E+03  0.6664593922E+03
L6 0.1742928976E+04  -.8901077801E+04  0.1276413111E+04  -.1024715117E+05
L7 0.0000000000E+00  0.3263783116E+01  0.7868139430E+01  0.8927175751E+01
L8 0.2933754149E+01  0.4483596910E+02  0.1831436817E+01  0.0000000000E+00
L9 0.0000000000E+00  0.0000000000E+00  0.0000000000E+00  0.8964518477E+00  0.0000000000E+00
L0     2000  0.4000000000E+01  -.7144879988E+04  0.1659312639E+04
L1 0.2964159802E+03  0.2964159802E+03  -.8804192627E+10  0.1000000000E+01
L2 0.1000000000E+01  0.3376810164E+02  0.3376810164E+02  0.3376810164E+02
L3 0.2964226543E+05  -.1106411681E+04  0.1530783778E+03  -.7494492955E+02
L4 -.3427594108E+03  0.2720520552E+03  0.2639955954E+03  0.2825747696E+03
L5 0.8186224202E+03  0.5080915758E+03  0.2313381791E+03  0.2985633619E+03
L6 0.1037993117E+04  -.8804192627E+04  0.1297853708E+04  -.1017329742E+05
L7 0.0000000000E+00  0.4457068797E+01  0.7010338593E+01  0.1092565420E+02
L8 0.2435955935E+01  0.4369550212E+02  0.2726566905E+01  0.0000000000E+00
L9 0.0000000000E+00  0.0000000000E+00  0.0000000000E+00  0.9466891885E+00  0.0000000000E+00
L0     3000  0.6000000000E+01  -.7254712522E+04  0.1615392891E+04
L1 0.2885702526E+03  0.2885702526E+03  -.8870105414E+10  0.1000000000E+01
L2 0.1000000000E+01  0.3358075788E+02  0.3358075788E+02  0.3358075788E+02
L3 0.2915141605E+05  -.5786496346E+03  -.4730649815E+03  0.2772403288E+03
L4 -.2581580958E+03  0.2792574305E+03  0.2620792514E+03  0.2542532841E+03
L5 0.7955899660E+03  0.4006611294E+03  0.3613307417E+03  0.1960868231E+03
L6 0.9580786942E+03  -.8870105414E+04  0.1309487022E+04  -.1026156511E+05
L7 0.0000000000E+00  0.3668803394E+01  0.9010056250E+01  0.1234760669E+02
L8 0.4879378117E+01  0.4943528287E+02  0.2631549913E+01  0.0000000000E+00
L9 0.0000000000E+00  0.0000000000E+00  0.0000000000E+00  0.9626294711E+00  0.0000000000E+00
L0     4000  0.8000000000E+01  -.7303284783E+04  0.1660364347E+04
L1 0.2966038552E+03  0.2966038552E+03  -.8963649130E+10  0.1000000000E+01
L2 0.1000000000E+01  0.3335113058E+02  0.3335113058E+02  0.3335113058E+02
L3 0.2855655906E+05  0.6008575602E+03  0.2278711939E+01  -.2948272425E+03
L4 0.1027696766E+03  0.2664939424E+03  0.2754493705E+03  0.2586947506E+03
L5 0.8006380636E+03  0.1430033183E+03  0.2749810407E+03  0.3192888125E+03
L6 0.7372731715E+03  -.8963649130E+04  0.1367799894E+04  -.1039961138E+05
L7 0.0000000000E+00  0.2173051962E+01  0.4424945933E+01  0.1075270916E+02
L8 0.3242707346E+01  0.4450163061E+02  0.3067307399E+01  0.0000000000E+00
L9 0.0000000000E+00  0.0000000000E+00  0.0000000000E+00  0.9826818474E+00  0.0000000000E+00
L0     5000  0.1000000000E+02  -.7245533367E+04  0.1686830032E+04
L1 0.3013316272E+03  0.3013316272E+03  -.8932363399E+10  0.1000000000E+01
L2 0.1000000000E+01  0.3332762754E+02  0.3332762754E+02  0.3332762754E+02
L3 0.2849614051E+05  -.4117665320E+03  0.3605401915E+03  0.4638448532E+03
L4 0.1375395042E+03  0.2702181737E+03  0.2690516465E+03  0.2809965440E+03
L5 0.8202663642E+03  0.3546670097E+03  0.1951087755E+03  0.1858670108E+03
L6 0.7356427961E+03  -.8932363399E+04  0.1343402698E+04  -.1034488088E+05
L7 0.0000000000E+00  0.3395841099E+01  0.6915897157E+01  0.1075284484E+02
L8 0.1823921723E+01  0.4382101737E+02  0.2405262588E+01  0.0000000000E+00
L9 0.0000000000E+00  0.0000000000E+00  0.0000000000E+00  0.9847653650E+00  0.0000000000E+00
L0     6000  0.1200000000E+02  -.7233045019E+04  0.1745487085E+04
L1 0.3118099949E+03  0.3118099949E+03  -.8978532104E+10  0.1000000000E+01
L2 0.1000000000E+01  0.3326964110E+02  0.3326964110E+02  0.3326964110E+02
L3 0.2834866310E+05  0.1226801579E+03  -.3880370067E+03  -.5137699091E+03
L4 -.2597089193E+03  0.2889729482E+03  0.3068808333E+03  0.2909950230E+03
L5 0.8868488045E+03  0.2639427961E+03  0.3860511366E+03  0.3958183228E+03
L6 0.1045812256E+04  -.8978532104E+04  0.1293266429E+04  -.1035183670E+05
L7 0.0000000000E+00  0.2369926343E+01  0.8431637421E+01  0.1161153405E+02
L8 0.3486425576E+01  0.5174287056E+02  0.2395775434E+01  0.0000000000E+00
L9 0.0000000000E+00  0.0000000000E+00  0.0000000000E+00  0.9898883805E+00  0.0000000000E+00
L0     7000  0.1400000000E+02  -.7282751926E+04  0.1686449758E+04
L1 0.3012636959E+03  0.3012636959E+03  -.8969201684E+10  0.1000000000E+01
L2 0.1000000000E+01  0.3326248807E+02  0.3326248807E+02  0.3326248807E+02
L3 0.2833067555E+05  -.6943396250E+03  -.2767634986E+03  -.1564766075E+03
L4 -.3758599104E+03  0.2786754619E+03  0.2902440619E+03  0.2749322073E+03
L5 0.8438517312E+03  0.4202501003E+03  0.3466756565E+03  0.3068375146E+03
L6 0.1073763271E+04  -.8969201684E+04  0.1280988040E+04  -.1032371441E+05
L7 0.0000000000E+00  0.3348300010E+01  0.7934072958E+01  0.1218531522E+02
L8 0.3178803838E+01  0.4406765429E+02  0.2810538812E+01  0.0000000000E+00
L9 0.0000000000E+00  0.0000000000E+00  0.0000000000E+00  0.9905168749E+00  0.0000000000E+00
L0     8000  0.1600000000E+02  -.7264714412E+04  0.1635200085E+04
L1 0.2921085664E+03  0.2921085664E+03  -.8899914497E+10  0.1000000000E+01
L2 0.1000000000E+01  0.3323983888E+02  0.3323983888E+02  0.3323983888E+02
L3 0.2827103468E+05  0.2423694254E+03  0.2954643984E+03  0.4844821335E+03
L4 0.3407719858E+03  0.2574013583E+03  0.2901694696E+03  0.2905295677E+03
L5 0.8381003956E+03  0.2080866900E+03  0.2300516194E+03  0.1919524650E+03
L6 0.6300907744E+03  -.8899914497E+04  0.1345022284E+04  -.1032525537E+05
L7 0.0000000000E+00  0.2860327781E+01  0.4739554101E+01  0.1389820241E+02
L8 0.5578664549E+01  0.5132465061E+02  0.1917188167E+01  0.0000000000E+00
L9 0.0000000000E+00  0.0000000000E+00  0.0000000000E+00  0.9926064794E+00  0.0000000000E+00
L0     9000  0.1800000000E+02  -.7251514338E+04  0.1689246597E+04
L1 0.3017633171E+03  0.3017633171E+03  -.8940760935E+10  0.1000000000E+01
L2 0.1000000000E+01  0.3339206181E+02  0.3339206181E+02  0.3339206181E+02
L3 0.2866147927E+05  -.2830162449E+03  0.5969019084E+02  0.9419684434E+03
L4 0.2395474631E+03  0.2827465568E+03  0.2775266179E+03  0.2814467468E+03
L5 0.8417199214E+03  0.3411268868E+03  0.2652137803E+03  0.8713836487E+02
L6 0.6934790320E+03  -.8940760935E+04  0.1373726736E+04  -.1038721559E+05
L7 0.0000000000E+00  0.1556768240E+01  0.6157362616E+01  0.1182332914E+02
L8 0.2272335329E+01  0.4767902056E+02  0.3239106304E+01  0.0000000000E+00
L9 0.0000000000E+00  0.0000000000E+00  0.0000000000E+00  0.9790845736E+00  0.0000000000E+00
L0    10000  0.2000000000E+02  -.7255537506E+04  0.1669380332E+04
L1 0.2982144509E+03  0.2982144509E+03  -.8924917838E+10  0.1000000000E+01
L2 0.1000000000E+01  0.3330348933E+02  0.3330348933E+02  0.3330348933E+02
L3 0.2843360568E+05  0.2497546914E+03  0.1960014809E+03  0.7509928356E+03
L4 0.3989163360E+03  0.2677724406E+03  0.2918251516E+03  0.2690374348E+03
L5 0.8286350270E+03  0.2166628772E+03  0.2517155943E+03  0.1153549725E+03
L6 0.5837334439E+03  -.8924917838E+04  0.1367086384E+04  -.1037344846E+05
L7 0.0000000000E+00  0.3638712304E+01  0.1121279088E+02  0.1318107593E+02
L8 0.2836428777E+01  0.4761852558E+02  0.2956699535E+01  0.0000000000E+00
L9 0.0000000000E+00  0.0000000000E+00  0.0000000000E+00  0.9869311871E+00  0.0000000000E+00
