L0  Nsteps           time(ps)         Etot             EKinetic        
L1  Temp             T_solute         T_solv           Pres_scal_solu  
L2  Pres_scal_solv   BoxX             BoxY             BoxZ            
L3  volume           pres_X           pres_Y           pres_Z          
L4  Pressure         EKCoM_x          EKCoM_y          EKCoM_z         
L5  EKComTot         VIRIAL_x         VIRIAL_y         VIRIAL_z        
L6  VIRIAL_tot       E_pot            E_vdw            E_el            
L7  E_hbon           E_bon            E_angle          E_dih           
L8  E_14vdw          E_14el           E_const          E_pol           
L9  AV_permMoment    AV_indMoment     AV_totMoment     Density          dV/dlambda      
L0     1000  0.2000000000E+01  -.7504568957E+04  0.1758104745E+04
L1 0.2975843420E+03  0.2975843420E+03  -.9262673702E+10  0.1000000000E+01
L2 0.1000000000E+01  0.3498336893E+02  0.3498336893E+02  0.3498336893E+02
L3 0.3296062269E+05  -.6795602703E+03  -.7902788863E+03  -.1034771975E+04
L4 -.8348703771E+03  0.2640791097E+03  0.3053941333E+03  0.3050623547E+03
L5 0.8745355976E+03  0.4252846517E+03  0.4928643869E+03  0.5505313504E+03
L6 0.1468680389E+04  -.9262673702E+04  0.1356840758E+04  -.1069526969E+05
L7 0.0000000000E+00  0.2839358611E+01  0.8089875488E+01  0.1025357711E+02
L8 0.3274554051E+01  0.4639774644E+02  0.4900118341E+01  0.0000000000E+00
L9 0.0000000000E+00  0.0000000000E+00  0.0000000000E+00  0.8985778166E+00  0.0000000000E+00
L0     2000  0.4000000000E+01  -.7500451679E+04  0.1785227531E+04
L1 0.3021752609E+03  0.3021752609E+03  -.9285679211E+10  0.1000000000E+01
L2 0.1000000000E+01  0.3446385258E+02  0.3446385258E+02  0.3446385258E+02
L3 0.3151193218E+05  0.6628105111E+03  -.5284825626E+03  -.5515017157E+03
L4 -.1390579224E+03  0.2871345224E+03  0.2871369460E+03  0.2978983490E+03
L5 0.8721698174E+03  0.1368130572E+03  0.4069936348E+03  0.4229756442E+03
L6 0.9667823362E+03  -.9285679211E+04  0.1408804681E+04  -.1077288940E+05
L7 0.0000000000E+00  0.1753007799E+01  0.8985851074E+01  0.1482338498E+02
L8 0.3593642409E+01  0.4652451519E+02  0.2725106104E+01  0.0000000000E+00
L9 0.0000000000E+00  0.0000000000E+00  0.0000000000E+00  0.9398879194E+00  0.0000000000E+00
L0     3000  0.6000000000E+01  -.7620460356E+04  0.1776837677E+04
L1 0.3007551583E+03  0.3007551583E+03  -.9397298033E+10  0.1000000000E+01
L2 0.1000000000E+01  0.3417814786E+02  0.3417814786E+02  0.3417814786E+02
L3 0.3073608067E+05  -.4357587158E+03  -.1114117230E+04  -.3659870298E+03
L4 -.6386209918E+03  0.2975060918E+03  0.2976681226E+03  0.2842128756E+03
L5 0.8793870901E+03  0.3939003465E+03  0.5441221718E+03  0.3651729246E+03
L6 0.1303195443E+04  -.9397298033E+04  0.1338208265E+04  -.1080985895E+05
L7 0.0000000000E+00  0.2855570575E+01  0.8415138412E+01  0.1154219524E+02
L8 0.2543282090E+01  0.4518887606E+02  0.3807593184E+01  0.0000000000E+00
L9 0.0000000000E+00  0.0000000000E+00  0.0000000000E+00  0.9636129178E+00  0.0000000000E+00
L0     4000  0.8000000000E+01  -.7639924098E+04  0.1749221956E+04
L1 0.2960808030E+03  0.2960808030E+03  -.9389146054E+10  0.1000000000E+01
L2 0.1000000000E+01  0.3399102791E+02  0.3399102791E+02  0.3399102791E+02
L3 0.3023208325E+05  0.4259573546E+02  0.2425880866E+03  -.5333919584E+02
L4 0.7728154209E+02  0.3110709671E+03  0.3045064685E+03  0.2851450109E+03
L5 0.9007224465E+03  0.3018028657E+03  0.2517234620E+03  0.2967507050E+03
L6 0.8502770327E+03  -.9389146054E+04  0.1385243073E+04  -.1084901833E+05
L7 0.0000000000E+00  0.3694492305E+01  0.8113454247E+01  0.1045466960E+02
L8 0.3025581703E+01  0.4708457273E+02  0.2256428994E+01  0.0000000000E+00
L9 0.0000000000E+00  0.0000000000E+00  0.0000000000E+00  0.9796772563E+00  0.0000000000E+00
L0     5000  0.1000000000E+02  -.7689504179E+04  0.1726950615E+04
L1 0.2923110604E+03  0.2923110604E+03  -.9416454794E+10  0.1000000000E+01
L2 0.1000000000E+01  0.3398674575E+02  0.3398674575E+02  0.3398674575E+02
L3 0.3021911408E+05  0.9550148726E+03  0.5720526595E+03  0.4240346194E+03
L4 0.6503673839E+03  0.2934267170E+03  0.2931106255E+03  0.2989574875E+03
L5 0.8854948301E+03  0.8572100354E+02  0.1686951748E+03  0.2067344073E+03
L6 0.4611505857E+03  -.9416454794E+04  0.1493859130E+04  -.1099140962E+05
L7 0.0000000000E+00  0.2461169648E+01  0.9524656532E+01  0.1384400317E+02
L8 0.3394603780E+01  0.4804968913E+02  0.3821575272E+01  0.0000000000E+00
L9 0.0000000000E+00  0.0000000000E+00  0.0000000000E+00  0.9800977056E+00  0.0000000000E+00
L0     6000  0.1200000000E+02  -.7598536400E+04  0.1766823279E+04
L1 0.2990600784E+03  0.2990600784E+03  -.9365359679E+10  0.1000000000E+01
L2 0.1000000000E+01  0.3400329493E+02  0.3400329493E+02  0.3400329493E+02
L3 0.3026567900E+05  0.9120102172E+02  -.7746023967E+02  -.7293167860E+03
L4 -.2385253346E+03  0.2910686068E+03  0.3091184367E+03  0.2975667986E+03
L5 0.8977538420E+03  0.2712027772E+03  0.3259911854E+03  0.4564299637E+03
L6 0.1053623926E+04  -.9365359679E+04  0.1346920412E+04  -.1079188993E+05
L7 0.0000000000E+00  0.6994867403E+01  0.7574103917E+01  0.1015564813E+02
L8 0.4477904627E+01  0.4834033485E+02  0.2066977415E+01  0.0000000000E+00
L9 0.0000000000E+00  0.0000000000E+00  0.0000000000E+00  0.9785897872E+00  0.0000000000E+00
L0     7000  0.1400000000E+02  -.7664567117E+04  0.1773083546E+04
L1 0.3001197179E+03  0.3001197179E+03  -.9437650663E+10  0.1000000000E+01
L2 0.1000000000E+01  0.3385439277E+02  0.3385439277E+02  0.3385439277E+02
L3 0.2986949010E+05  0.6246422779E+03  -.1176398765E+04  0.1994495093E+03
L4 -.1174356593E+03  0.3036831641E+03  0.2994545094E+03  0.2896384791E+03
L5 0.8927761526E+03  0.1694017938E+03  0.5523487558E+03  0.2467621732E+03
L6 0.9685127228E+03  -.9437650663E+04  0.1374756834E+04  -.1088796717E+05
L7 0.0000000000E+00  0.7674857713E+01  0.7733912093E+01  0.1102325621E+02
L8 0.3136926754E+01  0.4498094880E+02  0.1009774653E+01  0.0000000000E+00
L9 0.0000000000E+00  0.0000000000E+00  0.0000000000E+00  0.9915698015E+00  0.0000000000E+00
L0     8000  0.1600000000E+02  -.7720169485E+04  0.1741521669E+04
L1 0.2947774194E+03  0.2947774194E+03  -.9461691154E+10  0.1000000000E+01
L2 0.1000000000E+01  0.3393065417E+02  0.3393065417E+02  0.3393065417E+02
L3 0.3007105033E+05  0.1800752890E+02  -.4893194678E+02  0.5168757298E+03
L4 0.1619837706E+03  0.2907753513E+03  0.2958973918E+03  0.2783164104E+03
L5 0.8649891535E+03  0.2868780920E+03  0.3064874336E+03  0.1664521598E+03
L6 0.7598176854E+03  -.9461691154E+04  0.1459065793E+04  -.1100323291E+05
L7 0.0000000000E+00  0.4817051852E+01  0.1321946521E+02  0.1051218352E+02
L8 0.2698322449E+01  0.4496709990E+02  0.6261840425E+01  0.0000000000E+00
L9 0.0000000000E+00  0.0000000000E+00  0.0000000000E+00  0.9849235076E+00  0.0000000000E+00
L0     9000  0.1800000000E+02  -.7706315587E+04  0.1699871964E+04
L1 0.2877276119E+03  0.2877276119E+03  -.9406187551E+10  0.1000000000E+01
L2 0.1000000000E+01  0.3391369331E+02  0.3391369331E+02  0.3391369331E+02
L3 0.3002790629E+05  -.3424760611E+03  -.9100889289E+03  -.4210954198E+03
L4 -.5578868033E+03  0.2417996141E+03  0.2755976676E+03  0.3115987711E+03
L5 0.8289960527E+03  0.3158132692E+03  0.4722800513E+03  0.4026031206E+03
L6 0.1190696441E+04  -.9406187551E+04  0.1320762921E+04  -.1080270310E+05
L7 0.0000000000E+00  0.5445448934E+01  0.6415354622E+01  0.1329241624E+02
L8 0.3094509379E+01  0.4436288303E+02  0.3142013828E+01  0.0000000000E+00
L9 0.0000000000E+00  0.0000000000E+00  0.0000000000E+00  0.9863386439E+00  0.0000000000E+00
L0    10000  0.2000000000E+02  -.7667498901E+04  0.1736750560E+04
L1 0.2939698410E+03  0.2939698410E+03  -.9404249460E+10  0.1000000000E+01
L2 0.1000000000E+01  0.3395712924E+02  0.3395712924E+02  0.3395712924E+02
L3 0.3014250989E+05  -.1275101985E+03  0.1975546416E+02  -.5377088418E+03
L4 -.2151545254E+03  0.2830069715E+03  0.2845232807E+03  0.2800692628E+03
L5 0.8475995150E+03  0.3106688019E+03  0.2802375663E+03  0.3967188402E+03
L6 0.9876252084E+03  -.9404249460E+04  0.1377556720E+04  -.1085360666E+05
L7 0.0000000000E+00  0.4581904697E+01  0.4844302232E+01  0.1122947553E+02
L8 0.3087242099E+01  0.4510823295E+02  0.2949323460E+01  0.0000000000E+00
L9 0.0000000000E+00  0.0000000000E+00  0.0000000000E+00  0.9825885264E+00  0.0000000000E+00
