L0  Nsteps           time(ps)         Etot             EKinetic        
L1  Temp             T_solute         T_solv           Pres_scal_solu  
L2  Pres_scal_solv   BoxX             BoxY             BoxZ            
L3  volume           pres_X           pres_Y           pres_Z          
L4  Pressure         EKCoM_x          EKCoM_y          EKCoM_z         
L5  EKComTot         VIRIAL_x         VIRIAL_y         VIRIAL_z        
L6  VIRIAL_tot       E_pot            E_vdw            E_el            
L7  E_hbon           E_bon            E_angle          E_dih           
L8  E_14vdw          E_14el           E_const          E_pol           
L9  AV_permMoment    AV_indMoment     AV_totMoment     Density          dV/dlambda      
L0     1000  0.2000000000E+01  -.6619069237E+04  0.1608133305E+04
L1 0.3065337928E+03  0.3065337928E+03  -.8227202542E+10  0.1000000000E+01
L2 0.1000000000E+01  0.3363965833E+02  0.3363965833E+02  0.3363965833E+02
L3 0.2930701313E+05  -.7026890716E+03  -.6301085291E+03  -.1660669473E+04
L4 -.9978223580E+03  0.2598620300E+03  0.2677454832E+03  0.2636953327E+03
L5 0.7913028458E+03  0.4080767501E+03  0.4006511495E+03  0.6139721068E+03
L6 0.1422700006E+04  -.8227202542E+04  0.1193968106E+04  -.9493857889E+04
L7 0.0000000000E+00  0.3383681466E+01  0.6484927951E+01  0.1166266438E+02
L8 0.3168452963E+01  0.4496445334E+02  0.3023061532E+01  0.0000000000E+00
L9 0.0000000000E+00  0.0000000000E+00  0.0000000000E+00  0.8972911200E+00  0.0000000000E+00
L0     2000  0.4000000000E+01  -.6792041296E+04  0.1569089548E+04
L1 0.2990914801E+03  0.2990914801E+03  -.8361130844E+10  0.1000000000E+01
L2 0.1000000000E+01  0.3303603681E+02  0.3303603681E+02  0.3303603681E+02
L3 0.2775691325E+05  -.7513770031E+03  -.5783363719E+03  -.9291427177E+03
L4 -.7529520309E+03  0.2504566561E+03  0.2575430983E+03  0.2467242564E+03
L5 0.7547240108E+03  0.4005583685E+03  0.3730766845E+03  0.4323380194E+03
L6 0.1205973072E+04  -.8361130844E+04  0.1224686688E+04  -.9659732860E+04
L7 0.0000000000E+00  0.2036265531E+01  0.1124931905E+02  0.1197633506E+02
L8 0.2967973773E+01  0.4260554876E+02  0.3079886396E+01  0.0000000000E+00
L9 0.0000000000E+00  0.0000000000E+00  0.0000000000E+00  0.9474008296E+00  0.0000000000E+00
L0     3000  0.6000000000E+01  -.6760359093E+04  0.1585690939E+04
L1 0.3022559488E+03  0.3022559488E+03  -.8346050033E+10  0.1000000000E+01
L2 0.1000000000E+01  0.3278240346E+02  0.3278240346E+02  0.3278240346E+02
L3 0.2712099270E+05  -.1371898830E+03  -.4142463967E+03  0.1615352408E+03
L4 -.1299670130E+03  0.2809350999E+03  0.2483279898E+03  0.2492220424E+03
L5 0.7784851322E+03  0.3077134767E+03  0.3291856000E+03  0.2176916450E+03
L6 0.8545907217E+03  -.8346050033E+04  0.1240192681E+04  -.9662760816E+04
L7 0.0000000000E+00  0.1781061974E+01  0.1008419347E+02  0.9974960411E+01
L8 0.3708108192E+01  0.4685106622E+02  0.4118711595E+01  0.0000000000E+00
L9 0.0000000000E+00  0.0000000000E+00  0.0000000000E+00  0.9696150479E+00  0.0000000000E+00
L0     4000  0.8000000000E+01  -.6743943694E+04  0.1558844041E+04
L1 0.2971385361E+03  0.2971385361E+03  -.8302787735E+10  0.1000000000E+01
L2 0.1000000000E+01  0.3266080511E+02  0.3266080511E+02  0.3266080511E+02
L3 0.2682055396E+05  0.1272653083E+03  -.6863283659E+03  -.1309965109E+03
L4 -.2300198562E+03  0.2806982325E+03  0.2425870449E+03  0.2540732633E+03
L5 0.7773585407E+03  0.2561322376E+03  0.3750688608E+03  0.2793594914E+03
L6 0.9105605899E+03  -.8302787735E+04  0.1210758332E+04  -.9595131956E+04
L7 0.0000000000E+00  0.5836207303E+01  0.1445485402E+02  0.1304448705E+02
L8 0.3041370788E+01  0.4268446008E+02  0.2524508768E+01  0.0000000000E+00
L9 0.0000000000E+00  0.0000000000E+00  0.0000000000E+00  0.9804764911E+00  0.0000000000E+00
L0     5000  0.1000000000E+02  -.6843550971E+04  0.1518022972E+04
L1 0.2893574418E+03  0.2893574418E+03  -.8361573944E+10  0.1000000000E+01
L2 0.1000000000E+01  0.3261501147E+02  0.3261501147E+02  0.3261501147E+02
L3 0.2670776464E+05  -.3168592259E+03  0.2666320777E+02  -.2332492677E+03
L4 -.1744817620E+03  0.2376218440E+03  0.2768173289E+03  0.2405094051E+03
L5 0.7549485780E+03  0.2985278999E+03  0.2716921797E+03  0.2853441197E+03
L6 0.8555641993E+03  -.8361573944E+04  0.1210449249E+04  -.9647544054E+04
L7 0.0000000000E+00  0.5507800053E+01  0.1272611994E+02  0.1061158150E+02
L8 0.2745838482E+01  0.4071867197E+02  0.3210848705E+01  0.0000000000E+00
L9 0.0000000000E+00  0.0000000000E+00  0.0000000000E+00  0.9846171327E+00  0.0000000000E+00
L0     6000  0.1200000000E+02  -.6795598998E+04  0.1541761303E+04
L1 0.2938823158E+03  0.2938823158E+03  -.8337360301E+10  0.1000000000E+01
L2 0.1000000000E+01  0.3257482325E+02  0.3257482325E+02  0.3257482325E+02
L3 0.2660982666E+05  0.5027475510E+03  -.3688876791E+03  -.1502013317E+04
L4 -.4560511484E+03  0.2351878026E+03  0.2565776218E+03  0.2614624638E+03
L5 0.7532278881E+03  0.1389050297E+03  0.3272244674E+03  0.5491177827E+03
L6 0.1015247280E+04  -.8337360301E+04  0.1176828292E+04  -.9588772430E+04
L7 0.0000000000E+00  0.7428133816E+01  0.9981043178E+01  0.7950984241E+01
L8 0.3238400446E+01  0.4336795690E+02  0.2617319031E+01  0.0000000000E+00
L9 0.0000000000E+00  0.0000000000E+00  0.0000000000E+00  0.9882410350E+00  0.0000000000E+00
L0     7000  0.1400000000E+02  -.6881620281E+04  0.1534373825E+04
L1 0.2924741542E+03  0.2924741542E+03  -.8415994106E+10  0.1000000000E+01
L2 0.1000000000E+01  0.3253426839E+02  0.3253426839E+02  0.3253426839E+02
L3 0.2650950594E+05  -.5158893415E+03  0.1734430511E+03  0.3173252092E+03
L4 -.8373693711E+01  0.2523566822E+03  0.2544546961E+03  0.2373378112E+03
L5 0.7441491895E+03  0.3507838002E+03  0.2213632978E+03  0.1767949713E+03
L6 0.7489420693E+03  -.8415994106E+04  0.1256789783E+04  -.9748325427E+04
L7 0.0000000000E+00  0.3626899903E+01  0.1297191673E+02  0.9043487573E+01
L8 0.2402248511E+01  0.4505571273E+02  0.2441272307E+01  0.0000000000E+00
L9 0.0000000000E+00  0.0000000000E+00  0.0000000000E+00  0.9919808653E+00  0.0000000000E+00
L0     8000  0.1600000000E+02  -.6790665833E+04  0.1570232455E+04
L1 0.2993093350E+03  0.2993093350E+03  -.8360898288E+10  0.1000000000E+01
L2 0.1000000000E+01  0.3257004838E+02  0.3257004838E+02  0.3257004838E+02
L3 0.2659696158E+05  -.1738937062E+03  -.8068106816E+03  0.1085960892E+04
L4 0.3508550132E+02  0.2692658919E+03  0.2567282005E+03  0.2700481972E+03
L5 0.7960422897E+03  0.3025527244E+03  0.4111683614E+03  0.6217294390E+02
L6 0.7758940296E+03  -.8360898288E+04  0.1240028157E+04  -.9671425504E+04
L7 0.0000000000E+00  0.4219745399E+01  0.1159856987E+02  0.1122276788E+02
L8 0.2932277807E+01  0.3928164705E+02  0.1244050464E+01  0.0000000000E+00
L9 0.0000000000E+00  0.0000000000E+00  0.0000000000E+00  0.9887190518E+00  0.0000000000E+00
L0     9000  0.1800000000E+02  -.6745572339E+04  0.1555328932E+04
L1 0.2964685048E+03  0.2964685048E+03  -.8300901270E+10  0.1000000000E+01
L2 0.1000000000E+01  0.3265095589E+02  0.3265095589E+02  0.3265095589E+02
L3 0.2679540566E+05  0.1903000315E+03  -.5907767303E+03  0.8293951575E+03
L4 0.1429728195E+03  0.2823995852E+03  0.2501796331E+03  0.2749085562E+03
L5 0.8074877744E+03  0.2457004545E+03  0.3641102102E+03  0.1149607043E+03
L6 0.7247713691E+03  -.8300901270E+04  0.1229231907E+04  -.9608707640E+04
L7 0.0000000000E+00  0.8150857518E+00  0.1084185958E+02  0.1023933729E+02
L8 0.4491573698E+01  0.4959929893E+02  0.2587308126E+01  0.0000000000E+00
L9 0.0000000000E+00  0.0000000000E+00  0.0000000000E+00  0.9813966981E+00  0.0000000000E+00
L0    10000  0.2000000000E+02  -.6900650595E+04  0.1530524631E+04
L1 0.2917404412E+03  0.2917404412E+03  -.8431175226E+10  0.1000000000E+01
L2 0.1000000000E+01  0.3258128684E+02  0.3258128684E+02  0.3258128684E+02
L3 0.2662550295E+05  -.1039568823E+04  -.2896455102E+03  0.1717893707E+03
L4 -.3858083210E+03  0.2414600124E+03  0.2640718244E+03  0.2593628931E+03
L5 0.7648947299E+03  0.4406684122E+03  0.3195754306E+03  0.2264435857E+03
L6 0.9866874285E+03  -.8431175226E+04  0.1220655446E+04  -.9724293800E+04
L7 0.0000000000E+00  0.3276002076E+01  0.1324187450E+02  0.9864844200E+01
L8 0.2098871976E+01  0.4076946897E+02  0.3212066723E+01  0.0000000000E+00
L9 0.0000000000E+00  0.0000000000E+00  0.0000000000E+00  0.9876591886E+00  0.0000000000E+00
