L0  Nsteps           time(ps)         Etot             EKinetic        
L1  Temp             T_solute         T_solv           Pres_scal_solu  
L2  Pres_scal_solv   BoxX             BoxY             BoxZ            
L3  volume           pres_X           pres_Y           pres_Z          
L4  Pressure         EKCoM_x          EKCoM_y          EKCoM_z         
L5  EKComTot         VIRIAL_x         VIRIAL_y         VIRIAL_z        
L6  VIRIAL_tot       E_pot            E_vdw            E_el            
L7  E_hbon           E_bon            E_angle          E_dih           
L8  E_14vdw          E_14el           E_const          E_pol           
L9  AV_permMoment    AV_indMoment     AV_totMoment     Density          dV/dlambda      
L0     1000  0.2000000000E+01  -.7002969422E+04  0.1618136457E+04
L1 0.2947097453E+03  0.2947097453E+03  -.8621105879E+10  0.1000000000E+01
L2 0.1000000000E+01  0.3396999565E+02  0.3396999565E+02  0.3396999565E+02
L3 0.3017831489E+05  -.1482385709E+03  -.1082613225E+04  -.1118457005E+04
L4 -.7831029334E+03  0.2654019088E+03  0.2764889865E+03  0.2682883611E+03
L5 0.8101792564E+03  0.2975987144E+03  0.5116281093E+03  0.5112126049E+03
L6 0.1320439429E+04  -.8621105879E+04  0.1261568075E+04  -.9957227985E+04
L7 0.0000000000E+00  0.4360824230E+01  0.9499958034E+01  0.1160827791E+02
L8 0.2530634491E+01  0.4394264748E+02  0.2611688868E+01  0.0000000000E+00
L9 0.0000000000E+00  0.0000000000E+00  0.0000000000E+00  0.9120293961E+00  0.0000000000E+00
L0     2000  0.4000000000E+01  -.7114367938E+04  0.1595744428E+04
L1 0.2906315051E+03  0.2906315051E+03  -.8710112366E+10  0.1000000000E+01
L2 0.1000000000E+01  0.3343130583E+02  0.3343130583E+02  0.3343130583E+02
L3 0.2876328022E+05  0.2908561862E+03  -.3955405127E+03  0.8791254384E+02
L4 -.5590594211E+01  0.2476062746E+03  0.2568083372E+03  0.2871725028E+03
L5 0.7915871145E+03  0.1873956271E+03  0.3386898701E+03  0.2689735734E+03
L6 0.7950590705E+03  -.8710112366E+04  0.1335635698E+04  -.1012264594E+05
L7 0.0000000000E+00  0.3113961653E+01  0.9328401410E+01  0.1217205425E+02
L8 0.2361448003E+01  0.4515099668E+02  0.4771014984E+01  0.0000000000E+00
L9 0.0000000000E+00  0.0000000000E+00  0.0000000000E+00  0.9568974782E+00  0.0000000000E+00
L0     3000  0.6000000000E+01  -.7104974731E+04  0.1627304927E+04
L1 0.2963795906E+03  0.2963795906E+03  -.8732279659E+10  0.1000000000E+01
L2 0.1000000000E+01  0.3323368676E+02  0.3323368676E+02  0.3323368676E+02
L3 0.2825542319E+05  -.5575925474E+03  0.4165070948E+03  0.1064543562E+04
L4 0.3078193699E+03  0.2537094443E+03  0.2697140101E+03  0.2793780307E+03
L5 0.8028014851E+03  0.3670996014E+03  0.1850145192E+03  0.6289600933E+02
L6 0.6150101299E+03  -.8732279659E+04  0.1349838520E+04  -.1015871576E+05
L7 0.0000000000E+00  0.1487296696E+01  0.9968983449E+01  0.1122455811E+02
L8 0.4539526893E+01  0.4777694880E+02  0.1600265929E+01  0.0000000000E+00
L9 0.0000000000E+00  0.0000000000E+00  0.0000000000E+00  0.9740965519E+00  0.0000000000E+00
L0     4000  0.8000000000E+01  -.7090797151E+04  0.1672506690E+04
L1 0.3046121472E+03  0.3046121472E+03  -.8763303841E+10  0.1000000000E+01
L2 0.1000000000E+01  0.3317294918E+02  0.3317294918E+02  0.3317294918E+02
L3 0.2810207719E+05  0.6526479473E+03  -.2563282527E+03  -.1015684156E+04
L4 -.2064548204E+03  0.2949630082E+03  0.2825020882E+03  0.2730159357E+03
L5 0.8504810321E+03  0.1629629938E+03  0.3343452499E+03  0.4784411176E+03
L6 0.9757493612E+03  -.8763303841E+04  0.1280102479E+04  -.1011938907E+05
L7 0.0000000000E+00  0.6356162649E+01  0.7203916726E+01  0.1169413353E+02
L8 0.2540359822E+01  0.4452990680E+02  0.3658268564E+01  0.0000000000E+00
L9 0.0000000000E+00  0.0000000000E+00  0.0000000000E+00  0.9794119530E+00  0.0000000000E+00
L0     5000  0.1000000000E+02  -.7083469423E+04  0.1670264711E+04
L1 0.3042038176E+03  0.3042038176E+03  -.8753734135E+10  0.1000000000E+01
L2 0.1000000000E+01  0.3317017004E+02  0.3317017004E+02  0.3317017004E+02
L3 0.2809460549E+05  -.1140498841E+03  0.2593041593E+03  -.2745886823E+03
L4 -.4311146905E+02  0.2615347290E+03  0.2727731417E+03  0.2874749924E+03
L5 0.8217828631E+03  0.2845955288E+03  0.2203420378E+03  0.3429966152E+03
L6 0.8479341818E+03  -.8753734135E+04  0.1307374823E+04  -.1014153371E+05
L7 0.0000000000E+00  0.4748259757E+01  0.6662538503E+01  0.1009814106E+02
L8 0.4091927244E+01  0.4843872395E+02  0.6385157491E+01  0.0000000000E+00
L9 0.0000000000E+00  0.0000000000E+00  0.0000000000E+00  0.9796724255E+00  0.0000000000E+00
L0     6000  0.1200000000E+02  -.7148393946E+04  0.1657201269E+04
L1 0.3018245846E+03  0.3018245846E+03  -.8805595215E+10  0.1000000000E+01
L2 0.1000000000E+01  0.3306142299E+02  0.3306142299E+02  0.3306142299E+02
L3 0.2781964343E+05  -.5198768601E+03  -.1676528166E+03  0.9227884483E+01
L4 -.2261005974E+03  0.2761522351E+03  0.2704221778E+03  0.2900040525E+03
L5 0.8365784655E+03  0.3802421436E+03  0.3039896775E+03  0.2881564426E+03
L6 0.9723882636E+03  -.8805595215E+04  0.1260410483E+04  -.1013951316E+05
L7 0.0000000000E+00  0.2930295797E+01  0.8516345774E+01  0.1077940867E+02
L8 0.2451069251E+01  0.4590296963E+02  0.2927374772E+01  0.0000000000E+00
L9 0.0000000000E+00  0.0000000000E+00  0.0000000000E+00  0.9893552509E+00  0.0000000000E+00
L0     7000  0.1400000000E+02  -.7094582195E+04  0.1688865742E+04
L1 0.3075916067E+03  0.3075916067E+03  -.8783447937E+10  0.1000000000E+01
L2 0.1000000000E+01  0.3302845082E+02  0.3302845082E+02  0.3302845082E+02
L3 0.2773632953E+05  0.7902017592E+03  -.3904224689E+03  -.8801036870E+03
L4 -.1601081323E+03  0.2846123298E+03  0.2848992235E+03  0.2686020299E+03
L5 0.8381135833E+03  0.1268717036E+03  0.3628356291E+03  0.4442889417E+03
L6 0.9339962743E+03  -.8783447937E+04  0.1255560762E+04  -.1011653730E+05
L7 0.0000000000E+00  0.7325305577E+00  0.9849979276E+01  0.9670275845E+01
L8 0.5982663328E+01  0.4999725939E+02  0.1295894589E+01  0.0000000000E+00
L9 0.0000000000E+00  0.0000000000E+00  0.0000000000E+00  0.9923270589E+00  0.0000000000E+00
L0     8000  0.1600000000E+02  -.7149211259E+04  0.1673594709E+04
L1 0.3048103070E+03  0.3048103070E+03  -.8822805968E+10  0.1000000000E+01
L2 0.1000000000E+01  0.3315687457E+02  0.3315687457E+02  0.3315687457E+02
L3 0.2806189152E+05  -.1059780919E+04  0.3405946277E+03  -.6753398598E+03
L4 -.4648420502E+03  0.2686810167E+03  0.2692531073E+03  0.2754159249E+03
L5 0.8133500488E+03  0.4827183923E+03  0.2004653239E+03  0.4118101255E+03
L6 0.1094993842E+04  -.8822805968E+04  0.1286557199E+04  -.1018273625E+05
L7 0.0000000000E+00  0.3576442645E+01  0.7896392133E+01  0.1190698697E+02
L8 0.2784100802E+01  0.4507591663E+02  0.2133246156E+01  0.0000000000E+00
L9 0.0000000000E+00  0.0000000000E+00  0.0000000000E+00  0.9808145073E+00  0.0000000000E+00
L0     9000  0.1800000000E+02  -.7182412268E+04  0.1660861473E+04
L1 0.3024912142E+03  0.3024912142E+03  -.8843273741E+10  0.1000000000E+01
L2 0.1000000000E+01  0.3303228292E+02  0.3303228292E+02  0.3303228292E+02
L3 0.2774682872E+05  -.7476112488E+03  0.1371868946E+03  -.8926909558E+03
L4 -.5010384367E+03  0.2725031161E+03  0.2773336598E+03  0.2636944959E+03
L5 0.8135312718E+03  0.4217982871E+03  0.2499379499E+03  0.4419615420E+03
L6 0.1113697779E+04  -.8843273741E+04  0.1261892979E+04  -.1017548650E+05
L7 0.0000000000E+00  0.2909551025E+01  0.8358813328E+01  0.8963675904E+01
L8 0.2471113928E+01  0.4532149710E+02  0.2295132341E+01  0.0000000000E+00
L9 0.0000000000E+00  0.0000000000E+00  0.0000000000E+00  0.9919515697E+00  0.0000000000E+00
L0    10000  0.2000000000E+02  -.7154485848E+04  0.1585006226E+04
L1 0.2886757659E+03  0.2886757659E+03  -.8739492074E+10  0.1000000000E+01
L2 0.1000000000E+01  0.3308903306E+02  0.3308903306E+02  0.3308903306E+02
L3 0.2788839066E+05  -.1878931383E+03  0.1213732790E+03  0.6047066184E+03
L4 0.1793955864E+03  0.2633670101E+03  0.2646993535E+03  0.2619857424E+03
L5 0.7900521059E+03  0.3010799990E+03  0.2403379043E+03  0.1406119965E+03
L6 0.6820298999E+03  -.8739492074E+04  0.1316544813E+04  -.1013178916E+05
L7 0.0000000000E+00  0.7943972380E+00  0.1495983061E+02  0.8915614058E+01
L8 0.3188155622E+01  0.4569318920E+02  0.2201082167E+01  0.0000000000E+00
L9 0.0000000000E+00  0.0000000000E+00  0.0000000000E+00  0.9869164070E+00  0.0000000000E+00
