L0  Nsteps           time(ps)         Etot             EKinetic        
L1  Temp             T_solute         T_solv           Pres_scal_solu  
L2  Pres_scal_solv   BoxX             BoxY             BoxZ            
L3  volume           pres_X           pres_Y           pres_Z          
L4  Pressure         EKCoM_x          EKCoM_y          EKCoM_z         
L5  EKComTot         VIRIAL_x         VIRIAL_y         VIRIAL_z        
L6  VIRIAL_tot       E_pot            E_vdw            E_el            
L7  E_hbon           E_bon            E_angle          E_dih           
L8  E_14vdw          E_14el           E_const          E_pol           
L9  AV_permMoment    AV_indMoment     AV_totMoment     Density          dV/dlambda      
L0     1000  0.2000000000E+01  -.7176093776E+04  0.1639909468E+04
L1 0.2929498402E+03  0.2929498402E+03  -.8816003243E+10  0.1000000000E+01
L2 0.1000000000E+01  0.3426432478E+02  0.3426432478E+02  0.3426432478E+02
L3 0.3096809375E+05  0.2180358425E+03  -.6179268803E+03  -.3563124438E+03
L4 -.2520678272E+03  0.2870411303E+03  0.2754187080E+03  0.2617039240E+03
L5 0.8241637623E+03  0.2384453069E+03  0.4131422365E+03  0.3411188331E+03
L6 0.9927063764E+03  -.8816003243E+04  0.1371723975E+04  -.1026067003E+05
L7 0.0000000000E+00  0.4433748507E+01  0.5735038285E+01  0.1094741642E+02
L8 0.2984668454E+01  0.4683220770E+02  0.2009732454E+01  0.0000000000E+00
L9 0.0000000000E+00  0.0000000000E+00  0.0000000000E+00  0.9061588497E+00  0.0000000000E+00
L0     2000  0.4000000000E+01  -.7185681292E+04  0.1674380414E+04
L1 0.2991076546E+03  0.2991076546E+03  -.8860061706E+10  0.1000000000E+01
L2 0.1000000000E+01  0.3374090273E+02  0.3374090273E+02  0.3374090273E+02
L3 0.2957031425E+05  -.9564895081E+01  -.1545236835E+03  -.4300271415E+03
L4 -.1980385734E+03  0.2838243904E+03  0.2869191948E+03  0.2705033824E+03
L5 0.8412469676E+03  0.2858599918E+03  0.3198049313E+03  0.3620217757E+03
L6 0.9676866988E+03  -.8860061706E+04  0.1338662281E+04  -.1027828009E+05
L7 0.0000000000E+00  0.2769838243E+01  0.1011889973E+02  0.1181945468E+02
L8 0.2791385567E+01  0.4837003942E+02  0.3686480037E+01  0.0000000000E+00
L9 0.0000000000E+00  0.0000000000E+00  0.0000000000E+00  0.9489926949E+00  0.0000000000E+00
L0     3000  0.6000000000E+01  -.7164685985E+04  0.1714293645E+04
L1 0.3062376670E+03  0.3062376670E+03  -.8878979630E+10  0.1000000000E+01
L2 0.1000000000E+01  0.3351116068E+02  0.3351116068E+02  0.3351116068E+02
L3 0.2897003017E+05  -.9736466057E+02  -.3594273056E+03  0.2738350778E+03
L4 -.6098562946E+02  0.2746383744E+03  0.2905883244E+03  0.2876784961E+03
L5 0.8529051949E+03  0.2949388813E+03  0.3655288258E+03  0.2305839523E+03
L6 0.8910516594E+03  -.8878979630E+04  0.1318747943E+04  -.1027330828E+05
L7 0.0000000000E+00  0.1504277288E+01  0.1216389062E+02  0.1310488611E+02
L8 0.2169457520E+01  0.4438252378E+02  0.2255675220E+01  0.0000000000E+00
L9 0.0000000000E+00  0.0000000000E+00  0.0000000000E+00  0.9686566443E+00  0.0000000000E+00
L0     4000  0.8000000000E+01  -.7355948754E+04  0.1641573117E+04
L1 0.2932470309E+03  0.2932470309E+03  -.8997521871E+10  0.1000000000E+01
L2 0.1000000000E+01  0.3329421709E+02  0.3329421709E+02  0.3329421709E+02
L3 0.2841056661E+05  -.6917991700E+02  -.3680244065E+02  0.4699456862E+03
L4 0.1213211095E+03  0.2615235362E+03  0.2844914802E+03  0.2745376529E+03
L5 0.8205526693E+03  0.2756689778E+03  0.2920165944E+03  0.1784463366E+03
L6 0.7461319088E+03  -.8997521871E+04  0.1361587802E+04  -.1043446341E+05
L7 0.0000000000E+00  0.4829313541E+01  0.7555191874E+01  0.1303741503E+02
L8 0.3289572074E+01  0.4476882291E+02  0.1873424553E+01  0.0000000000E+00
L9 0.0000000000E+00  0.0000000000E+00  0.0000000000E+00  0.9877315223E+00  0.0000000000E+00
L0     5000  0.1000000000E+02  -.7311430631E+04  0.1661103819E+04
L1 0.2967359528E+03  0.2967359528E+03  -.8972534451E+10  0.1000000000E+01
L2 0.1000000000E+01  0.3333719671E+02  0.3333719671E+02  0.3333719671E+02
L3 0.2852085598E+05  0.5449956889E+03  0.4828198069E+02  -.3724526267E+03
L4 0.7360834763E+02  0.3014567241E+03  0.2705313880E+03  0.2632490846E+03
L5 0.8352371967E+03  0.1895870938E+03  0.2606206907E+03  0.3397013180E+03
L6 0.7899091026E+03  -.8972534451E+04  0.1359993949E+04  -.1041750384E+05
L7 0.0000000000E+00  0.2614536507E+01  0.1603276820E+02  0.1202934471E+02
L8 0.5167826231E+01  0.4398465365E+02  0.5146307221E+01  0.0000000000E+00
L9 0.0000000000E+00  0.0000000000E+00  0.0000000000E+00  0.9839119916E+00  0.0000000000E+00
L0     6000  0.1200000000E+02  -.7230045487E+04  0.1699993137E+04
L1 0.3036830554E+03  0.3036830554E+03  -.8930038624E+10  0.1000000000E+01
L2 0.1000000000E+01  0.3331578536E+02  0.3331578536E+02  0.3331578536E+02
L3 0.2846624385E+05  0.1181301080E+03  0.1738761355E+03  -.4333230003E+03
L4 -.4710558559E+02  0.2668570382E+03  0.2918333703E+03  0.2875601571E+03
L5 0.8462505656E+03  0.2426552561E+03  0.2562106792E+03  0.3763367527E+03
L6 0.8752026880E+03  -.8930038624E+04  0.1310337386E+04  -.1031001005E+05
L7 0.0000000000E+00  0.2280696777E+01  0.8113403309E+01  0.1196642130E+02
L8 0.2613229663E+01  0.4307409679E+02  0.1586190386E+01  0.0000000000E+00
L9 0.0000000000E+00  0.0000000000E+00  0.0000000000E+00  0.9857996145E+00  0.0000000000E+00
L0     7000  0.1400000000E+02  -.7267327266E+04  0.1643822478E+04
L1 0.2936488518E+03  0.2936488518E+03  -.8911149744E+10  0.1000000000E+01
L2 0.1000000000E+01  0.3333901477E+02  0.3333901477E+02  0.3333901477E+02
L3 0.2852612617E+05  -.2253505909E+02  -.2289383555E+03  -.2394966102E+03
L4 -.1636566749E+03  0.2776394865E+03  0.2809398651E+03  0.2788814714E+03
L5 0.8374608230E+03  0.2822660453E+03  0.3279420382E+03  0.3280513063E+03
L6 0.9382593897E+03  -.8911149744E+04  0.1315666787E+04  -.1030320326E+05
L7 0.0000000000E+00  0.3781588665E+01  0.8478860589E+01  0.1332761410E+02
L8 0.2167606594E+01  0.4586981712E+02  0.2761246187E+01  0.0000000000E+00
L9 0.0000000000E+00  0.0000000000E+00  0.0000000000E+00  0.9837302142E+00  0.0000000000E+00
L0     8000  0.1600000000E+02  -.7217398498E+04  0.1662412359E+04
L1 0.2969697074E+03  0.2969697074E+03  -.8879810857E+10  0.1000000000E+01
L2 0.1000000000E+01  0.3335670629E+02  0.3335670629E+02  0.3335670629E+02
L3 0.2857185150E+05  -.4179745152E+03  0.1800077748E+03  -.5927363249E+03
L4 -.2769010218E+03  0.2775859671E+03  0.2733521189E+03  0.2562341460E+03
L5 0.8071722321E+03  0.3635357467E+03  0.2363363967E+03  0.3781208989E+03
L6 0.9779930423E+03  -.8879810857E+04  0.1275296056E+04  -.1023155909E+05
L7 0.0000000000E+00  0.3907329016E+01  0.7433382301E+01  0.1261810390E+02
L8 0.2955070004E+01  0.4400947143E+02  0.5528825003E+01  0.0000000000E+00
L9 0.0000000000E+00  0.0000000000E+00  0.0000000000E+00  0.9821558888E+00  0.0000000000E+00
L0     9000  0.1800000000E+02  -.7215219902E+04  0.1664475655E+04
L1 0.2973382901E+03  0.2973382901E+03  -.8879695557E+10  0.1000000000E+01
L2 0.1000000000E+01  0.3330208283E+02  0.3330208283E+02  0.3330208283E+02
L3 0.2843107168E+05  -.1636387030E+03  0.5868987118E+03  -.4903241428E+03
L4 -.2235471135E+02  0.2716222015E+03  0.2807589340E+03  0.2495043245E+03
L5 0.8018854599E+03  0.3051060863E+03  0.1606672412E+03  0.3498348502E+03
L6 0.8156081777E+03  -.8879695557E+04  0.1319789705E+04  -.1027327300E+05
L7 0.0000000000E+00  0.3155294543E+01  0.6903942127E+01  0.1129234117E+02
L8 0.3501594303E+01  0.4561215080E+02  0.3322414657E+01  0.0000000000E+00
L9 0.0000000000E+00  0.0000000000E+00  0.0000000000E+00  0.9870191501E+00  0.0000000000E+00
L0    10000  0.2000000000E+02  -.7281286514E+04  0.1634955325E+04
L1 0.2920648429E+03  0.2920648429E+03  -.8916241838E+10  0.1000000000E+01
L2 0.1000000000E+01  0.3324324772E+02  0.3324324772E+02  0.3324324772E+02
L3 0.2828013322E+05  0.6492559173E+02  0.4190071106E+03  0.6286725459E+02
L4 0.1822666523E+03  0.2570429608E+03  0.2634803683E+03  0.2893749767E+03
L5 0.8098983059E+03  0.2438283631E+03  0.1781979663E+03  0.2765793216E+03
L6 0.6986056510E+03  -.8916241838E+04  0.1334711467E+04  -.1033093960E+05
L7 0.0000000000E+00  0.5095669616E+01  0.9452937930E+01  0.1055306419E+02
L8 0.2971380375E+01  0.4698753746E+02  0.4925701294E+01  0.0000000000E+00
L9 0.0000000000E+00  0.0000000000E+00  0.0000000000E+00  0.9922871294E+00  0.0000000000E+00
