L0  Nsteps           time(ps)         Etot             EKinetic        
L1  Temp             T_solute         T_solv           Pres_scal_solu  
L2  Pres_scal_solv   BoxX             BoxY             BoxZ            
L3  volume           pres_X           pres_Y           pres_Z          
L4  Pressure         EKCoM_x          EKCoM_y          EKCoM_z         
L5  EKComTot         VIRIAL_x         VIRIAL_y         VIRIAL_z        
L6  VIRIAL_tot       E_pot            E_vdw            E_el            
L7  E_hbon           E_bon            E_angle          E_dih           
L8  E_14vdw          E_14el           E_const          E_pol           
L9  AV_permMoment    AV_indMoment     AV_totMoment     Density          dV/dlambda      
L0     1000  0.2000000000E+01  -.7383458282E+04  0.1779465317E+04
L1 0.3058290210E+03  0.3058290210E+03  -.9162923599E+10  0.1000000000E+01
L2 0.1000000000E+01  0.3474440904E+02  0.3474440904E+02  0.3474440904E+02
L3 0.3229013654E+05  -.6255087785E+03  -.1534345265E+04  -.6991132730E+03
L4 -.9529891053E+03  0.3051783593E+03  0.2800145066E+03  0.3030397290E+03
L5 0.8882325949E+03  0.4505433653E+03  0.6365884129E+03  0.4655100389E+03
L6 0.1552641817E+04  -.9162923599E+04  0.1330964431E+04  -.1056966975E+05
L7 0.0000000000E+00  0.3670699055E+01  0.8463823305E+01  0.1026388998E+02
L8 0.2873804193E+01  0.4781151509E+02  0.2697992877E+01  0.0000000000E+00
L9 0.0000000000E+00  0.0000000000E+00  0.0000000000E+00  0.9033387875E+00  0.0000000000E+00
L0     2000  0.4000000000E+01  -.7567847515E+04  0.1637279925E+04
L1 0.2813922316E+03  0.2813922316E+03  -.9205127440E+10  0.1000000000E+01
L2 0.1000000000E+01  0.3417526046E+02  0.3417526046E+02  0.3417526046E+02
L3 0.3072836815E+05  -.5321071588E+03  -.1842407055E+03  -.1283403457E+04
L4 -.6665837738E+03  0.2682069718E+03  0.2725898472E+03  0.2711876691E+03
L5 0.8119844881E+03  0.3858849448E+03  0.3133355362E+03  0.5550183129E+03
L6 0.1254238794E+04  -.9205127440E+04  0.1353245209E+04  -.1063476692E+05
L7 0.0000000000E+00  0.2825359746E+01  0.1052151944E+02  0.1120812385E+02
L8 0.2418625193E+01  0.4605559876E+02  0.3365044797E+01  0.0000000000E+00
L9 0.0000000000E+00  0.0000000000E+00  0.0000000000E+00  0.9492509541E+00  0.0000000000E+00
L0     3000  0.6000000000E+01  -.7563086155E+04  0.1718500976E+04
L1 0.2953513431E+03  0.2953513431E+03  -.9281587132E+10  0.1000000000E+01
L2 0.1000000000E+01  0.3392276597E+02  0.3392276597E+02  0.3392276597E+02
L3 0.3005098268E+05  0.1141109397E+02  -.2000897185E+03  -.3328900766E+03
L4 -.1738562337E+03  0.2984883952E+03  0.2939033428E+03  0.2807390236E+03
L5 0.8731307615E+03  0.2960204100E+03  0.3371786372E+03  0.3527363066E+03
L6 0.9859353538E+03  -.9281587132E+04  0.1387918671E+04  -.1074764301E+05
L7 0.0000000000E+00  0.4041872489E+01  0.8124124339E+01  0.1158242001E+02
L8 0.3122119813E+01  0.4849296443E+02  0.2773709134E+01  0.0000000000E+00
L9 0.0000000000E+00  0.0000000000E+00  0.0000000000E+00  0.9706482181E+00  0.0000000000E+00
L0     4000  0.8000000000E+01  -.7423912992E+04  0.1726934115E+04
L1 0.2968007101E+03  0.2968007101E+03  -.9150847107E+10  0.1000000000E+01
L2 0.1000000000E+01  0.3377041211E+02  0.3377041211E+02  0.3377041211E+02
L3 0.2964940007E+05  -.7027173471E+03  -.1011327962E+04  -.5049335059E+03
L4 -.7396596051E+03  0.2844381971E+03  0.2806312159E+03  0.2875870731E+03
L5 0.8526564861E+03  0.4343905086E+03  0.4964377081E+03  0.3953344436E+03
L6 0.1326162660E+04  -.9150847107E+04  0.1238024260E+04  -.1046141231E+05
L7 0.0000000000E+00  0.2435602173E+01  0.1261418300E+02  0.1103015656E+02
L8 0.2693145207E+01  0.3900430758E+02  0.4763548983E+01  0.0000000000E+00
L9 0.0000000000E+00  0.0000000000E+00  0.0000000000E+00  0.9837950419E+00  0.0000000000E+00
L0     5000  0.1000000000E+02  -.7529644231E+04  0.1783985952E+04
L1 0.3066059630E+03  0.3066059630E+03  -.9313630183E+10  0.1000000000E+01
L2 0.1000000000E+01  0.3373750297E+02  0.3373750297E+02  0.3373750297E+02
L3 0.2956014250E+05  0.3968607663E+03  -.8660736571E+02  0.4996600239E+03
L4 0.2699711415E+03  0.3093519760E+03  0.2900771782E+03  0.2946870309E+03
L5 0.8941161851E+03  0.2249211049E+03  0.3085026210E+03  0.1883859433E+03
L6 0.7218096692E+03  -.9313630183E+04  0.1422395850E+04  -.1080717011E+05
L7 0.0000000000E+00  0.2698732962E+01  0.9181189826E+01  0.9673972578E+01
L8 0.1996764315E+01  0.4356029673E+02  0.4033122141E+01  0.0000000000E+00
L9 0.0000000000E+00  0.0000000000E+00  0.0000000000E+00  0.9867656349E+00  0.0000000000E+00
L0     6000  0.1200000000E+02  -.7586310385E+04  0.1707711266E+04
L1 0.2934969621E+03  0.2934969621E+03  -.9294021651E+10  0.1000000000E+01
L2 0.1000000000E+01  0.3375338955E+02  0.3375338955E+02  0.3375338955E+02
L3 0.2960103217E+05  0.6558707914E+03  0.5666283558E+03  0.5969637461E+03
L4 0.6064876311E+03  0.2708965063E+03  0.2934173338E+03  0.2964900478E+03
L5 0.8608038879E+03  0.1311690589E+03  0.1727021947E+03  0.1693122232E+03
L6 0.4731834767E+03  -.9294021651E+04  0.1459853666E+04  -.1082136295E+05
L7 0.0000000000E+00  0.1738686575E+01  0.6181190044E+01  0.1015160635E+02
L8 0.2477593989E+01  0.4588455771E+02  0.1053994390E+01  0.0000000000E+00
L9 0.0000000000E+00  0.0000000000E+00  0.0000000000E+00  0.9854025569E+00  0.0000000000E+00
L0     7000  0.1400000000E+02  -.7603858742E+04  0.1707588541E+04
L1 0.2934758698E+03  0.2934758698E+03  -.9311447282E+10  0.1000000000E+01
L2 0.1000000000E+01  0.3386695525E+02  0.3386695525E+02  0.3386695525E+02
L3 0.2990152989E+05  0.6704475353E+03  0.3592095809E+03  -.5342215302E+01
L4 0.3414383003E+03  0.2920965319E+03  0.2843921121E+03  0.2677702656E+03
L5 0.8442589096E+03  0.1478136568E+03  0.2070888358E+03  0.2689199307E+03
L6 0.6238224233E+03  -.9311447282E+04  0.1476896460E+04  -.1086500338E+05
L7 0.0000000000E+00  0.3111436293E+01  0.1021899782E+02  0.1222351702E+02
L8 0.2646822675E+01  0.4441063323E+02  0.4048228700E+01  0.0000000000E+00
L9 0.0000000000E+00  0.0000000000E+00  0.0000000000E+00  0.9754996782E+00  0.0000000000E+00
L0     8000  0.1600000000E+02  -.7496176971E+04  0.1743022576E+04
L1 0.2995657645E+03  0.2995657645E+03  -.9239199547E+10  0.1000000000E+01
L2 0.1000000000E+01  0.3384528049E+02  0.3384528049E+02  0.3384528049E+02
L3 0.2984564086E+05  -.6174829529E+03  0.5214974163E+03  -.5530818030E+03
L4 -.2163557798E+03  0.2759695204E+03  0.2994426380E+03  0.2948053522E+03
L5 0.8702175106E+03  0.4086058396E+03  0.1874241646E+03  0.4136082021E+03
L6 0.1009638206E+04  -.9239199547E+04  0.1360020737E+04  -.1067582433E+05
L7 0.0000000000E+00  0.3915811514E+01  0.7551760354E+01  0.9673372505E+01
L8 0.4259350500E+01  0.4579435259E+02  0.5409400476E+01  0.0000000000E+00
L9 0.0000000000E+00  0.0000000000E+00  0.0000000000E+00  0.9773264017E+00  0.0000000000E+00
L0     9000  0.1800000000E+02  -.7590021752E+04  0.1745890392E+04
L1 0.3000586436E+03  0.3000586436E+03  -.9335912144E+10  0.1000000000E+01
L2 0.1000000000E+01  0.3369791493E+02  0.3369791493E+02  0.3369791493E+02
L3 0.2945720310E+05  -.6569916675E+03  0.3765192412E+03  -.4836408537E+02
L4 -.1096121705E+03  0.2777891162E+03  0.3002130090E+03  0.2848922153E+03
L5 0.8628943405E+03  0.4170752714E+03  0.2203886823E+03  0.2951456901E+03
L6 0.9326096439E+03  -.9335912144E+04  0.1375801844E+04  -.1078346764E+05
L7 0.0000000000E+00  0.1946448666E+01  0.7336564690E+01  0.1079302610E+02
L8 0.3018226959E+01  0.4656697355E+02  0.2092416396E+01  0.0000000000E+00
L9 0.0000000000E+00  0.0000000000E+00  0.0000000000E+00  0.9902139278E+00  0.0000000000E+00
L0    10000  0.2000000000E+02  -.7570603907E+04  0.1713074470E+04
L1 0.2944187128E+03  0.2944187128E+03  -.9283678376E+10  0.1000000000E+01
L2 0.1000000000E+01  0.3377506366E+02  0.3377506366E+02  0.3377506366E+02
L3 0.2966012346E+05  -.9902260917E+03  0.1923772343E+03  0.3137460030E+03
L4 -.1613676181E+03  0.2943256452E+03  0.2975737561E+03  0.2737470917E+03
L5 0.8656464929E+03  0.5057056483E+03  0.2565076796E+03  0.2067728606E+03
L6 0.9689861885E+03  -.9283678376E+04  0.1347189495E+04  -.1070800716E+05
L7 0.0000000000E+00  0.1657102509E+01  0.7816754695E+01  0.1230747138E+02
L8 0.3449638841E+01  0.4973159027E+02  0.2176726480E+01  0.0000000000E+00
L9 0.0000000000E+00  0.0000000000E+00  0.0000000000E+00  0.9834393584E+00  0.0000000000E+00
