L0  Nsteps           time(ps)         Etot             EKinetic        
L1  Temp             T_solute         T_solv           Pres_scal_solu  
L2  Pres_scal_solv   BoxX             BoxY             BoxZ            
L3  volume           pres_X           pres_Y           pres_Z          
L4  Pressure         EKCoM_x          EKCoM_y          EKCoM_z         
L5  EKComTot         VIRIAL_x         VIRIAL_y         VIRIAL_z        
L6  VIRIAL_tot       E_pot            E_vdw            E_el            
L7  E_hbon           E_bon            E_angle          E_dih           
L8  E_14vdw          E_14el           E_const          E_pol           
L9  AV_permMoment    AV_indMoment     AV_totMoment     Density          dV/dlambda      
L0     1000  0.2000000000E+01  -.7489309591E+04  0.1693395257E+04
L1 0.2916341424E+03  0.2916341424E+03  -.9182704848E+10  0.1000000000E+01
L2 0.1000000000E+01  0.3468645465E+02  0.3468645465E+02  0.3468645465E+02
L3 0.3212845088E+05  -.5835549118E+03  -.1145236185E+04  -.7395389685E+03
L4 -.8227766885E+03  0.2879661328E+03  0.2978904065E+03  0.2883692739E+03
L5 0.8742258131E+03  0.4229022144E+03  0.5627047030E+03  0.4593737307E+03
L6 0.1444980648E+04  -.9182704848E+04  0.1376769631E+04  -.1063523545E+05
L7 0.0000000000E+00  0.3815078879E+01  0.9589550621E+01  0.1401690291E+02
L8 0.2651519056E+01  0.4159083153E+02  0.4097092655E+01  0.0000000000E+00
L9 0.0000000000E+00  0.0000000000E+00  0.0000000000E+00  0.9060224954E+00  0.0000000000E+00
L0     2000  0.4000000000E+01  -.7436558376E+04  0.1781513574E+04
L1 0.3068097547E+03  0.3068097547E+03  -.9218071950E+10  0.1000000000E+01
L2 0.1000000000E+01  0.3412201851E+02  0.3412201851E+02  0.3412201851E+02
L3 0.3058566365E+05  -.8815423642E+03  -.4043299542E+03  -.1470246595E+04
L4 -.9187063044E+03  0.3081153767E+03  0.3153382723E+03  0.2788338645E+03
L5 0.9022875135E+03  0.5021671770E+03  0.4043424526E+03  0.6024757111E+03
L6 0.1508985341E+04  -.9218071950E+04  0.1303227228E+04  -.1059442800E+05
L7 0.0000000000E+00  0.2084726233E+01  0.7011288380E+01  0.1232759387E+02
L8 0.2728343654E+01  0.4565161314E+02  0.3325253235E+01  0.0000000000E+00
L9 0.0000000000E+00  0.0000000000E+00  0.0000000000E+00  0.9517236434E+00  0.0000000000E+00
L0     3000  0.6000000000E+01  -.7567059841E+04  0.1756764200E+04
L1 0.3025474524E+03  0.3025474524E+03  -.9323824042E+10  0.1000000000E+01
L2 0.1000000000E+01  0.3387610966E+02  0.3387610966E+02  0.3387610966E+02
L3 0.2992665443E+05  0.2117937323E+03  -.6039286367E+03  0.4382620865E+03
L4 0.1537572737E+02  0.2822754723E+03  0.2900948202E+03  0.2765499282E+03
L5 0.8489202207E+03  0.2366583534E+03  0.4201717783E+03  0.1821550021E+03
L6 0.8389851337E+03  -.9323824042E+04  0.1440107570E+04  -.1084326442E+05
L7 0.0000000000E+00  0.1770559121E+01  0.1191652912E+02  0.1607334766E+02
L8 0.2855054030E+01  0.4296969975E+02  0.3747623050E+01  0.0000000000E+00
L9 0.0000000000E+00  0.0000000000E+00  0.0000000000E+00  0.9726813705E+00  0.0000000000E+00
L0     4000  0.8000000000E+01  -.7521677768E+04  0.1723372144E+04
L1 0.2967967195E+03  0.2967967195E+03  -.9245049912E+10  0.1000000000E+01
L2 0.1000000000E+01  0.3382672650E+02  0.3382672650E+02  0.3382672650E+02
L3 0.2979623832E+05  -.9273325585E+02  -.2248511691E+03  0.5824489787E+02
L4 -.8644650902E+02  0.2890430718E+03  0.2715248079E+03  0.2799139779E+03
L5 0.8404818577E+03  0.3089293508E+03  0.3197432494E+03  0.2674235906E+03
L6 0.8960961908E+03  -.9245049912E+04  0.1374269176E+04  -.1069523663E+05
L7 0.0000000000E+00  0.1772893214E+01  0.9458430178E+01  0.1450122940E+02
L8 0.3068728497E+01  0.4372098759E+02  0.3395276044E+01  0.0000000000E+00
L9 0.0000000000E+00  0.0000000000E+00  0.0000000000E+00  0.9769387308E+00  0.0000000000E+00
L0     5000  0.1000000000E+02  -.7377524885E+04  0.1786941536E+04
L1 0.3077445507E+03  0.3077445507E+03  -.9164466421E+10  0.1000000000E+01
L2 0.1000000000E+01  0.3379215669E+02  0.3379215669E+02  0.3379215669E+02
L3 0.2970581477E+05  -.5386941999E+03  -.6441169978E+03  -.2241451435E+02
L4 -.4017419040E+03  0.3044090681E+03  0.2921575338E+03  0.2884597543E+03
L5 0.8850263561E+03  0.4195793283E+03  0.4298666873E+03  0.2932518709E+03
L6 0.1142697887E+04  -.9164466421E+04  0.1284439865E+04  -.1052350479E+05
L7 0.0000000000E+00  0.2241407330E+01  0.1111527437E+02  0.1158267999E+02
L8 0.3240579124E+01  0.4214437301E+02  0.4274190559E+01  0.0000000000E+00
L9 0.0000000000E+00  0.0000000000E+00  0.0000000000E+00  0.9799125008E+00  0.0000000000E+00
L0     6000  0.1200000000E+02  -.7504716999E+04  0.1716368296E+04
L1 0.2955905269E+03  0.2955905269E+03  -.9221085296E+10  0.1000000000E+01
L2 0.1000000000E+01  0.3379663892E+02  0.3379663892E+02  0.3379663892E+02
L3 0.2971661382E+05  0.3293619892E+03  -.2093208879E+02  -.3557283546E+03
L4 -.1576615139E+02  0.2806681973E+03  0.2795049926E+03  0.2821361897E+03
L5 0.8423093796E+03  0.2102265705E+03  0.2839818006E+03  0.3582168694E+03
L6 0.8524252405E+03  -.9221085296E+04  0.1368473475E+04  -.1066319574E+05
L7 0.0000000000E+00  0.2594886898E+01  0.5895989974E+01  0.1186849962E+02
L8 0.3521963510E+01  0.4730199331E+02  0.2453637313E+01  0.0000000000E+00
L9 0.0000000000E+00  0.0000000000E+00  0.0000000000E+00  0.9795563996E+00  0.0000000000E+00
L0     7000  0.1400000000E+02  -.7601453543E+04  0.1741206025E+04
L1 0.2998680455E+03  0.2998680455E+03  -.9342659568E+10  0.1000000000E+01
L2 0.1000000000E+01  0.3370342488E+02  0.3370342488E+02  0.3370342488E+02
L3 0.2947114727E+05  0.2040138810E+03  0.3710095592E+03  -.3243074021E+03
L4 0.8357201271E+02  0.2766248287E+03  0.3025471278E+03  0.2744139437E+03
L5 0.8535859003E+03  0.2333521939E+03  0.2238536531E+03  0.3432015955E+03
L6 0.8004074424E+03  -.9342659568E+04  0.1414757151E+04  -.1083543608E+05
L7 0.0000000000E+00  0.2580204006E+01  0.1017582115E+02  0.1264433891E+02
L8 0.3753616892E+01  0.4628392878E+02  0.2581454977E+01  0.0000000000E+00
L9 0.0000000000E+00  0.0000000000E+00  0.0000000000E+00  0.9877151703E+00  0.0000000000E+00
L0     8000  0.1600000000E+02  -.7636723218E+04  0.1662506706E+04
L1 0.2863145598E+03  0.2863145598E+03  -.9299229924E+10  0.1000000000E+01
L2 0.1000000000E+01  0.3362541939E+02  0.3362541939E+02  0.3362541939E+02
L3 0.2926632637E+05  0.1660847067E+03  0.5012772136E+03  0.3465255342E+03
L4 0.3379624848E+03  0.2810586415E+03  0.2644436616E+03  0.2928634249E+03
L5 0.8383657281E+03  0.2460758522E+03  0.1588585326E+03  0.2198739847E+03
L6 0.6248083695E+03  -.9299229924E+04  0.1424918404E+04  -.1080058232E+05
L7 0.0000000000E+00  0.3264705032E+01  0.5353497068E+01  0.1389992522E+02
L8 0.3120103142E+01  0.4736777617E+02  0.3427980715E+01  0.0000000000E+00
L9 0.0000000000E+00  0.0000000000E+00  0.0000000000E+00  0.9946277123E+00  0.0000000000E+00
L0     9000  0.1800000000E+02  -.7574214093E+04  0.1721765600E+04
L1 0.2965200428E+03  0.2965200428E+03  -.9295979693E+10  0.1000000000E+01
L2 0.1000000000E+01  0.3360960675E+02  0.3360960675E+02  0.3360960675E+02
L3 0.2922479065E+05  0.1796365120E+03  0.5962337877E+03  0.5451727522E+03
L4 0.4403476840E+03  0.2695105058E+03  0.2716331558E+03  0.2873554237E+03
L5 0.8284990853E+03  0.2317269695E+03  0.1462253492E+03  0.1726874520E+03
L6 0.5506397707E+03  -.9295979693E+04  0.1418849168E+04  -.1079427125E+05
L7 0.0000000000E+00  0.3363553060E+01  0.7282000122E+01  0.1387985368E+02
L8 0.3774967916E+01  0.4487945117E+02  0.6262564949E+01  0.0000000000E+00
L9 0.0000000000E+00  0.0000000000E+00  0.0000000000E+00  0.9960413262E+00  0.0000000000E+00
L0    10000  0.2000000000E+02  -.7551982609E+04  0.1671197558E+04
L1 0.2878112861E+03  0.2878112861E+03  -.9223180167E+10  0.1000000000E+01
L2 0.1000000000E+01  0.3362483386E+02  0.3362483386E+02  0.3362483386E+02
L3 0.2926622788E+05  -.2990237303E+03  -.1893284786E+03  -.1415676060E+03
L4 -.2099732716E+03  0.2681086446E+03  0.2779906822E+03  0.2914695921E+03
L5 0.8375689189E+03  0.3310924628E+03  0.3178692245E+03  0.3212881899E+03
L6 0.9702498773E+03  -.9223180167E+04  0.1318093558E+04  -.1062038573E+05
L7 0.0000000000E+00  0.2772313990E+01  0.6812619562E+01  0.1399231696E+02
L8 0.3372120069E+01  0.4887647534E+02  0.3286159788E+01  0.0000000000E+00
L9 0.0000000000E+00  0.0000000000E+00  0.0000000000E+00  0.9946310595E+00  0.0000000000E+00
