L0  Nsteps           time(ps)         Etot             EKinetic        
L1  Temp             T_solute         T_solv           Pres_scal_solu  
L2  Pres_scal_solv   BoxX             BoxY             BoxZ            
L3  volume           pres_X           pres_Y           pres_Z          
L4  Pressure         EKCoM_x          EKCoM_y          EKCoM_z         
L5  EKComTot         VIRIAL_x         VIRIAL_y         VIRIAL_z        
L6  VIRIAL_tot       E_pot            E_vdw            E_el            
L7  E_hbon           E_bon            E_angle          E_dih           
L8  E_14vdw          E_14el           E_const          E_pol           
L9  AV_permMoment    AV_indMoment     AV_totMoment     Density          dV/dlambda      
L0     1000  0.2000000000E+01  -.7111607812E+04  0.1590477311E+04
L1 0.2893580317E+03  0.2893580317E+03  -.8702085123E+10  0.1000000000E+01
L2 0.1000000000E+01  0.3394953920E+02  0.3394953920E+02  0.3394953920E+02
L3 0.3012502361E+05  -.1286967418E+04  -.1043221525E+04  -.1353482371E+04
L4 -.1227890438E+04  0.2786561824E+03  0.2628158391E+03  0.2603370651E+03
L5 0.8018090865E+03  0.5576865866E+03  0.4889991283E+03  0.5537887311E+03
L6 0.1600474446E+04  -.8702085123E+04  0.1244433765E+04  -.1002091087E+05
L7 0.0000000000E+00  0.1528291073E+01  0.1267841456E+02  0.1132542920E+02
L8 0.2896839838E+01  0.4304321050E+02  0.2919799204E+01  0.0000000000E+00
L9 0.0000000000E+00  0.0000000000E+00  0.0000000000E+00  0.9146358667E+00  0.0000000000E+00
L0     2000  0.4000000000E+01  -.6957540111E+04  0.1658001222E+04
L1 0.3016427627E+03  0.3016427627E+03  -.8615541333E+10  0.1000000000E+01
L2 0.1000000000E+01  0.3358097193E+02  0.3358097193E+02  0.3358097193E+02
L3 0.2915126023E+05  0.3148752800E+02  0.3969033422E+03  -.3799802251E+03
L4 0.1613688170E+02  0.2989021292E+03  0.2829970138E+03  0.2807422197E+03
L5 0.8626413627E+03  0.2922959176E+03  0.1997250761E+03  0.3604636184E+03
L6 0.8524846122E+03  -.8615541333E+04  0.1308980114E+04  -.9998315135E+04
L7 0.0000000000E+00  0.3348279872E+01  0.7272560642E+01  0.1286220304E+02
L8 0.2755983323E+01  0.4613849063E+02  0.1416171116E+01  0.0000000000E+00
L9 0.0000000000E+00  0.0000000000E+00  0.0000000000E+00  0.9451881964E+00  0.0000000000E+00
L0     3000  0.6000000000E+01  -.7163275882E+04  0.1585048584E+04
L1 0.2883703748E+03  0.2883703748E+03  -.8748324466E+10  0.1000000000E+01
L2 0.1000000000E+01  0.3328255392E+02  0.3328255392E+02  0.3328255392E+02
L3 0.2838217764E+05  -.3012791335E+03  -.2366772936E+03  -.8255144647E+03
L4 -.4544902973E+03  0.2612742788E+03  0.2593773916E+03  0.2616021622E+03
L5 0.7822538326E+03  0.3228162422E+03  0.3077232069E+03  0.4302291108E+03
L6 0.1060768560E+04  -.8748324466E+04  0.1271866328E+04  -.1009707128E+05
L7 0.0000000000E+00  0.2657027930E+01  0.1224000985E+02  0.1087196564E+02
L8 0.3740694517E+01  0.4345848387E+02  0.3912304929E+01  0.0000000000E+00
L9 0.0000000000E+00  0.0000000000E+00  0.0000000000E+00  0.9708003179E+00  0.0000000000E+00
L0     4000  0.8000000000E+01  -.7132619474E+04  0.1615034518E+04
L1 0.2938257628E+03  0.2938257628E+03  -.8747653992E+10  0.1000000000E+01
L2 0.1000000000E+01  0.3309399582E+02  0.3309399582E+02  0.3309399582E+02
L3 0.2790189153E+05  -.1708884391E+02  -.1233929858E+03  -.4673154533E+03
L4 -.2025990943E+03  0.2772962278E+03  0.2706887319E+03  0.2589164235E+03
L5 0.8069013831E+03  0.2807278771E+03  0.2954675564E+03  0.3527590962E+03
L6 0.9289545298E+03  -.8747653992E+04  0.1263367223E+04  -.1009117076E+05
L7 0.0000000000E+00  0.4801098730E+01  0.1189785571E+02  0.1077239293E+02
L8 0.2611114267E+01  0.4565096546E+02  0.4416113859E+01  0.0000000000E+00
L9 0.0000000000E+00  0.0000000000E+00  0.0000000000E+00  0.9875110815E+00  0.0000000000E+00
L0     5000  0.1000000000E+02  -.7007828515E+04  0.1700160366E+04
L1 0.3093128419E+03  0.3093128419E+03  -.8707988880E+10  0.1000000000E+01
L2 0.1000000000E+01  0.3324962263E+02  0.3324962263E+02  0.3324962263E+02
L3 0.2829718638E+05  0.8753620865E+03  -.5721234503E+03  -.6841758426E+03
L4 -.1269790688E+03  0.2915160444E+03  0.2669363708E+03  0.2940042314E+03
L5 0.8524566465E+03  0.1132422254E+03  0.3834534486E+03  0.4333415892E+03
L6 0.9300372633E+03  -.8707988880E+04  0.1270921485E+04  -.1005815705E+05
L7 0.0000000000E+00  0.4838676313E+01  0.7245939167E+01  0.1215858029E+02
L8 0.3246013464E+01  0.4875618774E+02  0.3001288074E+01  0.0000000000E+00
L9 0.0000000000E+00  0.0000000000E+00  0.0000000000E+00  0.9737161393E+00  0.0000000000E+00
L0     6000  0.1200000000E+02  -.7153168427E+04  0.1629976647E+04
L1 0.2965442077E+03  0.2965442077E+03  -.8783145073E+10  0.1000000000E+01
L2 0.1000000000E+01  0.3315799243E+02  0.3315799243E+02  0.3315799243E+02
L3 0.2806486138E+05  -.6879266309E+03  -.7230675343E+03  -.1411336551E+03
L4 -.5173759401E+03  0.2505874690E+03  0.2644049347E+03  0.2756277202E+03
L5 0.7906201239E+03  0.3895384456E+03  0.4104538526E+03  0.3041346253E+03
L6 0.1104126924E+04  -.8783145073E+04  0.1265648555E+04  -.1012213119E+05
L7 0.0000000000E+00  0.3236401069E+01  0.4999669829E+01  0.1298293163E+02
L8 0.3104685035E+01  0.4671544309E+02  0.2298431229E+01  0.0000000000E+00
L9 0.0000000000E+00  0.0000000000E+00  0.0000000000E+00  0.9817767032E+00  0.0000000000E+00
L0     7000  0.1400000000E+02  -.6953771247E+04  0.1685234010E+04
L1 0.3065972666E+03  0.3065972666E+03  -.8639005257E+10  0.1000000000E+01
L2 0.1000000000E+01  0.3317074212E+02  0.3317074212E+02  0.3317074212E+02
L3 0.2809519595E+05  0.8597626798E+03  0.2669727171E+03  -.2227653840E+03
L4 0.3013233376E+03  0.2753601263E+03  0.2717739735E+03  0.2720538038E+03
L5 0.8191879036E+03  0.1015131125E+03  0.2177911586E+03  0.3170977417E+03
L6 0.6364020128E+03  -.8639005257E+04  0.1305713957E+04  -.1002800527E+05
L7 0.0000000000E+00  0.4416108418E+01  0.1872271104E+02  0.9776191634E+01
L8 0.3728996003E+01  0.3977920256E+02  0.6862851072E+01  0.0000000000E+00
L9 0.0000000000E+00  0.0000000000E+00  0.0000000000E+00  0.9807166723E+00  0.0000000000E+00
L0     8000  0.1600000000E+02  -.7050260762E+04  0.1662817523E+04
L1 0.3025189998E+03  0.3025189998E+03  -.8713078285E+10  0.1000000000E+01
L2 0.1000000000E+01  0.3310304505E+02  0.3310304505E+02  0.3310304505E+02
L3 0.2792486580E+05  -.2964366339E+03  -.1499880531E+02  -.3921228071E+03
L4 -.2345194154E+03  0.2869984387E+03  0.2693662398E+03  0.2589685724E+03
L5 0.8153332509E+03  0.3465755645E+03  0.2723806638E+03  0.3377764766E+03
L6 0.9567327049E+03  -.8713078285E+04  0.1249200308E+04  -.1004037886E+05
L7 0.0000000000E+00  0.4344796563E+01  0.9894391807E+01  0.1258021469E+02
L8 0.3444383651E+01  0.4511273700E+02  0.2723742486E+01  0.0000000000E+00
L9 0.0000000000E+00  0.0000000000E+00  0.0000000000E+00  0.9866986389E+00  0.0000000000E+00
L0     9000  0.1800000000E+02  -.7187893555E+04  0.1620895359E+04
L1 0.2948920348E+03  0.2948920348E+03  -.8808788914E+10  0.1000000000E+01
L2 0.1000000000E+01  0.3312209153E+02  0.3312209153E+02  0.3312209153E+02
L3 0.2797342528E+05  -.5027060394E+03  0.2783141477E+03  -.8764125965E+03
L4 -.3669348294E+03  0.2729025872E+03  0.2801764785E+03  0.2494352369E+03
L5 0.8025143026E+03  0.3741109340E+03  0.2241442995E+03  0.4258808394E+03
L6 0.1024136073E+04  -.8808788914E+04  0.1266302952E+04  -.1015237773E+05
L7 0.0000000000E+00  0.1571348001E+01  0.1175700911E+02  0.1209254414E+02
L8 0.2757162008E+01  0.4631648958E+02  0.2791313241E+01  0.0000000000E+00
L9 0.0000000000E+00  0.0000000000E+00  0.0000000000E+00  0.9849858142E+00  0.0000000000E+00
L0    10000  0.2000000000E+02  -.7074829216E+04  0.1686236722E+04
L1 0.3067796916E+03  0.3067796916E+03  -.8761065939E+10  0.1000000000E+01
L2 0.1000000000E+01  0.3308835867E+02  0.3308835867E+02  0.3308835867E+02
L3 0.2788736369E+05  -.7300036633E+03  -.2241032230E+03  0.6743865238E+03
L4 -.9324012084E+02  0.2799256925E+03  0.2923102820E+03  0.2597163127E+03
L5 0.8319522872E+03  0.4264430510E+03  0.3372895251E+03  0.1243617426E+03
L6 0.8880943186E+03  -.8761065939E+04  0.1275367231E+04  -.1011262201E+05
L7 0.0000000000E+00  0.3126366911E+01  0.9551243327E+01  0.1382708127E+02
L8 0.2267059977E+01  0.4353670426E+02  0.3880388687E+01  0.0000000000E+00
L9 0.0000000000E+00  0.0000000000E+00  0.0000000000E+00  0.9880255224E+00  0.0000000000E+00
