L0  Nsteps           time(ps)         Etot             EKinetic        
L1  Temp             T_solute         T_solv           Pres_scal_solu  
L2  Pres_scal_solv   BoxX             BoxY             BoxZ            
L3  volume           pres_X           pres_Y           pres_Z          
L4  Pressure         EKCoM_x          EKCoM_y          EKCoM_z         
L5  EKComTot         VIRIAL_x         VIRIAL_y         VIRIAL_z        
L6  VIRIAL_tot       E_pot            E_vdw            E_el            
L7  E_hbon           E_bon            E_angle          E_dih           
L8  E_14vdw          E_14el           E_const          E_pol           
L9  AV_permMoment    AV_indMoment     AV_totMoment     Density          dV/dlambda      
L0     1000  0.2000000000E+01  -.7771181527E+04  0.1788534205E+04
L1 0.2949954258E+03  0.2949954258E+03  -.9559715733E+10  0.1000000000E+01
L2 0.1000000000E+01  0.3520505328E+02  0.3520505328E+02  0.3520505328E+02
L3 0.3359073208E+05  -.7166099616E+02  -.6539718862E+03  -.1309233261E+04
L4 -.6782887145E+03  0.2947579563E+03  0.2797090767E+03  0.3151236482E+03
L5 0.8895906811E+03  0.3120823837E+03  0.4378102627E+03  0.6316377609E+03
L6 0.1381530407E+04  -.9559715733E+04  0.1436139545E+04  -.1106992911E+05
L7 0.0000000000E+00  0.3398198607E+01  0.7908421730E+01  0.1081046007E+02
L8 0.2355935894E+01  0.4628295016E+02  0.3317866859E+01  0.0000000000E+00
L9 0.0000000000E+00  0.0000000000E+00  0.0000000000E+00  0.9048781783E+00  0.0000000000E+00
L0     2000  0.4000000000E+01  -.7873381309E+04  0.1775996247E+04
L1 0.2929274529E+03  0.2929274529E+03  -.9649377555E+10  0.1000000000E+01
L2 0.1000000000E+01  0.3467271343E+02  0.3467271343E+02  0.3467271343E+02
L3 0.3208897767E+05  -.6288100843E+02  -.1118518156E+04  0.8048904338E+02
L4 -.3669700405E+03  0.3008038120E+03  0.2929863721E+03  0.2881790147E+03
L5 0.8819691988E+03  0.3153259968E+03  0.5513048656E+03  0.2695903058E+03
L6 0.1136221168E+04  -.9649377555E+04  0.1449520084E+04  -.1117758079E+05
L7 0.0000000000E+00  0.2634191690E+01  0.9332269692E+01  0.1149721576E+02
L8 0.3858014317E+01  0.4612442153E+02  0.5237039072E+01  0.0000000000E+00
L9 0.0000000000E+00  0.0000000000E+00  0.0000000000E+00  0.9472262024E+00  0.0000000000E+00
L0     3000  0.6000000000E+01  -.7867974792E+04  0.1776080231E+04
L1 0.2929413050E+03  0.2929413050E+03  -.9644055024E+10  0.1000000000E+01
L2 0.1000000000E+01  0.3442752809E+02  0.3442752809E+02  0.3442752809E+02
L3 0.3141384307E+05  -.7449040962E+03  -.4945008460E+03  -.7253352414E+03
L4 -.6549133946E+03  0.3002918574E+03  0.2697845568E+03  0.2793025352E+03
L5 0.8493789494E+03  0.4687057882E+03  0.3815852996E+03  0.4432921814E+03
L6 0.1293583269E+04  -.9644055024E+04  0.1377023818E+04  -.1110087663E+05
L7 0.0000000000E+00  0.4677081382E+01  0.1078786255E+02  0.1369005917E+02
L8 0.2402841381E+01  0.4614787731E+02  0.2092063939E+01  0.0000000000E+00
L9 0.0000000000E+00  0.0000000000E+00  0.0000000000E+00  0.9675836346E+00  0.0000000000E+00
L0     4000  0.8000000000E+01  -.7882359226E+04  0.1799886963E+04
L1 0.2968679154E+03  0.2968679154E+03  -.9682246189E+10  0.1000000000E+01
L2 0.1000000000E+01  0.3428477462E+02  0.3428477462E+02  0.3428477462E+02
L3 0.3102302441E+05  0.4600092367E+03  -.8308756324E+03  0.2110624471E+03
L4 -.5326798287E+02  0.2979311320E+03  0.3097894357E+03  0.2865205574E+03
L5 0.8942411251E+03  0.1952224238E+03  0.4953034559E+03  0.2393955226E+03
L6 0.9299214024E+03  -.9682246189E+04  0.1445566397E+04  -.1120682711E+05
L7 0.0000000000E+00  0.3086268545E+01  0.1054729639E+02  0.1104459116E+02
L8 0.2653274279E+01  0.4723496380E+02  0.4448128234E+01  0.0000000000E+00
L9 0.0000000000E+00  0.0000000000E+00  0.0000000000E+00  0.9797729600E+00  0.0000000000E+00
L0     5000  0.1000000000E+02  -.7900087421E+04  0.1738927308E+04
L1 0.2868134142E+03  0.2868134142E+03  -.9639014729E+10  0.1000000000E+01
L2 0.1000000000E+01  0.3431018320E+02  0.3431018320E+02  0.3431018320E+02
L3 0.3109246669E+05  -.3631402808E+03  0.3391850152E+03  -.5872392693E+03
L4 -.2037315116E+03  0.2875967806E+03  0.2816258396E+03  0.2725141639E+03
L5 0.8417367841E+03  0.3688585328E+03  0.2057246793E+03  0.4039236894E+03
L6 0.9785069016E+03  -.9639014729E+04  0.1431111329E+04  -.1115098019E+05
L7 0.0000000000E+00  0.1563389632E+01  0.1273728853E+02  0.1235714434E+02
L8 0.2181654644E+01  0.4673944625E+02  0.5275204458E+01  0.0000000000E+00
L9 0.0000000000E+00  0.0000000000E+00  0.0000000000E+00  0.9775847235E+00  0.0000000000E+00
L0     6000  0.1200000000E+02  -.7854682296E+04  0.1863849292E+04
L1 0.3074176686E+03  0.3074176686E+03  -.9718531588E+10  0.1000000000E+01
L2 0.1000000000E+01  0.3418369019E+02  0.3418369019E+02  0.3418369019E+02
L3 0.3074840380E+05  0.4833993461E+03  0.8872119693E+03  -.4080031570E+03
L4 0.3208693861E+03  0.3193215278E+03  0.3235312639E+03  0.3119066900E+03
L5 0.9547594817E+03  0.2123458088E+03  0.1271922760E+03  0.4021973192E+03
L6 0.7417354039E+03  -.9718531588E+04  0.1476082367E+04  -.1126322162E+05
L7 0.0000000000E+00  0.4096591258E+01  0.4481696597E+01  0.1018720465E+02
L8 0.2372886973E+01  0.4532078386E+02  0.2148504252E+01  0.0000000000E+00
L9 0.0000000000E+00  0.0000000000E+00  0.0000000000E+00  0.9885235231E+00  0.0000000000E+00
L0     7000  0.1400000000E+02  -.7833970781E+04  0.1771992695E+04
L1 0.2922671191E+03  0.2922671191E+03  -.9605963476E+10  0.1000000000E+01
L2 0.1000000000E+01  0.3419300247E+02  0.3419300247E+02  0.3419300247E+02
L3 0.3077409678E+05  -.7235644443E+02  0.5297305744E+03  -.1033223975E+03
L4 0.1180172441E+03  0.2930183009E+03  0.3044080409E+03  0.2968035768E+03
L5 0.8942299186E+03  0.3090440786E+03  0.1870813194E+03  0.3196878103E+03
L6 0.8158132083E+03  -.9605963476E+04  0.1431282791E+04  -.1110905785E+05
L7 0.0000000000E+00  0.3492570627E+01  0.7460266667E+01  0.1179083248E+02
L8 0.2831045150E+01  0.4451859875E+02  0.1718265933E+01  0.0000000000E+00
L9 0.0000000000E+00  0.0000000000E+00  0.0000000000E+00  0.9876982149E+00  0.0000000000E+00
L0     8000  0.1600000000E+02  -.7806043512E+04  0.1785298465E+04
L1 0.2944617327E+03  0.2944617327E+03  -.9591341977E+10  0.1000000000E+01
L2 0.1000000000E+01  0.3426756559E+02  0.3426756559E+02  0.3426756559E+02
L3 0.3097577712E+05  0.1850255776E+03  0.4621843067E+03  -.2041263865E+03
L4 0.1476944993E+03  0.3100768728E+03  0.2719648222E+03  0.2936427930E+03
L5 0.8756844879E+03  0.2688281449E+03  0.1689276370E+03  0.3391497649E+03
L6 0.7769055468E+03  -.9591341977E+04  0.1445429264E+04  -.1111431930E+05
L7 0.0000000000E+00  0.2820090266E+01  0.1146667060E+02  0.1053173900E+02
L8 0.3972964604E+01  0.4706109598E+02  0.1695501980E+01  0.0000000000E+00
L9 0.0000000000E+00  0.0000000000E+00  0.0000000000E+00  0.9812674056E+00  0.0000000000E+00
L0     9000  0.1800000000E+02  -.7833355659E+04  0.1838425017E+04
L1 0.3032242656E+03  0.3032242656E+03  -.9671780676E+10  0.1000000000E+01
L2 0.1000000000E+01  0.3424113910E+02  0.3424113910E+02  0.3424113910E+02
L3 0.3090550897E+05  -.4662655097E+03  0.1487079821E+03  -.6979948940E+03
L4 -.3385174739E+03  0.3014586096E+03  0.3143709246E+03  0.2883976457E+03
L5 0.9042271799E+03  0.4051698364E+03  0.2812938753E+03  0.4436523349E+03
L6 0.1130116047E+04  -.9671780676E+04  0.1402331475E+04  -.1115111273E+05
L7 0.0000000000E+00  0.1820715422E+01  0.9928680318E+01  0.1212354713E+02
L8 0.3309173982E+01  0.4891335673E+02  0.9051028249E+00  0.0000000000E+00
L9 0.0000000000E+00  0.0000000000E+00  0.0000000000E+00  0.9834984592E+00  0.0000000000E+00
L0    10000  0.2000000000E+02  -.7819736900E+04  0.1813924906E+04
L1 0.2991832913E+03  0.2991832913E+03  -.9633661806E+10  0.1000000000E+01
L2 0.1000000000E+01  0.3422362176E+02  0.3422362176E+02  0.3422362176E+02
L3 0.3085717658E+05  -.2217852329E+03  -.2592943440E+03  0.4726081770E+03
L4 -.2823799967E+01  0.2802802496E+03  0.3082252740E+03  0.2948426741E+03
L5 0.8833481977E+03  0.3295346903E+03  0.3658098018E+03  0.1898850485E+03
L6 0.8852295406E+03  -.9633661806E+04  0.1439540099E+04  -.1115461658E+05
L7 0.0000000000E+00  0.1913352029E+01  0.1431482289E+02  0.1054942248E+02
L8 0.2793276650E+01  0.4723646596E+02  0.4607336400E+01  0.0000000000E+00
L9 0.0000000000E+00  0.0000000000E+00  0.0000000000E+00  0.9850389382E+00  0.0000000000E+00
