L0  Nsteps           time(ps)         Etot             EKinetic        
L1  Temp             T_solute         T_solv           Pres_scal_solu  
L2  Pres_scal_solv   BoxX             BoxY             BoxZ            
L3  volume           pres_X           pres_Y           pres_Z          
L4  Pressure         EKCoM_x          EKCoM_y          EKCoM_z         
L5  EKComTot         VIRIAL_x         VIRIAL_y         VIRIAL_z        
L6  VIRIAL_tot       E_pot            E_vdw            E_el            
L7  E_hbon           E_bon            E_angle          E_dih           
L8  E_14vdw          E_14el           E_const          E_pol           
L9  AV_permMoment    AV_indMoment     AV_totMoment     Density          dV/dlambda      
L0     1000  0.2000000000E+01  -.6835294440E+04  0.1585220499E+04
L1 0.2941441623E+03  0.2941441623E+03  -.8420514938E+10  0.1000000000E+01
L2 0.1000000000E+01  0.3399660765E+02  0.3399660765E+02  0.3399660765E+02
L3 0.3024845779E+05  -.9266993852E+03  -.3618273723E+03  -.1296555638E+03
L4 -.4727274404E+03  0.2836201129E+03  0.2692556404E+03  0.2660860562E+03
L5 0.8189618095E+03  0.4853632139E+03  0.3480257111E+03  0.2943121627E+03
L6 0.1127701088E+04  -.8420514938E+04  0.1279867227E+04  -.9775401022E+04
L7 0.0000000000E+00  0.1889792460E+01  0.8541068813E+01  0.1244584097E+02
L8 0.2286138519E+01  0.4779440907E+02  0.2061606992E+01  0.0000000000E+00
L9 0.0000000000E+00  0.0000000000E+00  0.0000000000E+00  0.8931009099E+00  0.0000000000E+00
L0     2000  0.4000000000E+01  -.6930675748E+04  0.1625628424E+04
L1 0.3016420184E+03  0.3016420184E+03  -.8556304171E+10  0.1000000000E+01
L2 0.1000000000E+01  0.3337894879E+02  0.3337894879E+02  0.3337894879E+02
L3 0.2862919527E+05  -.4412676366E+03  -.1462714836E+04  0.8972060589E+03
L4 -.3355921380E+03  0.2610032750E+03  0.2776256846E+03  0.2686612038E+03
L5 0.8072901634E+03  0.3519250274E+03  0.5790132894E+03  0.8379483171E+02
L6 0.1014733149E+04  -.8556304171E+04  0.1293864927E+04  -.9926422396E+04
L7 0.0000000000E+00  0.3435291956E+01  0.1003984165E+02  0.1119203970E+02
L8 0.3172228328E+01  0.4513309720E+02  0.3280798955E+01  0.0000000000E+00
L9 0.0000000000E+00  0.0000000000E+00  0.0000000000E+00  0.9436145488E+00  0.0000000000E+00
L0     3000  0.6000000000E+01  -.7002307928E+04  0.1573712747E+04
L1 0.2920088518E+03  0.2920088518E+03  -.8576020675E+10  0.1000000000E+01
L2 0.1000000000E+01  0.3309434955E+02  0.3309434955E+02  0.3309434955E+02
L3 0.2790286036E+05  -.4422308990E+03  -.1143254491E+03  -.1405787294E+03
L4 -.2323783591E+03  0.2449528969E+03  0.2730210030E+03  0.2758535972E+03
L5 0.7938274971E+03  0.3337613672E+03  0.2959797521E+03  0.3040845099E+03
L6 0.9338256292E+03  -.8576020675E+04  0.1269905587E+04  -.9929224267E+04
L7 0.0000000000E+00  0.1067725504E+02  0.1021296608E+02  0.1311028806E+02
L8 0.1853171819E+01  0.4367604908E+02  0.3768274105E+01  0.0000000000E+00
L9 0.0000000000E+00  0.0000000000E+00  0.0000000000E+00  0.9681776285E+00  0.0000000000E+00
L0     4000  0.8000000000E+01  -.6856323039E+04  0.1637882196E+04
L1 0.3039157562E+03  0.3039157562E+03  -.8494205235E+10  0.1000000000E+01
L2 0.1000000000E+01  0.3295455510E+02  0.3295455510E+02  0.3295455510E+02
L3 0.2755114154E+05  -.4386396030E+03  -.2262872864E+03  -.5017204228E+03
L4 -.3888824374E+03  0.2729930597E+03  0.2653677616E+03  0.2800290042E+03
L5 0.8183898255E+03  0.3599699784E+03  0.3102377888E+03  0.3795140852E+03
L6 0.1049721852E+04  -.8494205235E+04  0.1193586436E+04  -.9759432700E+04
L7 0.0000000000E+00  0.1333087411E+01  0.5439514872E+01  0.9753953411E+01
L8 0.3828827154E+01  0.4792814646E+02  0.3357499990E+01  0.0000000000E+00
L9 0.0000000000E+00  0.0000000000E+00  0.0000000000E+00  0.9805374175E+00  0.0000000000E+00
L0     5000  0.1000000000E+02  -.6911701513E+04  0.1658048182E+04
L1 0.3076576375E+03  0.3076576375E+03  -.8569749695E+10  0.1000000000E+01
L2 0.1000000000E+01  0.3290124115E+02  0.3290124115E+02  0.3290124115E+02
L3 0.2741820205E+05  -.1103877688E+04  -.1655172769E+03  -.5855771793E+03
L4 -.6183240479E+03  0.2701746049E+03  0.2766944400E+03  0.2623137764E+03
L5 0.8091828212E+03  0.4880040111E+03  0.3093561475E+03  0.3778663695E+03
L6 0.1175226528E+04  -.8569749695E+04  0.1177360720E+04  -.9823158562E+04
L7 0.0000000000E+00  0.3256493618E+01  0.1251174981E+02  0.1216498814E+02
L8 0.2654544515E+01  0.4269880327E+02  0.2761567857E+01  0.0000000000E+00
L9 0.0000000000E+00  0.0000000000E+00  0.0000000000E+00  0.9852916368E+00  0.0000000000E+00
L0     6000  0.1200000000E+02  -.6993820022E+04  0.1566536299E+04
L1 0.2906772325E+03  0.2906772325E+03  -.8560356322E+10  0.1000000000E+01
L2 0.1000000000E+01  0.3296283881E+02  0.3296283881E+02  0.3296283881E+02
L3 0.2757056156E+05  0.9907910369E+02  -.1134438751E+03  0.5086365275E+03
L4 0.1647572520E+03  0.2518800432E+03  0.2557725756E+03  0.2767892108E+03
L5 0.7844418296E+03  0.2322200094E+03  0.2782829773E+03  0.1758616592E+03
L6 0.6863646459E+03  -.8560356322E+04  0.1291882274E+04  -.9924147767E+04
L7 0.0000000000E+00  0.1989745385E+01  0.7134505951E+01  0.1022754821E+02
L8 0.3296751122E+01  0.4777927812E+02  0.1481342692E+01  0.0000000000E+00
L9 0.0000000000E+00  0.0000000000E+00  0.0000000000E+00  0.9798467511E+00  0.0000000000E+00
L0     7000  0.1400000000E+02  -.6927550305E+04  0.1640104079E+04
L1 0.3043280357E+03  0.3043280357E+03  -.8567654384E+10  0.1000000000E+01
L2 0.1000000000E+01  0.3292521077E+02  0.3292521077E+02  0.3292521077E+02
L3 0.2747657713E+05  -.1764756924E+03  0.3444414508E+03  -.7225851822E+02
L4 0.3190241339E+02  0.2877107167E+03  0.2765519642E+03  0.2645331419E+03
L5 0.8287958229E+03  0.3226090033E+03  0.2084382411E+03  0.2788223533E+03
L6 0.8098695977E+03  -.8567654384E+04  0.1253955086E+04  -.9892944386E+04
L7 0.0000000000E+00  0.3073147345E+01  0.6929419998E+01  0.9797143138E+01
L8 0.3057210898E+01  0.4569314273E+02  0.2784851019E+01  0.0000000000E+00
L9 0.0000000000E+00  0.0000000000E+00  0.0000000000E+00  0.9831983457E+00  0.0000000000E+00
L0     8000  0.1600000000E+02  -.6954601153E+04  0.1655304249E+04
L1 0.3071484894E+03  0.3071484894E+03  -.8609905401E+10  0.1000000000E+01
L2 0.1000000000E+01  0.3293451829E+02  0.3293451829E+02  0.3293451829E+02
L3 0.2749943078E+05  0.1414322495E+03  0.9345573060E+03  -.4241465324E+03
L4 0.2172810077E+03  0.2733563244E+03  0.2715145651E+03  0.2622171445E+03
L5 0.8070880340E+03  0.2453646593E+03  0.8655098563E+02  0.3461624097E+03
L6 0.6780780546E+03  -.8609905401E+04  0.1310421153E+04  -.9993447013E+04
L7 0.0000000000E+00  0.2072051843E+01  0.5615956449E+01  0.1012733806E+02
L8 0.4094079657E+01  0.4893238527E+02  0.2278647057E+01  0.0000000000E+00
L9 0.0000000000E+00  0.0000000000E+00  0.0000000000E+00  0.9823812496E+00  0.0000000000E+00
L0     9000  0.1800000000E+02  -.6900143921E+04  0.1575668475E+04
L1 0.2923717451E+03  0.2923717451E+03  -.8475812395E+10  0.1000000000E+01
L2 0.1000000000E+01  0.3296082927E+02  0.3296082927E+02  0.3296082927E+02
L3 0.2756531051E+05  0.6006981493E+03  0.1306220467E+03  0.1788023033E+02
L4 0.2497334754E+03  0.2552036715E+03  0.2670788988E+03  0.2647767762E+03
L5 0.7870593464E+03  0.1360312503E+03  0.2411648093E+03  0.2612295198E+03
L6 0.6384255794E+03  -.8475812395E+04  0.1269713827E+04  -.9824304816E+04
L7 0.0000000000E+00  0.4209454625E+01  0.7182756157E+01  0.1051206444E+02
L8 0.3552454222E+01  0.4939597278E+02  0.3925891333E+01  0.0000000000E+00
L9 0.0000000000E+00  0.0000000000E+00  0.0000000000E+00  0.9800334069E+00  0.0000000000E+00
L0    10000  0.2000000000E+02  -.6917606845E+04  0.1628457848E+04
L1 0.3021670298E+03  0.3021670298E+03  -.8546064693E+10  0.1000000000E+01
L2 0.1000000000E+01  0.3289021395E+02  0.3289021395E+02  0.3289021395E+02
L3 0.2738885193E+05  0.3974722471E+03  0.6570042072E+03  -.7104834055E+03
L4 0.1146643496E+03  0.2693220906E+03  0.2900707930E+03  0.2512913910E+03
L5 0.8106842746E+03  0.1909724122E+03  0.1605622078E+03  0.3913417889E+03
L6 0.7428764089E+03  -.8546064693E+04  0.1260017992E+04  -.9879131465E+04
L7 0.0000000000E+00  0.3257981642E+01  0.7170654986E+01  0.1202268552E+02
L8 0.2870658594E+01  0.4541092119E+02  0.2315877233E+01  0.0000000000E+00
L9 0.0000000000E+00  0.0000000000E+00  0.0000000000E+00  0.9863474835E+00  0.0000000000E+00
