L0  Nsteps           time(ps)         Etot             EKinetic        
L1  Temp             T_solute         T_solv           Pres_scal_solu  
L2  Pres_scal_solv   BoxX             BoxY             BoxZ            
L3  volume           pres_X           pres_Y           pres_Z          
L4  Pressure         EKCoM_x          EKCoM_y          EKCoM_z         
L5  EKComTot         VIRIAL_x         VIRIAL_y         VIRIAL_z        
L6  VIRIAL_tot       E_pot            E_vdw            E_el            
L7  E_hbon           E_bon            E_angle          E_dih           
L8  E_14vdw          E_14el           E_const          E_pol           
L9  AV_permMoment    AV_indMoment     AV_totMoment     Density          dV/dlambda      
L0     1000  0.2000000000E+01  -.7421616231E+04  0.1697764398E+04
L1 0.2908932977E+03  0.2908932977E+03  -.9119380629E+10  0.1000000000E+01
L2 0.1000000000E+01  0.3478448005E+02  0.3478448005E+02  0.3478448005E+02
L3 0.3240094772E+05  -.2299145636E+03  -.7143778879E+03  -.8361205696E+03
L4 -.5934710070E+03  0.2938316838E+03  0.2721242829E+03  0.2894968770E+03
L5 0.8554528437E+03  0.3474460005E+03  0.4387117392E+03  0.4844737949E+03
L6 0.1270631535E+04  -.9119380629E+04  0.1374198621E+04  -.1056514838E+05
L7 0.0000000000E+00  0.1429992365E+01  0.8371284643E+01  0.1167176974E+02
L8 0.3284285028E+01  0.4276041251E+02  0.4051382753E+01  0.0000000000E+00
L9 0.0000000000E+00  0.0000000000E+00  0.0000000000E+00  0.9030193611E+00  0.0000000000E+00
L0     2000  0.4000000000E+01  -.7409053065E+04  0.1762276395E+04
L1 0.3019467203E+03  0.3019467203E+03  -.9171329460E+10  0.1000000000E+01
L2 0.1000000000E+01  0.3412910831E+02  0.3412910831E+02  0.3412910831E+02
L3 0.3060439828E+05  -.5286654523E+03  -.6573991384E+03  -.1202588350E+04
L4 -.7962176470E+03  0.2794338182E+03  0.2901888735E+03  0.2918729671E+03
L5 0.8614956587E+03  0.3958789551E+03  0.4349892048E+03  0.5567579988E+03
L6 0.1387626159E+04  -.9171329460E+04  0.1288454793E+04  -.1053523873E+05
L7 0.0000000000E+00  0.4921104104E+01  0.1156529139E+02  0.1123504934E+02
L8 0.2110485734E+01  0.4140367401E+02  0.4218875147E+01  0.0000000000E+00
L9 0.0000000000E+00  0.0000000000E+00  0.0000000000E+00  0.9560287001E+00  0.0000000000E+00
L0     3000  0.6000000000E+01  -.7459330760E+04  0.1772298997E+04
L1 0.3036639833E+03  0.3036639833E+03  -.9231629757E+10  0.1000000000E+01
L2 0.1000000000E+01  0.3397480758E+02  0.3397480758E+02  0.3397480758E+02
L3 0.3018870913E+05  0.4806755216E+03  0.2637332045E+03  -.3844069071E+03
L4 0.1200006063E+03  0.3156661608E+03  0.2921839143E+03  0.2783463817E+03
L5 0.8861964567E+03  0.2112294635E+03  0.2348824217E+03  0.3618667317E+03
L6 0.8079786168E+03  -.9231629757E+04  0.1396858720E+04  -.1070245217E+05
L7 0.0000000000E+00  0.3976993448E+01  0.1177262544E+02  0.1001197327E+02
L8 0.4480796062E+01  0.4071610189E+02  0.3005199246E+01  0.0000000000E+00
L9 0.0000000000E+00  0.0000000000E+00  0.0000000000E+00  0.9691929184E+00  0.0000000000E+00
L0     4000  0.8000000000E+01  -.7571581540E+04  0.1723366799E+04
L1 0.2952799881E+03  0.2952799881E+03  -.9294948339E+10  0.1000000000E+01
L2 0.1000000000E+01  0.3382581749E+02  0.3382581749E+02  0.3382581749E+02
L3 0.2979345537E+05  0.1413092514E+03  0.2346552739E+03  -.2053070014E+03
L4 0.5688584132E+02  0.2937878621E+03  0.2940084458E+03  0.2744242754E+03
L5 0.8622205833E+03  0.2634874839E+03  0.2436922528E+03  0.3184474356E+03
L6 0.8256271722E+03  -.9294948339E+04  0.1400831038E+04  -.1076963432E+05
L7 0.0000000000E+00  0.4926294682E+01  0.7810392898E+01  0.1130352987E+02
L8 0.3394358514E+01  0.4351162698E+02  0.2908740680E+01  0.0000000000E+00
L9 0.0000000000E+00  0.0000000000E+00  0.0000000000E+00  0.9820506799E+00  0.0000000000E+00
L0     5000  0.1000000000E+02  -.7546964230E+04  0.1767876392E+04
L1 0.3029062183E+03  0.3029062183E+03  -.9314840622E+10  0.1000000000E+01
L2 0.1000000000E+01  0.3380512055E+02  0.3380512055E+02  0.3380512055E+02
L3 0.2973905634E+05  0.2066206613E+03  -.5837620812E+03  0.2576847305E+03
L4 -.3981889644E+02  0.3021199674E+03  0.3049086680E+03  0.3001233569E+03
L5 0.9071519924E+03  0.2578960194E+03  0.4298538878E+03  0.2449699368E+03
L6 0.9327198441E+03  -.9314840622E+04  0.1368221368E+04  -.1075998989E+05
L7 0.0000000000E+00  0.4139736954E+01  0.9592277083E+01  0.1162189895E+02
L8 0.3262556974E+01  0.4522293830E+02  0.3088487092E+01  0.0000000000E+00
L9 0.0000000000E+00  0.0000000000E+00  0.0000000000E+00  0.9838470584E+00  0.0000000000E+00
L0     6000  0.1200000000E+02  -.7614177796E+04  0.1721580981E+04
L1 0.2949740077E+03  0.2949740077E+03  -.9335758777E+10  0.1000000000E+01
L2 0.1000000000E+01  0.3384170117E+02  0.3384170117E+02  0.3384170117E+02
L3 0.2983651574E+05  -.5781161076E+03  0.1200435071E+03  -.5775135069E+03
L4 -.3451953692E+03  0.3003719605E+03  0.2811385203E+03  0.2816505098E+03
L5 0.8631609906E+03  0.4245142514E+03  0.2553608681E+03  0.4056634007E+03
L6 0.1085538520E+04  -.9335758777E+04  0.1371160089E+04  -.1078489154E+05
L7 0.0000000000E+00  0.1865767922E+01  0.8314473109E+01  0.1545231307E+02
L8 0.3174157118E+01  0.4493006543E+02  0.4235898955E+01  0.0000000000E+00
L9 0.0000000000E+00  0.0000000000E+00  0.0000000000E+00  0.9806333742E+00  0.0000000000E+00
L0     7000  0.1400000000E+02  -.7517899979E+04  0.1810056646E+04
L1 0.3101333420E+03  0.3101333420E+03  -.9327956625E+10  0.1000000000E+01
L2 0.1000000000E+01  0.3383763284E+02  0.3383763284E+02  0.3383763284E+02
L3 0.2982620355E+05  -.9965138617E+03  -.4117103008E+03  -.1314090177E+03
L4 -.5132110601E+03  0.3120285334E+03  0.2926795712E+03  0.3016221154E+03
L5 0.9063302200E+03  0.5259418895E+03  0.3810580029E+03  0.3298305981E+03
L6 0.1236830491E+04  -.9327956625E+04  0.1328000383E+04  -.1073150754E+05
L7 0.0000000000E+00  0.3016065932E+01  0.6814033581E+01  0.1201381110E+02
L8 0.4122308847E+01  0.4515372304E+02  0.4430589758E+01  0.0000000000E+00
L9 0.0000000000E+00  0.0000000000E+00  0.0000000000E+00  0.9809724211E+00  0.0000000000E+00
L0     8000  0.1600000000E+02  -.7546609077E+04  0.1773204253E+04
L1 0.3038190889E+03  0.3038190889E+03  -.9319813330E+10  0.1000000000E+01
L2 0.1000000000E+01  0.3383626535E+02  0.3383626535E+02  0.3383626535E+02
L3 0.2982245802E+05  -.8051411765E+03  -.2743728377E+03  -.3140515731E+03
L4 -.4645218624E+03  0.3010078666E+03  0.3028403056E+03  0.2627267624E+03
L5 0.8665749346E+03  0.4738191334E+03  0.3617302482E+03  0.3301331400E+03
L6 0.1165682522E+04  -.9319813330E+04  0.1344519508E+04  -.1074146617E+05
L7 0.0000000000E+00  0.2659378015E+01  0.7496039751E+01  0.1088256275E+02
L8 0.4188815663E+01  0.4684215858E+02  0.5064377889E+01  0.0000000000E+00
L9 0.0000000000E+00  0.0000000000E+00  0.0000000000E+00  0.9810956254E+00  0.0000000000E+00
L0     9000  0.1800000000E+02  -.7589629326E+04  0.1725098729E+04
L1 0.2955767353E+03  0.2955767353E+03  -.9314728055E+10  0.1000000000E+01
L2 0.1000000000E+01  0.3384478285E+02  0.3384478285E+02  0.3384478285E+02
L3 0.2984390593E+05  0.1293763942E+03  0.2382999228E+03  -.5451735013E+03
L4 -.5916572811E+02  0.2867614443E+03  0.2936150323E+03  0.2719030963E+03
L5 0.8522795730E+03  0.2589728048E+03  0.2424308059E+03  0.3890004232E+03
L6 0.8904040338E+03  -.9314728055E+04  0.1402560212E+04  -.1079354987E+05
L7 0.0000000000E+00  0.2892397162E+01  0.1175256458E+02  0.1182184359E+02
L8 0.2533447769E+01  0.4371348522E+02  0.3547860463E+01  0.0000000000E+00
L9 0.0000000000E+00  0.0000000000E+00  0.0000000000E+00  0.9803905417E+00  0.0000000000E+00
L0    10000  0.2000000000E+02  -.7641339090E+04  0.1744429206E+04
L1 0.2988888003E+03  0.2988888003E+03  -.9385768296E+10  0.1000000000E+01
L2 0.1000000000E+01  0.3376109681E+02  0.3376109681E+02  0.3376109681E+02
L3 0.2962236215E+05  0.1637506358E+03  0.3599882528E+03  0.1057888598E+03
L4 0.2098425828E+03  0.2853948920E+03  0.2835036464E+03  0.2841356174E+03
L5 0.8530341559E+03  0.2504841353E+03  0.2067560830E+03  0.2615820003E+03
L6 0.7188222186E+03  -.9385768296E+04  0.1434958595E+04  -.1089409063E+05
L7 0.0000000000E+00  0.8392229551E+00  0.9792797813E+01  0.1177178576E+02
L8 0.3721330458E+01  0.4526686025E+02  0.1971741332E+01  0.0000000000E+00
L9 0.0000000000E+00  0.0000000000E+00  0.0000000000E+00  0.9877228207E+00  0.0000000000E+00
