L0  Nsteps           time(ps)         Etot             EKinetic        
L1  Temp             T_solute         T_solv           Pres_scal_solu  
L2  Pres_scal_solv   BoxX             BoxY             BoxZ            
L3  volume           pres_X           pres_Y           pres_Z          
L4  Pressure         EKCoM_x          EKCoM_y          EKCoM_z         
L5  EKComTot         VIRIAL_x         VIRIAL_y         VIRIAL_z        
L6  VIRIAL_tot       E_pot            E_vdw            E_el            
L7  E_hbon           E_bon            E_angle          E_dih           
L8  E_14vdw          E_14el           E_const          E_pol           
L9  AV_permMoment    AV_indMoment     AV_totMoment     Density          dV/dlambda      
L0     1000  0.2000000000E+01  -.7222156713E+04  0.1732698296E+04
L1 0.3046586815E+03  0.3046586815E+03  -.8954855009E+10  0.1000000000E+01
L2 0.1000000000E+01  0.3440321910E+02  0.3440321910E+02  0.3440321910E+02
L3 0.3134784774E+05  -.6736914430E+03  -.9414918165E+03  -.8868883477E+03
L4 -.8340238691E+03  0.2772173021E+03  0.2984592445E+03  0.2823277405E+03
L5 0.8580042872E+03  0.4292109156E+03  0.5108721298E+03  0.4824213680E+03
L6 0.1422504413E+04  -.8954855009E+04  0.1312631046E+04  -.1034164582E+05
L7 0.0000000000E+00  0.1394036122E+01  0.1053912081E+02  0.9247984082E+01
L8 0.3731691634E+01  0.4475205056E+02  0.4494886221E+01  0.0000000000E+00
L9 0.0000000000E+00  0.0000000000E+00  0.0000000000E+00  0.9094966912E+00  0.0000000000E+00
L0     2000  0.4000000000E+01  -.7328180383E+04  0.1705723532E+04
L1 0.2999157345E+03  0.2999157345E+03  -.9033903915E+10  0.1000000000E+01
L2 0.1000000000E+01  0.3382368823E+02  0.3382368823E+02  0.3382368823E+02
L3 0.2978891058E+05  -.6873379062E+02  -.7768580523E+03  -.2044185178E+03
L4 -.3500034535E+03  0.2932428449E+03  0.2731382533E+03  0.2840965792E+03
L5 0.8504776774E+03  0.3079789088E+03  0.4396914116E+03  0.3279225390E+03
L6 0.1075592859E+04  -.9033903915E+04  0.1344515361E+04  -.1044946230E+05
L7 0.0000000000E+00  0.2385913041E+01  0.5518809176E+01  0.1144986367E+02
L8 0.3918451722E+01  0.4600670952E+02  0.1763277320E+01  0.0000000000E+00
L9 0.0000000000E+00  0.0000000000E+00  0.0000000000E+00  0.9570932015E+00  0.0000000000E+00
L0     3000  0.6000000000E+01  -.7329253593E+04  0.1682334475E+04
L1 0.2958032590E+03  0.2958032590E+03  -.9011588068E+10  0.1000000000E+01
L2 0.1000000000E+01  0.3358045857E+02  0.3358045857E+02  0.3358045857E+02
L3 0.2915084191E+05  -.7053413640E+03  -.1215538391E+02  -.2939015397E+03
L4 -.3371327625E+03  0.2783500513E+03  0.2872468610E+03  0.2725987832E+03
L5 0.8381956956E+03  0.4263314186E+03  0.2897970735E+03  0.3342596384E+03
L6 0.1050388130E+04  -.9011588068E+04  0.1300390425E+04  -.1038586842E+05
L7 0.0000000000E+00  0.2691932525E+01  0.9940682758E+01  0.1162917764E+02
L8 0.4147178652E+01  0.4300740108E+02  0.2473559025E+01  0.0000000000E+00
L9 0.0000000000E+00  0.0000000000E+00  0.0000000000E+00  0.9780425513E+00  0.0000000000E+00
L0     4000  0.8000000000E+01  -.7365132460E+04  0.1665186525E+04
L1 0.2927881514E+03  0.2927881514E+03  -.9030318986E+10  0.1000000000E+01
L2 0.1000000000E+01  0.3348292624E+02  0.3348292624E+02  0.3348292624E+02
L3 0.2889500366E+05  0.4910808368E+03  0.6274820235E+03  0.8670067823E+03
L4 0.6618565476E+03  0.2756180241E+03  0.2802868047E+03  0.2651224286E+03
L5 0.8210272573E+03  0.1734929649E+03  0.1497957858E+03  0.8481989534E+02
L6 0.4081086460E+03  -.9030318986E+04  0.1404439098E+04  -.1050540550E+05
L7 0.0000000000E+00  0.3890754425E+01  0.7125808593E+01  0.1051383329E+02
L8 0.3141124983E+01  0.4296415957E+02  0.3011735021E+01  0.0000000000E+00
L9 0.0000000000E+00  0.0000000000E+00  0.0000000000E+00  0.9867022041E+00  0.0000000000E+00
L0     5000  0.1000000000E+02  -.7416349716E+04  0.1679609560E+04
L1 0.2953241398E+03  0.2953241398E+03  -.9095959276E+10  0.1000000000E+01
L2 0.1000000000E+01  0.3350624798E+02  0.3350624798E+02  0.3350624798E+02
L3 0.2895756991E+05  0.1570501585E+03  -.1151845151E+04  0.4880110078E+03
L4 -.1689279951E+03  0.2947271280E+03  0.2874814623E+03  0.2742643773E+03
L5 0.8564729676E+03  0.2619962939E+03  0.5275375876E+03  0.1725579704E+03
L6 0.9620918519E+03  -.9095959276E+04  0.1343369606E+04  -.1051193177E+05
L7 0.0000000000E+00  0.3062370937E+01  0.8622293324E+01  0.1211392542E+02
L8 0.3384808050E+01  0.4308594973E+02  0.2333541136E+01  0.0000000000E+00
L9 0.0000000000E+00  0.0000000000E+00  0.0000000000E+00  0.9845703174E+00  0.0000000000E+00
L0     6000  0.1200000000E+02  -.7296112752E+04  0.1739712168E+04
L1 0.3058919238E+03  0.3058919238E+03  -.9035824920E+10  0.1000000000E+01
L2 0.1000000000E+01  0.3351285349E+02  0.3351285349E+02  0.3351285349E+02
L3 0.2897482329E+05  -.1172981383E+03  -.6967493037E+03  0.1637011282E+03
L4 -.2167821046E+03  0.2794773153E+03  0.2887358973E+03  0.3137587471E+03
L5 0.8819719596E+03  0.3039379935E+03  0.4340319846E+03  0.2796214565E+03
L6 0.1017591435E+04  -.9035824920E+04  0.1301932221E+04  -.1041295290E+05
L7 0.0000000000E+00  0.2399575331E+01  0.9020618424E+01  0.1053764714E+02
L8 0.4962213741E+01  0.4546905334E+02  0.2806650874E+01  0.0000000000E+00
L9 0.0000000000E+00  0.0000000000E+00  0.0000000000E+00  0.9839840439E+00  0.0000000000E+00
L0     7000  0.1400000000E+02  -.7385140672E+04  0.1680451565E+04
L1 0.2954721887E+03  0.2954721887E+03  -.9065592237E+10  0.1000000000E+01
L2 0.1000000000E+01  0.3352444318E+02  0.3352444318E+02  0.3352444318E+02
L3 0.2900535718E+05  -.1236660229E+03  -.5508270085E+03  -.5121957805E+03
L4 -.3955629373E+03  0.2974678300E+03  0.2586929821E+03  0.2809774713E+03
L5 0.8371382834E+03  0.3232836065E+03  0.3736803213E+03  0.3879003873E+03
L6 0.1084864315E+04  -.9065592237E+04  0.1304330203E+04  -.1044201836E+05
L7 0.0000000000E+00  0.2137191366E+01  0.8226141893E+01  0.1274646355E+02
L8 0.3341077682E+01  0.4282013840E+02  0.2824910842E+01  0.0000000000E+00
L9 0.0000000000E+00  0.0000000000E+00  0.0000000000E+00  0.9829482055E+00  0.0000000000E+00
L0     8000  0.1600000000E+02  -.7266587131E+04  0.1741233618E+04
L1 0.3061594390E+03  0.3061594390E+03  -.9007820749E+10  0.1000000000E+01
L2 0.1000000000E+01  0.3354748116E+02  0.3354748116E+02  0.3354748116E+02
L3 0.2906429740E+05  0.6053018833E+03  -.6103924368E+03  -.1421811717E+03
L4 -.4909057508E+02  0.3000637835E+03  0.2867064105E+03  0.2915489969E+03
L5 0.8783191909E+03  0.1734478288E+03  0.4143871980E+03  0.3212901976E+03
L6 0.9091252244E+03  -.9007820749E+04  0.1317672232E+04  -.1039643047E+05
L7 0.0000000000E+00  0.2020480583E+01  0.8225756418E+01  0.1164123377E+02
L8 0.2584113452E+01  0.4411862019E+02  0.2347285062E+01  0.0000000000E+00
L9 0.0000000000E+00  0.0000000000E+00  0.0000000000E+00  0.9809548602E+00  0.0000000000E+00
L0     9000  0.1800000000E+02  -.7298510330E+04  0.1763279367E+04
L1 0.3100357219E+03  0.3100357219E+03  -.9061789697E+10  0.1000000000E+01
L2 0.1000000000E+01  0.3348250259E+02  0.3348250259E+02  0.3348250259E+02
L3 0.2889496740E+05  0.4598763335E+03  0.2096900817E+03  0.8152645419E+02
L4 0.2503642898E+03  0.3031565083E+03  0.2816729407E+03  0.2818699786E+03
L5 0.8666994276E+03  0.2075208506E+03  0.2380658937E+03  0.2649157770E+03
L6 0.7105025213E+03  -.9061789697E+04  0.1373226206E+04  -.1051083727E+05
L7 0.0000000000E+00  0.3976249169E+01  0.1033729710E+02  0.1307737122E+02
L8 0.2829506625E+01  0.4339366038E+02  0.2207286787E+01  0.0000000000E+00
L9 0.0000000000E+00  0.0000000000E+00  0.0000000000E+00  0.9867034420E+00  0.0000000000E+00
L0    10000  0.2000000000E+02  -.7480402933E+04  0.1652823753E+04
L1 0.2906144170E+03  0.2906144170E+03  -.9133226686E+10  0.1000000000E+01
L2 0.1000000000E+01  0.3339824333E+02  0.3339824333E+02  0.3339824333E+02
L3 0.2867864005E+05  -.1074860316E+03  -.2616378335E+03  -.3669590120E+03
L4 -.2453609590E+03  0.2714488252E+03  0.2590247060E+03  0.2839378561E+03
L5 0.8144113873E+03  0.2936342200E+03  0.3130274313E+03  0.3596791450E+03
L6 0.9663407962E+03  -.9133226686E+04  0.1330883149E+04  -.1053753586E+05
L7 0.0000000000E+00  0.3134128875E+01  0.7397194547E+01  0.1113334377E+02
L8 0.3400770645E+01  0.4604312656E+02  0.2317456040E+01  0.0000000000E+00
L9 0.0000000000E+00  0.0000000000E+00  0.0000000000E+00  0.9941462965E+00  0.0000000000E+00
