L0  Nsteps           time(ps)         Etot             EKinetic        
L1  Temp             T_solute         T_solv           Pres_scal_solu  
L2  Pres_scal_solv   BoxX             BoxY             BoxZ            
L3  volume           pres_X           pres_Y           pres_Z          
L4  Pressure         EKCoM_x          EKCoM_y          EKCoM_z         
L5  EKComTot         VIRIAL_x         VIRIAL_y         VIRIAL_z        
L6  VIRIAL_tot       E_pot            E_vdw            E_el            
L7  E_hbon           E_bon            E_angle          E_dih           
L8  E_14vdw          E_14el           E_const          E_pol           
L9  AV_permMoment    AV_indMoment     AV_totMoment     Density          dV/dlambda      
L0     1000  0.2000000000E+01  -.7755632125E+04  0.1823607655E+04
L1 0.2987242191E+03  0.2987242191E+03  -.9579239780E+10  0.1000000000E+01
L2 0.1000000000E+01  0.3527230786E+02  0.3527230786E+02  0.3527230786E+02
L3 0.3378504903E+05  -.1228657111E+04  -.1074895639E+04  -.1161754913E+04
L4 -.1155102554E+04  0.2920002675E+03  0.2910679687E+03  0.3048909180E+03
L5 0.8879591543E+03  0.5907529629E+03  0.5524329715E+03  0.5873760869E+03
L6 0.1730562021E+04  -.9579239780E+04  0.1367482717E+04  -.1102586984E+05
L7 0.0000000000E+00  0.2461105290E+01  0.9253806931E+01  0.1487173006E+02
L8 0.2983146405E+01  0.4679492911E+02  0.2782621408E+01  0.0000000000E+00
L9 0.0000000000E+00  0.0000000000E+00  0.0000000000E+00  0.9058722346E+00  0.0000000000E+00
L0     2000  0.4000000000E+01  -.7863454510E+04  0.1758510719E+04
L1 0.2880607239E+03  0.2880607239E+03  -.9621965228E+10  0.1000000000E+01
L2 0.1000000000E+01  0.3461888530E+02  0.3461888530E+02  0.3461888530E+02
L3 0.3193944775E+05  -.4104494073E+03  -.3926681804E+03  0.2956642056E+02
L4 -.2578503891E+03  0.2849791140E+03  0.2843015325E+03  0.3200259190E+03
L5 0.8893065656E+03  0.3793294857E+03  0.3745645178E+03  0.3132294596E+03
L6 0.1067123463E+04  -.9621965228E+04  0.1437060608E+04  -.1114377731E+05
L7 0.0000000000E+00  0.5019816711E+01  0.1203487449E+02  0.1703573457E+02
L8 0.3013088345E+01  0.4477359388E+02  0.2874367872E+01  0.0000000000E+00
L9 0.0000000000E+00  0.0000000000E+00  0.0000000000E+00  0.9582175027E+00  0.0000000000E+00
L0     3000  0.6000000000E+01  -.7843373875E+04  0.1814026334E+04
L1 0.2971547078E+03  0.2971547078E+03  -.9657400208E+10  0.1000000000E+01
L2 0.1000000000E+01  0.3448946928E+02  0.3448946928E+02  0.3448946928E+02
L3 0.3158198480E+05  -.2414342281E+03  0.3685936279E+03  -.2596733559E+03
L4 -.4417131871E+02  0.3031511559E+03  0.2833230216E+03  0.3114402326E+03
L5 0.8979144101E+03  0.3580287218E+03  0.1995423527E+03  0.3704635195E+03
L6 0.9280345941E+03  -.9657400208E+04  0.1439802148E+04  -.1117274195E+05
L7 0.0000000000E+00  0.2113725795E+01  0.1480155701E+02  0.1024304156E+02
L8 0.2338477031E+01  0.4266973239E+02  0.3373058581E+01  0.0000000000E+00
L9 0.0000000000E+00  0.0000000000E+00  0.0000000000E+00  0.9690631560E+00  0.0000000000E+00
L0     4000  0.8000000000E+01  -.7892697258E+04  0.1843107637E+04
L1 0.3019185010E+03  0.3019185010E+03  -.9735804895E+10  0.1000000000E+01
L2 0.1000000000E+01  0.3441519291E+02  0.3441519291E+02  0.3441519291E+02
L3 0.3137925759E+05  -.3439245698E+03  -.1486484927E+03  -.5811387032E+03
L4 -.3579039219E+03  0.3241502214E+03  0.3070728028E+03  0.3097358720E+03
L5 0.9409588962E+03  0.4018218564E+03  0.3406434531E+03  0.4409797469E+03
L6 0.1183445056E+04  -.9735804895E+04  0.1413005856E+04  -.1122222358E+05
L7 0.0000000000E+00  0.5479110435E+01  0.7694565245E+01  0.1003971442E+02
L8 0.1944704769E+01  0.4486359326E+02  0.3391138908E+01  0.0000000000E+00
L9 0.0000000000E+00  0.0000000000E+00  0.0000000000E+00  0.9753238352E+00  0.0000000000E+00
L0     5000  0.1000000000E+02  -.7898091274E+04  0.1831492192E+04
L1 0.3000157810E+03  0.3000157810E+03  -.9729583466E+10  0.1000000000E+01
L2 0.1000000000E+01  0.3430813919E+02  0.3430813919E+02  0.3430813919E+02
L3 0.3108558778E+05  -.3016191179E+03  0.6256832565E+03  0.4953225139E+03
L4 0.2731288842E+03  0.3084198270E+03  0.3066658649E+03  0.3179522867E+03
L5 0.9330379785E+03  0.3758997423E+03  0.1666845086E+03  0.2071359646E+03
L6 0.7497202156E+03  -.9729583466E+04  0.1484386751E+04  -.1129344609E+05
L7 0.0000000000E+00  0.4264458092E+01  0.1466529855E+02  0.1172549294E+02
L8 0.4658213980E+01  0.4085823265E+02  0.3304173503E+01  0.0000000000E+00
L9 0.0000000000E+00  0.0000000000E+00  0.0000000000E+00  0.9845378533E+00  0.0000000000E+00
L0     6000  0.1200000000E+02  -.7931350878E+04  0.1789481756E+04
L1 0.2931340733E+03  0.2931340733E+03  -.9720832634E+10  0.1000000000E+01
L2 0.1000000000E+01  0.3440379731E+02  0.3440379731E+02  0.3440379731E+02
L3 0.3134776245E+05  0.4472707061E+03  -.4370645807E+03  -.7251167819E+03
L4 -.2383035521E+03  0.2931067021E+03  0.2987559126E+03  0.3007701173E+03
L5 0.8926327321E+03  0.1921968471E+03  0.3973631383E+03  0.4643655157E+03
L6 0.1053925501E+04  -.9720832634E+04  0.1431106761E+04  -.1122683711E+05
L7 0.0000000000E+00  0.1582985165E+01  0.1204651144E+02  0.9978076194E+01
L8 0.3054166210E+01  0.4671724344E+02  0.1518729050E+01  0.0000000000E+00
L9 0.0000000000E+00  0.0000000000E+00  0.0000000000E+00  0.9763037444E+00  0.0000000000E+00
L0     7000  0.1400000000E+02  -.7875108960E+04  0.1879485510E+04
L1 0.3078775414E+03  0.3078775414E+03  -.9754594470E+10  0.1000000000E+01
L2 0.1000000000E+01  0.3428939953E+02  0.3428939953E+02  0.3428939953E+02
L3 0.3103578023E+05  -.3299028526E+03  -.1863598306E+03  0.1403564605E+03
L4 -.1253020742E+03  0.3198476953E+03  0.3073123582E+03  0.2900483628E+03
L5 0.9172084163E+03  0.3935371459E+03  0.3489390172E+03  0.2586973442E+03
L6 0.1001173507E+04  -.9754594470E+04  0.1438359085E+04  -.1126884077E+05
L7 0.0000000000E+00  0.1722878071E+01  0.9977616359E+01  0.9690395332E+01
L8 0.3464668283E+01  0.4788695253E+02  0.3144699512E+01  0.0000000000E+00
L9 0.0000000000E+00  0.0000000000E+00  0.0000000000E+00  0.9861178818E+00  0.0000000000E+00
L0     8000  0.1600000000E+02  -.7919042034E+04  0.1826468638E+04
L1 0.2991928752E+03  0.2991928752E+03  -.9745510672E+10  0.1000000000E+01
L2 0.1000000000E+01  0.3423571541E+02  0.3423571541E+02  0.3423571541E+02
L3 0.3088809513E+05  0.6526869023E+03  0.5815161019E+03  0.7228676361E+03
L4 0.6523568801E+03  0.3055710640E+03  0.2979481047E+03  0.3032083279E+03
L5 0.9067274967E+03  0.1604760116E+03  0.1686746215E+03  0.1425118023E+03
L6 0.4716624354E+03  -.9745510672E+04  0.1521788686E+04  -.1134185800E+05
L7 0.0000000000E+00  0.3361867241E+01  0.8689452792E+01  0.1050937222E+02
L8 0.3759616221E+01  0.4495050725E+02  0.3287827933E+01  0.0000000000E+00
L9 0.0000000000E+00  0.0000000000E+00  0.0000000000E+00  0.9908328027E+00  0.0000000000E+00
L0     9000  0.1800000000E+02  -.7979656394E+04  0.1779648461E+04
L1 0.2915232864E+03  0.2915232864E+03  -.9759304855E+10  0.1000000000E+01
L2 0.1000000000E+01  0.3424566330E+02  0.3424566330E+02  0.3424566330E+02
L3 0.3091789611E+05  -.7365743865E+03  -.4591254028E+03  0.3317602546E+02
L4 -.3875079213E+03  0.2828345898E+03  0.3097769867E+03  0.2983100294E+03
L5 0.8909216059E+03  0.4467361645E+03  0.4119409744E+03  0.2909277434E+03
L6 0.1149604882E+04  -.9759304855E+04  0.1399883610E+04  -.1123259819E+05
L7 0.0000000000E+00  0.1772902746E+01  0.7635769002E+01  0.1120901307E+02
L8 0.3211895459E+01  0.4654984964E+02  0.3030296070E+01  0.0000000000E+00
L9 0.0000000000E+00  0.0000000000E+00  0.0000000000E+00  0.9898777638E+00  0.0000000000E+00
L0    10000  0.2000000000E+02  -.8020027045E+04  0.1798577027E+04
L1 0.2946239649E+03  0.2946239649E+03  -.9818604071E+10  0.1000000000E+01
L2 0.1000000000E+01  0.3421787245E+02  0.3421787245E+02  0.3421787245E+02
L3 0.3084225271E+05  -.5341038062E+03  -.9325404952E+02  -.6244960970E+02
L4 -.2299358218E+03  0.3164090459E+03  0.2923518650E+03  0.2937991913E+03
L5 0.9025601022E+03  0.4349663579E+03  0.3130518662E+03  0.3076613990E+03
L6 0.1055679623E+04  -.9818604071E+04  0.1421425128E+04  -.1131620715E+05
L7 0.0000000000E+00  0.4181008989E+01  0.7643141097E+01  0.1254563020E+02
L8 0.3380109767E+01  0.4552356589E+02  0.2904492733E+01  0.0000000000E+00
L9 0.0000000000E+00  0.0000000000E+00  0.0000000000E+00  0.9923055281E+00  0.0000000000E+00
