L0  Nsteps           time(ps)         Etot             EKinetic        
L1  Temp             T_solute         T_solv           Pres_scal_solu  
L2  Pres_scal_solv   BoxX             BoxY             BoxZ            
L3  volume           pres_X           pres_Y           pres_Z          
L4  Pressure         EKCoM_x          EKCoM_y          EKCoM_z         
L5  EKComTot         VIRIAL_x         VIRIAL_y         VIRIAL_z        
L6  VIRIAL_tot       E_pot            E_vdw            E_el            
L7  E_hbon           E_bon            E_angle          E_dih           
L8  E_14vdw          E_14el           E_const          E_pol           
L9  AV_permMoment    AV_indMoment     AV_totMoment     Density          dV/dlambda      
L0     1000  0.2000000000E+01  -.7455705598E+04  0.1687422068E+04
L1 0.2888262312E+03  0.2888262312E+03  -.9143127666E+10  0.1000000000E+01
L2 0.1000000000E+01  0.3480536638E+02  0.3480536638E+02  0.3480536638E+02
L3 0.3245946154E+05  -.3018461188E+03  -.7819451304E+03  -.8140600510E+03
L4 -.6326171001E+03  0.2742175160E+03  0.2765404489E+03  0.2950848706E+03
L5 0.8458428355E+03  0.3447328370E+03  0.4592133688E+03  0.4852602687E+03
L6 0.1289206474E+04  -.9143127666E+04  0.1369774565E+04  -.1059165526E+05
L7 0.0000000000E+00  0.2991682573E+01  0.1020722649E+02  0.1273560001E+02
L8 0.2759273728E+01  0.4665991850E+02  0.3399326748E+01  0.0000000000E+00
L9 0.0000000000E+00  0.0000000000E+00  0.0000000000E+00  0.9023131772E+00  0.0000000000E+00
L0     2000  0.4000000000E+01  -.7378787089E+04  0.1787598505E+04
L1 0.3059728498E+03  0.3059728498E+03  -.9166385594E+10  0.1000000000E+01
L2 0.1000000000E+01  0.3424850798E+02  0.3424850798E+02  0.3424850798E+02
L3 0.3092529908E+05  0.1262168911E+03  -.5336472829E+03  -.4262205406E+03
L4 -.2778836441E+03  0.3137078685E+03  0.2919781346E+03  0.2840390183E+03
L5 0.8897250214E+03  0.2856155252E+03  0.4107530667E+03  0.3789037677E+03
L6 0.1075272360E+04  -.9166385594E+04  0.1350979623E+04  -.1059327784E+05
L7 0.0000000000E+00  0.2918411335E+01  0.1131936298E+02  0.1017747816E+02
L8 0.2854855600E+01  0.4527406778E+02  0.3368451961E+01  0.0000000000E+00
L9 0.0000000000E+00  0.0000000000E+00  0.0000000000E+00  0.9470757194E+00  0.0000000000E+00
L0     3000  0.6000000000E+01  -.7470678112E+04  0.1761760040E+04
L1 0.3015502299E+03  0.3015502299E+03  -.9232438152E+10  0.1000000000E+01
L2 0.1000000000E+01  0.3406176329E+02  0.3406176329E+02  0.3406176329E+02
L3 0.3042126568E+05  -.9595778320E+02  -.2057930448E+03  0.4779246688E+03
L4 0.5872461360E+02  0.3175844189E+03  0.2946514641E+03  0.2810938926E+03
L5 0.8933297757E+03  0.3385938390E+03  0.3397087006E+03  0.1764549586E+03
L6 0.8547574983E+03  -.9232438152E+04  0.1392743030E+04  -.1069809982E+05
L7 0.0000000000E+00  0.2120782371E+01  0.7948360056E+01  0.1338373892E+02
L8 0.3098174296E+01  0.4376536352E+02  0.2602218640E+01  0.0000000000E+00
L9 0.0000000000E+00  0.0000000000E+00  0.0000000000E+00  0.9627673019E+00  0.0000000000E+00
L0     4000  0.8000000000E+01  -.7575763842E+04  0.1772951463E+04
L1 0.3034658008E+03  0.3034658008E+03  -.9348715305E+10  0.1000000000E+01
L2 0.1000000000E+01  0.3385032602E+02  0.3385032602E+02  0.3385032602E+02
L3 0.2985870611E+05  -.5163125479E+03  -.4716556340E+03  0.6594343011E+03
L4 -.1095112936E+03  0.3011882906E+03  0.3069006212E+03  0.2867759080E+03
L5 0.8948648197E+03  0.4121415958E+03  0.4082573512E+03  0.1450663648E+03
L6 0.9654653118E+03  -.9348715305E+04  0.1382982267E+04  -.1080300628E+05
L7 0.0000000000E+00  0.1639745990E+01  0.6456358235E+01  0.1131060929E+02
L8 0.3562362695E+01  0.4463845335E+02  0.3701181711E+01  0.0000000000E+00
L9 0.0000000000E+00  0.0000000000E+00  0.0000000000E+00  0.9809065325E+00  0.0000000000E+00
L0     5000  0.1000000000E+02  -.7550646102E+04  0.1801507285E+04
L1 0.3083535350E+03  0.3083535350E+03  -.9352153387E+10  0.1000000000E+01
L2 0.1000000000E+01  0.3385266988E+02  0.3385266988E+02  0.3385266988E+02
L3 0.2986681961E+05  -.1215824308E+04  -.1018226740E+04  -.2460090235E+03
L4 -.8266866903E+03  0.2920608488E+03  0.3080951972E+03  0.2921336604E+03
L5 0.8922897065E+03  0.5534071638E+03  0.5269671218E+03  0.3450142875E+03
L6 0.1425388573E+04  -.9352153387E+04  0.1291983490E+04  -.1072051745E+05
L7 0.0000000000E+00  0.1533134638E+01  0.5509362475E+01  0.1066753715E+02
L8 0.4207107658E+01  0.4837998058E+02  0.6083453915E+01  0.0000000000E+00
L9 0.0000000000E+00  0.0000000000E+00  0.0000000000E+00  0.9806400633E+00  0.0000000000E+00
L0     6000  0.1200000000E+02  -.7621062434E+04  0.1728777333E+04
L1 0.2959047716E+03  0.2959047716E+03  -.9349839767E+10  0.1000000000E+01
L2 0.1000000000E+01  0.3373537017E+02  0.3373537017E+02  0.3373537017E+02
L3 0.2955611859E+05  0.6069867551E+01  -.1248060343E+04  0.2518227187E+03
L4 -.3300559190E+03  0.2901219888E+03  0.2944392713E+03  0.2965110453E+03
L5 0.8810723055E+03  0.2888308195E+03  0.5599240122E+03  0.2429438524E+03
L6 0.1091698684E+04  -.9349839767E+04  0.1326210781E+04  -.1075247473E+05
L7 0.0000000000E+00  0.2305228849E+01  0.7392127719E+01  0.9570780691E+01
L8 0.3350747322E+01  0.4883991080E+02  0.4965388403E+01  0.0000000000E+00
L9 0.0000000000E+00  0.0000000000E+00  0.0000000000E+00  0.9909487873E+00  0.0000000000E+00
L0     7000  0.1400000000E+02  -.7570393060E+04  0.1764568785E+04
L1 0.3020309866E+03  0.3020309866E+03  -.9334961846E+10  0.1000000000E+01
L2 0.1000000000E+01  0.3383158103E+02  0.3383158103E+02  0.3383158103E+02
L3 0.2980887555E+05  0.4879423679E+02  -.3342999324E+03  0.2438331565E+03
L4 -.1389084637E+02  0.2883409372E+03  0.3031207810E+03  0.2895410867E+03
L5 0.8810028049E+03  0.2778727688E+03  0.3748404807E+03  0.2372298563E+03
L6 0.8899431059E+03  -.9334961846E+04  0.1388924501E+04  -.1080046366E+05
L7 0.0000000000E+00  0.4289580161E+01  0.7774527084E+01  0.1120777962E+02
L8 0.2886769918E+01  0.4777208849E+02  0.2646571321E+01  0.0000000000E+00
L9 0.0000000000E+00  0.0000000000E+00  0.0000000000E+00  0.9825462830E+00  0.0000000000E+00
L0     8000  0.1600000000E+02  -.7574366864E+04  0.1709487974E+04
L1 0.2926031241E+03  0.2926031241E+03  -.9283854838E+10  0.1000000000E+01
L2 0.1000000000E+01  0.3381209211E+02  0.3381209211E+02  0.3381209211E+02
L3 0.2975845430E+05  0.2204799458E+03  -.3501909237E+03  -.1114348025E+04
L4 -.4146863344E+03  0.2907058481E+03  0.2935443112E+03  0.2841701258E+03
L5 0.8684202851E+03  0.2434847542E+03  0.3685461369E+03  0.5228346106E+03
L6 0.1134865502E+04  -.9283854838E+04  0.1326267676E+04  -.1068276404E+05
L7 0.0000000000E+00  0.3833127731E+01  0.1081903322E+02  0.1005418722E+02
L8 0.3008144686E+01  0.4343958206E+02  0.1487452192E+01  0.0000000000E+00
L9 0.0000000000E+00  0.0000000000E+00  0.0000000000E+00  0.9842110610E+00  0.0000000000E+00
L0     9000  0.1800000000E+02  -.7743361976E+04  0.1661796877E+04
L1 0.2844401161E+03  0.2844401161E+03  -.9405158853E+10  0.1000000000E+01
L2 0.1000000000E+01  0.3381732760E+02  0.3381732760E+02  0.3381732760E+02
L3 0.2977028133E+05  0.1880485626E+03  0.7244763004E+03  0.1011459561E+03
L4 0.3378902731E+03  0.2973628992E+03  0.2809707577E+03  0.2736082739E+03
L5 0.8519419308E+03  0.2570717609E+03  0.1257450309E+03  0.2519368203E+03
L6 0.6347536121E+03  -.9405158853E+04  0.1472353080E+04  -.1095234458E+05
L7 0.0000000000E+00  0.3755759905E+01  0.7599334603E+01  0.9593401739E+01
L8 0.2524493615E+01  0.4816898377E+02  0.3190673563E+01  0.0000000000E+00
L9 0.0000000000E+00  0.0000000000E+00  0.0000000000E+00  0.9838200570E+00  0.0000000000E+00
L0    10000  0.2000000000E+02  -.7675851508E+04  0.1692403248E+04
L1 0.2896788308E+03  0.2896788308E+03  -.9368254756E+10  0.1000000000E+01
L2 0.1000000000E+01  0.3378100435E+02  0.3378100435E+02  0.3378100435E+02
L3 0.2967478585E+05  0.3410227922E+01  0.7373506017E+03  -.1016236814E+03
L4 0.2130457161E+03  0.2787260848E+03  0.2850226017E+03  0.2541555267E+03
L5 0.8179042131E+03  0.2779977558E+03  0.1275452101E+03  0.2758594925E+03
L6 0.6814024584E+03  -.9368254756E+04  0.1426253967E+04  -.1086906135E+05
L7 0.0000000000E+00  0.3551406268E+01  0.6813173386E+01  0.1134703686E+02
L8 0.2571222953E+01  0.4711895700E+02  0.3150832734E+01  0.0000000000E+00
L9 0.0000000000E+00  0.0000000000E+00  0.0000000000E+00  0.9869860569E+00  0.0000000000E+00
