L0  Nsteps           time(ps)         Etot             EKinetic        
L1  Temp             T_solute         T_solv           Pres_scal_solu  
L2  Pres_scal_solv   BoxX             BoxY             BoxZ            
L3  volume           pres_X           pres_Y           pres_Z          
L4  Pressure         EKCoM_x          EKCoM_y          EKCoM_z         
L5  EKComTot         VIRIAL_x         VIRIAL_y         VIRIAL_z        
L6  VIRIAL_tot       E_pot            E_vdw            E_el            
L7  E_hbon           E_bon            E_angle          E_dih           
L8  E_14vdw          E_14el           E_const          E_pol           
L9  AV_permMoment    AV_indMoment     AV_totMoment     Density          dV/dlambda      
L0     1000  0.2000000000E+01  -.7714489499E+04  0.1800891768E+04
L1 0.2990922939E+03  0.2990922939E+03  -.9515381267E+10  0.1000000000E+01
L2 0.1000000000E+01  0.3516800592E+02  0.3516800592E+02  0.3516800592E+02
L3 0.3348600780E+05  -.1458602060E+04  -.1064759640E+04  -.7265568322E+03
L4 -.1083306177E+04  0.2767618799E+03  0.3153420610E+03  0.2898614257E+03
L5 0.8819653665E+03  0.6282873330E+03  0.5719508545E+03  0.4649627961E+03
L6 0.1665200984E+04  -.9515381267E+04  0.1380598505E+04  -.1097099863E+05
L7 0.0000000000E+00  0.3907479857E+01  0.5042068253E+01  0.1172601938E+02
L8 0.3365267114E+01  0.4777794570E+02  0.3200075681E+01  0.0000000000E+00
L9 0.0000000000E+00  0.0000000000E+00  0.0000000000E+00  0.9014542203E+00  0.0000000000E+00
L0     2000  0.4000000000E+01  -.7757410804E+04  0.1791700222E+04
L1 0.2975657610E+03  0.2975657610E+03  -.9549111026E+10  0.1000000000E+01
L2 0.1000000000E+01  0.3459075844E+02  0.3459075844E+02  0.3459075844E+02
L3 0.3186254502E+05  -.7300457998E+03  -.2171553276E+03  -.7591101217E+03
L4 -.5687704163E+03  0.2948309364E+03  0.3004777246E+03  0.3091143666E+03
L5 0.9044230276E+03  0.4622431538E+03  0.3502752235E+03  0.4831915393E+03
L6 0.1295709917E+04  -.9549111026E+04  0.1400978995E+04  -.1102591417E+05
L7 0.0000000000E+00  0.2498539252E+01  0.7415720080E+01  0.1302868077E+02
L8 0.3827476486E+01  0.4775489265E+02  0.1298835683E+01  0.0000000000E+00
L9 0.0000000000E+00  0.0000000000E+00  0.0000000000E+00  0.9473851832E+00  0.0000000000E+00
L0     3000  0.6000000000E+01  -.7780425227E+04  0.1803577385E+04
L1 0.2995383214E+03  0.2995383214E+03  -.9584002611E+10  0.1000000000E+01
L2 0.1000000000E+01  0.3428070104E+02  0.3428070104E+02  0.3428070104E+02
L3 0.3101211187E+05  0.2245500544E+03  -.3295679436E+03  -.2112320762E+03
L4 -.1054166551E+03  0.2988617544E+03  0.2951178176E+03  0.2916158792E+03
L5 0.8855954512E+03  0.2487429057E+03  0.3686763209E+03  0.3387621981E+03
L6 0.9561814246E+03  -.9584002611E+04  0.1443619122E+04  -.1110036940E+05
L7 0.0000000000E+00  0.2554824025E+01  0.8930526948E+01  0.1115921379E+02
L8 0.1861127484E+01  0.4389315049E+02  0.4348822391E+01  0.0000000000E+00
L9 0.0000000000E+00  0.0000000000E+00  0.0000000000E+00  0.9733649607E+00  0.0000000000E+00
L0     4000  0.8000000000E+01  -.7802054969E+04  0.1760885844E+04
L1 0.2924481058E+03  0.2924481058E+03  -.9562940812E+10  0.1000000000E+01
L2 0.1000000000E+01  0.3420997201E+02  0.3420997201E+02  0.3420997201E+02
L3 0.3082020016E+05  0.1257103461E+03  0.1657928519E+03  -.2236587219E+03
L4 0.2261482537E+02  0.2855032068E+03  0.2960135907E+03  0.2933988671E+03
L5 0.8749156645E+03  0.2576186942E+03  0.2592381541E+03  0.3430098548E+03
L6 0.8598667031E+03  -.9562940812E+04  0.1422170289E+04  -.1106578234E+05
L7 0.0000000000E+00  0.3122257201E+01  0.1018321492E+02  0.1394411038E+02
L8 0.2260697719E+01  0.4880901295E+02  0.2351949309E+01  0.0000000000E+00
L9 0.0000000000E+00  0.0000000000E+00  0.0000000000E+00  0.9794259251E+00  0.0000000000E+00
L0     5000  0.1000000000E+02  -.7734744907E+04  0.1812104695E+04
L1 0.3009545381E+03  0.3009545381E+03  -.9546849602E+10  0.1000000000E+01
L2 0.1000000000E+01  0.3419504636E+02  0.3419504636E+02  0.3419504636E+02
L3 0.3078115339E+05  -.5770257540E+03  -.1241815557E+03  -.6248765422E+03
L4 -.4420279506E+03  0.3065110410E+03  0.2940352949E+03  0.2987754184E+03
L5 0.8993217543E+03  0.4343421823E+03  0.3215458001E+03  0.4372071625E+03
L6 0.1193095145E+04  -.9546849602E+04  0.1360931137E+04  -.1097979960E+05
L7 0.0000000000E+00  0.3396285481E+01  0.5590151721E+01  0.1077780184E+02
L8 0.2610220270E+01  0.4612237327E+02  0.3522032577E+01  0.0000000000E+00
L9 0.0000000000E+00  0.0000000000E+00  0.0000000000E+00  0.9806683547E+00  0.0000000000E+00
L0     6000  0.1200000000E+02  -.7815248937E+04  0.1813899132E+04
L1 0.3012525583E+03  0.3012525583E+03  -.9629148069E+10  0.1000000000E+01
L2 0.1000000000E+01  0.3420136447E+02  0.3420136447E+02  0.3420136447E+02
L3 0.3079703365E+05  -.5776240958E+03  0.4325713760E+03  0.1129030591E+03
L4 -.1071655355E+02  0.3058298699E+03  0.2918374433E+03  0.2756009310E+03
L5 0.8732682442E+03  0.4338595821E+03  0.1959584985E+03  0.2505760986E+03
L6 0.8803941792E+03  -.9629148069E+04  0.1450190929E+04  -.1115272350E+05
L7 0.0000000000E+00  0.3451252257E+01  0.1018328089E+02  0.1258636594E+02
L8 0.1948044224E+01  0.4345380704E+02  0.1761747078E+01  0.0000000000E+00
L9 0.0000000000E+00  0.0000000000E+00  0.0000000000E+00  0.9801626803E+00  0.0000000000E+00
L0     7000  0.1400000000E+02  -.7715857479E+04  0.1835758615E+04
L1 0.3048829836E+03  0.3048829836E+03  -.9551616094E+10  0.1000000000E+01
L2 0.1000000000E+01  0.3412617105E+02  0.3412617105E+02  0.3412617105E+02
L3 0.3059312694E+05  0.5419439064E+03  0.7524003417E+03  0.2182885034E+02
L4 0.4387243662E+03  0.3056322261E+03  0.2939913273E+03  0.2962362779E+03
L5 0.8958598313E+03  0.1863063075E+03  0.1283268354E+03  0.2914299731E+03
L6 0.6060631160E+03  -.9551616094E+04  0.1461831840E+04  -.1108712826E+05
L7 0.0000000000E+00  0.3778822573E+01  0.9796565223E+01  0.1264523338E+02
L8 0.2572421809E+01  0.4135716276E+02  0.3530122775E+01  0.0000000000E+00
L9 0.0000000000E+00  0.0000000000E+00  0.0000000000E+00  0.9866955773E+00  0.0000000000E+00
L0     8000  0.1600000000E+02  -.7801956799E+04  0.1787241487E+04
L1 0.2968252538E+03  0.2968252538E+03  -.9589198286E+10  0.1000000000E+01
L2 0.1000000000E+01  0.3413655430E+02  0.3413655430E+02  0.3413655430E+02
L3 0.3062270527E+05  -.4935474372E+03  0.2390991364E+02  -.2092923151E+02
L4 -.1635222517E+03  0.2935606254E+03  0.2943433012E+03  0.2954922487E+03
L5 0.8833961754E+03  0.4023356113E+03  0.2890736953E+03  0.3001049297E+03
L6 0.9915142363E+03  -.9589198286E+04  0.1406514652E+04  -.1107886283E+05
L7 0.0000000000E+00  0.2942624633E+01  0.1128282711E+02  0.1237347274E+02
L8 0.4437586483E+01  0.4615694922E+02  0.5956434260E+01  0.0000000000E+00
L9 0.0000000000E+00  0.0000000000E+00  0.0000000000E+00  0.9857425325E+00  0.0000000000E+00
L0     9000  0.1800000000E+02  -.7748261527E+04  0.1816685016E+04
L1 0.3017152382E+03  0.3017152382E+03  -.9564946542E+10  0.1000000000E+01
L2 0.1000000000E+01  0.3410816679E+02  0.3410816679E+02  0.3410816679E+02
L3 0.3054548856E+05  0.2403270589E+03  0.3683317831E+03  -.1260057209E+03
L4 0.1608843737E+03  0.2812662736E+03  0.3297751980E+03  0.2962276675E+03
L5 0.9072691391E+03  0.2284331452E+03  0.2488017093E+03  0.3239285700E+03
L6 0.8011634245E+03  -.9564946542E+04  0.1415807486E+04  -.1105983082E+05
L7 0.0000000000E+00  0.2273788370E+01  0.1061611610E+02  0.1078946124E+02
L8 0.3393371605E+01  0.4830927912E+02  0.3694771378E+01  0.0000000000E+00
L9 0.0000000000E+00  0.0000000000E+00  0.0000000000E+00  0.9882344161E+00  0.0000000000E+00
L0    10000  0.2000000000E+02  -.7794369498E+04  0.1787366035E+04
L1 0.2968459388E+03  0.2968459388E+03  -.9581735533E+10  0.1000000000E+01
L2 0.1000000000E+01  0.3420489994E+02  0.3420489994E+02  0.3420489994E+02
L3 0.3080764540E+05  0.2097952653E+03  -.6090582969E+03  -.7901762592E+03
L4 -.3964797636E+03  0.2767280511E+03  0.2946915019E+03  0.2997517655E+03
L5 0.8711713185E+03  0.2302111506E+03  0.4297350844E+03  0.4749537673E+03
L6 0.1134900002E+04  -.9581735533E+04  0.1372241475E+04  -.1103081267E+05
L7 0.0000000000E+00  0.5946931655E+01  0.9629541723E+01  0.1122557656E+02
L8 0.3074024640E+01  0.4410872958E+02  0.2850859046E+01  0.0000000000E+00
L9 0.0000000000E+00  0.0000000000E+00  0.0000000000E+00  0.9798250616E+00  0.0000000000E+00
