L0  Nsteps           time(ps)         Etot             EKinetic        
L1  Temp             T_solute         T_solv           Pres_scal_solu  
L2  Pres_scal_solv   BoxX             BoxY             BoxZ            
L3  volume           pres_X           pres_Y           pres_Z          
L4  Pressure         EKCoM_x          EKCoM_y          EKCoM_z         
L5  EKComTot         VIRIAL_x         VIRIAL_y         VIRIAL_z        
L6  VIRIAL_tot       E_pot            E_vdw            E_el            
L7  E_hbon           E_bon            E_angle          E_dih           
L8  E_14vdw          E_14el           E_const          E_pol           
L9  AV_permMoment    AV_indMoment     AV_totMoment     Density          dV/dlambda      
L0     1000  0.2000000000E+01  -.7900943521E+04  0.1782168569E+04
L1 0.2896730335E+03  0.2896730335E+03  -.9683112090E+10  0.1000000000E+01
L2 0.1000000000E+01  0.3540769572E+02  0.3540769572E+02  0.3540769572E+02
L3 0.3417496937E+05  -.1092417015E+04  -.1412731441E+04  -.3574653274E+03
L4 -.9542045943E+03  0.2817526701E+03  0.2913101491E+03  0.3052306900E+03
L5 0.8782935092E+03  0.5504437012E+03  0.6387857580E+03  0.3931529084E+03
L6 0.1582382368E+04  -.9683112090E+04  0.1439085085E+04  -.1119400956E+05
L7 0.0000000000E+00  0.1247816256E+01  0.5118744760E+01  0.1012241341E+02
L8 0.3611543158E+01  0.4796678748E+02  0.3745081659E+01  0.0000000000E+00
L9 0.0000000000E+00  0.0000000000E+00  0.0000000000E+00  0.9025398590E+00  0.0000000000E+00
L0     2000  0.4000000000E+01  -.7932937708E+04  0.1761824621E+04
L1 0.2863663354E+03  0.2863663354E+03  -.9694762329E+10  0.1000000000E+01
L2 0.1000000000E+01  0.3472794980E+02  0.3472794980E+02  0.3472794980E+02
L3 0.3224329285E+05  -.2782834971E+03  -.8932760838E+03  -.6698149372E+03
L4 -.6137915060E+03  0.2828998617E+03  0.3113924687E+03  0.3015698001E+03
L5 0.8958621305E+03  0.3474776876E+03  0.5186840547E+03  0.4570055082E+03
L6 0.1323167250E+04  -.9694762329E+04  0.1383464930E+04  -.1115134251E+05
L7 0.0000000000E+00  0.1671535593E+01  0.8126829512E+01  0.1227920841E+02
L8 0.2746894781E+01  0.4569572750E+02  0.2595053226E+01  0.0000000000E+00
L9 0.0000000000E+00  0.0000000000E+00  0.0000000000E+00  0.9566104860E+00  0.0000000000E+00
L0     3000  0.6000000000E+01  -.7987934079E+04  0.1811236858E+04
L1 0.2943977826E+03  0.2943977826E+03  -.9799170937E+10  0.1000000000E+01
L2 0.1000000000E+01  0.3448790187E+02  0.3448790187E+02  0.3448790187E+02
L3 0.3157821241E+05  -.4237491636E-01  -.2845235658E+03  -.4158886251E+03
L4 -.2334848553E+03  0.2987897240E+03  0.3111819886E+03  0.2967725822E+03
L5 0.9067442948E+03  0.2987993546E+03  0.3758459587E+03  0.3912920274E+03
L6 0.1065937341E+04  -.9799170937E+04  0.1449107020E+04  -.1132622344E+05
L7 0.0000000000E+00  0.4343256325E+01  0.1082512323E+02  0.1261346449E+02
L8 0.3670554218E+01  0.4249004960E+02  0.4003035886E+01  0.0000000000E+00
L9 0.0000000000E+00  0.0000000000E+00  0.0000000000E+00  0.9767580139E+00  0.0000000000E+00
L0     4000  0.8000000000E+01  -.7966553555E+04  0.1859342039E+04
L1 0.3022167813E+03  0.3022167813E+03  -.9825895594E+10  0.1000000000E+01
L2 0.1000000000E+01  0.3442599744E+02  0.3442599744E+02  0.3442599744E+02
L3 0.3140708507E+05  0.3614644238E+02  0.6323949459E+03  0.1167100359E+03
L4 0.2617504747E+03  0.2996880390E+03  0.3261707287E+03  0.2980479276E+03
L5 0.9239066953E+03  0.2915175176E+03  0.1832245332E+03  0.2716668572E+03
L6 0.7464089079E+03  -.9825895594E+04  0.1509130596E+04  -.1140881253E+05
L7 0.0000000000E+00  0.4178163880E+01  0.8482126148E+01  0.1186501999E+02
L8 0.3184388588E+01  0.4313981270E+02  0.2936826074E+01  0.0000000000E+00
L9 0.0000000000E+00  0.0000000000E+00  0.0000000000E+00  0.9820800615E+00  0.0000000000E+00
L0     5000  0.1000000000E+02  -.7960005466E+04  0.1854482539E+04
L1 0.3014269198E+03  0.3014269198E+03  -.9814488004E+10  0.1000000000E+01
L2 0.1000000000E+01  0.3444729577E+02  0.3444729577E+02  0.3444729577E+02
L3 0.3146614873E+05  -.9074491288E+03  0.1936123864E+03  0.7126693453E+03
L4 -.3891323599E+00  0.3014797355E+03  0.3038216311E+03  0.3179067928E+03
L5 0.9232081594E+03  0.5069847669E+03  0.2599752950E+03  0.1565124716E+03
L6 0.9234725334E+03  -.9814488004E+04  0.1474484697E+04  -.1136291192E+05
L7 0.0000000000E+00  0.2109332233E+01  0.6551683675E+01  0.1142831502E+02
L8 0.4028293730E+01  0.4683799652E+02  0.2983594128E+01  0.0000000000E+00
L9 0.0000000000E+00  0.0000000000E+00  0.0000000000E+00  0.9802366442E+00  0.0000000000E+00
L0     6000  0.1200000000E+02  -.7935447475E+04  0.1855047760E+04
L1 0.3015187907E+03  0.3015187907E+03  -.9790495235E+10  0.1000000000E+01
L2 0.1000000000E+01  0.3442892835E+02  0.3442892835E+02  0.3442892835E+02
L3 0.3141490279E+05  0.5059254761E+03  0.2259675409E+03  0.2724407259E+03
L4 0.3347779143E+03  0.3075643652E+03  0.3075332764E+03  0.3288258403E+03
L5 0.9439234818E+03  0.1931767912E+03  0.2564429873E+03  0.2672281640E+03
L6 0.7168479425E+03  -.9790495235E+04  0.1486339369E+04  -.1135054481E+05
L7 0.0000000000E+00  0.2612999719E+01  0.6296601111E+01  0.1154294312E+02
L8 0.3867376317E+01  0.4662752023E+02  0.2762770645E+01  0.0000000000E+00
L9 0.0000000000E+00  0.0000000000E+00  0.0000000000E+00  0.9818356671E+00  0.0000000000E+00
L0     7000  0.1400000000E+02  -.7966113346E+04  0.1861266383E+04
L1 0.3025295635E+03  0.3025295635E+03  -.9827379730E+10  0.1000000000E+01
L2 0.1000000000E+01  0.3437782922E+02  0.3437782922E+02  0.3437782922E+02
L3 0.3127645619E+05  -.1814625208E+03  0.1396037777E+03  -.2690897077E+03
L4 -.1036494836E+03  0.2903809795E+03  0.3140868802E+03  0.3175134354E+03
L5 0.9219812951E+03  0.3312280635E+03  0.2826621694E+03  0.3780853367E+03
L6 0.9919755696E+03  -.9827379730E+04  0.1445502516E+04  -.1134916968E+05
L7 0.0000000000E+00  0.2234321194E+01  0.8810883135E+01  0.9811971332E+01
L8 0.3467564376E+01  0.4564757752E+02  0.6315112916E+01  0.0000000000E+00
L9 0.0000000000E+00  0.0000000000E+00  0.0000000000E+00  0.9861818057E+00  0.0000000000E+00
L0     8000  0.1600000000E+02  -.7996666595E+04  0.1855235269E+04
L1 0.3015492684E+03  0.3015492684E+03  -.9851901864E+10  0.1000000000E+01
L2 0.1000000000E+01  0.3424665940E+02  0.3424665940E+02  0.3424665940E+02
L3 0.3092094456E+05  -.7663636310E+03  -.8296133321E+03  0.5228488362E+02
L4 -.5145640265E+03  0.3065159185E+03  0.2893554973E+03  0.3286424747E+03
L5 0.9245138905E+03  0.4770629712E+03  0.4739781790E+03  0.3170069632E+03
L6 0.1268048113E+04  -.9851901864E+04  0.1373622706E+04  -.1129558221E+05
L7 0.0000000000E+00  0.2595772108E+01  0.9860026076E+01  0.1064448920E+02
L8 0.2737638087E+01  0.4177648956E+02  0.2443224209E+01  0.0000000000E+00
L9 0.0000000000E+00  0.0000000000E+00  0.0000000000E+00  0.9975203694E+00  0.0000000000E+00
L0     9000  0.1800000000E+02  -.7994767900E+04  0.1833522527E+04
L1 0.2980200871E+03  0.2980200871E+03  -.9828290427E+10  0.1000000000E+01
L2 0.1000000000E+01  0.3442883378E+02  0.3442883378E+02  0.3442883378E+02
L3 0.3141574435E+05  -.1582238432E+03  -.1490122302E+03  0.1334556505E+03
L4 -.5792680762E+02  0.3171679208E+03  0.2879363311E+03  0.3010632084E+03
L5 0.9061674602E+03  0.3529426095E+03  0.3216282580E+03  0.2708886515E+03
L6 0.9454595189E+03  -.9828290427E+04  0.1461541300E+04  -.1136392458E+05
L7 0.0000000000E+00  0.1891636552E+01  0.8146854615E+01  0.1174710913E+02
L8 0.3369444999E+01  0.4652334189E+02  0.2414462509E+01  0.0000000000E+00
L9 0.0000000000E+00  0.0000000000E+00  0.0000000000E+00  0.9818093659E+00  0.0000000000E+00
L0    10000  0.2000000000E+02  -.7956546433E+04  0.1831766783E+04
L1 0.2977347092E+03  0.2977347092E+03  -.9788313216E+10  0.1000000000E+01
L2 0.1000000000E+01  0.3439292133E+02  0.3439292133E+02  0.3439292133E+02
L3 0.3131602436E+05  -.1931537526E+03  0.6667080994E+03  0.9785613342E+03
L4 0.4840385603E+03  0.2965305216E+03  0.3098148164E+03  0.3059630891E+03
L5 0.9123084271E+03  0.3400642990E+03  0.1595494366E+03  0.8541096033E+02
L6 0.5850246960E+03  -.9788313216E+04  0.1504184105E+04  -.1136625429E+05
L7 0.0000000000E+00  0.1657540237E+01  0.9402012992E+01  0.1071584360E+02
L8 0.2970667088E+01  0.4643605049E+02  0.2574857844E+01  0.0000000000E+00
L9 0.0000000000E+00  0.0000000000E+00  0.0000000000E+00  0.9849357531E+00  0.0000000000E+00
