L0  Nsteps           time(ps)         Etot             EKinetic        
L1  Temp             T_solute         T_solv           Pres_scal_solu  
L2  Pres_scal_solv   BoxX             BoxY             BoxZ            
L3  volume           pres_X           pres_Y           pres_Z          
L4  Pressure         EKCoM_x          EKCoM_y          EKCoM_z         
L5  EKComTot         VIRIAL_x         VIRIAL_y         VIRIAL_z        
L6  VIRIAL_tot       E_pot            E_vdw            E_el            
L7  E_hbon           E_bon            E_angle          E_dih           
L8  E_14vdw          E_14el           E_const          E_pol           
L9  AV_permMoment    AV_indMoment     AV_totMoment     Density          dV/dlambda      
L0     1000  0.2000000000E+01  -.7260588566E+04  0.1733210539E+04
L1 0.3006518161E+03  0.3006518161E+03  -.8993799105E+10  0.1000000000E+01
L2 0.1000000000E+01  0.3460532065E+02  0.3460532065E+02  0.3460532065E+02
L3 0.3190352202E+05  -.3982397081E+03  -.1049535216E+04  -.1016528848E+04
L4 -.8214345908E+03  0.2857291132E+03  0.2890232787E+03  0.2801107194E+03
L5 0.8548631113E+03  0.3771698615E+03  0.5300095076E+03  0.5135182791E+03
L6 0.1420697648E+04  -.8993799105E+04  0.1299121461E+04  -.1036939777E+05
L7 0.0000000000E+00  0.8603852511E+00  0.9293902048E+01  0.1447588652E+02
L8 0.2682025091E+01  0.4310740632E+02  0.6057599300E+01  0.0000000000E+00
L9 0.0000000000E+00  0.0000000000E+00  0.0000000000E+00  0.9058461262E+00  0.0000000000E+00
L0     2000  0.4000000000E+01  -.7295365118E+04  0.1748870869E+04
L1 0.3033683393E+03  0.3033683393E+03  -.9044235987E+10  0.1000000000E+01
L2 0.1000000000E+01  0.3406438907E+02  0.3406438907E+02  0.3406438907E+02
L3 0.3042932821E+05  -.9447098446E+03  0.6797269808E+03  -.6934842642E+03
L4 -.3194890427E+03  0.3062612109E+03  0.2739997219E+03  0.2860075013E+03
L5 0.8662684342E+03  0.5131549677E+03  0.1251378577E+03  0.4378822441E+03
L6 0.1076175070E+04  -.9044235987E+04  0.1335147290E+04  -.1045326921E+05
L7 0.0000000000E+00  0.2138889567E+01  0.9146590130E+01  0.1301691795E+02
L8 0.3811929442E+01  0.4389955952E+02  0.1872044233E+01  0.0000000000E+00
L9 0.0000000000E+00  0.0000000000E+00  0.0000000000E+00  0.9497311816E+00  0.0000000000E+00
L0     3000  0.6000000000E+01  -.7374333004E+04  0.1726657731E+04
L1 0.2995151315E+03  0.2995151315E+03  -.9100990735E+10  0.1000000000E+01
L2 0.1000000000E+01  0.3383437096E+02  0.3383437096E+02  0.3383437096E+02
L3 0.2981751325E+05  -.4412149325E+03  0.7643075107E+02  -.1100913648E+04
L4 -.4885659430E+03  0.2866109977E+03  0.3181433525E+03  0.2708614786E+03
L5 0.8756158288E+03  0.3812953479E+03  0.3017413781E+03  0.5071166135E+03
L6 0.1190153340E+04  -.9100990735E+04  0.1279372542E+04  -.1045113586E+05
L7 0.0000000000E+00  0.2467475723E+01  0.5439698394E+01  0.1250882053E+02
L8 0.3107000999E+01  0.4413440207E+02  0.3115180980E+01  0.0000000000E+00
L9 0.0000000000E+00  0.0000000000E+00  0.0000000000E+00  0.9692183782E+00  0.0000000000E+00
L0     4000  0.8000000000E+01  -.7487494489E+04  0.1692412885E+04
L1 0.2935748405E+03  0.2935748405E+03  -.9179907374E+10  0.1000000000E+01
L2 0.1000000000E+01  0.3366747886E+02  0.3366747886E+02  0.3366747886E+02
L3 0.2937771534E+05  0.2505898947E+03  0.4781480392E+02  -.9222413665E+03
L4 -.2079455560E+03  0.2833542870E+03  0.2906434691E+03  0.2965453411E+03
L5 0.8705430972E+03  0.2303710910E+03  0.2805337991E+03  0.4915384200E+03
L6 0.1002443310E+04  -.9179907374E+04  0.1339683887E+04  -.1059436676E+05
L7 0.0000000000E+00  0.1048459406E+01  0.8522934978E+01  0.1286485910E+02
L8 0.5472363086E+01  0.4479981944E+02  0.2067059941E+01  0.0000000000E+00
L9 0.0000000000E+00  0.0000000000E+00  0.0000000000E+00  0.9837280231E+00  0.0000000000E+00
L0     5000  0.1000000000E+02  -.7417883346E+04  0.1671396304E+04
L1 0.2899291937E+03  0.2899291937E+03  -.9089279649E+10  0.1000000000E+01
L2 0.1000000000E+01  0.3367984427E+02  0.3367984427E+02  0.3367984427E+02
L3 0.2941008539E+05  0.3156812948E+03  -.6799673897E+03  -.2464967284E+03
L4 -.2035942744E+03  0.2726495761E+03  0.2797843031E+03  0.2780433431E+03
L5 0.8304772223E+03  0.2058303079E+03  0.4237108648E+03  0.3302185314E+03
L6 0.9597597041E+03  -.9089279649E+04  0.1311012455E+04  -.1047686151E+05
L7 0.0000000000E+00  0.3025672919E+01  0.1044333396E+02  0.1217396122E+02
L8 0.4139169615E+01  0.4304434467E+02  0.3742924706E+01  0.0000000000E+00
L9 0.0000000000E+00  0.0000000000E+00  0.0000000000E+00  0.9826452881E+00  0.0000000000E+00
L0     6000  0.1200000000E+02  -.7526293904E+04  0.1713425085E+04
L1 0.2972197271E+03  0.2972197271E+03  -.9239718989E+10  0.1000000000E+01
L2 0.1000000000E+01  0.3366680834E+02  0.3366680834E+02  0.3366680834E+02
L3 0.2937477066E+05  -.4518415030E+03  0.6236565706E+03  0.5661826093E+03
L4 0.2459992256E+03  0.3121354928E+03  0.2789792819E+03  0.2867187873E+03
L5 0.8778335620E+03  0.4076605232E+03  0.1471303649E+03  0.1670205954E+03
L6 0.7218114835E+03  -.9239718989E+04  0.1421375989E+04  -.1073229064E+05
L7 0.0000000000E+00  0.6813939983E+00  0.1043307822E+02  0.1041659599E+02
L8 0.2698086446E+01  0.4377404629E+02  0.3192464257E+01  0.0000000000E+00
L9 0.0000000000E+00  0.0000000000E+00  0.0000000000E+00  0.9838266372E+00  0.0000000000E+00
L0     7000  0.1400000000E+02  -.7471908355E+04  0.1710110485E+04
L1 0.2966447593E+03  0.2966447593E+03  -.9182018840E+10  0.1000000000E+01
L2 0.1000000000E+01  0.3372831810E+02  0.3372831810E+02  0.3372831810E+02
L3 0.2953760566E+05  -.2414423328E+03  -.6838929246E+03  -.8590674355E+02
L4 -.3370806670E+03  0.2907244867E+03  0.3032002502E+03  0.2727004132E+03
L5 0.8666251501E+03  0.3420514165E+03  0.4485853767E+03  0.2909628667E+03
L6 0.1081599660E+04  -.9182018840E+04  0.1308556070E+04  -.1056060608E+05
L7 0.0000000000E+00  0.5224809099E+00  0.6032089998E+01  0.1138989591E+02
L8 0.4592399084E+01  0.4519358693E+02  0.2300714125E+01  0.0000000000E+00
L9 0.0000000000E+00  0.0000000000E+00  0.0000000000E+00  0.9784029948E+00  0.0000000000E+00
L0     8000  0.1600000000E+02  -.7507035517E+04  0.1670457510E+04
L1 0.2897663456E+03  0.2897663456E+03  -.9177493027E+10  0.1000000000E+01
L2 0.1000000000E+01  0.3368678273E+02  0.3368678273E+02  0.3368678273E+02
L3 0.2942785150E+05  0.4366542613E+03  -.4645665598E+01  -.5694654597E+03
L4 -.4581895466E+02  0.2749234999E+03  0.2771344179E+03  0.2784821683E+03
L5 0.8305400862E+03  0.1824424315E+03  0.2781183454E+03  0.3990919477E+03
L6 0.8596527246E+03  -.9177493027E+04  0.1362387313E+04  -.1060820051E+05
L7 0.0000000000E+00  0.1733022595E+01  0.8155093261E+01  0.1039420057E+02
L8 0.2801338195E+01  0.4192842761E+02  0.3308084133E+01  0.0000000000E+00
L9 0.0000000000E+00  0.0000000000E+00  0.0000000000E+00  0.9820520482E+00  0.0000000000E+00
L0     9000  0.1800000000E+02  -.7337266585E+04  0.1806313604E+04
L1 0.3133326582E+03  0.3133326582E+03  -.9143580188E+10  0.1000000000E+01
L2 0.1000000000E+01  0.3369911045E+02  0.3369911045E+02  0.3369911045E+02
L3 0.2945980766E+05  -.4323863208E+03  -.3009775089E+03  0.1010475669E+04
L4 0.9237061322E+02  0.2944575280E+03  0.2970690291E+03  0.2838219172E+03
L5 0.8753484744E+03  0.3861341143E+03  0.3608836995E+03  0.6957610191E+02
L6 0.8165939157E+03  -.9143580188E+04  0.1363824726E+04  -.1058241896E+05
L7 0.0000000000E+00  0.2881580336E+01  0.1241225575E+02  0.1056696610E+02
L8 0.3890439398E+01  0.4153728176E+02  0.3725524908E+01  0.0000000000E+00
L9 0.0000000000E+00  0.0000000000E+00  0.0000000000E+00  0.9809867794E+00  0.0000000000E+00
L0    10000  0.2000000000E+02  -.7428145409E+04  0.1734286887E+04
L1 0.3008385250E+03  0.3008385250E+03  -.9162432296E+10  0.1000000000E+01
L2 0.1000000000E+01  0.3363803792E+02  0.3363803792E+02  0.3363803792E+02
L3 0.2929943960E+05  -.5662039797E+02  0.5793535615E+03  0.3158063801E+03
L4 0.2795131812E+03  0.2808753984E+03  0.2978878019E+03  0.3012991249E+03
L5 0.8800623252E+03  0.2928149718E+03  0.1757192081E+03  0.2347048655E+03
L6 0.7032390455E+03  -.9162432296E+04  0.1397959613E+04  -.1063806584E+05
L7 0.0000000000E+00  0.4221968201E+01  0.8274103882E+01  0.1134731353E+02
L8 0.4598253462E+01  0.4601847890E+02  0.3213813130E+01  0.0000000000E+00
L9 0.0000000000E+00  0.0000000000E+00  0.0000000000E+00  0.9863561295E+00  0.0000000000E+00
