L0  Nsteps           time(ps)         Etot             EKinetic        
L1  Temp             T_solute         T_solv           Pres_scal_solu  
L2  Pres_scal_solv   BoxX             BoxY             BoxZ            
L3  volume           pres_X           pres_Y           pres_Z          
L4  Pressure         EKCoM_x          EKCoM_y          EKCoM_z         
L5  EKComTot         VIRIAL_x         VIRIAL_y         VIRIAL_z        
L6  VIRIAL_tot       E_pot            E_vdw            E_el            
L7  E_hbon           E_bon            E_angle          E_dih           
L8  E_14vdw          E_14el           E_const          E_pol           
L9  AV_permMoment    AV_indMoment     AV_totMoment     Density          dV/dlambda      
L0     1000  0.2000000000E+01  -.8139379230E+04  0.1835520812E+04
L1 0.2910131608E+03  0.2910131608E+03  -.9974900042E+10  0.1000000000E+01
L2 0.1000000000E+01  0.3559995254E+02  0.3559995254E+02  0.3559995254E+02
L3 0.3473395736E+05  -.8144237326E+03  -.4228106013E+03  -.9183162674E+03
L4 -.7185168671E+03  0.2881254333E+03  0.3343987057E+03  0.2905314209E+03
L5 0.9130555599E+03  0.4917176952E+03  0.4400942586E+03  0.5200950726E+03
L6 0.1451907026E+04  -.9974900042E+04  0.1504859094E+04  -.1155819584E+05
L7 0.0000000000E+00  0.1940458385E+01  0.9878776313E+01  0.1346949495E+02
L8 0.3966887994E+01  0.4666474751E+02  0.2516340879E+01  0.0000000000E+00
L9 0.0000000000E+00  0.0000000000E+00  0.0000000000E+00  0.9104090213E+00  0.0000000000E+00
L0     2000  0.4000000000E+01  -.8075486682E+04  0.1892524005E+04
L1 0.3000507479E+03  0.3000507479E+03  -.9968010687E+10  0.1000000000E+01
L2 0.1000000000E+01  0.3508387853E+02  0.3508387853E+02  0.3508387853E+02
L3 0.3324430001E+05  -.1616933189E+03  -.4362845898E+03  -.6583002295E+03
L4 -.4187593794E+03  0.3091277747E+03  0.3137720267E+03  0.3178404504E+03
L5 0.9407402519E+03  0.3478148456E+03  0.4181583609E+03  0.4753466960E+03
L6 0.1241319902E+04  -.9968010687E+04  0.1463778898E+04  -.1150684858E+05
L7 0.0000000000E+00  0.3948510752E+01  0.6245280543E+01  0.9663194064E+01
L8 0.3821343560E+01  0.4866600991E+02  0.2714658891E+01  0.0000000000E+00
L9 0.0000000000E+00  0.0000000000E+00  0.0000000000E+00  0.9512039092E+00  0.0000000000E+00
L0     3000  0.6000000000E+01  -.8098618607E+04  0.1889958218E+04
L1 0.2996439546E+03  0.2996439546E+03  -.9988576826E+10  0.1000000000E+01
L2 0.1000000000E+01  0.3483374824E+02  0.3483374824E+02  0.3483374824E+02
L3 0.3253834726E+05  -.8646842473E+03  -.5886960253E+02  -.3688639929E+03
L4 -.4308059476E+03  0.3287171580E+03  0.3074132636E+03  0.2952095225E+03
L5 0.9313399441E+03  0.5312099726E+03  0.3211994192E+03  0.3815905435E+03
L6 0.1233999935E+04  -.9988576826E+04  0.1443822894E+04  -.1150789904E+05
L7 0.0000000000E+00  0.3921104866E+01  0.4767593245E+01  0.1292788386E+02
L8 0.2991558872E+01  0.4740014056E+02  0.3491040910E+01  0.0000000000E+00
L9 0.0000000000E+00  0.0000000000E+00  0.0000000000E+00  0.9718412516E+00  0.0000000000E+00
L0     4000  0.8000000000E+01  -.8242237381E+04  0.1865870046E+04
L1 0.2958248886E+03  0.2958248886E+03  -.1010810743E+11  0.1000000000E+01
L2 0.1000000000E+01  0.3470852014E+02  0.3470852014E+02  0.3470852014E+02
L3 0.3218827268E+05  0.4842256108E+02  -.2314848915E+03  -.6847533554E+03
L4 -.2892718953E+03  0.2757261104E+03  0.3093710270E+03  0.2987858220E+03
L5 0.8838829594E+03  0.2645084572E+03  0.3629972121E+03  0.4574169531E+03
L6 0.1084922622E+04  -.1010810743E+05  0.1484152462E+04  -.1166671062E+05
L7 0.0000000000E+00  0.2377828590E+01  0.7418191157E+01  0.1018037555E+02
L8 0.3063067288E+01  0.4576278686E+02  0.5648483797E+01  0.0000000000E+00
L9 0.0000000000E+00  0.0000000000E+00  0.0000000000E+00  0.9824108436E+00  0.0000000000E+00
L0     5000  0.1000000000E+02  -.8148237121E+04  0.1876752093E+04
L1 0.2975501857E+03  0.2975501857E+03  -.1002498921E+11  0.1000000000E+01
L2 0.1000000000E+01  0.3462268048E+02  0.3462268048E+02  0.3462268048E+02
L3 0.3194889439E+05  0.8716254872E+03  -.2192682717E+03  -.3113203961E+03
L4 0.1136789398E+03  0.3105576048E+03  0.3079993173E+03  0.3188471045E+03
L5 0.9374040267E+03  0.1101370155E+03  0.3584176184E+03  0.3904317681E+03
L6 0.8589864020E+03  -.1002498921E+05  0.1490028483E+04  -.1159285812E+05
L7 0.0000000000E+00  0.4574862313E+01  0.8813534556E+01  0.1108071567E+02
L8 0.3469711841E+01  0.4645583808E+02  0.3445755299E+01  0.0000000000E+00
L9 0.0000000000E+00  0.0000000000E+00  0.0000000000E+00  0.9897715937E+00  0.0000000000E+00
L0     6000  0.1200000000E+02  -.8159397128E+04  0.1886439302E+04
L1 0.2990860470E+03  0.2990860470E+03  -.1004583643E+11  0.1000000000E+01
L2 0.1000000000E+01  0.3469215049E+02  0.3469215049E+02  0.3469215049E+02
L3 0.3214265521E+05  0.2752649111E+03  -.4506100255E+03  -.5921324399E+03
L4 -.2558258514E+03  0.3229034836E+03  0.3089717786E+03  0.3035719201E+03
L5 0.9354471822E+03  0.2592255174E+03  0.4132129252E+03  0.4405519271E+03
L6 0.1112990370E+04  -.1004583643E+05  0.1452639458E+04  -.1156809166E+05
L7 0.0000000000E+00  0.2949456862E+01  0.7736475225E+01  0.1175732990E+02
L8 0.3689740848E+01  0.4230083959E+02  0.1181932337E+01  0.0000000000E+00
L9 0.0000000000E+00  0.0000000000E+00  0.0000000000E+00  0.9838051001E+00  0.0000000000E+00
L0     7000  0.1400000000E+02  -.8234522049E+04  0.1819051593E+04
L1 0.2884020438E+03  0.2884020438E+03  -.1005357364E+11  0.1000000000E+01
L2 0.1000000000E+01  0.3464173230E+02  0.3464173230E+02  0.3464173230E+02
L3 0.3200452028E+05  -.6104382477E+03  -.1064829808E+04  -.9842631766E+03
L4 -.8865104107E+03  0.3085137300E+03  0.2963029732E+03  0.2973386137E+03
L5 0.9021553169E+03  0.4491216031E+03  0.5415750463E+03  0.5240530314E+03
L6 0.1514749681E+04  -.1005357364E+05  0.1358651673E+04  -.1148399557E+05
L7 0.0000000000E+00  0.3780817805E+01  0.8205603877E+01  0.1005173698E+02
L8 0.3822710106E+01  0.4507663390E+02  0.8327483441E+00  0.0000000000E+00
L9 0.0000000000E+00  0.0000000000E+00  0.0000000000E+00  0.9880513078E+00  0.0000000000E+00
L0     8000  0.1600000000E+02  -.8174067330E+04  0.1910478471E+04
L1 0.3028973437E+03  0.3028973437E+03  -.1008454580E+11  0.1000000000E+01
L2 0.1000000000E+01  0.3475470324E+02  0.3475470324E+02  0.3475470324E+02
L3 0.3231644096E+05  0.1487181419E+03  -.4612223070E+03  -.4352672375E+02
L4 -.1186769630E+03  0.3166000598E+03  0.2906695526E+03  0.3150895156E+03
L5 0.9223591280E+03  0.2820105780E+03  0.3979425484E+03  0.3252131414E+03
L6 0.1005166268E+04  -.1008454580E+05  0.1508845240E+04  -.1166253117E+05
L7 0.0000000000E+00  0.1235845738E+01  0.6857731005E+01  0.1079826419E+02
L8 0.2692305250E+01  0.4534666714E+02  0.2209314302E+01  0.0000000000E+00
L9 0.0000000000E+00  0.0000000000E+00  0.0000000000E+00  0.9785145634E+00  0.0000000000E+00
L0     9000  0.1800000000E+02  -.8162353917E+04  0.1869210242E+04
L1 0.2963544609E+03  0.2963544609E+03  -.1003156416E+11  0.1000000000E+01
L2 0.1000000000E+01  0.3469888393E+02  0.3469888393E+02  0.3469888393E+02
L3 0.3216087988E+05  -.6965546085E+03  0.2829600050E+03  0.1635162346E+03
L4 -.8335945629E+02  0.3343756129E+03  0.2908493896E+03  0.3172847836E+03
L5 0.9425097861E+03  0.4956033179E+03  0.2253541770E+03  0.2794365705E+03
L6 0.1000394065E+04  -.1003156416E+05  0.1475060253E+04  -.1157502243E+05
L7 0.0000000000E+00  0.2038615114E+01  0.5700706856E+01  0.1023049831E+02
L8 0.3164933124E+01  0.4519252944E+02  0.2070732675E+01  0.0000000000E+00
L9 0.0000000000E+00  0.0000000000E+00  0.0000000000E+00  0.9832476053E+00  0.0000000000E+00
L0    10000  0.2000000000E+02  -.8098625751E+04  0.1897609240E+04
L1 0.3008569879E+03  0.3008569879E+03  -.9996234991E+10  0.1000000000E+01
L2 0.1000000000E+01  0.3471591484E+02  0.3471591484E+02  0.3471591484E+02
L3 0.3220770860E+05  0.4619669212E+03  -.2297534723E+03  0.9218663992E+02
L4 0.1081333630E+03  0.3274562837E+03  0.3195746108E+03  0.2993980327E+03
L5 0.9464289273E+03  0.2203716174E+03  0.3728318307E+03  0.2780290231E+03
L6 0.8712324713E+03  -.9996234991E+04  0.1493645166E+04  -.1156075743E+05
L7 0.0000000000E+00  0.1807623819E+01  0.7103504787E+01  0.9277255899E+01
L8 0.2641097266E+01  0.4595986705E+02  0.4087928535E+01  0.0000000000E+00
L9 0.0000000000E+00  0.0000000000E+00  0.0000000000E+00  0.9818180026E+00  0.0000000000E+00
