L0  Nsteps           time(ps)         Etot             EKinetic        
L1  Temp             T_solute         T_solv           Pres_scal_solu  
L2  Pres_scal_solv   BoxX             BoxY             BoxZ            
L3  volume           pres_X           pres_Y           pres_Z          
L4  Pressure         EKCoM_x          EKCoM_y          EKCoM_z         
L5  EKComTot         VIRIAL_x         VIRIAL_y         VIRIAL_z        
L6  VIRIAL_tot       E_pot            E_vdw            E_el            
L7  E_hbon           E_bon            E_angle          E_dih           
L8  E_14vdw          E_14el           E_const          E_pol           
L9  AV_permMoment    AV_indMoment     AV_totMoment     Density          dV/dlambda      
L0     1000  0.2000000000E+01  -.6808337746E+04  0.1579528490E+04
L1 0.2957048438E+03  0.2957048438E+03  -.8387866236E+10  0.1000000000E+01
L2 0.1000000000E+01  0.3388133883E+02  0.3388133883E+02  0.3388133883E+02
L3 0.2994316943E+05  -.1160700343E+04  -.8538991353E+03  -.9205866720E+03
L4 -.9783953835E+03  0.2639896695E+03  0.2661857537E+03  0.2617515722E+03
L5 0.7919269954E+03  0.5141246673E+03  0.4502040144E+03  0.4601412312E+03
L6 0.1424469913E+04  -.8387866236E+04  0.1207716577E+04  -.9674592252E+04
L7 0.0000000000E+00  0.3892778230E+01  0.1000579364E+02  0.1164244748E+02
L8 0.3548573489E+01  0.4828525423E+02  0.1634591126E+01  0.0000000000E+00
L9 0.0000000000E+00  0.0000000000E+00  0.0000000000E+00  0.8942136556E+00  0.0000000000E+00
L0     2000  0.4000000000E+01  -.6791430951E+04  0.1608420002E+04
L1 0.3011136479E+03  0.3011136479E+03  -.8399850953E+10  0.1000000000E+01
L2 0.1000000000E+01  0.3329012068E+02  0.3329012068E+02  0.3329012068E+02
L3 0.2840217997E+05  -.5273587928E+03  -.7747059443E+03  -.8191563049E+03
L4 -.7070736807E+03  0.2621919212E+03  0.2614086830E+03  0.2596881097E+03
L5 0.7832887140E+03  0.3699908503E+03  0.4197685555E+03  0.4271342084E+03
L6 0.1216893614E+04  -.8399850953E+04  0.1204926137E+04  -.9679713011E+04
L7 0.0000000000E+00  0.3036123259E+01  0.1253183792E+02  0.1199919670E+02
L8 0.2573346894E+01  0.4285184074E+02  0.1943575579E+01  0.0000000000E+00
L9 0.0000000000E+00  0.0000000000E+00  0.0000000000E+00  0.9427301364E+00  0.0000000000E+00
L0     3000  0.6000000000E+01  -.6812714684E+04  0.1627550017E+04
L1 0.3046949938E+03  0.3046949938E+03  -.8440264700E+10  0.1000000000E+01
L2 0.1000000000E+01  0.3306475215E+02  0.3306475215E+02  0.3306475215E+02
L3 0.2782759740E+05  0.2919921230E+03  -.4436041337E+03  0.1823827913E+02
L4 -.4445791054E+02  0.2665908389E+03  0.2928691166E+03  0.2629626470E+03
L5 0.8224226025E+03  0.2081113690E+03  0.3817130701E+03  0.2593099290E+03
L6 0.8491343680E+03  -.8440264700E+04  0.1255932794E+04  -.9774455550E+04
L7 0.0000000000E+00  0.5520336424E+01  0.8467142978E+01  0.1141014933E+02
L8 0.3077241449E+01  0.4692637378E+02  0.2856811607E+01  0.0000000000E+00
L9 0.0000000000E+00  0.0000000000E+00  0.0000000000E+00  0.9621955719E+00  0.0000000000E+00
L0     4000  0.8000000000E+01  -.6883779084E+04  0.1580867301E+04
L1 0.2959554837E+03  0.2959554837E+03  -.8464646384E+10  0.1000000000E+01
L2 0.1000000000E+01  0.3292737430E+02  0.3292737430E+02  0.3292737430E+02
L3 0.2748222930E+05  -.4301097466E+03  -.1973033745E+03  0.4351331520E+03
L4 -.6409332302E+02  0.2600861666E+03  0.2452344961E+03  0.2714878087E+03
L5 0.7768084714E+03  0.3451583977E+03  0.2842595087E+03  0.1854219886E+03
L6 0.8148398950E+03  -.8464646384E+04  0.1244540317E+04  -.9786877996E+04
L7 0.0000000000E+00  0.3176931472E+01  0.5862710938E+01  0.1107444713E+02
L8 0.3752240415E+01  0.5178077216E+02  0.2044192976E+01  0.0000000000E+00
L9 0.0000000000E+00  0.0000000000E+00  0.0000000000E+00  0.9742874460E+00  0.0000000000E+00
L0     5000  0.1000000000E+02  -.6938541129E+04  0.1566122615E+04
L1 0.2931951188E+03  0.2931951188E+03  -.8504663744E+10  0.1000000000E+01
L2 0.1000000000E+01  0.3286264425E+02  0.3286264425E+02  0.3286264425E+02
L3 0.2732039441E+05  -.2608564191E+02  -.2747514458E+03  0.2021618402E+03
L4 -.3289174919E+02  0.2432388154E+03  0.2457067326E+03  0.2726927846E+03
L5 0.7616383326E+03  0.2483679616E+03  0.2997303338E+03  0.2329422726E+03
L6 0.7810405680E+03  -.8504663744E+04  0.1272281688E+04  -.9850454773E+04
L7 0.0000000000E+00  0.1910039859E+01  0.8178051062E+01  0.1147658489E+02
L8 0.3315260225E+01  0.4612345329E+02  0.2505951839E+01  0.0000000000E+00
L9 0.0000000000E+00  0.0000000000E+00  0.0000000000E+00  0.9800587280E+00  0.0000000000E+00
L0     6000  0.1200000000E+02  -.6939920333E+04  0.1598467707E+04
L1 0.2992504703E+03  0.2992504703E+03  -.8538388040E+10  0.1000000000E+01
L2 0.1000000000E+01  0.3284302524E+02  0.3284302524E+02  0.3284302524E+02
L3 0.2727121916E+05  0.2950216420E+03  0.1163382796E+02  -.6789424998E+02
L4 0.7958707334E+02  0.2664818564E+03  0.2538753767E+03  0.2714860050E+03
L5 0.7918432381E+03  0.2085769973E+03  0.2515919674E+03  0.2848118307E+03
L6 0.7449807954E+03  -.8538388040E+04  0.1285557156E+04  -.9896401364E+04
L7 0.0000000000E+00  0.2968228141E+01  0.5150988366E+01  0.1036884941E+02
L8 0.3964075193E+01  0.4839264221E+02  0.1611384661E+01  0.0000000000E+00
L9 0.0000000000E+00  0.0000000000E+00  0.0000000000E+00  0.9818259625E+00  0.0000000000E+00
L0     7000  0.1400000000E+02  -.6896611211E+04  0.1564467830E+04
L1 0.2928853250E+03  0.2928853250E+03  -.8461079041E+10  0.1000000000E+01
L2 0.1000000000E+01  0.3287318594E+02  0.3287318594E+02  0.3287318594E+02
L3 0.2734639097E+05  -.9768128816E+02  0.4673383285E+03  -.9517313788E+02
L4 0.9149463415E+02  0.2471787350E+03  0.2774676701E+03  0.2526428980E+03
L5 0.7772893030E+03  0.2664038071E+03  0.1854888149E+03  0.2713743303E+03
L6 0.7232669523E+03  -.8461079041E+04  0.1266050215E+04  -.9802575752E+04
L7 0.0000000000E+00  0.4147533280E+01  0.6166112965E+01  0.1081222493E+02
L8 0.3193328515E+01  0.4772202552E+02  0.3405271111E+01  0.0000000000E+00
L9 0.0000000000E+00  0.0000000000E+00  0.0000000000E+00  0.9791270455E+00  0.0000000000E+00
L0     8000  0.1600000000E+02  -.6882850535E+04  0.1618014629E+04
L1 0.3029098660E+03  0.3029098660E+03  -.8500865164E+10  0.1000000000E+01
L2 0.1000000000E+01  0.3282689856E+02  0.3282689856E+02  0.3282689856E+02
L3 0.2723120019E+05  0.5120391496E+03  -.3490185571E+03  -.8940663343E+02
L4 0.2453798636E+02  0.2698394686E+03  0.2749070853E+03  0.2677168576E+03
L5 0.8124634115E+03  0.1694873534E+03  0.3433095706E+03  0.2852392380E+03
L6 0.7980361621E+03  -.8500865164E+04  0.1257392567E+04  -.9827847084E+04
L7 0.0000000000E+00  0.2451116566E+01  0.4599346400E+01  0.1009712462E+02
L8 0.3606299282E+01  0.4680693010E+02  0.2028535531E+01  0.0000000000E+00
L9 0.0000000000E+00  0.0000000000E+00  0.0000000000E+00  0.9832688536E+00  0.0000000000E+00
L0     9000  0.1800000000E+02  -.6912002310E+04  0.1590623204E+04
L1 0.2977818945E+03  0.2977818945E+03  -.8502625514E+10  0.1000000000E+01
L2 0.1000000000E+01  0.3283620155E+02  0.3283620155E+02  0.3283620155E+02
L3 0.2725441654E+05  0.4955486105E+03  -.3234322311E+03  -.1703213843E+03
L4 0.5983316616E+00  0.2772612764E+03  0.2751382948E+03  0.2676876578E+03
L5 0.8200872289E+03  0.1800582623E+03  0.3385802802E+03  0.3010965940E+03
L6 0.8197351364E+03  -.8502625514E+04  0.1258335996E+04  -.9834822759E+04
L7 0.0000000000E+00  0.2774692117E+01  0.6997550654E+01  0.1060095609E+02
L8 0.2558019799E+01  0.4647638217E+02  0.4453648959E+01  0.0000000000E+00
L9 0.0000000000E+00  0.0000000000E+00  0.0000000000E+00  0.9824312680E+00  0.0000000000E+00
L0    10000  0.2000000000E+02  -.6807933926E+04  0.1612506829E+04
L1 0.3018787462E+03  0.3018787462E+03  -.8420440755E+10  0.1000000000E+01
L2 0.1000000000E+01  0.3284382930E+02  0.3284382930E+02  0.3284382930E+02
L3 0.2727352884E+05  0.1371868514E+03  -.8023967858E+01  -.2685782218E+03
L4 -.4647177941E+02  0.2709942599E+03  0.2661230693E+03  0.2602374575E+03
L5 0.7973547867E+03  0.2440658690E+03  0.2676980930E+03  0.3129566450E+03
L6 0.8247206070E+03  -.8420440755E+04  0.1220878517E+04  -.9714542195E+04
L7 0.0000000000E+00  0.3762903123E+01  0.8424357018E+01  0.1073191743E+02
L8 0.1885194853E+01  0.4370623027E+02  0.4712320125E+01  0.0000000000E+00
L9 0.0000000000E+00  0.0000000000E+00  0.0000000000E+00  0.9817428158E+00  0.0000000000E+00
