-990.49267332
-990.49376833
-990.49740852
-990.49609598
-990.48853899
-990.47750659
-990.48430974
-990.49172730
-990.49538247
-990.49484114
-990.49255178
-990.49943045
-990.49584849
-990.49473490
-990.49594287
-990.49649527
-990.49827784
-990.49991848
-990.50095349
-990.49957336
-990.49745622
-990.49809855
-990.49985715
-990.49792436
-990.49597464
-990.49746763
-990.49728623
-990.50020846
-990.50439441
-990.50536961
-990.50368401
-990.50076051
-990.49751704
-990.49818638
-990.50007697
-990.50110754
-990.50360214
-990.50260075
-990.50297349
-990.50673523
-990.50991593
-990.50998812
-990.50739546
-990.50332217
-990.49944822
-990.50100752
-990.50180266
-990.50608677
-990.50706536
-990.50530200
-990.50576579
-990.50858638
-990.51085640
-990.51089845
-990.50812441
-990.50364568
-990.50144660
-990.50222475
-990.50190719
-990.50767320
-990.50741908
-990.50592365
-990.50658222
-990.50844367
-990.50983965
-990.50891957
-990.50554082
-990.50252566
-990.50147519
-990.50142988
-990.50469786
-990.50766040
-990.50661001
-990.50765074
-990.50784813
-990.50760432
-990.50811367
-990.50669573
-990.50405394
-990.50153822
-990.50016026
-990.50186243
-990.50597757
-990.49598571
-990.49636692
-990.49980336
-990.49574899
-990.48866984
-990.48490959
-990.49085465
-990.49679608
-990.49835672
-990.49536984
-990.49492197
-990.49573549
-990.50378235
-990.50281391
-990.50425873
-990.50554359
-990.50585875
-990.50625093
-990.50392317
-990.49877507
-990.49496313
-990.49561215
-990.50165103
-990.50624972
-990.49534367
-990.50123883
-990.49616808
-990.49850486
-990.50226835
-990.50073900
-990.49276057
-990.48381039
-990.48455379
-990.49304808
-990.50110709
-990.49900397
-990.50158110
-990.50360967
-990.50101853
-990.49615650
-990.49500517
-990.49765990
-990.50098247
-990.50232816
-990.50146495
-990.50116666
-990.50269551
-990.51085665
-990.50241465
-990.50103305
-990.49732300
-990.49694012
-990.49748082
-990.49891481
-990.50000089
-990.50094542
-990.50047193
-990.50062256
-990.50301801
-990.50236079
