L0  Nsteps           time(ps)         Etot             EKinetic        
L1  Temp             T_solute         T_solv           Pres_scal_solu  
L2  Pres_scal_solv   BoxX             BoxY             BoxZ            
L3  volume           pres_X           pres_Y           pres_Z          
L4  Pressure         EKCoM_x          EKCoM_y          EKCoM_z         
L5  EKComTot         VIRIAL_x         VIRIAL_y         VIRIAL_z        
L6  VIRIAL_tot       E_pot            E_vdw            E_el            
L7  E_hbon           E_bon            E_angle          E_dih           
L8  E_14vdw          E_14el           E_const          E_pol           
L9  AV_permMoment    AV_indMoment     AV_totMoment     Density          dV/dlambda      
L0     1000  0.2000000000E+01  -.7247401316E+04  0.1703070246E+04
L1 0.2954235224E+03  0.2954235224E+03  -.8950471562E+10  0.1000000000E+01
L2 0.1000000000E+01  0.3455850621E+02  0.3455850621E+02  0.3455850621E+02
L3 0.3177408871E+05  -.4423889736E+03  -.5225529212E+03  -.1361609107E+04
L4 -.7755170007E+03  0.2745463977E+03  0.2990214330E+03  0.2592109047E+03
L5 0.8327787354E+03  0.3757122576E+03  0.4185192478E+03  0.5705847510E+03
L6 0.1364816256E+04  -.8950471562E+04  0.1294643506E+04  -.1032070171E+05
L7 0.0000000000E+00  0.3624384409E+01  0.8396348073E+01  0.8920990107E+01
L8 0.3925696243E+01  0.4782721664E+02  0.2892003066E+01  0.0000000000E+00
L9 0.0000000000E+00  0.0000000000E+00  0.0000000000E+00  0.9095361349E+00  0.0000000000E+00
L0     2000  0.4000000000E+01  -.7360433787E+04  0.1754726780E+04
L1 0.3043841364E+03  0.3043841364E+03  -.9115160567E+10  0.1000000000E+01
L2 0.1000000000E+01  0.3397968729E+02  0.3397968729E+02  0.3397968729E+02
L3 0.3020355619E+05  -.4974023342E+03  -.5584771931E+03  -.6301525102E+03
L4 -.5620106792E+03  0.2894083829E+03  0.3056706673E+03  0.3300104630E+03
L5 0.9250895132E+03  0.3975324764E+03  0.4270710630E+03  0.4669914625E+03
L6 0.1291595002E+04  -.9115160567E+04  0.1297628504E+04  -.1048185224E+05
L7 0.0000000000E+00  0.2861052251E+01  0.6702279603E+01  0.1044427693E+02
L8 0.2725782952E+01  0.4239898120E+02  0.3930791386E+01  0.0000000000E+00
L9 0.0000000000E+00  0.0000000000E+00  0.0000000000E+00  0.9568304360E+00  0.0000000000E+00
L0     3000  0.6000000000E+01  -.7486378142E+04  0.1750319483E+04
L1 0.3036196235E+03  0.3036196235E+03  -.9236697624E+10  0.1000000000E+01
L2 0.1000000000E+01  0.3384762858E+02  0.3384762858E+02  0.3384762858E+02
L3 0.2985134183E+05  -.2809367102E+02  -.5340220105E+03  0.4890577805E+03
L4 -.2435263368E+02  0.2667262766E+03  0.2951487626E+03  0.2901929633E+03
L5 0.8520680025E+03  0.2727619944E+03  0.4098794499E+03  0.1851225090E+03
L6 0.8677639533E+03  -.9236697624E+04  0.1410551431E+04  -.1072136802E+05
L7 0.0000000000E+00  0.5837815029E+01  0.7807694280E+01  0.9228351198E+01
L8 0.3071288977E+01  0.4541711585E+02  0.2756703548E+01  0.0000000000E+00
L9 0.0000000000E+00  0.0000000000E+00  0.0000000000E+00  0.9681200261E+00  0.0000000000E+00
L0     4000  0.8000000000E+01  -.7464328466E+04  0.1702771394E+04
L1 0.2953716819E+03  0.2953716819E+03  -.9167099860E+10  0.1000000000E+01
L2 0.1000000000E+01  0.3374548603E+02  0.3374548603E+02  0.3374548603E+02
L3 0.2958308072E+05  -.6907457935E+01  -.4691744991E+03  -.9303271591E+03
L4 -.4688030387E+03  0.2653575722E+03  0.2866347782E+03  0.2989360365E+03
L5 0.8509283869E+03  0.2668282524E+03  0.3865276221E+03  0.4970137792E+03
L6 0.1150369654E+04  -.9167099860E+04  0.1294168722E+04  -.1053133367E+05
L7 0.0000000000E+00  0.2969894351E+01  0.5260519158E+01  0.9859003664E+01
L8 0.2427802096E+01  0.4739703312E+02  0.2150835467E+01  0.0000000000E+00
L9 0.0000000000E+00  0.0000000000E+00  0.0000000000E+00  0.9768989954E+00  0.0000000000E+00
L0     5000  0.1000000000E+02  -.7358029757E+04  0.1759304179E+04
L1 0.3051781561E+03  0.3051781561E+03  -.9117333936E+10  0.1000000000E+01
L2 0.1000000000E+01  0.3373755823E+02  0.3373755823E+02  0.3373755823E+02
L3 0.2956132547E+05  0.5120904992E+03  -.4674732867E+03  -.4153407541E+03
L4 -.1235745139E+03  0.2920584692E+03  0.2707801316E+03  0.2690422926E+03
L5 0.8318808934E+03  0.1831084775E+03  0.3702375728E+03  0.3574082588E+03
L6 0.9107543090E+03  -.9117333936E+04  0.1317468253E+04  -.1050406267E+05
L7 0.0000000000E+00  0.2786506930E+01  0.6420604173E+01  0.9591294209E+01
L8 0.2002630698E+01  0.4285057804E+02  0.5608866156E+01  0.0000000000E+00
L9 0.0000000000E+00  0.0000000000E+00  0.0000000000E+00  0.9776179308E+00  0.0000000000E+00
L0     6000  0.1200000000E+02  -.7558957096E+04  0.1672721817E+04
L1 0.2901591243E+03  0.2901591243E+03  -.9231678913E+10  0.1000000000E+01
L2 0.1000000000E+01  0.3369889364E+02  0.3369889364E+02  0.3369889364E+02
L3 0.2945983059E+05  -.2788975014E+03  0.3893584848E+03  -.5086573164E+03
L4 -.1327321110E+03  0.2600874969E+03  0.2699823303E+03  0.2632446314E+03
L5 0.7933144586E+03  0.3192207061E+03  0.1874286445E+03  0.3710926376E+03
L6 0.8777419881E+03  -.9231678913E+04  0.1378495987E+04  -.1068061781E+05
L7 0.0000000000E+00  0.1170596462E+01  0.8790120602E+01  0.1264613926E+02
L8 0.2316766657E+01  0.4246650481E+02  0.3052783784E+01  0.0000000000E+00
L9 0.0000000000E+00  0.0000000000E+00  0.0000000000E+00  0.9809860158E+00  0.0000000000E+00
L0     7000  0.1400000000E+02  -.7493290324E+04  0.1722830753E+04
L1 0.2988512839E+03  0.2988512839E+03  -.9216121077E+10  0.1000000000E+01
L2 0.1000000000E+01  0.3370940892E+02  0.3370940892E+02  0.3370940892E+02
L3 0.2948643395E+05  0.6945443771E+03  -.4166793396E+02  0.6994694599E+02
L4 0.2409411297E+03  0.2840362882E+03  0.2888559627E+03  0.3006083938E+03
L5 0.8735006447E+03  0.1366426183E+03  0.2976985794E+03  0.2857645085E+03
L6 0.7201057062E+03  -.9216121077E+04  0.1410380687E+04  -.1069745357E+05
L7 0.0000000000E+00  0.2801159888E+01  0.8250856780E+01  0.1226732490E+02
L8 0.2341033655E+01  0.4322413745E+02  0.2067297881E+01  0.0000000000E+00
L9 0.0000000000E+00  0.0000000000E+00  0.0000000000E+00  0.9801009470E+00  0.0000000000E+00
L0     8000  0.1600000000E+02  -.7447805356E+04  0.1701395391E+04
L1 0.2951329933E+03  0.2951329933E+03  -.9149200748E+10  0.1000000000E+01
L2 0.1000000000E+01  0.3363071312E+02  0.3363071312E+02  0.3363071312E+02
L3 0.2928244462E+05  -.4650250806E+02  -.1406392564E+04  -.1676992038E+03
L4 -.5401980921E+03  0.2963096920E+03  0.2693806529E+03  0.2640922042E+03
L5 0.8297825491E+03  0.3061100127E+03  0.5657753793E+03  0.2994345126E+03
L6 0.1171319905E+04  -.9149200748E+04  0.1286453449E+04  -.1052059600E+05
L7 0.0000000000E+00  0.4780867190E+01  0.1084100340E+02  0.1044915635E+02
L8 0.3782117956E+01  0.5011289964E+02  0.4975755442E+01  0.0000000000E+00
L9 0.0000000000E+00  0.0000000000E+00  0.0000000000E+00  0.9869285918E+00  0.0000000000E+00
L0     9000  0.1800000000E+02  -.7521505360E+04  0.1662748330E+04
L1 0.2884290707E+03  0.2884290707E+03  -.9184253690E+10  0.1000000000E+01
L2 0.1000000000E+01  0.3364078521E+02  0.3364078521E+02  0.3364078521E+02
L3 0.2930732956E+05  -.2217157113E+03  -.3171482218E+03  0.5620090112E+03
L4 0.7715026023E+01  0.2619987748E+03  0.2567949612E+03  0.2879313011E+03
L5 0.8067250371E+03  0.3087646749E+03  0.3236901846E+03  0.1693882484E+03
L6 0.8018431079E+03  -.9184253690E+04  0.1368498871E+04  -.1063150378E+05
L7 0.0000000000E+00  0.2462302676E+01  0.1002084644E+02  0.1082128465E+02
L8 0.4259806089E+01  0.4738485502E+02  0.3802125208E+01  0.0000000000E+00
L9 0.0000000000E+00  0.0000000000E+00  0.0000000000E+00  0.9860905880E+00  0.0000000000E+00
L0    10000  0.2000000000E+02  -.7389562851E+04  0.1706824386E+04
L1 0.2960747353E+03  0.2960747353E+03  -.9096387238E+10  0.1000000000E+01
L2 0.1000000000E+01  0.3367222896E+02  0.3367222896E+02  0.3367222896E+02
L3 0.2938870502E+05  0.4036156943E+03  0.4697312310E+03  0.1583360372E+03
L4 0.3438943209E+03  0.2722213979E+03  0.2759691455E+03  0.3038788990E+03
L5 0.8520694425E+03  0.1868514385E+03  0.1766148917E+03  0.2703887715E+03
L6 0.6338551017E+03  -.9096387238E+04  0.1375759393E+04  -.1054246665E+05
L7 0.0000000000E+00  0.3038236802E+01  0.6681874313E+01  0.1003198788E+02
L8 0.2816558296E+01  0.4471190357E+02  0.3039456524E+01  0.0000000000E+00
L9 0.0000000000E+00  0.0000000000E+00  0.0000000000E+00  0.9833601655E+00  0.0000000000E+00
