L0  Nsteps           time(ps)         Etot             EKinetic        
L1  Temp             T_solute         T_solv           Pres_scal_solu  
L2  Pres_scal_solv   BoxX             BoxY             BoxZ            
L3  volume           pres_X           pres_Y           pres_Z          
L4  Pressure         EKCoM_x          EKCoM_y          EKCoM_z         
L5  EKComTot         VIRIAL_x         VIRIAL_y         VIRIAL_z        
L6  VIRIAL_tot       E_pot            E_vdw            E_el            
L7  E_hbon           E_bon            E_angle          E_dih           
L8  E_14vdw          E_14el           E_const          E_pol           
L9  AV_permMoment    AV_indMoment     AV_totMoment     Density          dV/dlambda      
L0     1000  0.2000000000E+01  -.7643124312E+04  0.1785753351E+04
L1 0.2998437289E+03  0.2998437289E+03  -.9428877664E+10  0.1000000000E+01
L2 0.1000000000E+01  0.3501135814E+02  0.3501135814E+02  0.3501135814E+02
L3 0.3303837961E+05  0.4271061509E+03  -.6559550616E+03  -.8313699100E+03
L4 -.3534062736E+03  0.2878746606E+03  0.2977463876E+03  0.2918320876E+03
L5 0.8774531358E+03  0.1863173609E+03  0.4537193809E+03  0.4895152231E+03
L6 0.1129551965E+04  -.9428877664E+04  0.1458170413E+04  -.1096467428E+05
L7 0.0000000000E+00  0.4762337329E+01  0.7043402799E+01  0.9782510100E+01
L8 0.4773336128E+01  0.4890165609E+02  0.2362964471E+01  0.0000000000E+00
L9 0.0000000000E+00  0.0000000000E+00  0.0000000000E+00  0.9037071097E+00  0.0000000000E+00
L0     2000  0.4000000000E+01  -.7503370482E+04  0.1825703505E+04
L1 0.3065517118E+03  0.3065517118E+03  -.9329073988E+10  0.1000000000E+01
L2 0.1000000000E+01  0.3455770435E+02  0.3455770435E+02  0.3455770435E+02
L3 0.3177049713E+05  -.6423662086E+03  0.1510752930E+03  -.3746140179E+03
L4 -.2886349779E+03  0.3030980826E+03  0.3191463707E+03  0.3033838706E+03
L5 0.9256283239E+03  0.4499782902E+03  0.2846022585E+03  0.3890412168E+03
L6 0.1123621765E+04  -.9329073988E+04  0.1383820988E+04  -.1079086152E+05
L7 0.0000000000E+00  0.9739049299E+00  0.8717528535E+01  0.9908412036E+01
L8 0.3731318344E+01  0.5127772379E+02  0.3357658477E+01  0.0000000000E+00
L9 0.0000000000E+00  0.0000000000E+00  0.0000000000E+00  0.9397718403E+00  0.0000000000E+00
L0     3000  0.6000000000E+01  -.7725616817E+04  0.1732137346E+04
L1 0.2908411290E+03  0.2908411290E+03  -.9457754163E+10  0.1000000000E+01
L2 0.1000000000E+01  0.3413058832E+02  0.3413058832E+02  0.3413058832E+02
L3 0.3060614221E+05  -.9137262124E+02  0.2441606259E+03  -.8264699754E+02
L4 0.2338033572E+02  0.2735470222E+03  0.2924174089E+03  0.2888097451E+03
L5 0.8547741762E+03  0.2936741246E+03  0.2386349317E+03  0.3070148109E+03
L6 0.8393238672E+03  -.9457754163E+04  0.1417064803E+04  -.1094756932E+05
L7 0.0000000000E+00  0.2738137679E+01  0.6449787671E+01  0.9360904953E+01
L8 0.4136798752E+01  0.4721139129E+02  0.2853338323E+01  0.0000000000E+00
L9 0.0000000000E+00  0.0000000000E+00  0.0000000000E+00  0.9755237476E+00  0.0000000000E+00
L0     4000  0.8000000000E+01  -.7785347532E+04  0.1753419983E+04
L1 0.2944146712E+03  0.2944146712E+03  -.9538767514E+10  0.1000000000E+01
L2 0.1000000000E+01  0.3397877923E+02  0.3397877923E+02  0.3397877923E+02
L3 0.3020104606E+05  -.9960394538E+02  -.2520418476E+03  -.1235563502E+04
L4 -.5290697651E+03  0.2950181493E+03  0.2931809565E+03  0.2808423848E+03
L5 0.8690414905E+03  0.3166680100E+03  0.3479646388E+03  0.5494038123E+03
L6 0.1214036461E+04  -.9538767514E+04  0.1352201309E+04  -.1096375557E+05
L7 0.0000000000E+00  0.2281455150E+01  0.9900329206E+01  0.1087675782E+02
L8 0.2126171508E+01  0.4372643567E+02  0.3875593050E+01  0.0000000000E+00
L9 0.0000000000E+00  0.0000000000E+00  0.0000000000E+00  0.9886087553E+00  0.0000000000E+00
L0     5000  0.1000000000E+02  -.7735272503E+04  0.1726804707E+04
L1 0.2899457318E+03  0.2899457318E+03  -.9462077210E+10  0.1000000000E+01
L2 0.1000000000E+01  0.3392497943E+02  0.3392497943E+02  0.3392497943E+02
L3 0.3005579426E+05  0.5961712722E+03  -.2402864673E+03  0.3212888248E+03
L4 0.2257245432E+03  0.2701660497E+03  0.2887255605E+03  0.3062727684E+03
L5 0.8651643787E+03  0.1412058093E+03  0.3407029067E+03  0.2367734718E+03
L6 0.7186821878E+03  -.9462077210E+04  0.1404788072E+04  -.1094228860E+05
L7 0.0000000000E+00  0.3238295476E+01  0.6501735207E+01  0.1017390667E+02
L8 0.4016961383E+01  0.4883646761E+02  0.2655956024E+01  0.0000000000E+00
L9 0.0000000000E+00  0.0000000000E+00  0.0000000000E+00  0.9933864431E+00  0.0000000000E+00
L0     6000  0.1200000000E+02  -.7764475284E+04  0.1806933470E+04
L1 0.3034000574E+03  0.3034000574E+03  -.9571408754E+10  0.1000000000E+01
L2 0.1000000000E+01  0.3401363474E+02  0.3401363474E+02  0.3401363474E+02
L3 0.3029265763E+05  -.2729331253E+03  0.7060804771E+03  -.4386689554E+03
L4 -.1840534534E+01  0.2986537228E+03  0.2943683512E+03  0.2980365133E+03
L5 0.8910585874E+03  0.3581582769E+03  0.1404295288E+03  0.3936745951E+03
L6 0.8922624008E+03  -.9571408754E+04  0.1439698459E+04  -.1108313275E+05
L7 0.0000000000E+00  0.1320392686E+01  0.6392099491E+01  0.9181869749E+01
L8 0.3827396502E+01  0.4807982817E+02  0.3223950205E+01  0.0000000000E+00
L9 0.0000000000E+00  0.0000000000E+00  0.0000000000E+00  0.9856189878E+00  0.0000000000E+00
L0     7000  0.1400000000E+02  -.7727953260E+04  0.1811626770E+04
L1 0.3041881040E+03  0.3041881040E+03  -.9539580030E+10  0.1000000000E+01
L2 0.1000000000E+01  0.3398841007E+02  0.3398841007E+02  0.3398841007E+02
L3 0.3022598392E+05  -.6102282896E+03  -.1488880924E+03  0.6041020356E+01
L4 -.2510251206E+03  0.2836680883E+03  0.3120350311E+03  0.3099868595E+03
L5 0.9056899790E+03  0.4164165094E+03  0.3444239903E+03  0.3086727023E+03
L6 0.1069513202E+04  -.9539580030E+04  0.1377658815E+04  -.1098593486E+05
L7 0.0000000000E+00  0.2251611957E+01  0.9198426112E+01  0.1154404822E+02
L8 0.2779699838E+01  0.4059737647E+02  0.2324849427E+01  0.0000000000E+00
L9 0.0000000000E+00  0.0000000000E+00  0.0000000000E+00  0.9877931065E+00  0.0000000000E+00
L0     8000  0.1600000000E+02  -.7678882932E+04  0.1826929108E+04
L1 0.3067575013E+03  0.3067575013E+03  -.9505812039E+10  0.1000000000E+01
L2 0.1000000000E+01  0.3398895108E+02  0.3398895108E+02  0.3398895108E+02
L3 0.3022742453E+05  -.1414227874E+03  0.2828095749E+03  -.8913756302E+03
L4 -.2499962809E+03  0.2859027169E+03  0.2980158304E+03  0.3016157977E+03
L5 0.8855343451E+03  0.3166691479E+03  0.2364908004E+03  0.4955339579E+03
L6 0.1048693906E+04  -.9505812039E+04  0.1377222008E+04  -.1095848037E+05
L7 0.0000000000E+00  0.3266685837E+01  0.5780268520E+01  0.1370451630E+02
L8 0.3934707348E+01  0.4606228262E+02  0.2697861272E+01  0.0000000000E+00
L9 0.0000000000E+00  0.0000000000E+00  0.0000000000E+00  0.9877460292E+00  0.0000000000E+00
L0     9000  0.1800000000E+02  -.7738439191E+04  0.1730977951E+04
L1 0.2906464563E+03  0.2906464563E+03  -.9469417142E+10  0.1000000000E+01
L2 0.1000000000E+01  0.3403493156E+02  0.3403493156E+02  0.3403493156E+02
L3 0.3034978526E+05  0.1113597669E+03  -.2993583022E+02  -.2985257783E+03
L4 -.7236728056E+02  0.2934024021E+03  0.2729455176E+03  0.3032176802E+03
L5 0.8695655999E+03  0.2690780929E+03  0.2794843997E+03  0.3684246534E+03
L6 0.9169871461E+03  -.9469417142E+04  0.1395429914E+04  -.1093595029E+05
L7 0.0000000000E+00  0.3131805374E+01  0.6776566528E+01  0.1049610937E+02
L8 0.2808397208E+01  0.4560328702E+02  0.2287070860E+01  0.0000000000E+00
L9 0.0000000000E+00  0.0000000000E+00  0.0000000000E+00  0.9837637498E+00  0.0000000000E+00
L0    10000  0.2000000000E+02  -.7755496371E+04  0.1773464337E+04
L1 0.2977802951E+03  0.2977802951E+03  -.9528960708E+10  0.1000000000E+01
L2 0.1000000000E+01  0.3395822229E+02  0.3395822229E+02  0.3395822229E+02
L3 0.3014606559E+05  -.4711356651E+03  -.5722544295E+03  -.3214638075E+03
L4 -.4549513007E+03  0.2921393687E+03  0.3008506007E+03  0.2875834667E+03
L5 0.8805734362E+03  0.3943587391E+03  0.4250090795E+03  0.3573294665E+03
L6 0.1176697285E+04  -.9528960708E+04  0.1341987273E+04  -.1094504627E+05
L7 0.0000000000E+00  0.1692236720E+01  0.6632688922E+01  0.1087044578E+02
L8 0.3199278887E+01  0.4656549646E+02  0.5138142311E+01  0.0000000000E+00
L9 0.0000000000E+00  0.0000000000E+00  0.0000000000E+00  0.9904117825E+00  0.0000000000E+00
