-494.5181904754
-494.5161778420
-494.5125812009
-494.5075860420
-494.5155905005
-494.5008249774
-494.4919115365
-494.4981718671
-494.5136466100
-494.5142660433
-494.5151385584
-494.5157929363
-494.5193704643
-494.5161084199
-494.5166267114
-494.5176129840
-494.5182104795
-494.5184483179
-494.5184716445
-494.5186802696
-494.5201074228
-494.5218636740
-494.5225587904
-494.5174029714
-494.5223025575
-494.5217092650
-494.5211864721
-494.5148418976
-494.5123934886
-494.5123702770
-494.5131769431
-494.5184064920
-494.5135803070
-494.5143874975
-494.5155809549
-494.5165648102
-494.5167033626
-494.5169799978
-494.5170644831
-494.5175368833
-494.5178431433
-494.5178615132
-494.5176039859
-494.5171893188
-494.5170444115
-494.5176156896
-494.5182774351
-494.5143144449
-494.5189655194
-494.5194400811
-494.5193106133
-494.5115307421
-494.5113800264
-494.5125215865
-494.5131294686
-494.5169844087
-494.5147097953
-494.5162374916
-494.5180295461
-494.5193014319
-494.5148901635
-494.5196029691
-494.5191131320
-494.5187461853
-494.5185753767
-494.5182428082
-494.5177136544
-494.5169518409
-494.5161370855
-494.5158280844
-494.5166093245
-494.5121112708
-494.5178469915
-494.5185766804
-494.5182680883
-494.5120170380
-494.5130960864
-494.5136493268
-494.5140241957
-494.5165882978
-494.5179053533
-494.5198214520
-494.5217087197
-494.5228908554
-494.5140733997
-494.5229250700
-494.5220080343
-494.5209881979
-494.5202441532
-494.5195096694
-494.5186575437
-494.5176577204
-494.5165397318
-494.5160127458
-494.5169111716
-494.5146066587
-494.5182470090
-494.5188680656
-494.5182572341
-494.5154482932
-494.5155558255
-494.5157160245
-494.5163742028
-494.5167611700
-494.5140270632
-494.5102171855
-494.5057057748
-494.5001676735
-494.5161348736
-494.4964718465
-494.5014646260
-494.5073475614
-494.5123247010
-494.5160113306
-494.5181260091
-494.5180542926
-494.5165452037
-494.5155158594
-494.5162247769
-494.5153260451
-494.5171157705
-494.5174374922
-494.5149337138
-494.5175772612
-494.5182892691
-494.5168558151
-494.5170930405
-494.5218262566
-494.5236385448
-494.5252898703
-494.5262343736
-494.5180918314
-494.5260502932
-494.5249232091
-494.5236123364
-494.5225085690
-494.5213894563
-494.5201953274
-494.5189330010
-494.5177005440
-494.5171939369
-494.5181343086
-494.5191553583
-494.5194529780
-494.5199520985
-494.5191268070
-494.5192322653
-494.5190124274
-494.5191593922
-494.5201830307
-494.5209366458
-494.5248996768
-494.5264244633
-494.5277486191
-494.5284736701
-494.5223633611
-494.5282264553
-494.5272080422
-494.5259712505
-494.5247673084
-494.5234491481
-494.5219533211
-494.5204328008
-494.5191309030
-494.5187687330
-494.5197119086
-494.5228804149
-494.5208398463
-494.5211597082
-494.5201422157
-494.5226787960
-494.5222849885
-494.5224095134
-494.5234172204
-494.5237531876
-494.5264327399
-494.5276575734
-494.5287296102
-494.5293490720
-494.5248651071
-494.5292152988
-494.5284663386
-494.5274933441
-494.5263833577
-494.5249608680
-494.5232927122
-494.5216006973
-494.5203152253
-494.5202689646
-494.5209600471
-494.5251266971
-494.5217509900
-494.5217531397
-494.5218252303
-494.5247592581
-494.5242475346
-494.5243010538
-494.5251887106
-494.5249666798
-494.5268137208
-494.5277604021
-494.5286478684
-494.5292027861
-494.5258628479
-494.5291407751
-494.5285233724
-494.5276471748
-494.5265461110
-494.5233123342
-494.5216270537
-494.5205680631
-494.5206018586
-494.5210442126
-494.5259664330
-494.5213476380
-494.5208538207
-494.5232794712
-494.5254539984
-494.5248869302
-494.5250006093
-494.5258236516
-494.5256621000
-494.5269318859
-494.5275831157
-494.5282299605
-494.5286109185
-494.5263235262
-494.5283798466
-494.5275836036
-494.5264187132
-494.5251446547
-494.5235801441
-494.5219310445
-494.5205276809
-494.5199919907
-494.5200083101
-494.5200717726
-494.5261881012
-494.5197654327
-494.5219484906
-494.5241875302
-494.5255850089
-494.5252379308
-494.5256034266
-494.5262775618
-494.5262440843
-494.5273284034
-494.5275798223
-494.5279366023
-494.5280270748
-494.5265813189
-494.5274719560
-494.5262472801
-494.5247156290
-494.5232792720
-494.5218409853
-494.5205245810
-494.5196258205
-494.5192615607
-494.5191502871
-494.5188366771
-494.5262759060
-494.5201931408
-494.5229819671
-494.5250598086
-494.5260142140
-494.5263730979
-494.5270198744
-494.5272708232
-494.5267220364
-494.5282873253
-494.5278914319
-494.5278352450
-494.5275780274
-494.5267373188
-494.5266822597
-494.5252281523
-494.5235452227
-494.5221261459
-494.5208273586
-494.5197151986
-494.5189664135
-494.5185182671
-494.5182469491
-494.5183243379
-494.5267516618
-494.5241342491
-494.5259121769
-494.5277139482
-494.5289898620
-494.5296370769
-494.5291164510
-494.5270649093
-494.5297784227
-494.5286789454
-494.5280519248
-494.5274395954
-494.5271036758
-494.5263625218
-494.5247947600
-494.5230360764
-494.5215475536
-494.5200965688
-494.5187904114
-494.5179579743
-494.5174889951
-494.5172340734
-494.5193376988
-494.5285065464
-494.5228375112
-494.5254630493
-494.5268076051
-494.5300637804
-494.5312965032
-494.5318830638
-494.5312169083
-494.5266858654
-494.5307049898
-494.5295441830
-494.5286293562
-494.5278089927
-494.5275235525
-494.5265122982
-494.5247349807
-494.5226178854
-494.5205351862
-494.5184714187
-494.5167248632
-494.5158209823
-494.5156749900
-494.5163079189
-494.5204093818
-494.5290842940
-494.5241475287
-494.5264517830
-494.5270231300
-494.5303078736
-494.5309674320
-494.5317269547
-494.5317044428
-494.5252627691
-494.5296479051
-494.5294555792
-494.5290262717
-494.5280552149
-494.5261186392
-494.5262819882
-494.5238471750
-494.5206738151
-494.5172968631
-494.5142185010
-494.5121753344
-494.5117994078
-494.5128412997
-494.5162454476
-494.5211528544
-494.5271562052
-494.5247673997
-494.5260834975
-494.5255222630
-494.5278997465
-494.5286168976
-494.5291178666
-494.5296062720
-494.5188813861
-494.5098641511
-494.5053635105
-494.5007786703
-494.5031493554
-494.5180965114
-494.5068117375
-494.5115382303
-494.5162102666
-494.5196718963
-494.5217362346
-494.5220334532
-494.5205905032
-494.5191157398
-494.5190061929
-494.5195471923
-494.5175561244
-494.5199472105
-494.5199181062
-494.5195314148
-494.5196744549
-494.5206432491
-494.5184457856
-494.5144123636
-494.5224963249
-494.5268365046
-494.5278659572
-494.5279385376
-494.5266414037
-494.5228480883
-494.5239825298
-494.5200469922
-494.5150914940
-494.5102415010
-494.5066648748
-494.5055807678
-494.5070344546
-494.5106335207
-494.5164492305
-494.5214278980
-494.5232203887
-494.5238884637
-494.5235784661
-494.5224227955
-494.5235013334
-494.5239618750
-494.5246705346
-494.5256451329
-494.5192639477
-494.5235662213
-494.5251496790
-494.5247438633
-494.5224808202
-494.5191100872
-494.5183200595
-494.5125326984
-494.5060394032
-494.5006659773
-494.4969715165
-494.5019021283
-494.5069439088
-494.5122873822
-494.5172603834
-494.5205145300
-494.5189465286
-494.5208425800
-494.5194684060
-494.5193203468
-494.5188908766
-494.5190705752
-494.5196795670
-494.5211865960
-494.5169478248
-494.5210744774
-494.5213933206
-494.5194498437
-494.5156287536
-494.5163999858
-494.5099078258
-494.5027097934
-494.4956841705
-494.4968830348
-494.5021854661
-494.5069697172
-494.5112366672
-494.5147266075
-494.5171766514
-494.5178152924
-494.5160674723
-494.5167476755
-494.5170950270
-494.5172075095
-494.5155581315
-494.5147339840
-494.5158932830
-494.5187187016
-494.5220655297
-494.5094905916
-494.5081476220
-494.5089622957
-494.5116333152
-494.5211609830
-494.5150481982
-494.5185853133
-494.5217767098
-494.5238424226
-494.5248283512
-494.5246240959
-494.5236535870
-494.5232730269
-494.5235459277
-494.5238591984
-494.5221449217
-494.5240437967
-494.5237954685
-494.5231055629
-494.5234151272
-494.5218561175
-494.5178112810
-494.5130525557
-494.5245007662
-494.5124922214
-494.5125822381
-494.5140665866
-494.5163538889
-494.5240556302
-494.5186583050
-494.5208460216
-494.5228129611
-494.5241266786
-494.5248008197
-494.5250589819
-494.5254093014
-494.5261995363
-494.5270226704
-494.5269443401
-494.5247674951
-494.5274710000
-494.5270320070
-494.5259049706
-494.5241409800
-494.5212694147
-494.5172921410
-494.5136162331
-494.5247469961
-494.5140199444
-494.5145535704
-494.5158004316
-494.5172795752
-494.5244367365
-494.5185316053
-494.5198594125
-494.5211615235
-494.5220790123
-494.5224520560
-494.5231864454
-494.5246270806
-494.5265709062
-494.5279864367
-494.5283103122
-494.5239977712
-494.5283354221
-494.5277191472
-494.5261719288
-494.5221785534
-494.5191442140
-494.5160140493
-494.5140380657
-494.5230233813
-494.5140817170
-494.5146738012
-494.5156425319
-494.5165311678
-494.5224019076
-494.5171114680
-494.5179080085
-494.5189977234
-494.5196902433
-494.5200411875
-494.5204049836
-494.5217373540
-494.5242898174
-494.5261428455
-494.5268099468
-494.5209896326
-494.5265618021
-494.5254564036
-494.5238540297
-494.5186464002
-494.5158799757
-494.5137658256
-494.5137261314
