L0  Nsteps           time(ps)         Etot             EKinetic        
L1  Temp             T_solute         T_solv           Pres_scal_solu  
L2  Pres_scal_solv   BoxX             BoxY             BoxZ            
L3  volume           pres_X           pres_Y           pres_Z          
L4  Pressure         EKCoM_x          EKCoM_y          EKCoM_z         
L5  EKComTot         VIRIAL_x         VIRIAL_y         VIRIAL_z        
L6  VIRIAL_tot       E_pot            E_vdw            E_el            
L7  E_hbon           E_bon            E_angle          E_dih           
L8  E_14vdw          E_14el           E_const          E_pol           
L9  AV_permMoment    AV_indMoment     AV_totMoment     Density          dV/dlambda      
L0     1000  0.2000000000E+01  -.7513764512E+04  0.1719927766E+04
L1 0.2914164059E+03  0.2914164059E+03  -.9233692279E+10  0.1000000000E+01
L2 0.1000000000E+01  0.3485715851E+02  0.3485715851E+02  0.3485715851E+02
L3 0.3260322021E+05  -.1684216506E+03  -.1722990350E+03  -.1532750816E+03
L4 -.1646652557E+03  0.2722208870E+03  0.2726286818E+03  0.2971857564E+03
L5 0.8420353253E+03  0.3117407106E+03  0.3130583263E+03  0.3331514660E+03
L6 0.9579505029E+03  -.9233692279E+04  0.1461648017E+04  -.1076926902E+05
L7 0.0000000000E+00  0.2078298150E+01  0.9572768406E+01  0.1101059301E+02
L8 0.3096336647E+01  0.4483922761E+02  0.3331500374E+01  0.0000000000E+00
L9 0.0000000000E+00  0.0000000000E+00  0.0000000000E+00  0.9075105897E+00  0.0000000000E+00
L0     2000  0.4000000000E+01  -.7560754633E+04  0.1772062035E+04
L1 0.3002497892E+03  0.3002497892E+03  -.9332816668E+10  0.1000000000E+01
L2 0.1000000000E+01  0.3433222484E+02  0.3433222484E+02  0.3433222484E+02
L3 0.3115414567E+05  -.5355638284E+03  -.9365360700E+03  -.9925837449E+03
L4 -.8215612145E+03  0.3075598964E+03  0.2897681056E+03  0.2788918563E+03
L5 0.8762198583E+03  0.4276434866E+03  0.4997572939E+03  0.5014479987E+03
L6 0.1428848779E+04  -.9332816668E+04  0.1319324010E+04  -.1072968828E+05
L7 0.0000000000E+00  0.4036276293E+01  0.1144214426E+02  0.1112563634E+02
L8 0.2604391746E+01  0.4598828014E+02  0.2350873463E+01  0.0000000000E+00
L9 0.0000000000E+00  0.0000000000E+00  0.0000000000E+00  0.9497216811E+00  0.0000000000E+00
L0     3000  0.6000000000E+01  -.7639656813E+04  0.1767428520E+04
L1 0.2994647083E+03  0.2994647083E+03  -.9407085333E+10  0.1000000000E+01
L2 0.1000000000E+01  0.3407813511E+02  0.3407813511E+02  0.3407813511E+02
L3 0.3046560275E+05  0.1794585093E+01  -.3511476004E+03  0.2879558687E+02
L4 -.1068524761E+03  0.3089913752E+03  0.2967288403E+03  0.2900837708E+03
L5 0.8958039863E+03  0.3085978882E+03  0.3737226944E+03  0.2837699494E+03
L6 0.9660905320E+03  -.9407085333E+04  0.1414630777E+04  -.1090035702E+05
L7 0.0000000000E+00  0.3161281897E+01  0.9321707541E+01  0.1151666861E+02
L8 0.4420409251E+01  0.4691501909E+02  0.3305827143E+01  0.0000000000E+00
L9 0.0000000000E+00  0.0000000000E+00  0.0000000000E+00  0.9711860240E+00  0.0000000000E+00
L0     4000  0.8000000000E+01  -.7688763760E+04  0.1759792798E+04
L1 0.2981709479E+03  0.2981709479E+03  -.9448556559E+10  0.1000000000E+01
L2 0.1000000000E+01  0.3395488011E+02  0.3395488011E+02  0.3395488011E+02
L3 0.3013592504E+05  -.5902510975E+03  0.7528230243E+03  -.1431059521E+03
L4 0.6488658194E+01  0.2789457567E+03  0.3151098725E+03  0.2984554476E+03
L5 0.8925110768E+03  0.4069657825E+03  0.1518294934E+03  0.3294938103E+03
L6 0.8882890862E+03  -.9448556559E+04  0.1402587781E+04  -.1092141484E+05
L7 0.0000000000E+00  0.8454299854E+00  0.8671455006E+01  0.1004041363E+02
L8 0.3215933538E+01  0.4568087354E+02  0.1816392225E+01  0.0000000000E+00
L9 0.0000000000E+00  0.0000000000E+00  0.0000000000E+00  0.9818104990E+00  0.0000000000E+00
L0     5000  0.1000000000E+02  -.7647351342E+04  0.1729126562E+04
L1 0.2929750063E+03  0.2929750063E+03  -.9376477904E+10  0.1000000000E+01
L2 0.1000000000E+01  0.3391028189E+02  0.3391028189E+02  0.3391028189E+02
L3 0.3001655932E+05  -.5093894594E+03  0.2516009268E+02  0.1372113657E+04
L4 0.2959614300E+03  0.2840772985E+03  0.2814342905E+03  0.3074105982E+03
L5 0.8729221872E+03  0.3941215709E+03  0.2759989128E+03  0.1099054825E+02
L6 0.6811110320E+03  -.9376477904E+04  0.1412825171E+04  -.1085975822E+05
L7 0.0000000000E+00  0.9694088150E+00  0.6310673932E+01  0.1137106533E+02
L8 0.2933049583E+01  0.4569262453E+02  0.3178320373E+01  0.0000000000E+00
L9 0.0000000000E+00  0.0000000000E+00  0.0000000000E+00  0.9857148279E+00  0.0000000000E+00
L0     6000  0.1200000000E+02  -.7709007087E+04  0.1776942373E+04
L1 0.3010766905E+03  0.3010766905E+03  -.9485949460E+10  0.1000000000E+01
L2 0.1000000000E+01  0.3378792357E+02  0.3378792357E+02  0.3378792357E+02
L3 0.2969461011E+05  -.1031333806E+04  -.2386845535E+03  0.1127654886E+03
L4 -.3857509570E+03  0.2933728072E+03  0.2675307516E+03  0.2918889066E+03
L5 0.8527924654E+03  0.5137839068E+03  0.3185411273E+03  0.2677892744E+03
L6 0.1100114308E+04  -.9485949460E+04  0.1362455022E+04  -.1092503826E+05
L7 0.0000000000E+00  0.1670247024E+01  0.8012898727E+01  0.1097921405E+02
L8 0.4236909053E+01  0.4903161356E+02  0.2702895731E+01  0.0000000000E+00
L9 0.0000000000E+00  0.0000000000E+00  0.0000000000E+00  0.9964019563E+00  0.0000000000E+00
L0     7000  0.1400000000E+02  -.7671743979E+04  0.1815653838E+04
L1 0.3076357776E+03  0.3076357776E+03  -.9487397817E+10  0.1000000000E+01
L2 0.1000000000E+01  0.3393187804E+02  0.3393187804E+02  0.3393187804E+02
L3 0.3007421035E+05  -.1540974697E+03  0.1031295570E+04  -.2860703115E+03
L4 0.1970425963E+03  0.2818849142E+03  0.3027506209E+03  0.2980726583E+03
L5 0.8827081934E+03  0.3152387910E+03  0.7953017804E+02  0.3599916110E+03
L6 0.7547605800E+03  -.9487397817E+04  0.1454805115E+04  -.1101438762E+05
L7 0.0000000000E+00  0.2980706336E+01  0.6954321766E+01  0.9920887293E+01
L8 0.3423665000E+01  0.4471205564E+02  0.4193054404E+01  0.0000000000E+00
L9 0.0000000000E+00  0.0000000000E+00  0.0000000000E+00  0.9838252527E+00  0.0000000000E+00
L0     8000  0.1600000000E+02  -.7688121516E+04  0.1788574107E+04
L1 0.3030475164E+03  0.3030475164E+03  -.9476695623E+10  0.1000000000E+01
L2 0.1000000000E+01  0.3387760387E+02  0.3387760387E+02  0.3387760387E+02
L3 0.2993086225E+05  0.1110137640E+03  -.2485966669E+03  -.9452282087E+02
L4 -.7736857460E+02  0.3008283114E+03  0.2946628129E+03  0.2886721422E+03
L5 0.8841632665E+03  0.2769142887E+03  0.3482142475E+03  0.3090337694E+03
L6 0.9341623056E+03  -.9476695623E+04  0.1402233854E+04  -.1095616997E+05
L7 0.0000000000E+00  0.1349626358E+01  0.6529453831E+01  0.1229075513E+02
L8 0.4455607747E+01  0.4795970643E+02  0.4655344709E+01  0.0000000000E+00
L9 0.0000000000E+00  0.0000000000E+00  0.0000000000E+00  0.9885370944E+00  0.0000000000E+00
L0     9000  0.1800000000E+02  -.7623263966E+04  0.1756546802E+04
L1 0.2976209617E+03  0.2976209617E+03  -.9379810768E+10  0.1000000000E+01
L2 0.1000000000E+01  0.3382329102E+02  0.3382329102E+02  0.3382329102E+02
L3 0.2978705081E+05  -.4952678475E+02  -.4977962921E+03  0.4122098610E+03
L4 -.4503773862E+02  0.2858091971E+03  0.3012597261E+03  0.3012146175E+03
L5 0.8882835406E+03  0.2964267448E+03  0.4079772509E+03  0.2128451042E+03
L6 0.9172490998E+03  -.9379810768E+04  0.1359062756E+04  -.1081418081E+05
L7 0.0000000000E+00  0.2004515609E+01  0.1168894389E+02  0.1421536871E+02
L8 0.2670117899E+01  0.4274093021E+02  0.1987410979E+01  0.0000000000E+00
L9 0.0000000000E+00  0.0000000000E+00  0.0000000000E+00  0.9933097369E+00  0.0000000000E+00
L0    10000  0.2000000000E+02  -.7702794981E+04  0.1759670574E+04
L1 0.2981502387E+03  0.2981502387E+03  -.9462465555E+10  0.1000000000E+01
L2 0.1000000000E+01  0.3383438352E+02  0.3383438352E+02  0.3383438352E+02
L3 0.2981629504E+05  0.3040925479E+03  -.1519987026E+03  -.2062645363E+03
L4 -.1805689701E+02  0.2999581693E+03  0.2974512931E+03  0.3048947480E+03
L5 0.9023042105E+03  0.2347028327E+03  0.3300687531E+03  0.3491571341E+03
L6 0.9139287199E+03  -.9462465555E+04  0.1397391309E+04  -.1093064462E+05
L7 0.0000000000E+00  0.3185268883E+01  0.6316382321E+01  0.1019361460E+02
L8 0.2663364428E+01  0.4564111678E+02  0.2788012844E+01  0.0000000000E+00
L9 0.0000000000E+00  0.0000000000E+00  0.0000000000E+00  0.9923354850E+00  0.0000000000E+00
