L0  Nsteps           time(ps)         Etot             EKinetic        
L1  Temp             T_solute         T_solv           Pres_scal_solu  
L2  Pres_scal_solv   BoxX             BoxY             BoxZ            
L3  volume           pres_X           pres_Y           pres_Z          
L4  Pressure         EKCoM_x          EKCoM_y          EKCoM_z         
L5  EKComTot         VIRIAL_x         VIRIAL_y         VIRIAL_z        
L6  VIRIAL_tot       E_pot            E_vdw            E_el            
L7  E_hbon           E_bon            E_angle          E_dih           
L8  E_14vdw          E_14el           E_const          E_pol           
L9  AV_permMoment    AV_indMoment     AV_totMoment     Density          dV/dlambda      
L0     1000  0.2000000000E+01  -.7079622297E+04  0.1647395972E+04
L1 0.2987412896E+03  0.2987412896E+03  -.8727018269E+10  0.1000000000E+01
L2 0.1000000000E+01  0.3420812660E+02  0.3420812660E+02  0.3420812660E+02
L3 0.3081759946E+05  -.6639106680E+03  -.1066829059E+04  -.8061021074E+03
L4 -.8456139448E+03  0.2680390835E+03  0.2646912186E+03  0.2658009660E+03
L5 0.7985312682E+03  0.4152923826E+03  0.5013105502E+03  0.4445918793E+03
L6 0.1361194812E+04  -.8727018269E+04  0.1305545123E+04  -.1010903458E+05
L7 0.0000000000E+00  0.2246498611E+01  0.7579796838E+01  0.1314320459E+02
L8 0.3911771267E+01  0.4457919990E+02  0.5010712686E+01  0.0000000000E+00
L9 0.0000000000E+00  0.0000000000E+00  0.0000000000E+00  0.8969932076E+00  0.0000000000E+00
L0     2000  0.4000000000E+01  -.7066294495E+04  0.1601780130E+04
L1 0.2904692436E+03  0.2904692436E+03  -.8668074625E+10  0.1000000000E+01
L2 0.1000000000E+01  0.3362784185E+02  0.3362784185E+02  0.3362784185E+02
L3 0.2927424987E+05  -.5386816977E+03  0.8679742372E+02  -.3699251482E+03
L4 -.2739364740E+03  0.2485069895E+03  0.2617178727E+03  0.2700946615E+03
L5 0.7803195238E+03  0.3620014267E+03  0.2434305895E+03  0.3480339096E+03
L6 0.9534659259E+03  -.8668074625E+04  0.1299734465E+04  -.1004093654E+05
L7 0.0000000000E+00  0.2183346524E+01  0.7917731562E+01  0.1251392645E+02
L8 0.2646412895E+01  0.4585340037E+02  0.2012632462E+01  0.0000000000E+00
L9 0.0000000000E+00  0.0000000000E+00  0.0000000000E+00  0.9442830310E+00  0.0000000000E+00
L0     3000  0.6000000000E+01  -.7093750471E+04  0.1610404253E+04
L1 0.2920331551E+03  0.2920331551E+03  -.8704154724E+10  0.1000000000E+01
L2 0.1000000000E+01  0.3330993166E+02  0.3330993166E+02  0.3330993166E+02
L3 0.2845148095E+05  0.1154425600E+03  -.8544743778E+03  0.3148388240E+03
L4 -.1413976646E+03  0.2673723015E+03  0.2577985360E+03  0.2707200176E+03
L5 0.7958908551E+03  0.2437333937E+03  0.4327672911E+03  0.2062511950E+03
L6 0.8827518797E+03  -.8704154724E+04  0.1292257029E+04  -.1007776071E+05
L7 0.0000000000E+00  0.2587978925E+01  0.1315203187E+02  0.1495832751E+02
L8 0.3941879615E+01  0.4485157175E+02  0.1857164900E+01  0.0000000000E+00
L9 0.0000000000E+00  0.0000000000E+00  0.0000000000E+00  0.9715901061E+00  0.0000000000E+00
L0     4000  0.8000000000E+01  -.7187603551E+04  0.1602754679E+04
L1 0.2906459698E+03  0.2906459698E+03  -.8790358230E+10  0.1000000000E+01
L2 0.1000000000E+01  0.3321556860E+02  0.3321556860E+02  0.3321556860E+02
L3 0.2821014448E+05  -.2298083405E+03  -.5977676414E+03  0.6678712227E+03
L4 -.5323491973E+02  0.2624502058E+03  0.2472126383E+03  0.2902219741E+03
L5 0.7998848182E+03  0.3091083732E+03  0.3685778709E+03  0.1546235565E+03
L6 0.8323098006E+03  -.8790358230E+04  0.1306711419E+04  -.1017039426E+05
L7 0.0000000000E+00  0.2889609543E+01  0.1060973574E+02  0.1118338574E+02
L8 0.4173373521E+01  0.4359304911E+02  0.8754600154E+00  0.0000000000E+00
L9 0.0000000000E+00  0.0000000000E+00  0.0000000000E+00  0.9799020142E+00  0.0000000000E+00
L0     5000  0.1000000000E+02  -.7218120173E+04  0.1610830283E+04
L1 0.2921104122E+03  0.2921104122E+03  -.8828950456E+10  0.1000000000E+01
L2 0.1000000000E+01  0.3312555214E+02  0.3312555214E+02  0.3312555214E+02
L3 0.2798185568E+05  -.5371575307E+03  -.2108386748E+03  0.5409513925E+02
L4 -.2313003554E+03  0.2687191033E+03  0.2534451299E+03  0.2797734804E+03
L5 0.8019377135E+03  0.3768960604E+03  0.2959054603E+03  0.2688793809E+03
L6 0.9416809017E+03  -.8828950456E+04  0.1296192226E+04  -.1020630182E+05
L7 0.0000000000E+00  0.3697917050E+01  0.1110264217E+02  0.1049937568E+02
L8 0.3474865012E+01  0.4564541064E+02  0.6738932454E+01  0.0000000000E+00
L9 0.0000000000E+00  0.0000000000E+00  0.0000000000E+00  0.9878965038E+00  0.0000000000E+00
L0     6000  0.1200000000E+02  -.7255800154E+04  0.1620931195E+04
L1 0.2939421267E+03  0.2939421267E+03  -.8876731348E+10  0.1000000000E+01
L2 0.1000000000E+01  0.3302175729E+02  0.3302175729E+02  0.3302175729E+02
L3 0.2771920087E+05  0.5588776899E+03  -.1855194156E+03  -.5273534177E+03
L4 -.5133171444E+02  0.2715144014E+03  0.2988400788E+03  0.2505516816E+03
L5 0.8209061618E+03  0.1600197436E+03  0.3358507237E+03  0.3557573284E+03
L6 0.8516277957E+03  -.8876731348E+04  0.1297670170E+04  -.1024898922E+05
L7 0.0000000000E+00  0.3373822574E+01  0.7306142833E+01  0.1307843989E+02
L8 0.3273229303E+01  0.4631279000E+02  0.1243280899E+01  0.0000000000E+00
L9 0.0000000000E+00  0.0000000000E+00  0.0000000000E+00  0.9972573712E+00  0.0000000000E+00
L0     7000  0.1400000000E+02  -.7167354590E+04  0.1659277530E+04
L1 0.3008959096E+03  0.3008959096E+03  -.8826632121E+10  0.1000000000E+01
L2 0.1000000000E+01  0.3304847772E+02  0.3304847772E+02  0.3304847772E+02
L3 0.2778692402E+05  -.5095607536E+03  0.1694329434E+02  -.1206950179E+03
L4 -.2044374924E+03  0.2669211906E+03  0.2654207108E+03  0.2828746271E+03
L5 0.8152165284E+03  0.3688256114E+03  0.2620323089E+03  0.3070117997E+03
L6 0.9378697200E+03  -.8826632121E+04  0.1279163164E+04  -.1018126654E+05
L7 0.0000000000E+00  0.2966316757E+01  0.8726451033E+01  0.1390570251E+02
L8 0.2850516918E+01  0.4343372440E+02  0.3588541776E+01  0.0000000000E+00
L9 0.0000000000E+00  0.0000000000E+00  0.0000000000E+00  0.9948268248E+00  0.0000000000E+00
L0     8000  0.1600000000E+02  -.7107581137E+04  0.1633830577E+04
L1 0.2962813203E+03  0.2962813203E+03  -.8741411714E+10  0.1000000000E+01
L2 0.1000000000E+01  0.3308195129E+02  0.3308195129E+02  0.3308195129E+02
L3 0.2786895895E+05  0.1448733061E+04  0.2678378220E+03  0.6672883196E+03
L4 0.7946197343E+03  0.2953015961E+03  0.2538404045E+03  0.2785416762E+03
L5 0.8276836767E+03  0.4721610986E+01  0.2001187684E+03  0.1447001597E+03
L6 0.3495405391E+03  -.8741411714E+04  0.1364831556E+04  -.1018040890E+05
L7 0.0000000000E+00  0.3400960131E+01  0.7184173744E+01  0.1146559087E+02
L8 0.3297344161E+01  0.4566669045E+02  0.3150872680E+01  0.0000000000E+00
L9 0.0000000000E+00  0.0000000000E+00  0.0000000000E+00  0.9918984574E+00  0.0000000000E+00
L0     9000  0.1800000000E+02  -.7184627169E+04  0.1646508980E+04
L1 0.2985804412E+03  0.2985804412E+03  -.8831136149E+10  0.1000000000E+01
L2 0.1000000000E+01  0.3310535923E+02  0.3310535923E+02  0.3310535923E+02
L3 0.2793001053E+05  -.1005000270E+03  0.3931988944E+03  -.1386298663E+03
L4 0.5135633369E+02  0.2714720924E+03  0.2908015949E+03  0.2672588723E+03
L5 0.8295325597E+03  0.2916740688E+03  0.2117628624E+03  0.2951255044E+03
L6 0.7985624355E+03  -.8831136149E+04  0.1317429379E+04  -.1022085742E+05
L7 0.0000000000E+00  0.1972007135E+01  0.9644416361E+01  0.1123610048E+02
L8 0.2900729124E+01  0.4497823253E+02  0.1560409940E+01  0.0000000000E+00
L9 0.0000000000E+00  0.0000000000E+00  0.0000000000E+00  0.9897302891E+00  0.0000000000E+00
L0    10000  0.2000000000E+02  -.7105554997E+04  0.1620002083E+04
L1 0.2937736401E+03  0.2937736401E+03  -.8725557079E+10  0.1000000000E+01
L2 0.1000000000E+01  0.3312709246E+02  0.3312709246E+02  0.3312709246E+02
L3 0.2798487128E+05  0.5042322490E+02  0.3672041343E+03  -.4434075296E+02
L4 0.1244288688E+03  0.2705152630E+03  0.2618225164E+03  0.2818778349E+03
L5 0.8142156143E+03  0.2603595479E+03  0.1878641251E+03  0.2908084826E+03
L6 0.7390321556E+03  -.8725557079E+04  0.1290979211E+04  -.1009697779E+05
L7 0.0000000000E+00  0.9915639274E+00  0.9922142214E+01  0.1461217096E+02
L8 0.3538904318E+01  0.4608185723E+02  0.5294857828E+01  0.0000000000E+00
L9 0.0000000000E+00  0.0000000000E+00  0.0000000000E+00  0.9877900498E+00  0.0000000000E+00
