L0  Nsteps           time(ps)         Etot             EKinetic        
L1  Temp             T_solute         T_solv           Pres_scal_solu  
L2  Pres_scal_solv   BoxX             BoxY             BoxZ            
L3  volume           pres_X           pres_Y           pres_Z          
L4  Pressure         EKCoM_x          EKCoM_y          EKCoM_z         
L5  EKComTot         VIRIAL_x         VIRIAL_y         VIRIAL_z        
L6  VIRIAL_tot       E_pot            E_vdw            E_el            
L7  E_hbon           E_bon            E_angle          E_dih           
L8  E_14vdw          E_14el           E_const          E_pol           
L9  AV_permMoment    AV_indMoment     AV_totMoment     Density          dV/dlambda      
L0     1000  0.2000000000E+01  -.7257124021E+04  0.1666583938E+04
L1 0.2973981912E+03  0.2973981912E+03  -.8923707958E+10  0.1000000000E+01
L2 0.1000000000E+01  0.3426629470E+02  0.3426629470E+02  0.3426629470E+02
L3 0.3097518988E+05  -.2253524672E+03  -.1141855118E+04  -.1294040716E+04
L4 -.8870827668E+03  0.2807885322E+03  0.2764787488E+03  0.2999004664E+03
L5 0.8571677474E+03  0.3310265938E+03  0.5310337066E+03  0.5883823191E+03
L6 0.1450442620E+04  -.8923707958E+04  0.1311924392E+04  -.1030622155E+05
L7 0.0000000000E+00  0.1607916820E+01  0.8349706028E+01  0.1139645475E+02
L8 0.3558368303E+01  0.4356455598E+02  0.2112194773E+01  0.0000000000E+00
L9 0.0000000000E+00  0.0000000000E+00  0.0000000000E+00  0.9069170873E+00  0.0000000000E+00
L0     2000  0.4000000000E+01  -.7236178599E+04  0.1664116932E+04
L1 0.2969579596E+03  0.2969579596E+03  -.8900295532E+10  0.1000000000E+01
L2 0.1000000000E+01  0.3378542569E+02  0.3378542569E+02  0.3378542569E+02
L3 0.2968807828E+05  -.1097050470E+04  -.3044657598E+03  0.1836871384E+03
L4 -.4059430304E+03  0.2565277329E+03  0.2879749502E+03  0.2815650725E+03
L5 0.8260677557E+03  0.4909318710E+03  0.3530294176E+03  0.2423170830E+03
L6 0.1086278372E+04  -.8900295532E+04  0.1334067059E+04  -.1030741043E+05
L7 0.0000000000E+00  0.3437343268E+01  0.4985195043E+01  0.1105748822E+02
L8 0.3187964640E+01  0.4808348556E+02  0.2296358327E+01  0.0000000000E+00
L9 0.0000000000E+00  0.0000000000E+00  0.0000000000E+00  0.9462360182E+00  0.0000000000E+00
L0     3000  0.6000000000E+01  -.7221198333E+04  0.1687352197E+04
L1 0.3011042409E+03  0.3011042409E+03  -.8908550530E+10  0.1000000000E+01
L2 0.1000000000E+01  0.3347865211E+02  0.3347865211E+02  0.3347865211E+02
L3 0.2888582624E+05  -.1639750538E+03  -.4576084481E+03  0.4104175324E+03
L4 -.7038865653E+02  0.2885616180E+03  0.3032194739E+03  0.2711476872E+03
L5 0.8629287791E+03  0.3226510022E+03  0.3983533974E+03  0.1858244589E+03
L6 0.9068288585E+03  -.8908550530E+04  0.1322956819E+04  -.1031137916E+05
L7 0.0000000000E+00  0.3005307401E+01  0.9438227948E+01  0.1162987067E+02
L8 0.3240431437E+01  0.4952123300E+02  0.3036735126E+01  0.0000000000E+00
L9 0.0000000000E+00  0.0000000000E+00  0.0000000000E+00  0.9725160274E+00  0.0000000000E+00
L0     4000  0.8000000000E+01  -.7186273327E+04  0.1718875133E+04
L1 0.3067294385E+03  0.3067294385E+03  -.8905148460E+10  0.1000000000E+01
L2 0.1000000000E+01  0.3338626281E+02  0.3338626281E+02  0.3338626281E+02
L3 0.2864803376E+05  -.1488338136E+03  -.2856730645E+03  -.5894351695E+03
L4 -.3413140159E+03  0.2909398003E+03  0.2947443587E+03  0.2846253617E+03
L5 0.8703095206E+03  0.3216266997E+03  0.3536450909E+03  0.4061564662E+03
L6 0.1081428257E+04  -.8905148460E+04  0.1266044015E+04  -.1024456834E+05
L7 0.0000000000E+00  0.3783237416E+01  0.5771954381E+01  0.1297968198E+02
L8 0.2777715629E+01  0.4677783478E+02  0.1285436549E+01  0.0000000000E+00
L9 0.0000000000E+00  0.0000000000E+00  0.0000000000E+00  0.9805883787E+00  0.0000000000E+00
L0     5000  0.1000000000E+02  -.7317650857E+04  0.1668394140E+04
L1 0.2977212178E+03  0.2977212178E+03  -.8986044997E+10  0.1000000000E+01
L2 0.1000000000E+01  0.3332318975E+02  0.3332318975E+02  0.3332318975E+02
L3 0.2848519055E+05  -.8766754938E+02  0.4635584430E+03  -.4731789539E+03
L4 -.3242935343E+02  0.2622386234E+03  0.3152681039E+03  0.2685551746E+03
L5 0.8460619019E+03  0.2802113751E+03  0.2202338423E+03  0.3655617401E+03
L6 0.8660069576E+03  -.8986044997E+04  0.1335003276E+04  -.1039268509E+05
L7 0.0000000000E+00  0.2480580288E+01  0.6723314490E+01  0.1138932094E+02
L8 0.2499207218E+01  0.4689616090E+02  0.1648236696E+01  0.0000000000E+00
L9 0.0000000000E+00  0.0000000000E+00  0.0000000000E+00  0.9861941745E+00  0.0000000000E+00
L0     6000  0.1200000000E+02  -.7219339277E+04  0.1645122487E+04
L1 0.2935684431E+03  0.2935684431E+03  -.8864461764E+10  0.1000000000E+01
L2 0.1000000000E+01  0.3343824916E+02  0.3343824916E+02  0.3343824916E+02
L3 0.2877906581E+05  0.7922371805E+03  0.1060485766E+04  0.6309537572E+03
L4 0.8278922345E+03  0.2787568512E+03  0.2923034739E+03  0.2734949025E+03
L5 0.8445552277E+03  0.1146644414E+03  0.7264997985E+02  0.1428083796E+03
L6 0.3301228009E+03  -.8864461764E+04  0.1409933131E+04  -.1035672372E+05
L7 0.0000000000E+00  0.1788390635E+01  0.1411905312E+02  0.1160033258E+02
L8 0.3698448595E+01  0.4784242318E+02  0.3280180742E+01  0.0000000000E+00
L9 0.0000000000E+00  0.0000000000E+00  0.0000000000E+00  0.9761237269E+00  0.0000000000E+00
L0     7000  0.1400000000E+02  -.7326868656E+04  0.1677210207E+04
L1 0.2992944252E+03  0.2992944252E+03  -.9004078862E+10  0.1000000000E+01
L2 0.1000000000E+01  0.3335466063E+02  0.3335466063E+02  0.3335466063E+02
L3 0.2856663889E+05  -.7284103859E+03  -.2520474363E+03  0.9824766778E+02
L4 -.2940700515E+03  0.2806169089E+03  0.2622265071E+03  0.2703484878E+03
L5 0.8131919038E+03  0.4303755375E+03  0.3140465788E+03  0.2501491108E+03
L6 0.9945712271E+03  -.9004078862E+04  0.1331802017E+04  -.1041358561E+05
L7 0.0000000000E+00  0.4100549785E+01  0.7285251345E+01  0.1399075657E+02
L8 0.1933820209E+01  0.4763284373E+02  0.2761506601E+01  0.0000000000E+00
L9 0.0000000000E+00  0.0000000000E+00  0.0000000000E+00  0.9833823673E+00  0.0000000000E+00
L0     8000  0.1600000000E+02  -.7319225489E+04  0.1668790686E+04
L1 0.2977919804E+03  0.2977919804E+03  -.8988016175E+10  0.1000000000E+01
L2 0.1000000000E+01  0.3332445134E+02  0.3332445134E+02  0.3332445134E+02
L3 0.2848797746E+05  0.3084992524E+03  -.6939359335E+03  0.8176049724E+03
L4 0.1440560971E+03  0.2574346530E+03  0.2693587780E+03  0.2947380886E+03
L5 0.8215315196E+03  0.1941829369E+03  0.4116367198E+03  0.1271042380E+03
L6 0.7329238946E+03  -.8988016175E+04  0.1355110740E+04  -.1041345104E+05
L7 0.0000000000E+00  0.2031080566E+01  0.5382979236E+01  0.1076410401E+02
L8 0.3519172024E+01  0.4654676275E+02  0.2080029123E+01  0.0000000000E+00
L9 0.0000000000E+00  0.0000000000E+00  0.0000000000E+00  0.9860976974E+00  0.0000000000E+00
L0     9000  0.1800000000E+02  -.7285429886E+04  0.1650065505E+04
L1 0.2944505137E+03  0.2944505137E+03  -.8935495391E+10  0.1000000000E+01
L2 0.1000000000E+01  0.3332805028E+02  0.3332805028E+02  0.3332805028E+02
L3 0.2849682463E+05  0.2617471140E+03  0.3059851931E+03  0.3172524642E+03
L4 0.2949949238E+03  0.2698407145E+03  0.2833025404E+03  0.2518821894E+03
L5 0.8050254443E+03  0.2161579402E+03  0.2205467995E+03  0.1868155984E+03
L6 0.6235203381E+03  -.8935495391E+04  0.1372479870E+04  -.1038163352E+05
L7 0.0000000000E+00  0.2440226277E+01  0.8443124406E+01  0.1228621059E+02
L8 0.2767663195E+01  0.4558173925E+02  0.2139291397E+01  0.0000000000E+00
L9 0.0000000000E+00  0.0000000000E+00  0.0000000000E+00  0.9857915519E+00  0.0000000000E+00
L0    10000  0.2000000000E+02  -.7354603373E+04  0.1613786354E+04
L1 0.2879765800E+03  0.2879765800E+03  -.8968389727E+10  0.1000000000E+01
L2 0.1000000000E+01  0.3332404870E+02  0.3332404870E+02  0.3332404870E+02
L3 0.2848630391E+05  0.5773166732E+03  0.8671272093E+03  -.2555038803E+03
L4 0.3963133341E+03  0.2857055643E+03  0.2463647320E+03  0.2635437760E+03
L5 0.7956140723E+03  0.1673450663E+03  0.6858776301E+02  0.3159267539E+03
L6 0.5518595832E+03  -.8968389727E+04  0.1395043699E+04  -.1044321501E+05
L7 0.0000000000E+00  0.3063890924E+01  0.6993070607E+01  0.1280918547E+02
L8 0.2939015558E+01  0.5049413481E+02  0.3482282209E+01  0.0000000000E+00
L9 0.0000000000E+00  0.0000000000E+00  0.0000000000E+00  0.9861556300E+00  0.0000000000E+00
