L0  Nsteps           time(ps)         Etot             EKinetic        
L1  Temp             T_solute         T_solv           Pres_scal_solu  
L2  Pres_scal_solv   BoxX             BoxY             BoxZ            
L3  volume           pres_X           pres_Y           pres_Z          
L4  Pressure         EKCoM_x          EKCoM_y          EKCoM_z         
L5  EKComTot         VIRIAL_x         VIRIAL_y         VIRIAL_z        
L6  VIRIAL_tot       E_pot            E_vdw            E_el            
L7  E_hbon           E_bon            E_angle          E_dih           
L8  E_14vdw          E_14el           E_const          E_pol           
L9  AV_permMoment    AV_indMoment     AV_totMoment     Density          dV/dlambda      
L0     1000  0.2000000000E+01  -.7358389109E+04  0.1722546948E+04
L1 0.2991113725E+03  0.2991113725E+03  -.9080936057E+10  0.1000000000E+01
L2 0.1000000000E+01  0.3469694893E+02  0.3469694893E+02  0.3469694893E+02
L3 0.3215741523E+05  -.1288490826E+04  -.9790476466E+03  0.1419156273E+02
L4 -.7511156367E+03  0.2933519042E+03  0.2846860173E+03  0.2830848850E+03
L5 0.8611228064E+03  0.5915597354E+03  0.5112764357E+03  0.2798003951E+03
L6 0.1382636566E+04  -.9080936057E+04  0.1376901770E+04  -.1053495635E+05
L7 0.0000000000E+00  0.2901489834E+01  0.6742131904E+01  0.1242386813E+02
L8 0.6704343639E+01  0.4447634626E+02  0.3870340694E+01  0.0000000000E+00
L9 0.0000000000E+00  0.0000000000E+00  0.0000000000E+00  0.8977638551E+00  0.0000000000E+00
L0     2000  0.4000000000E+01  -.7474139780E+04  0.1678578983E+04
L1 0.2914765627E+03  0.2914765627E+03  -.9152718763E+10  0.1000000000E+01
L2 0.1000000000E+01  0.3408588018E+02  0.3408588018E+02  0.3408588018E+02
L3 0.3048855766E+05  -.1305409141E+04  -.4076129333E+03  -.1010175542E+04
L4 -.9077325389E+03  0.2963455948E+03  0.2941847706E+03  0.2506932979E+03
L5 0.8412236632E+03  0.5827898448E+03  0.3836267527E+03  0.4723548188E+03
L6 0.1438771416E+04  -.9152718763E+04  0.1311093120E+04  -.1053704184E+05
L7 0.0000000000E+00  0.2883222400E+01  0.9012203274E+01  0.9303199580E+01
L8 0.5107443991E+01  0.4348447114E+02  0.3439412706E+01  0.0000000000E+00
L9 0.0000000000E+00  0.0000000000E+00  0.0000000000E+00  0.9469049139E+00  0.0000000000E+00
L0     3000  0.6000000000E+01  -.7432426522E+04  0.1707335876E+04
L1 0.2964700485E+03  0.2964700485E+03  -.9139762399E+10  0.1000000000E+01
L2 0.1000000000E+01  0.3391339761E+02  0.3391339761E+02  0.3391339761E+02
L3 0.3002731401E+05  -.8903221264E+03  -.4499242798E+03  -.5497635962E+03
L4 -.6300033341E+03  0.2721729126E+03  0.2651317057E+03  0.3070343444E+03
L5 0.8443389626E+03  0.4645796309E+03  0.3623644393E+03  0.4258432633E+03
L6 0.1252787334E+04  -.9139762399E+04  0.1319797726E+04  -.1053694867E+05
L7 0.0000000000E+00  0.3240049093E+01  0.1296555110E+02  0.1118452124E+02
L8 0.4086707206E+01  0.4364915701E+02  0.2262556357E+01  0.0000000000E+00
L9 0.0000000000E+00  0.0000000000E+00  0.0000000000E+00  0.9614501334E+00  0.0000000000E+00
L0     4000  0.8000000000E+01  -.7558613759E+04  0.1672044702E+04
L1 0.2903419186E+03  0.2903419186E+03  -.9230658461E+10  0.1000000000E+01
L2 0.1000000000E+01  0.3376619573E+02  0.3376619573E+02  0.3376619573E+02
L3 0.2963542759E+05  -.8472680351E+02  0.4314910132E+03  0.6892056531E+03
L4 0.3453232876E+03  0.2624579956E+03  0.2942753488E+03  0.2760210834E+03
L5 0.8327544278E+03  0.2805292625E+03  0.2022432062E+03  0.1290213291E+03
L6 0.6117937978E+03  -.9230658461E+04  0.1453055247E+04  -.1075723545E+05
L7 0.0000000000E+00  0.3023099663E+01  0.8487174752E+01  0.8864324748E+01
L8 0.4599916251E+01  0.4504699516E+02  0.3500226494E+01  0.0000000000E+00
L9 0.0000000000E+00  0.0000000000E+00  0.0000000000E+00  0.9741639455E+00  0.0000000000E+00
L0     5000  0.1000000000E+02  -.7438873073E+04  0.1761252893E+04
L1 0.3058324596E+03  0.3058324596E+03  -.9200125965E+10  0.1000000000E+01
L2 0.1000000000E+01  0.3371025964E+02  0.3371025964E+02  0.3371025964E+02
L3 0.2949108933E+05  -.7391054996E+03  -.9351329677E+03  -.3660928854E+03
L4 -.6801104509E+03  0.2933170595E+03  0.2886173885E+03  0.3012561892E+03
L5 0.8831906372E+03  0.4501920919E+03  0.4870992218E+03  0.3789593497E+03
L6 0.1316250663E+04  -.9200125965E+04  0.1281221130E+04  -.1055173669E+05
L7 0.0000000000E+00  0.6225344036E+01  0.4976710803E+01  0.1041801474E+02
L8 0.3116020520E+01  0.4242836667E+02  0.3225139572E+01  0.0000000000E+00
L9 0.0000000000E+00  0.0000000000E+00  0.0000000000E+00  0.9789317967E+00  0.0000000000E+00
L0     6000  0.1200000000E+02  -.7481143524E+04  0.1706830100E+04
L1 0.2963822231E+03  0.2963822231E+03  -.9187973625E+10  0.1000000000E+01
L2 0.1000000000E+01  0.3357702484E+02  0.3357702484E+02  0.3357702484E+02
L3 0.2914183741E+05  -.2779716478E+03  -.1527355722E+02  -.6453692205E+03
L4 -.3128714752E+03  0.2675089589E+03  0.3037049476E+03  0.2739069447E+03
L5 0.8451208511E+03  0.3258096915E+03  0.3069083663E+03  0.4092642686E+03
L6 0.1041982326E+04  -.9187973625E+04  0.1306787531E+04  -.1056455668E+05
L7 0.0000000000E+00  0.3043831245E+01  0.6884180331E+01  0.1189039052E+02
L8 0.3366207433E+01  0.4362819721E+02  0.9827201567E+00  0.0000000000E+00
L9 0.0000000000E+00  0.0000000000E+00  0.0000000000E+00  0.9906638575E+00  0.0000000000E+00
L0     7000  0.1400000000E+02  -.7544314438E+04  0.1669374062E+04
L1 0.2898781757E+03  0.2898781757E+03  -.9213688500E+10  0.1000000000E+01
L2 0.1000000000E+01  0.3351953443E+02  0.3351953443E+02  0.3351953443E+02
L3 0.2899244299E+05  -.7399331922E+03  -.2536000682E+03  0.9718169454E+01
L4 -.3279383637E+03  0.2635504076E+03  0.2907394360E+03  0.2650878625E+03
L5 0.8193777061E+03  0.4179456457E+03  0.3436558929E+03  0.2630600590E+03
L6 0.1024661598E+04  -.9213688500E+04  0.1307009265E+04  -.1059280999E+05
L7 0.0000000000E+00  0.1966071514E+01  0.7329850005E+01  0.1316857578E+02
L8 0.4753398792E+01  0.4320674203E+02  0.1687591599E+01  0.0000000000E+00
L9 0.0000000000E+00  0.0000000000E+00  0.0000000000E+00  0.9957686239E+00  0.0000000000E+00
L0     8000  0.1600000000E+02  -.7482958153E+04  0.1680195284E+04
L1 0.2917572248E+03  0.2917572248E+03  -.9163153436E+10  0.1000000000E+01
L2 0.1000000000E+01  0.3362181090E+02  0.3362181090E+02  0.3362181090E+02
L3 0.2925655551E+05  0.4473368996E+03  0.4171344061E+03  0.5515151214E+03
L4 0.4719954757E+03  0.2545213181E+03  0.2788864153E+03  0.2810515594E+03
L5 0.8144592927E+03  0.1603292143E+03  0.1910538056E+03  0.1649234921E+03
L6 0.5163065120E+03  -.9163153436E+04  0.1426348258E+04  -.1066203880E+05
L7 0.0000000000E+00  0.3885244156E+01  0.7916479150E+01  0.1079972259E+02
L8 0.3410558113E+01  0.4157942037E+02  0.4945685544E+01  0.0000000000E+00
L9 0.0000000000E+00  0.0000000000E+00  0.0000000000E+00  0.9867793580E+00  0.0000000000E+00
L0     9000  0.1800000000E+02  -.7417571794E+04  0.1730361016E+04
L1 0.3004682449E+03  0.3004682449E+03  -.9147932810E+10  0.1000000000E+01
L2 0.1000000000E+01  0.3362482422E+02  0.3362482422E+02  0.3362482422E+02
L3 0.2926532004E+05  -.1178867846E+03  0.7305132811E+03  -.2281708617E+03
L4 0.1281518783E+03  0.2783750628E+03  0.2801208048E+03  0.2668107213E+03
L5 0.8253065889E+03  0.3032049633E+03  0.1262564663E+03  0.3148692024E+03
L6 0.7443306321E+03  -.9147932810E+04  0.1372098088E+04  -.1059827205E+05
L7 0.0000000000E+00  0.2075237804E+01  0.1036035867E+02  0.1073216245E+02
L8 0.5308290008E+01  0.4786735116E+02  0.1897756639E+01  0.0000000000E+00
L9 0.0000000000E+00  0.0000000000E+00  0.0000000000E+00  0.9864838321E+00  0.0000000000E+00
L0    10000  0.2000000000E+02  -.7397337145E+04  0.1749134060E+04
L1 0.3037280870E+03  0.3037280870E+03  -.9146471205E+10  0.1000000000E+01
L2 0.1000000000E+01  0.3364736790E+02  0.3364736790E+02  0.3364736790E+02
L3 0.2932298636E+05  0.7048484301E+03  0.7586773038E+03  0.3382772928E+03
L4 0.6006010089E+03  0.2906068682E+03  0.3150055393E+03  0.2653868438E+03
L5 0.8709992513E+03  0.1418556554E+03  0.1548942810E+03  0.1939968039E+03
L6 0.4907467403E+03  -.9146471205E+04  0.1420801520E+04  -.1064097818E+05
L7 0.0000000000E+00  0.2711316853E+01  0.1056860357E+02  0.9358693693E+01
L8 0.3109146788E+01  0.4511995829E+02  0.2837732223E+01  0.0000000000E+00
L9 0.0000000000E+00  0.0000000000E+00  0.0000000000E+00  0.9845438219E+00  0.0000000000E+00
