L0  Nsteps           time(ps)         Etot             EKinetic        
L1  Temp             T_solute         T_solv           Pres_scal_solu  
L2  Pres_scal_solv   BoxX             BoxY             BoxZ            
L3  volume           pres_X           pres_Y           pres_Z          
L4  Pressure         EKCoM_x          EKCoM_y          EKCoM_z         
L5  EKComTot         VIRIAL_x         VIRIAL_y         VIRIAL_z        
L6  VIRIAL_tot       E_pot            E_vdw            E_el            
L7  E_hbon           E_bon            E_angle          E_dih           
L8  E_14vdw          E_14el           E_const          E_pol           
L9  AV_permMoment    AV_indMoment     AV_totMoment     Density          dV/dlambda      
L0     1000  0.2000000000E+01  -.6918269048E+04  0.1574088010E+04
L1 0.2911124024E+03  0.2911124024E+03  -.8492357058E+10  0.1000000000E+01
L2 0.1000000000E+01  0.3383815910E+02  0.3383815910E+02  0.3383815910E+02
L3 0.2982964406E+05  -.1279085891E+04  -.1610391678E+04  -.9601246033E+03
L4 -.1283200724E+04  0.2482590567E+03  0.2636558100E+03  0.2684929264E+03
L5 0.7804077930E+03  0.5228614765E+03  0.6093850957E+03  0.4746186769E+03
L6 0.1606865249E+04  -.8492357058E+04  0.1188459741E+04  -.9759419032E+04
L7 0.0000000000E+00  0.2476760789E+01  0.7507063342E+01  0.1425425059E+02
L8 0.3485951970E+01  0.4810264328E+02  0.2775562581E+01  0.0000000000E+00
L9 0.0000000000E+00  0.0000000000E+00  0.0000000000E+00  0.9086489746E+00  0.0000000000E+00
L0     2000  0.4000000000E+01  -.6914563676E+04  0.1629599891E+04
L1 0.3013787896E+03  0.3013787896E+03  -.8544163567E+10  0.1000000000E+01
L2 0.1000000000E+01  0.3326354445E+02  0.3326354445E+02  0.3326354445E+02
L3 0.2833279107E+05  -.5751408707E+02  -.3974868002E+03  0.2039763752E+02
L4 -.1448677499E+03  0.2537812716E+03  0.2981159766E+03  0.2745397493E+03
L5 0.8264369975E+03  0.2655091693E+03  0.3791688938E+03  0.2703803960E+03
L6 0.9150584591E+03  -.8544163567E+04  0.1261572490E+04  -.9883154374E+04
L7 0.0000000000E+00  0.3535869640E+01  0.8357339744E+01  0.1136452514E+02
L8 0.2197569152E+01  0.4702922843E+02  0.4933785245E+01  0.0000000000E+00
L9 0.0000000000E+00  0.0000000000E+00  0.0000000000E+00  0.9566539147E+00  0.0000000000E+00
L0     3000  0.6000000000E+01  -.7021550753E+04  0.1577631948E+04
L1 0.2917678195E+03  0.2917678195E+03  -.8599182701E+10  0.1000000000E+01
L2 0.1000000000E+01  0.3299037353E+02  0.3299037353E+02  0.3299037353E+02
L3 0.2764145242E+05  -.6149340553E+03  -.8031010895E+03  -.2071540853E+03
L4 -.5417297434E+03  0.2647268339E+03  0.2735722213E+03  0.2536524838E+03
L5 0.7919515390E+03  0.3870604982E+03  0.4333394325E+03  0.2948632740E+03
L6 0.1115263205E+04  -.8599182701E+04  0.1209560671E+04  -.9880122104E+04
L7 0.0000000000E+00  0.2078226598E+01  0.8213970097E+01  0.1286411959E+02
L8 0.2155902676E+01  0.4372825604E+02  0.2338257522E+01  0.0000000000E+00
L9 0.0000000000E+00  0.0000000000E+00  0.0000000000E+00  0.9805807263E+00  0.0000000000E+00
L0     4000  0.8000000000E+01  -.6984305989E+04  0.1589655135E+04
L1 0.2939913922E+03  0.2939913922E+03  -.8573961124E+10  0.1000000000E+01
L2 0.1000000000E+01  0.3302914709E+02  0.3302914709E+02  0.3302914709E+02
L3 0.2773846477E+05  -.3120251354E+03  -.4396553692E+03  -.1906858645E+03
L4 -.3141221230E+03  0.2720825543E+03  0.2748999360E+03  0.2595978022E+03
L5 0.8065802925E+03  0.3343740245E+03  0.3626710038E+03  0.2976655778E+03
L6 0.9947106061E+03  -.8573961124E+04  0.1232222409E+04  -.9876621143E+04
L7 0.0000000000E+00  0.4159602347E+01  0.5783650266E+01  0.1130055044E+02
L8 0.3077597771E+01  0.4341731571E+02  0.2698892720E+01  0.0000000000E+00
L9 0.0000000000E+00  0.0000000000E+00  0.0000000000E+00  0.9771512490E+00  0.0000000000E+00
L0     5000  0.1000000000E+02  -.7089542104E+04  0.1596763764E+04
L1 0.2953060646E+03  0.2953060646E+03  -.8686305868E+10  0.1000000000E+01
L2 0.1000000000E+01  0.3295951670E+02  0.3295951670E+02  0.3295951670E+02
L3 0.2756346117E+05  -.4176845559E+03  -.5431005621E+03  -.5157756693E+02
L4 -.3374542283E+03  0.2750804394E+03  0.2555473941E+03  0.2557129831E+03
L5 0.7863408165E+03  0.3579392603E+03  0.3632858095E+03  0.2659447628E+03
L6 0.9871698326E+03  -.8686305868E+04  0.1281843964E+04  -.1004876324E+05
L7 0.0000000000E+00  0.2300109083E+01  0.9442812620E+01  0.1277630893E+02
L8 0.4267546204E+01  0.4857203625E+02  0.3254596654E+01  0.0000000000E+00
L9 0.0000000000E+00  0.0000000000E+00  0.0000000000E+00  0.9833552950E+00  0.0000000000E+00
L0     6000  0.1200000000E+02  -.6982396742E+04  0.1628299881E+04
L1 0.3011383654E+03  0.3011383654E+03  -.8610696623E+10  0.1000000000E+01
L2 0.1000000000E+01  0.3286138926E+02  0.3286138926E+02  0.3286138926E+02
L3 0.2731683119E+05  0.6391831428E+03  -.7302060483E+03  0.5258503962E+03
L4 0.1449424969E+03  0.2783051451E+03  0.2542773746E+03  0.2653415814E+03
L5 0.7979241011E+03  0.1526407596E+03  0.3978370028E+03  0.1619585876E+03
L6 0.7124363500E+03  -.8610696623E+04  0.1270431125E+04  -.9947698997E+04
L7 0.0000000000E+00  0.3759619538E+01  0.8164064359E+01  0.1015410810E+02
L8 0.2231191632E+01  0.3996330479E+02  0.2298960394E+01  0.0000000000E+00
L9 0.0000000000E+00  0.0000000000E+00  0.0000000000E+00  0.9922335172E+00  0.0000000000E+00
L0     7000  0.1400000000E+02  -.7042889657E+04  0.1635016252E+04
L1 0.3023804933E+03  0.3023804933E+03  -.8677905909E+10  0.1000000000E+01
L2 0.1000000000E+01  0.3289660645E+02  0.3289660645E+02  0.3289660645E+02
L3 0.2740512170E+05  0.4207921816E+03  -.6745542962E+03  0.2334050773E+03
L4 -.6785679095E+01  0.2702850378E+03  0.2620141891E+03  0.2731988692E+03
L5 0.8054980962E+03  0.1872892642E+03  0.3950612325E+03  0.2271627598E+03
L6 0.8095132565E+03  -.8677905909E+04  0.1285659215E+04  -.1003568001E+05
L7 0.0000000000E+00  0.1492358725E+01  0.7198350861E+01  0.9978454700E+01
L8 0.3218544452E+01  0.4866262138E+02  0.1564559223E+01  0.0000000000E+00
L9 0.0000000000E+00  0.0000000000E+00  0.0000000000E+00  0.9890368590E+00  0.0000000000E+00
L0     8000  0.1600000000E+02  -.6950204361E+04  0.1620691048E+04
L1 0.2997311851E+03  0.2997311851E+03  -.8570895409E+10  0.1000000000E+01
L2 0.1000000000E+01  0.3296665310E+02  0.3296665310E+02  0.3296665310E+02
L3 0.2758028631E+05  0.9212840879E+02  -.2325639925E+03  0.4485348961E+03
L4 0.1026997708E+03  0.2660102030E+03  0.2679599830E+03  0.2759526842E+03
L5 0.8099228702E+03  0.2477229312E+03  0.3141233869E+03  0.1869195653E+03
L6 0.7487658834E+03  -.8570895409E+04  0.1274416220E+04  -.9920566605E+04
L7 0.0000000000E+00  0.3708302007E+01  0.5666454722E+01  0.1024166448E+02
L8 0.3072740806E+01  0.4720185249E+02  0.5363960901E+01  0.0000000000E+00
L9 0.0000000000E+00  0.0000000000E+00  0.0000000000E+00  0.9827554067E+00  0.0000000000E+00
L0     9000  0.1800000000E+02  -.7013085639E+04  0.1606479582E+04
L1 0.2971029114E+03  0.2971029114E+03  -.8619565221E+10  0.1000000000E+01
L2 0.1000000000E+01  0.3294691123E+02  0.3294691123E+02  0.3294691123E+02
L3 0.2753103065E+05  0.4057491474E+02  0.4213889872E+03  -.4757698255E+03
L4 -.4601974514E+01  0.2650253818E+03  0.2613730630E+03  0.2548909995E+03
L5 0.7812894444E+03  0.2569857407E+03  0.1778777242E+03  0.3491615286E+03
L6 0.7840249935E+03  -.8619565221E+04  0.1277937454E+04  -.9973345659E+04
L7 0.0000000000E+00  0.4237370718E+01  0.5593911036E+01  0.1184723359E+02
L8 0.3835277693E+01  0.4606111380E+02  0.4268076790E+01  0.0000000000E+00
L9 0.0000000000E+00  0.0000000000E+00  0.0000000000E+00  0.9845136505E+00  0.0000000000E+00
L0    10000  0.2000000000E+02  -.7104652281E+04  0.1590572620E+04
L1 0.2941610720E+03  0.2941610720E+03  -.8695224901E+10  0.1000000000E+01
L2 0.1000000000E+01  0.3288957986E+02  0.3288957986E+02  0.3288957986E+02
L3 0.2738712211E+05  0.3442735652E+03  0.1646635556E+02  0.1622328752E+03
L4 0.1743242653E+03  0.2730923522E+03  0.2756256557E+03  0.2856212508E+03
L5 0.8343392586E+03  0.2052334772E+03  0.2723800148E+03  0.2536439469E+03
L6 0.7312574389E+03  -.8695224901E+04  0.1306180449E+04  -.1008298119E+05
L7 0.0000000000E+00  0.2741121124E+01  0.9137915483E+01  0.1189766249E+02
L8 0.4597051578E+01  0.4947234181E+02  0.3729749412E+01  0.0000000000E+00
L9 0.0000000000E+00  0.0000000000E+00  0.0000000000E+00  0.9896868821E+00  0.0000000000E+00
