L0  Nsteps           time(ps)         Etot             EKinetic        
L1  Temp             T_solute         T_solv           Pres_scal_solu  
L2  Pres_scal_solv   BoxX             BoxY             BoxZ            
L3  volume           pres_X           pres_Y           pres_Z          
L4  Pressure         EKCoM_x          EKCoM_y          EKCoM_z         
L5  EKComTot         VIRIAL_x         VIRIAL_y         VIRIAL_z        
L6  VIRIAL_tot       E_pot            E_vdw            E_el            
L7  E_hbon           E_bon            E_angle          E_dih           
L8  E_14vdw          E_14el           E_const          E_pol           
L9  AV_permMoment    AV_indMoment     AV_totMoment     Density          dV/dlambda      
L0     1000  0.2000000000E+01  -.7529779434E+04  0.1715657644E+04
L1 0.2906928966E+03  0.2906928966E+03  -.9245437078E+10  0.1000000000E+01
L2 0.1000000000E+01  0.3487329421E+02  0.3487329421E+02  0.3487329421E+02
L3 0.3265032415E+05  -.2862475800E+03  -.9824690204E+03  -.1085563482E+04
L4 -.7847600275E+03  0.2917423971E+03  0.2693261902E+03  0.2725010175E+03
L5 0.8335696048E+03  0.3590068944E+03  0.5001937658E+03  0.5275944648E+03
L6 0.1386795125E+04  -.9245437078E+04  0.1360614763E+04  -.1068033038E+05
L7 0.0000000000E+00  0.3449093845E+01  0.6293484048E+01  0.1071232798E+02
L8 0.2732972335E+01  0.4783371013E+02  0.3256954771E+01  0.0000000000E+00
L9 0.0000000000E+00  0.0000000000E+00  0.0000000000E+00  0.9062013431E+00  0.0000000000E+00
L0     2000  0.4000000000E+01  -.7498140280E+04  0.1769993681E+04
L1 0.2998993371E+03  0.2998993371E+03  -.9268133961E+10  0.1000000000E+01
L2 0.1000000000E+01  0.3431943419E+02  0.3431943419E+02  0.3431943419E+02
L3 0.3111876305E+05  -.4894964166E+03  -.2372690888E+03  -.1115807068E+04
L4 -.6141908580E+03  0.2984598232E+03  0.2943622076E+03  0.2825340594E+03
L5 0.8753560902E+03  0.4080895729E+03  0.3475020263E+03  0.5324350710E+03
L6 0.1288026670E+04  -.9268133961E+04  0.1322687967E+04  -.1066696198E+05
L7 0.0000000000E+00  0.4510521219E+01  0.8658617606E+01  0.1086353616E+02
L8 0.2669110471E+01  0.4613735991E+02  0.3300906256E+01  0.0000000000E+00
L9 0.0000000000E+00  0.0000000000E+00  0.0000000000E+00  0.9508015325E+00  0.0000000000E+00
L0     3000  0.6000000000E+01  -.7614573059E+04  0.1755463722E+04
L1 0.2974374498E+03  0.2974374498E+03  -.9370036781E+10  0.1000000000E+01
L2 0.1000000000E+01  0.3414736614E+02  0.3414736614E+02  0.3414736614E+02
L3 0.3065109094E+05  0.2369903886E+03  -.4923211308E+03  0.5551268562E+03
L4 0.9993203801E+02  0.2942490445E+03  0.2962114809E+03  0.3010025434E+03
L5 0.8914630688E+03  0.2419693249E+03  0.4048167742E+03  0.1785424025E+03
L6 0.8253285016E+03  -.9370036781E+04  0.1432170105E+04  -.1087986737E+05
L7 0.0000000000E+00  0.3962505334E+01  0.5648630780E+01  0.1171343584E+02
L8 0.3671659679E+01  0.4974513699E+02  0.2919115373E+01  0.0000000000E+00
L9 0.0000000000E+00  0.0000000000E+00  0.0000000000E+00  0.9653087932E+00  0.0000000000E+00
L0     4000  0.8000000000E+01  -.7541708295E+04  0.1804889749E+04
L1 0.3058119614E+03  0.3058119614E+03  -.9346598044E+10  0.1000000000E+01
L2 0.1000000000E+01  0.3399882759E+02  0.3399882759E+02  0.3399882759E+02
L3 0.3025432520E+05  -.2878180991E+03  -.4830340155E+03  -.5822517671E+03
L4 -.4510346272E+03  0.2824169546E+03  0.3149938927E+03  0.2887408380E+03
L5 0.8861516853E+03  0.3450873091E+03  0.4201711317E+03  0.4155220403E+03
L6 0.1180780481E+04  -.9346598044E+04  0.1330154082E+04  -.1074544304E+05
L7 0.0000000000E+00  0.3854043470E+01  0.5450930419E+01  0.1241103597E+02
L8 0.1894742641E+01  0.4291620193E+02  0.2163964529E+01  0.0000000000E+00
L9 0.0000000000E+00  0.0000000000E+00  0.0000000000E+00  0.9779681883E+00  0.0000000000E+00
L0     5000  0.1000000000E+02  -.7580108907E+04  0.1812427776E+04
L1 0.3070891690E+03  0.3070891690E+03  -.9392536683E+10  0.1000000000E+01
L2 0.1000000000E+01  0.3400605718E+02  0.3400605718E+02  0.3400605718E+02
L3 0.3027311559E+05  -.9372323955E+02  -.5230609688E+02  -.6363366671E+03
L4 -.2607886678E+03  0.2936946937E+03  0.3140276011E+03  0.3071189835E+03
L5 0.9148412782E+03  0.3141149407E+03  0.3254239572E+03  0.4457628457E+03
L6 0.1085301744E+04  -.9392536683E+04  0.1368507423E+04  -.1084090523E+05
L7 0.0000000000E+00  0.7213464356E+01  0.1060135149E+02  0.9606312270E+01
L8 0.3288939183E+01  0.4567170212E+02  0.3479358265E+01  0.0000000000E+00
L9 0.0000000000E+00  0.0000000000E+00  0.0000000000E+00  0.9773611677E+00  0.0000000000E+00
L0     6000  0.1200000000E+02  -.7602707581E+04  0.1746496779E+04
L1 0.2959181335E+03  0.2959181335E+03  -.9349204360E+10  0.1000000000E+01
L2 0.1000000000E+01  0.3393288812E+02  0.3393288812E+02  0.3393288812E+02
L3 0.3007814887E+05  -.7371536233E+03  -.4908594182E+03  0.4183888187E+03
L4 -.2698747409E+03  0.2954799023E+03  0.3020811916E+03  0.2892091561E+03
L5 0.8867702500E+03  0.4550552095E+03  0.4083399685E+03  0.1986384498E+03
L6 0.1062033628E+04  -.9349204360E+04  0.1332532639E+04  -.1075020599E+05
L7 0.0000000000E+00  0.1251567435E+01  0.5992270679E+01  0.1080102964E+02
L8 0.3457790520E+01  0.4588666150E+02  0.1079667972E+01  0.0000000000E+00
L9 0.0000000000E+00  0.0000000000E+00  0.0000000000E+00  0.9836964278E+00  0.0000000000E+00
L0     7000  0.1400000000E+02  -.7697206501E+04  0.1731590894E+04
L1 0.2933925509E+03  0.2933925509E+03  -.9428797395E+10  0.1000000000E+01
L2 0.1000000000E+01  0.3399378690E+02  0.3399378690E+02  0.3399378690E+02
L3 0.3023894662E+05  -.8999661887E+02  0.1001465864E+03  0.7765440571E+03
L4 0.2622313416E+03  0.2926757647E+03  0.2906013313E+03  0.2685839244E+03
L5 0.8518610204E+03  0.3122619308E+03  0.2688062050E+03  0.9958289932E+02
L6 0.6806510351E+03  -.9428797395E+04  0.1462067745E+04  -.1096797564E+05
L7 0.0000000000E+00  0.3531373183E+01  0.5604157393E+01  0.1137388508E+02
L8 0.4445495306E+01  0.4866271561E+02  0.3492872376E+01  0.0000000000E+00
L9 0.0000000000E+00  0.0000000000E+00  0.0000000000E+00  0.9784655520E+00  0.0000000000E+00
L0     8000  0.1600000000E+02  -.7647334657E+04  0.1750454332E+04
L1 0.2965886825E+03  0.2965886825E+03  -.9397788989E+10  0.1000000000E+01
L2 0.1000000000E+01  0.3395373440E+02  0.3395373440E+02  0.3395373440E+02
L3 0.3013357511E+05  -.7162899574E+02  0.2241454239E+03  -.9149019906E+03
L4 -.2541285208E+03  0.2787478154E+03  0.2880594569E+03  0.2936966663E+03
L5 0.8605039385E+03  0.2942822733E+03  0.2394481701E+03  0.4921150067E+03
L6 0.1025845450E+04  -.9397788989E+04  0.1375879889E+04  -.1084932529E+05
L7 0.0000000000E+00  0.2857128338E+01  0.8751494608E+01  0.1115291652E+02
L8 0.3005306028E+01  0.4727787309E+02  0.2611695654E+01  0.0000000000E+00
L9 0.0000000000E+00  0.0000000000E+00  0.0000000000E+00  0.9818870642E+00  0.0000000000E+00
L0     9000  0.1800000000E+02  -.7650906723E+04  0.1716000659E+04
L1 0.2907510154E+03  0.2907510154E+03  -.9366907381E+10  0.1000000000E+01
L2 0.1000000000E+01  0.3392467819E+02  0.3392467819E+02  0.3392467819E+02
L3 0.3005582491E+05  -.7567582390E+03  0.4931930355E+03  0.1049102564E+02
L4 -.8435805927E+02  0.2825769947E+03  0.2810088867E+03  0.2836701405E+03
L5 0.8472560219E+03  0.4462746240E+03  0.1743241800E+03  0.2814007817E+03
L6 0.9019995857E+03  -.9366907381E+04  0.1371352346E+04  -.1080969367E+05
L7 0.0000000000E+00  0.2247031179E+01  0.5617577681E+01  0.1082300669E+02
L8 0.2986043985E+01  0.4769930039E+02  0.2060982734E+01  0.0000000000E+00
L9 0.0000000000E+00  0.0000000000E+00  0.0000000000E+00  0.9844270683E+00  0.0000000000E+00
L0    10000  0.2000000000E+02  -.7619970056E+04  0.1787785669E+04
L1 0.3029139272E+03  0.3029139272E+03  -.9407755725E+10  0.1000000000E+01
L2 0.1000000000E+01  0.3397128809E+02  0.3397128809E+02  0.3397128809E+02
L3 0.3017904541E+05  0.1584207608E+03  0.9261001166E+03  -.4093044617E+03
L4 0.2250721386E+03  0.2994047175E+03  0.2993241658E+03  0.2889558161E+03
L5 0.8876846994E+03  0.2649955493E+03  0.9817417484E+02  0.3778572073E+03
L6 0.7410269315E+03  -.9407755725E+04  0.1438002951E+04  -.1092302973E+05
L7 0.0000000000E+00  0.4782338625E+01  0.6093573119E+01  0.1150109747E+02
L8 0.3496039860E+01  0.4639090868E+02  0.5007092769E+01  0.0000000000E+00
L9 0.0000000000E+00  0.0000000000E+00  0.0000000000E+00  0.9804076704E+00  0.0000000000E+00
