L0  Nsteps           time(ps)         Etot             EKinetic        
L1  Temp             T_solute         T_solv           Pres_scal_solu  
L2  Pres_scal_solv   BoxX             BoxY             BoxZ            
L3  volume           pres_X           pres_Y           pres_Z          
L4  Pressure         EKCoM_x          EKCoM_y          EKCoM_z         
L5  EKComTot         VIRIAL_x         VIRIAL_y         VIRIAL_z        
L6  VIRIAL_tot       E_pot            E_vdw            E_el            
L7  E_hbon           E_bon            E_angle          E_dih           
L8  E_14vdw          E_14el           E_const          E_pol           
L9  AV_permMoment    AV_indMoment     AV_totMoment     Density          dV/dlambda      
L0     1000  0.2000000000E+01  -.7831772357E+04  0.1814210753E+04
L1 0.2963168018E+03  0.2963168018E+03  -.9645983110E+10  0.1000000000E+01
L2 0.1000000000E+01  0.3525980831E+02  0.3525980831E+02  0.3525980831E+02
L3 0.3374751976E+05  -.9804336072E+03  -.6313202489E+03  -.2347925826E+03
L4 -.6155154796E+03  0.2799416416E+03  0.3058760726E+03  0.2900998456E+03
L5 0.8759175599E+03  0.5180730222E+03  0.4592134953E+03  0.3471271460E+03
L6 0.1324413664E+04  -.9645983110E+04  0.1458258187E+04  -.1118343599E+05
L7 0.0000000000E+00  0.7892714606E+00  0.1488557610E+02  0.1327028069E+02
L8 0.2731160032E+01  0.4572599673E+02  0.1792411612E+01  0.0000000000E+00
L9 0.0000000000E+00  0.0000000000E+00  0.0000000000E+00  0.9095390832E+00  0.0000000000E+00
L0     2000  0.4000000000E+01  -.7905015274E+04  0.1807900207E+04
L1 0.2952860942E+03  0.2952860942E+03  -.9712915481E+10  0.1000000000E+01
L2 0.1000000000E+01  0.3464129924E+02  0.3464129924E+02  0.3464129924E+02
L3 0.3200105313E+05  -.4068776027E+03  -.2767658302E+02  0.1572762330E+03
L4 -.9242598425E+02  0.2954764274E+03  0.3172019795E+03  0.2831289406E+03
L5 0.8958073475E+03  0.3891861463E+03  0.3235762916E+03  0.2469059795E+03
L6 0.9596684173E+03  -.9712915481E+04  0.1487440014E+04  -.1128095487E+05
L7 0.0000000000E+00  0.3856159391E+01  0.1254869308E+02  0.1088945971E+02
L8 0.2260390248E+01  0.4583718152E+02  0.5207488137E+01  0.0000000000E+00
L9 0.0000000000E+00  0.0000000000E+00  0.0000000000E+00  0.9591774387E+00  0.0000000000E+00
L0     3000  0.6000000000E+01  -.7982665278E+04  0.1770538068E+04
L1 0.2891836998E+03  0.2891836998E+03  -.9753203346E+10  0.1000000000E+01
L2 0.1000000000E+01  0.3446871296E+02  0.3446871296E+02  0.3446871296E+02
L3 0.3152443061E+05  0.1350788685E+03  0.2867486758E+03  0.5253491034E+02
L4 0.1581208182E+03  0.2673848981E+03  0.2990822225E+03  0.2815712406E+03
L5 0.8480383611E+03  0.2367376669E+03  0.2340235417E+03  0.2696519111E+03
L6 0.7404131197E+03  -.9753203346E+04  0.1518711920E+04  -.1135035967E+05
L7 0.0000000000E+00  0.8753083224E+00  0.1131611261E+02  0.1308156482E+02
L8 0.3445275970E+01  0.4723888221E+02  0.2487257428E+01  0.0000000000E+00
L9 0.0000000000E+00  0.0000000000E+00  0.0000000000E+00  0.9736793842E+00  0.0000000000E+00
L0     4000  0.8000000000E+01  -.7931920801E+04  0.1814292083E+04
L1 0.2963300856E+03  0.2963300856E+03  -.9746212884E+10  0.1000000000E+01
L2 0.1000000000E+01  0.3439064080E+02  0.3439064080E+02  0.3439064080E+02
L3 0.3131270952E+05  -.2761584619E+03  -.1114721200E+04  -.2872780868E+03
L4 -.5593859161E+03  0.3131326096E+03  0.2775656048E+03  0.3045963234E+03
L5 0.8952945377E+03  0.3753677372E+03  0.5287794030E+03  0.3693373720E+03
L6 0.1273484512E+04  -.9746212884E+04  0.1370827441E+04  -.1118694163E+05
L7 0.0000000000E+00  0.2254156198E+01  0.7139479354E+01  0.1131558488E+02
L8 0.2666486944E+01  0.4395298545E+02  0.2572610224E+01  0.0000000000E+00
L9 0.0000000000E+00  0.0000000000E+00  0.0000000000E+00  0.9802629236E+00  0.0000000000E+00
L0     5000  0.1000000000E+02  -.7967121616E+04  0.1810355863E+04
L1 0.2956871788E+03  0.2956871788E+03  -.9777477479E+10  0.1000000000E+01
L2 0.1000000000E+01  0.3430168921E+02  0.3430168921E+02  0.3430168921E+02
L3 0.3106719536E+05  0.7004459149E+03  0.5987747157E+03  0.4547993131E+03
L4 0.5846733146E+03  0.3134806320E+03  0.3100866931E+03  0.2990106335E+03
L5 0.9225779586E+03  0.1568656751E+03  0.1762047269E+03  0.1973205911E+03
L6 0.5303909932E+03  -.9777477479E+04  0.1527093578E+04  -.1138303981E+05
L7 0.0000000000E+00  0.6475265982E+01  0.7976102274E+01  0.1377075494E+02
L8 0.1931984726E+01  0.4360892955E+02  0.4705716838E+01  0.0000000000E+00
L9 0.0000000000E+00  0.0000000000E+00  0.0000000000E+00  0.9880096295E+00  0.0000000000E+00
L0     6000  0.1200000000E+02  -.7885772376E+04  0.1852557226E+04
L1 0.3025799684E+03  0.3025799684E+03  -.9738329601E+10  0.1000000000E+01
L2 0.1000000000E+01  0.3440074812E+02  0.3440074812E+02  0.3440074812E+02
L3 0.3133882996E+05  -.3994024056E+03  0.3937655586E+03  -.6728656301E+02
L4 -.2430780333E+02  0.2981767195E+03  0.3023833070E+03  0.3141580493E+03
L5 0.9147180758E+03  0.3882612116E+03  0.2135701956E+03  0.3293344122E+03
L6 0.9311658194E+03  -.9738329601E+04  0.1452158208E+04  -.1127160387E+05
L7 0.0000000000E+00  0.2234013468E+01  0.1200514348E+02  0.1176006630E+02
L8 0.3316746855E+01  0.4568246172E+02  0.6117629345E+01  0.0000000000E+00
L9 0.0000000000E+00  0.0000000000E+00  0.0000000000E+00  0.9794458893E+00  0.0000000000E+00
L0     7000  0.1400000000E+02  -.7900732245E+04  0.1825417239E+04
L1 0.2981471680E+03  0.2981471680E+03  -.9726149483E+10  0.1000000000E+01
L2 0.1000000000E+01  0.3438209410E+02  0.3438209410E+02  0.3438209410E+02
L3 0.3128695259E+05  -.6290374073E+02  0.5312181111E+03  0.4520121705E+03
L4 0.3067755136E+03  0.3159719191E+03  0.3043710398E+03  0.3023106516E+03
L5 0.9226536105E+03  0.3301362582E+03  0.1847540918E+03  0.2005288879E+03
L6 0.7154192379E+03  -.9726149483E+04  0.1480680735E+04  -.1127667685E+05
L7 0.0000000000E+00  0.2711454885E+01  0.6423488711E+01  0.1094440983E+02
L8 0.2732181302E+01  0.4442977234E+02  0.2605322133E+01  0.0000000000E+00
L9 0.0000000000E+00  0.0000000000E+00  0.0000000000E+00  0.9810699234E+00  0.0000000000E+00
L0     8000  0.1600000000E+02  -.7991806275E+04  0.1876961925E+04
L1 0.3065660117E+03  0.3065660117E+03  -.9868768200E+10  0.1000000000E+01
L2 0.1000000000E+01  0.3437469016E+02  0.3437469016E+02  0.3437469016E+02
L3 0.3126838426E+05  0.8924906141E+02  -.3380273779E+03  -.5944933273E+03
L4 -.2810905480E+03  0.3194495347E+03  0.3182378055E+03  0.3058927657E+03
L5 0.9435801059E+03  0.2993648195E+03  0.3943078897E+03  0.4396782530E+03
L6 0.1133350962E+04  -.9868768200E+04  0.1466607354E+04  -.1140933979E+05
L7 0.0000000000E+00  0.2026813836E+01  0.1003241934E+02  0.1152927716E+02
L8 0.2395566746E+01  0.4374476212E+02  0.4235400056E+01  0.0000000000E+00
L9 0.0000000000E+00  0.0000000000E+00  0.0000000000E+00  0.9816525192E+00  0.0000000000E+00
L0     9000  0.1800000000E+02  -.7962445995E+04  0.1855520639E+04
L1 0.3030639855E+03  0.3030639855E+03  -.9817966634E+10  0.1000000000E+01
L2 0.1000000000E+01  0.3429112158E+02  0.3429112158E+02  0.3429112158E+02
L3 0.3103985866E+05  0.1497487891E+03  -.5084056657E+03  0.6304246598E+03
L4 0.9058926105E+02  0.3032863435E+03  0.2919557356E+03  0.3135639703E+03
L5 0.9088060494E+03  0.2698329920E+03  0.4055317689E+03  0.1727293239E+03
L6 0.8480940848E+03  -.9817966634E+04  0.1479711420E+04  -.1138403068E+05
L7 0.0000000000E+00  0.2544158122E+01  0.1276171719E+02  0.1236836095E+02
L8 0.5121236390E+01  0.4723803103E+02  0.6319117605E+01  0.0000000000E+00
L9 0.0000000000E+00  0.0000000000E+00  0.0000000000E+00  0.9888797664E+00  0.0000000000E+00
L0    10000  0.2000000000E+02  -.7953391450E+04  0.1855849790E+04
L1 0.3031177462E+03  0.3031177462E+03  -.9809241241E+10  0.1000000000E+01
L2 0.1000000000E+01  0.3424090126E+02  0.3424090126E+02  0.3424090126E+02
L3 0.3090415224E+05  -.7444638796E+02  -.8899482552E+02  -.7651567726E+02
L4 -.7998563025E+02  0.3044091984E+03  0.3044964168E+03  0.3118405020E+03
L5 0.9207461172E+03  0.3209675479E+03  0.3242906267E+03  0.3288591024E+03
L6 0.9741172770E+03  -.9809241241E+04  0.1446668755E+04  -.1133666064E+05
L7 0.0000000000E+00  0.1983120604E+01  0.7911819630E+01  0.1192253898E+02
L8 0.4727507012E+01  0.5039701380E+02  0.3808642136E+01  0.0000000000E+00
L9 0.0000000000E+00  0.0000000000E+00  0.0000000000E+00  0.9932221386E+00  0.0000000000E+00
