# Final energies generated by paramfit for ../../1_inputfiles/input_scan/fit_topology/fit.prmtop
# Num	Amber+K		Quantum		Initial Amber+K
0	1703.41332	1705.91531	  14.84973
1	 909.85327	 909.00220	  18.20410
2	 490.94764	 492.28713	  16.04313
3	 274.63341	 274.55360	  17.51902
4	 159.71660	 160.35301	  16.88284
5	  98.88776	  99.78469	  16.71696
6	  66.05406	  67.06867	  16.69877
7	  47.81188	  48.99305	  16.62497
8	  37.51679	  38.80706	  16.59088
9	  31.72285	  33.07228	  16.57929
10	  28.71579	  30.04184	  16.61639
11	  27.52816	  28.84522	  16.60340
12	  27.84922	  29.11796	  16.59594
13	  29.65266	  30.85755	  16.57755
14	  33.31970	  34.43135	  16.57156
15	  39.77536	  40.70292	  16.65391
16	  50.40105	  51.30971	  16.58265
17	  68.54353	  69.20969	  16.76179
18	  98.87662	  99.60718	  16.67239
19	 151.16598	 151.51458	  17.07686
20	 239.11841	 240.10697	  16.50979
21	 388.15258	 389.92113	  15.85308
22	 638.58439	 637.77163	  18.59891
23	1032.42209	1032.40876	  17.99525
24	1624.77870	1624.95004	  18.02247
25	1656.88578	1662.07211	  12.15974
26	 886.74401	 889.35735	  14.70883
27	 483.10801	 483.45527	  16.97622
28	 269.18268	 270.46461	  16.07114
29	 157.80565	 158.27871	  16.93660
30	  97.71061	  98.55757	  16.64274
31	  65.21640	  66.20382	  16.59693
32	  47.20561	  48.28191	  16.60754
33	  36.97260	  38.16583	  16.58337
34	  31.17476	  32.46160	  16.56477
35	  28.09859	  29.43397	  16.56379
36	  26.89757	  28.21421	  16.59626
37	  27.12365	  28.42752	  16.58704
38	  28.80091	  30.05465	  16.58141
39	  32.23225	  33.42483	  16.56032
40	  38.23719	  39.33537	  16.55547
41	  48.44760	  49.31515	  16.68438
42	  65.23735	  66.10811	  16.59100
43	  94.04715	  94.55159	  16.89397
44	 142.36463	 142.99037	  16.74767
45	 225.58939	 225.47068	  17.51463
46	 363.85443	 364.59103	  16.73219
47	 592.58469	 594.27465	  15.90213
48	 961.93435	 959.44355	  20.24741
49	1508.30879	1507.04596	  19.21521
50	1473.47918	1472.66534	  18.11755
51	 794.71916	 797.13783	  14.84169
52	 436.70342	 438.10954	  15.83033
53	 247.06622	 247.41938	  16.88462
54	 145.03113	 145.89552	  16.40298
55	  90.80610	  91.32037	  16.80969
56	  60.74175	  61.51177	  16.63397
57	  44.00868	  44.89850	  16.60881
58	  34.48881	  35.47738	  16.60956
59	  29.06097	  30.14993	  16.60193
60	  26.13105	  27.31234	  16.58460
61	  24.92524	  26.15087	  16.58783
62	  25.09314	  26.30416	  16.61616
63	  26.53352	  27.73000	  16.60872
64	  29.55143	  30.69744	  16.60342
65	  34.78184	  35.87361	  16.57542
66	  43.54216	  44.54498	  16.56513
67	  58.29940	  59.02254	  16.74307
68	  82.56040	  83.33124	  16.60521
69	 124.08492	 124.37559	  17.02202
70	 193.06928	 193.64666	  16.71031
71	 309.97022	 309.47033	  17.81008
72	 498.18007	 498.96675	  16.59640
73	 795.55481	 797.71646	  15.34473
74	1245.16632	1242.44280	  20.39441
75	1851.62683	1851.55932	  17.93417
76	1209.00755	1201.83589	  24.39591
77	 663.44477	 662.42205	  18.19310
78	 369.59006	 370.48818	  16.22892
79	 211.80964	 212.48196	  16.43082
80	 126.58661	 126.86347	  16.82759
81	  79.54921	  80.13258	  16.55068
82	  53.81415	  54.27123	  16.73356
83	  39.06058	  39.71038	  16.62087
84	  30.63650	  31.39623	  16.60558
85	  25.80341	  26.67061	  16.59761
86	  23.18190	  24.14198	  16.59748
87	  22.03511	  23.08877	  16.57891
88	  22.08139	  23.17796	  16.58357
89	  23.26101	  24.34558	  16.60930
90	  25.71164	  26.78086	  16.60266
91	  29.97249	  30.99123	  16.59737
92	  36.98104	  37.95397	  16.56094
93	  48.52302	  49.41544	  16.54219
94	  67.83319	  68.39486	  16.77122
95	  99.32241	  99.97554	  16.58960
96	 152.43705	 152.50803	  17.10839
97	 238.50980	 239.05817	  16.60600
98	 379.50092	 378.63807	  18.03973
99	 594.92037	 595.59590	  16.57423
100	 912.51732	 914.55095	  15.33943
101	1350.15301	1347.17627	  20.51431
102	1871.05862	1871.19902	  17.59294
103	1679.17136	1673.91837	  22.40727
104	 917.67895	 916.06296	  18.72295
105	 519.09267	 516.93586	  19.20883
106	 295.95045	 295.92563	  17.02296
107	 172.59147	 173.26943	  16.27684
108	 104.71699	 105.22999	  16.41790
109	  67.00863	  67.30180	  16.63904
110	  45.51067	  45.94037	  16.53210
111	  33.37202	  33.74095	  16.64946
112	  26.19616	  26.70411	  16.59048
113	  22.07736	  22.67730	  16.59313
114	  19.80034	  20.50573	  16.58719
115	  18.79119	  19.58067	  16.59585
116	  18.72510	  19.60525	  16.58018
117	  19.57884	  20.49877	  16.58798
118	  21.46561	  22.37240	  16.61483
119	  24.67972	  25.56819	  16.61117
120	  29.92645	  30.76112	  16.60919
121	  38.35059	  39.14249	  16.56973
122	  52.03045	  52.74466	  16.54816
123	  74.60720	  74.94016	  16.82769
124	 110.69060	 111.13144	  16.62966
125	 169.81211	 169.61039	  17.20885
126	 261.71009	 262.13582	  16.55641
127	 404.57343	 403.42031	  18.15777
128	 607.37206	 607.81317	  16.63642
129	 880.10062	 881.69213	  15.60932
130	1213.69883	1211.42513	  19.63903
131	1551.72048	1552.74407	  16.53752
132	1837.93980	1833.39267	  22.32012
133	1978.15940	1975.88463	  20.25462
134	1939.08074	1935.71362	  21.53096
135	1733.98957	1725.93815	  26.36155
136	1410.59170	1410.09086	  18.90394
137	1186.72020	1189.12756	  14.58592
138	 662.89778	 661.19824	  18.66123
139	 383.85993	 383.53908	  17.23521
140	 226.58096	 225.86632	  17.57406
141	 135.61607	 135.68018	  16.74143
142	  83.84849	  84.18033	  16.43036
143	  54.46966	  54.71442	  16.49356
144	  37.59474	  37.73782	  16.59654
145	  27.64598	  27.86753	  16.54766
146	  21.89214	  22.09437	  16.62357
147	  18.43576	  18.75709	  16.58451
148	  16.53092	  16.93892	  16.59247
149	  15.62497	  16.14018	  16.58476
150	  15.51101	  16.10744	  16.59630
151	  16.06279	  16.74870	  16.58183
152	  17.38814	  18.11284	  16.59061
153	  19.69218	  20.40354	  16.61768
154	  23.34734	  24.03884	  16.61555
155	  29.12545	  29.76115	  16.61557
156	  38.21655	  38.81128	  16.57430
157	  52.68767	  53.20905	  16.54841
158	  76.00701	  76.12633	  16.84874
159	 112.05899	 112.28606	  16.65083
160	 168.61291	 168.23548	  17.19196
161	 251.60348	 251.92528	  16.46774
162	 372.05304	 370.90441	  17.96069
163	 527.97586	 528.24390	  16.61689
164	 715.56522	 716.61602	  15.95743
165	 914.21400	 912.87650	  18.51024
166	1077.49495	1078.77308	  16.09039
167	1175.40395	1172.49870	  20.48565
168	1167.26777	1166.72043	  18.33459
169	1064.39118	1063.46807	  18.89436
170	 895.61028	 892.58474	  21.14307
171	 695.54416	 696.49065	  17.26401
172	 812.87175	 811.17207	  18.50512
173	 456.63588	 457.66907	  15.76109
174	 274.13344	 273.65893	  17.23721
175	 166.51179	 166.50790	  16.71926
176	 103.36355	 103.10478	  16.91920
177	  65.64073	  65.65264	  16.59464
178	  43.45792	  43.54681	  16.47432
179	  30.43028	  30.46156	  16.50804
180	  22.69346	  22.67773	  16.55636
181	  18.00943	  18.04541	  16.53424
182	  15.29171	  15.32823	  16.59029
183	  13.68031	  13.82591	  16.56125
184	  12.91264	  13.14220	  16.57192
185	  12.72566	  13.06348	  16.56317
186	  13.08035	  13.49834	  16.57575
187	  13.94409	  14.45035	  16.56248
188	  15.48064	  16.02539	  16.57157
189	  17.92436	  18.45659	  16.59781
190	  21.65159	  22.16337	  16.59628
191	  27.39002	  27.84481	  16.59750
192	  36.19721	  36.60905	  16.55821
193	  49.81834	  50.15772	  16.53141
194	  71.02057	  70.96850	  16.82115
195	 102.33634	 102.36465	  16.65059
196	 148.76918	 148.29730	  17.08743
197	 212.24453	 212.40878	  16.42630
198	 297.15492	 296.14229	  17.62569
199	 395.88963	 395.94456	  16.63101
200	 500.38296	 500.87376	  16.31844
201	 593.31498	 592.62863	  17.66010
202	 649.14500	 650.19593	  16.11859
203	 659.89148	 658.43052	  18.84236
204	 614.77922	 615.06313	  17.30434
205	 531.85004	 532.11270	  17.50959
206	 430.23065	 429.67716	  18.47203
207	 326.10854	 327.46939	  16.65066
208	 307.41440	 306.87346	  17.15673
209	 189.11826	 189.55876	  16.16413
210	 119.86763	 119.65334	  16.78735
211	  76.83209	  76.74917	  16.60865
212	  50.67018	  50.42317	  16.71780
213	  34.48309	  34.31900	  16.58100
214	  24.64161	  24.47616	  16.53902
215	  18.66969	  18.46141	  16.55795
216	  15.02684	  14.79937	  16.57845
217	  12.79954	  12.61231	  16.56782
218	  11.55345	  11.37748	  16.61315
219	  10.86365	  10.79180	  16.58906
220	  10.67067	  10.68161	  16.60091
221	  10.83992	  10.95973	  16.59154
222	  11.40666	  11.60672	  16.60404
223	  12.37675	  12.66410	  16.59176
224	  13.92326	  14.24939	  16.60055
225	  16.26263	  16.57894	  16.62409
226	  19.71661	  20.01404	  16.62099
227	  24.88101	  25.12389	  16.61976
228	  32.55655	  32.75630	  16.58065
229	  43.98518	  44.11892	  16.54741
230	  61.00252	  60.79850	  16.78345
231	  84.76314	  84.62212	  16.63029
232	 117.73228	 117.25945	  16.89874
233	 159.30947	 159.37231	  16.33806
234	 210.12964	 209.43989	  17.11317
235	 262.56540	 262.65509	  16.40660
236	 310.50860	 310.88051	  16.24768
237	 344.37517	 344.33871	  16.82057
238	 354.02912	 355.03314	  15.97586
239	 340.61804	 340.32892	  17.48088
240	 303.29672	 304.03522	  16.66012
241	 253.93541	 254.72260	  16.79542
242	 201.53130	 202.00254	  17.25767
243	 152.10016	 153.43880	  16.48323
244	 128.99235	 128.42226	  17.01956
245	  84.55594	  84.48037	  16.51388
246	  56.77867	  56.45068	  16.73472
247	  38.78535	  38.51678	  16.62796
248	  27.44834	  27.09612	  16.65668
249	  20.18201	  19.85537	  16.57722
250	  15.63858	  15.28560	  16.56022
251	  12.81238	  12.42832	  16.56740
252	  11.06580	  10.67946	  16.57100
253	  10.01799	   9.66824	  16.56400
254	   9.49607	   9.16480	  16.60211
255	   9.26354	   9.03454	  16.57988
256	   9.34735	   9.20123	  16.59163
257	   9.66977	   9.63313	  16.58166
258	  10.29480	  10.33917	  16.59340
259	  11.23736	  11.36807	  16.58206
260	  12.65337	  12.82283	  16.59088
261	  14.71359	  14.87592	  16.61173
262	  17.65504	  17.79869	  16.60843
263	  21.90508	  21.99372	  16.60768
264	  27.97943	  28.01597	  16.57752
265	  36.62161	  36.58296	  16.55348
266	  48.84287	  48.51084	  16.74513
267	  64.85441	  64.52764	  16.64971
268	  85.51643	  84.94760	  16.82841
269	 109.41572	 109.17270	  16.47760
270	 135.97975	 135.24053	  16.99631
271	 160.00468	 159.70300	  16.63164
272	 178.42780	 178.24205	  16.63901
273	 187.23695	 186.94378	  16.91094
274	 183.49882	 183.80074	  16.51164
275	 169.85817	 169.62211	  17.26150
276	 147.19436	 147.59531	  16.83133
277	 121.45526	 122.02301	  16.84854
278	  96.26307	  96.81765	  17.00799
279	  73.57909	  74.61853	  16.61610
280	  59.39763	  59.02738	  16.68872
281	  41.58000	  41.39534	  16.49198
282	  29.93405	  29.58003	  16.62976
283	  22.07807	  21.71199	  16.59449
284	  16.94845	  16.51217	  16.60975
285	  13.55659	  13.10648	  16.56970
286	  11.40259	  10.90610	  16.57275
287	  10.04865	   9.52171	  16.57930
288	   9.21869	   8.69553	  16.57683
289	   8.75481	   8.26480	  16.57327
290	   8.59234	   8.12415	  16.60804
291	   8.58064	   8.21297	  16.58756
292	   8.78328	   8.49827	  16.59953
293	   9.14686	   8.97124	  16.58965
294	   9.74214	   9.64824	  16.60069
295	  10.57879	  10.57041	  16.59016
296	  11.78436	  11.81492	  16.59879
297	  13.47483	  13.50212	  16.61580
298	  15.80028	  15.81086	  16.61052
299	  19.03061	  18.98900	  16.60693
300	  23.44386	  23.34613	  16.58081
301	  29.40834	  29.23371	  16.55846
302	  37.37871	  36.96912	  16.69170
303	  47.12547	  46.69445	  16.62296
304	  58.77856	  58.19825	  16.70889
305	  71.09213	  70.71379	  16.48193
306	  83.48168	  82.85050	  16.75728
307	  93.09918	  92.75752	  16.54063
308	  98.83829	  98.61148	  16.54909
309	  99.36546	  99.20998	  16.64228
310	  94.18680	  94.42882	  16.44054
311	  85.19478	  85.29250	  16.79673
312	  73.04884	  73.53888	  16.61126
313	  60.37095	  61.03077	  16.62548
314	  48.53876	  49.25794	  16.71241
315	  38.13691	  39.12275	  16.53871
316	  31.01032	  30.62017	  16.61768
317	  23.46034	  23.16768	  16.50903
318	  18.34976	  17.94495	  16.58960
319	  14.76042	  14.32873	  16.56915
320	  12.34072	  11.85705	  16.56619
321	  10.70808	  10.19858	  16.53815
322	   9.67983	   9.11820	  16.54694
323	   9.04224	   8.45268	  16.55096
324	   8.66778	   8.08685	  16.54366
325	   8.49567	   7.94691	  16.54107
326	   8.50692	   7.98281	  16.57302
327	   8.59167	   8.16746	  16.55315
328	   8.82806	   8.48698	  16.56466
329	   9.17208	   8.94063	  16.55452
330	   9.69170	   9.54313	  16.56440
331	  10.38630	  10.32306	  16.55408
332	  11.35471	  11.33092	  16.56220
333	  12.66343	  12.64036	  16.57520
334	  14.39249	  14.35479	  16.56784
335	  16.69377	  16.60662	  16.56152
336	  19.68734	  19.54024	  16.53923
337	  23.51755	  23.29015	  16.52029
338	  28.34333	  27.92560	  16.60890
339	  33.83468	  33.37182	  16.56386
340	  39.90689	  39.34240	  16.60213
341	  45.74795	  45.28885	  16.47174
342	  51.02749	  50.44893	  16.61371
343	  54.38381	  53.99308	  16.49877
344	  55.56230	  55.27850	  16.51512
345	  54.21104	  54.05349	  16.55339
346	  50.40909	  50.54490	  16.45581
347	  45.21071	  45.38643	  16.62778
348	  38.94250	  39.39388	  16.55897
349	  32.69942	  33.32990	  16.56387
350	  27.03169	  27.76337	  16.60896
351	  22.10335	  23.01996	  16.51699
352	  19.35802	  18.91637	  16.61969
353	  16.02704	  15.64340	  16.55053
354	  13.71990	  13.24779	  16.60742
355	  12.03675	  11.52904	  16.59569
356	  10.87526	  10.32353	  16.58478
357	  10.09171	   9.50649	  16.56438
358	   9.62417	   8.98272	  16.57727
359	   9.35116	   8.68216	  16.58092
360	   9.20916	   8.55100	  16.57140
361	   9.18249	   8.55542	  16.56990
362	   9.27196	   8.67105	  16.60034
363	   9.38827	   8.88646	  16.58127
364	   9.61461	   9.19597	  16.59273
365	   9.91000	   9.60064	  16.58295
366	  10.33669	  10.11062	  16.59241
367	  10.88395	  10.74236	  16.58295
368	  11.62733	  11.52453	  16.59173
369	  12.59599	  12.49596	  16.60268
370	  13.82301	  13.70818	  16.59550
371	  15.38585	  15.22123	  16.58951
372	  17.31830	  17.08729	  16.57366
373	  19.65640	  19.33724	  16.56256
374	  22.43333	  21.94931	  16.62570
375	  25.36563	  24.81351	  16.60364
376	  28.35651	  27.71885	  16.62582
377	  30.95204	  30.35379	  16.56141
378	  33.00915	  32.35957	  16.63525
379	  33.92554	  33.40710	  16.57699
380	  33.71837	  33.30848	  16.59174
381	  32.32671	  32.06716	  16.60591
382	  29.88084	  29.87440	  16.54858
383	  26.92864	  27.05564	  16.62702
384	  23.62241	  23.97842	  16.60485
385	  20.41062	  20.95683	  16.59866
386	  17.55215	  18.22340	  16.61990
387	  15.08894	  15.91253	  16.56053
388	  15.21425	  14.79890	  16.58338
389	  13.72510	  13.34368	  16.53830
390	  12.69493	  12.23292	  16.58730
391	  11.91728	  11.41290	  16.58234
392	  11.37584	  10.83035	  16.56851
393	  11.02496	  10.44065	  16.55346
394	  10.84924	  10.20564	  16.56941
395	  10.76689	  10.09526	  16.57353
396	  10.74325	  10.08347	  16.56299
397	  10.78503	  10.15539	  16.56245
398	  10.90162	  10.29915	  16.59187
399	  11.01474	  10.51086	  16.57331
400	  11.20865	  10.78830	  16.58443
401	  11.44307	  11.13202	  16.57463
402	  11.77456	  11.54770	  16.58320
403	  12.18467	  12.04237	  16.57363
404	  12.73254	  12.62945	  16.58199
405	  13.42250	  13.32517	  16.58995
406	  14.26061	  14.15016	  16.58109
407	  15.28352	  15.12553	  16.57287
408	  16.48605	  16.26042	  16.55827
409	  17.86241	  17.54727	  16.54853
410	  19.40438	  18.94650	  16.58954
411	  20.90631	  20.37267	  16.57514
412	  22.30602	  21.70079	  16.58337
413	  23.37014	  22.77504	  16.54824
414	  24.04641	  23.44319	  16.57887
415	  24.08149	  23.58575	  16.54427
416	  23.54663	  23.16490	  16.55356
417	  22.44913	  22.22657	  16.55890
418	  20.87687	  20.88600	  16.52299
419	  19.12150	  19.30229	  16.56320
420	  17.26548	  17.64700	  16.56933
421	  15.48675	  16.05722	  16.56438
422	  13.94049	  14.64130	  16.58033
423	  12.63353	  13.46644	  16.54119
424	  15.25290	  14.85698	  16.58625
425	  14.61195	  14.24047	  16.55066
426	  14.19586	  13.75011	  16.59335
427	  13.87194	  13.38194	  16.59027
428	  13.65103	  13.12313	  16.57323
429	  13.52913	  12.96044	  16.56015
430	  13.50855	  12.87966	  16.57701
431	  13.52533	  12.86868	  16.58086
432	  13.55835	  12.91470	  16.56917
433	  13.62622	  13.01231	  16.56902
434	  13.74196	  13.15615	  16.59752
435	  13.83368	  13.34613	  16.57930
436	  13.98532	  13.58151	  16.59019
437	  14.15669	  13.86199	  16.58058
438	  14.39997	  14.18985	  16.58876
439	  14.69175	  14.56590	  16.57949
440	  15.08097	  14.99408	  16.58810
441	  15.55727	  15.47766	  16.59455
442	  16.11355	  16.02112	  16.58539
443	  16.76711	  16.62756	  16.57674
444	  17.49936	  17.28991	  16.56439
445	  18.29367	  17.99185	  16.55751
446	  19.13393	  18.70076	  16.58714
447	  19.87825	  19.36218	  16.57987
448	  20.49424	  19.91016	  16.58453
449	  20.86499	  20.27261	  16.56783
450	  20.97139	  20.39066	  16.57868
451	  20.71140	  20.22436	  16.55787
452	  20.14922	  19.77866	  16.56470
453	  19.30160	  19.09364	  16.56660
454	  18.21953	  18.23427	  16.53968
455	  17.07470	  17.28082	  16.56019
456	  15.92664	  16.32213	  16.57767
457	  14.83834	  15.42456	  16.57093
458	  13.92653	  14.64807	  16.58190
459	  13.18747	  14.03334	  16.55054
460	  18.28460	  17.95944	  16.56013
461	  18.05952	  17.75399	  16.52934
462	  17.95771	  17.58176	  16.56818
463	  17.87487	  17.45378	  16.56600
464	  17.82814	  17.37124	  16.54686
465	  17.83189	  17.33307	  16.53491
466	  17.89489	  17.33529	  16.55235
467	  17.96151	  17.37424	  16.55613
468	  18.01731	  17.44380	  16.54367
469	  18.08781	  17.54366	  16.54391
470	  18.18750	  17.67208	  16.57176
471	  18.24862	  17.83118	  16.55383
472	  18.35452	  18.02104	  16.56450
473	  18.46525	  18.24072	  16.55505
474	  18.63004	  18.49044	  16.56288
475	  18.82282	  18.76735	  16.55375
476	  19.08682	  19.07018	  16.56248
477	  19.40377	  19.39563	  16.56771
478	  19.76142	  19.74079	  16.55822
479	  20.16922	  20.10188	  16.54916
480	  20.60632	  20.46783	  16.53806
481	  21.05655	  20.82403	  16.53285
482	  21.50563	  21.14883	  16.55540
483	  21.85402	  21.41040	  16.55206
484	  22.08640	  21.57638	  16.55510
485	  22.14311	  21.61532	  16.54787
486	  22.01343	  21.50781	  16.54822
487	  21.66108	  21.24225	  16.53430
488	  21.13432	  20.83356	  16.53953
489	  20.44823	  20.31140	  16.54011
490	  19.63279	  19.71406	  16.51779
491	  18.80402	  19.08605	  16.52891
492	  18.01570	  18.48096	  16.55254
493	  17.27898	  17.93545	  16.54531
494	  16.69482	  17.48882	  16.55408
495	  16.25567	  17.16950	  16.52722
496	  24.10626	  23.81579	  16.58164
497	  24.09956	  23.82435	  16.55522
498	  24.16952	  23.82483	  16.59312
499	  24.22251	  23.83093	  16.59268
500	  24.27484	  23.84785	  16.57315
501	  24.34926	  23.87889	  16.56265
502	  24.45664	  23.92451	  16.58107
503	  24.54543	  23.98519	  16.58528
504	  24.60469	  24.05845	  16.57259
505	  24.66447	  24.14702	  16.57340
506	  24.73983	  24.25145	  16.60091
507	  24.76608	  24.37537	  16.58329
508	  24.82618	  24.51953	  16.59386
509	  24.88072	  24.68281	  16.58462
510	  24.97722	  24.86443	  16.59226
511	  25.08849	  25.05969	  16.58328
512	  25.25497	  25.26482	  16.59220
513	  25.45448	  25.47361	  16.59664
514	  25.67366	  25.68044	  16.58701
515	  25.91947	  25.87974	  16.57775
516	  26.17267	  26.06093	  16.56751
517	  26.42028	  26.21339	  16.56342
518	  26.65122	  26.32424	  16.58178
519	  26.79150	  26.37537	  16.58077
520	  26.83385	  26.35194	  16.58319
521	  26.74598	  26.24124	  16.58102
522	  26.51698	  26.04005	  16.57572
523	  26.14026	  25.74655	  16.56538
524	  25.65152	  25.37689	  16.56959
525	  25.06374	  24.95360	  16.56961
526	  24.39622	  24.50178	  16.54969
527	  23.73844	  24.04960	  16.55599
528	  23.14395	  23.63488	  16.58306
529	  22.59860	  23.28084	  16.57575
530	  22.19603	  23.01684	  16.58347
531	  21.92686	  22.86480	  16.55930
532	  32.33013	  32.10892	  16.56725
533	  32.44291	  32.23584	  16.54195
534	  32.60975	  32.33525	  16.57781
535	  32.74060	  32.41936	  16.57722
536	  32.84890	  32.49365	  16.55628
537	  32.96121	  32.56263	  16.54574
538	  33.08889	  32.62862	  16.56409
539	  33.18234	  32.69426	  16.56799
540	  33.23269	  32.75932	  16.55460
541	  33.27323	  32.82855	  16.55551
542	  33.31927	  32.90423	  16.58245
543	  33.30864	  32.99124	  16.56485
544	  33.32421	  33.09110	  16.57519
545	  33.32735	  33.20288	  16.56605
546	  33.36472	  33.32554	  16.57352
547	  33.40895	  33.45363	  16.56466
548	  33.49930	  33.58245	  16.57376
549	  33.61189	  33.70482	  16.57771
550	  33.73393	  33.81449	  16.56809
551	  33.87210	  33.90611	  16.55887
552	  34.00950	  33.97078	  16.54936
553	  34.13621	  34.00141	  16.54620
554	  34.24346	  33.99085	  16.56228
555	  34.27215	  33.92874	  16.56292
556	  34.21816	  33.80898	  16.56532
557	  34.06233	  33.62737	  16.56611
558	  33.79141	  33.38727	  16.55780
559	  33.41298	  33.09013	  16.54940
560	  32.95452	  32.75147	  16.55289
561	  32.42782	  32.38969	  16.55247
562	  31.84676	  32.02335	  16.53353
563	  31.28751	  31.67275	  16.53677
564	  30.80469	  31.36816	  16.56539
565	  30.37072	  31.12602	  16.55756
566	  30.07548	  30.97041	  16.56421
567	  29.90847	  30.91942	  16.54117
568	  41.96219	  41.81122	  16.54143
569	  42.14596	  42.00781	  16.51745
570	  42.37170	  42.16686	  16.55256
571	  42.55009	  42.29798	  16.55250
572	  42.69128	  42.40556	  16.53118
573	  42.82354	  42.49399	  16.52112
574	  42.95811	  42.56635	  16.53999
575	  43.04635	  42.62655	  16.54413
576	  43.08083	  42.67592	  16.53056
577	  43.09751	  42.72083	  16.53192
578	  43.11193	  42.76511	  16.55865
579	  43.06420	  42.81485	  16.54121
580	  43.03745	  42.87246	  16.55149
581	  42.99400	  42.93748	  16.54252
582	  42.98019	  43.00902	  16.54993
583	  42.96895	  43.08155	  16.54116
584	  42.99924	  43.15018	  16.55039
585	  43.04653	  43.20765	  16.55394
586	  43.09911	  43.24794	  16.54424
587	  43.16412	  43.26647	  16.53495
588	  43.22669	  43.25598	  16.52577
589	  43.27911	  43.21187	  16.52306
590	  43.31395	  43.13053	  16.53751
591	  43.28083	  43.00575	  16.53900
592	  43.17645	  42.83574	  16.54126
593	  42.98819	  42.62015	  16.54361
594	  42.70033	  42.36501	  16.53339
595	  42.32777	  42.07274	  16.52599
596	  41.89276	  41.75806	  16.52896
597	  41.40656	  41.43696	  16.52837
598	  40.88005	  41.12456	  16.51002
599	  40.38216	  40.83707	  16.51151
600	  39.96871	  40.60079	  16.54120
601	  39.60431	  40.42840	  16.53319
602	  39.37667	  40.34092	  16.53931
603	  39.27460	  40.35406	  16.51707
604	  51.10499	  50.94408	  16.57733
605	  51.33370	  51.18453	  16.55444
606	  51.59689	  51.38149	  16.58907
607	  51.80482	  51.54182	  16.58935
608	  51.96453	  51.66833	  16.56761
609	  52.10495	  51.76483	  16.55765
610	  52.23715	  51.83460	  16.57674
611	  52.31300	  51.88247	  16.58082
612	  52.32633	  51.91111	  16.56682
613	  52.31560	  51.92845	  16.56835
614	  52.29668	  51.93982	  16.59464
615	  52.21190	  51.95261	  16.57711
616	  52.14491	  51.97020	  16.58717
617	  52.05902	  51.99277	  16.57821
618	  52.00057	  52.01983	  16.58546
619	  51.94297	  52.04601	  16.57668
620	  51.92524	  52.06659	  16.58594
621	  51.92263	  52.07452	  16.58913
622	  51.92456	  52.06426	  16.57934
623	  51.93872	  52.03200	  16.56998
624	  51.95171	  51.97171	  16.56101
625	  51.95729	  51.88047	  16.55860
626	  51.94866	  51.75668	  16.57203
627	  51.88059	  51.59636	  16.57411
628	  51.74965	  51.39982	  16.57635
629	  51.54657	  51.16840	  16.57970
630	  51.25352	  50.90919	  16.56837
631	  50.88940	  50.62472	  16.56160
632	  50.47307	  50.32901	  16.56428
633	  50.01550	  50.03654	  16.56368
634	  49.52570	  49.76046	  16.54574
635	  49.06841	  49.51463	  16.54617
636	  48.70042	  49.32305	  16.57661
637	  48.38147	  49.19619	  16.56852
638	  48.19801	  49.15320	  16.57433
639	  48.13845	  49.20832	  16.55262
640	  57.35182	  57.23130	  16.54002
641	  57.61113	  57.50156	  16.51792
642	  57.89958	  57.72408	  16.55226
643	  58.12650	  57.90304	  16.55291
644	  58.29603	  58.03956	  16.53097
645	  58.43721	  58.13665	  16.52118
646	  58.56105	  58.19766	  16.54067
647	  58.61970	  58.22825	  16.54483
648	  58.60834	  58.23246	  16.53057
649	  58.56792	  58.21987	  16.53235
650	  58.51484	  58.19741	  16.55831
651	  58.39362	  58.17386	  16.54067
652	  58.28864	  58.15367	  16.55052
653	  58.16419	  58.13770	  16.54155
654	  58.06671	  58.12588	  16.54864
655	  57.97008	  58.11312	  16.53977
656	  57.91350	  58.09490	  16.54898
657	  57.87216	  58.06446	  16.55180
658	  57.83637	  58.01667	  16.54183
659	  57.81428	  57.94831	  16.53232
660	  57.79350	  57.85422	  16.52339
661	  57.76867	  57.73247	  16.52107
662	  57.73317	  57.58262	  16.53368
663	  57.64495	  57.40185	  16.53608
664	  57.50003	  57.19143	  16.53821
665	  57.29093	  56.95342	  16.54212
666	  56.99807	  56.69521	  16.52999
667	  56.64269	  56.41915	  16.52354
668	  56.24130	  56.13863	  16.52598
669	  55.80470	  55.86712	  16.52540
670	  55.34058	  55.61650	  16.50768
671	  54.91109	  55.39916	  16.50740
672	  54.57376	  55.23770	  16.53839
673	  54.28517	  55.14123	  16.53027
674	  54.13104	  55.12776	  16.53589
675	  54.09962	  55.21063	  16.51456
676	  59.60582	  59.43065	  16.57456
677	  59.88776	  59.72302	  16.55299
678	  60.19418	  59.96393	  16.58691
679	  60.43329	  60.15500	  16.58762
680	  60.60648	  60.29564	  16.56523
681	  60.74274	  60.38798	  16.55527
682	  60.85325	  60.43547	  16.57495
683	  60.89047	  60.44476	  16.57899
684	  60.85124	  60.42145	  16.56437
685	  60.77915	  60.37699	  16.56634
686	  60.69133	  60.32010	  16.59200
687	  60.53450	  60.26101	  16.57430
688	  60.39388	  60.20522	  16.58410
689	  60.23455	  60.15425	  16.57524
690	  60.10308	  60.10840	  16.58237
691	  59.97367	  60.06278	  16.57359
692	  59.88567	  60.01301	  16.58293
693	  59.81415	  59.95252	  16.58564
694	  59.75010	  59.87644	  16.57568
695	  59.70196	  59.78197	  16.56624
696	  59.65794	  59.66445	  16.55750
697	  59.61318	  59.52253	  16.55540
698	  59.56098	  59.35641	  16.56760
699	  59.46130	  59.16378	  16.57038
700	  59.30943	  58.94637	  16.57257
701	  59.09890	  58.70642	  16.57698
702	  58.80869	  58.45132	  16.56439
703	  58.46142	  58.18309	  16.55823
704	  58.07191	  57.91457	  16.56054
705	  57.65083	  57.65849	  16.56004
706	  57.20489	  57.42587	  16.54249
707	  56.79453	  57.22815	  16.54175
708	  56.47794	  57.08701	  16.57315
709	  56.20955	  57.01072	  16.56504
710	  56.07470	  57.01665	  16.57055
711	  56.06171	  57.11766	  16.54952
712	  58.34877	  58.15664	  16.55191
713	  58.64907	  58.46696	  16.53073
714	  58.96932	  58.72203	  16.56433
715	  59.21643	  58.92091	  16.56523
716	  59.38915	  59.06131	  16.54262
717	  59.51632	  59.14454	  16.53268
718	  59.60960	  59.17431	  16.55284
719	  59.62191	  59.15859	  16.55697
720	  59.55212	  59.10491	  16.54218
721	  59.44673	  59.02686	  16.54443
722	  59.32381	  58.93511	  16.56984
723	  59.13226	  58.84140	  16.55205
724	  58.95812	  58.75220	  16.56174
725	  58.76714	  58.66954	  16.55292
726	  58.60589	  58.59397	  16.56000
727	  58.44873	  58.52061	  16.55120
728	  58.33500	  58.44511	  16.56054
729	  58.23960	  58.36093	  16.56305
730	  58.15394	  58.26333	  16.55301
731	  58.08659	  58.14969	  16.54352
732	  58.02610	  58.01565	  16.53482
733	  57.96782	  57.86014	  16.53281
734	  57.90484	  57.68365	  16.54460
735	  57.79845	  57.48411	  16.54759
736	  57.64317	  57.26333	  16.54972
737	  57.43307	  57.02355	  16.55440
738	  57.14597	  56.77197	  16.54140
739	  56.80535	  56.51026	  16.53536
740	  56.42471	  56.25080	  16.53748
741	  56.01465	  56.00575	  16.53699
742	  55.58111	  55.78550	  16.51947
743	  55.18342	  55.60086	  16.51831
744	  54.88030	  55.47296	  16.54994
745	  54.62475	  55.40959	  16.54175
746	  54.50196	  55.42778	  16.54707
747	  54.50051	  55.54023	  16.52613
748	  55.58716	  55.33025	  16.56317
749	  55.90374	  55.65635	  16.54251
750	  56.23522	  55.92290	  16.57585
751	  56.48703	  56.12638	  16.57685
752	  56.65536	  56.26275	  16.55387
753	  56.76904	  56.33268	  16.54374
754	  56.84076	  56.34054	  16.56426
755	  56.82426	  56.29606	  16.56834
756	  56.72103	  56.20919	  16.55330
757	  56.58075	  56.09597	  16.55583
758	  56.42259	  55.96918	  16.58105
759	  56.19756	  55.84197	  16.56326
760	  55.99236	  55.72165	  16.57302
761	  55.77313	  55.61054	  16.56440
762	  55.58622	  55.50918	  16.57161
763	  55.40595	  55.41255	  16.56297
764	  55.27148	  55.31614	  16.57248
765	  55.15741	  55.21327	  16.57500
766	  55.05538	  55.09921	  16.56505
767	  54.97394	  54.97136	  16.55570
768	  54.90180	  54.82547	  16.54720
769	  54.83436	  54.66058	  16.54541
770	  54.76440	  54.47727	  16.55703
771	  54.65413	  54.27352	  16.56034
772	  54.49729	  54.05110	  16.56256
773	  54.28830	  53.81209	  16.56758
774	  54.00397	  53.56347	  16.55438
775	  53.66834	  53.30656	  16.54855
776	  53.29392	  53.05335	  16.55063
777	  52.89121	  52.81556	  16.55023
778	  52.46562	  52.60316	  16.53281
779	  52.07573	  52.42655	  16.53141
780	  51.78075	  52.30657	  16.56326
781	  51.53276	  52.25077	  16.55508
782	  51.41698	  52.27608	  16.56028
783	  51.42236	  52.39525	  16.53945
784	  53.24070	  52.92533	  16.56426
785	  53.57240	  53.26611	  16.54402
786	  53.91306	  53.54215	  16.57705
787	  54.16653	  53.74726	  16.57810
788	  54.32646	  53.87568	  16.55465
789	  54.42203	  53.92781	  16.54422
790	  54.46758	  53.90919	  16.56505
791	  54.41819	  53.83201	  16.56894
792	  54.27857	  53.70913	  16.55351
793	  54.10188	  53.55942	  16.55613
794	  53.90846	  53.39774	  16.58097
795	  53.65124	  53.23852	  16.56301
796	  53.41730	  53.08959	  16.57264
797	  53.17286	  52.95327	  16.56402
798	  52.96383	  52.82985	  16.57116
799	  52.76420	  52.71392	  16.56247
800	  52.61283	  52.60065	  16.57194
801	  52.48388	  52.48311	  16.57425
802	  52.36908	  52.35641	  16.56417
803	  52.27688	  52.21791	  16.55471
804	  52.19601	  52.06332	  16.54618
805	  52.12179	  51.89170	  16.54434
806	  52.04668	  51.70361	  16.55559
807	  51.93358	  51.49697	  16.55897
808	  51.77546	  51.27342	  16.56103
809	  51.56699	  51.03486	  16.56612
810	  51.28410	  50.78803	  16.55257
811	  50.95131	  50.53395	  16.54674
812	  50.58025	  50.28430	  16.54863
813	  50.18144	  50.05047	  16.54816
814	  49.75993	  49.84219	  16.53071
815	  49.37377	  49.66959	  16.52903
816	  49.08273	  49.55342	  16.56101
817	  48.83828	  49.50119	  16.55279
818	  48.72580	  49.52992	  16.55787
819	  48.73478	  49.65256	  16.53718
820	  52.49650	  52.14840	  16.54491
821	  52.84279	  52.50313	  16.52532
822	  53.19095	  52.78665	  16.55836
823	  53.44310	  52.98999	  16.55984
824	  53.59045	  53.10589	  16.53636
825	  53.66310	  53.13497	  16.52605
826	  53.67786	  53.08480	  16.54765
827	  53.59179	  52.97078	  16.55169
828	  53.41343	  52.80931	  16.53611
829	  53.19959	  52.62224	  16.53895
830	  52.97171	  52.42638	  16.56351
831	  52.68433	  52.23713	  16.54542
832	  52.42451	  52.06245	  16.55491
833	  52.15822	  51.90430	  16.54627
834	  51.93063	  51.76241	  16.55333
835	  51.71525	  51.63078	  16.54459
836	  51.55047	  51.50412	  16.55403
837	  51.40994	  51.37515	  16.55620
838	  51.28539	  51.23874	  16.54608
839	  51.18508	  51.09210	  16.53663
840	  51.09771	  50.93091	  16.52821
841	  51.01844	  50.75412	  16.52648
842	  50.93942	  50.56224	  16.53761
843	  50.82408	  50.35310	  16.54125
844	  50.66466	  50.12818	  16.54339
845	  50.45605	  49.88919	  16.54877
846	  50.17341	  49.64267	  16.53517
847	  49.84166	  49.38936	  16.52960
848	  49.47172	  49.14075	  16.53158
849	  49.07415	  48.90800	  16.53126
850	  48.65381	  48.70070	  16.51400
851	  48.26843	  48.52892	  16.51228
852	  47.97833	  48.41343	  16.54453
853	  47.73465	  48.36187	  16.53641
854	  47.62301	  48.39147	  16.54145
855	  47.63353	  48.51552	  16.52089
856	  53.77789	  53.36834	  16.56913
857	  54.13745	  53.73607	  16.54979
858	  54.49000	  54.02445	  16.58239
859	  54.73599	  54.22166	  16.58385
860	  54.86462	  54.31935	  16.55985
861	  54.90787	  54.31923	  16.54933
862	  54.88616	  54.23197	  16.57155
863	  54.75932	  54.07708	  16.57569
864	  54.54023	  53.87497	  16.56003
865	  54.28929	  53.65043	  16.56322
866	  54.02871	  53.42194	  16.58772
867	  53.71411	  53.20531	  16.56978
868	  53.43195	  53.00817	  16.57940
869	  53.14754	  52.83172	  16.57094
870	  52.90508	  52.67485	  16.57810
871	  52.67739	  52.53082	  16.56945
872	  52.50228	  52.39376	  16.57897
873	  52.35285	  52.25596	  16.58106
874	  52.22077	  52.11204	  16.57093
875	  52.11410	  51.95904	  16.56149
876	  52.02148	  51.79252	  16.55314
877	  51.93788	  51.61137	  16.55145
878	  51.85518	  51.41601	  16.56237
879	  51.73726	  51.20415	  16.56615
880	  51.57567	  50.97714	  16.56821
881	  51.36555	  50.73653	  16.57371
882	  51.08136	  50.48866	  16.55989
883	  50.74847	  50.23413	  16.55442
884	  50.37718	  49.98425	  16.55631
885	  49.97818	  49.75009	  16.55597
886	  49.55630	  49.54123	  16.53873
887	  49.16909	  49.36778	  16.53686
888	  48.87751	  49.25067	  16.56924
889	  48.63253	  49.19779	  16.56114
890	  48.52011	  49.22671	  16.56608
891	  48.53113	  49.35111	  16.54567
892	  56.62223	  56.21549	  16.55193
893	  56.99373	  56.59452	  16.53324
894	  57.34723	  56.88391	  16.56577
895	  57.58164	  57.06917	  16.56759
896	  57.68475	  57.14164	  16.54329
897	  57.69173	  57.10536	  16.53267
898	  57.62787	  56.97532	  16.55552
899	  57.45659	  56.77607	  16.55959
900	  57.19541	  56.53222	  16.54358
901	  56.90805	  56.27125	  16.54678
902	  56.61703	  56.01267	  16.57092
903	  56.27838	  55.77208	  16.55290
904	  55.97736	  55.55621	  16.56239
905	  55.67833	  55.36513	  16.55394
906	  55.42424	  55.19668	  16.56105
907	  55.18712	  55.04323	  16.55239
908	  55.00414	  54.89830	  16.56191
909	  54.84782	  54.75374	  16.56388
910	  54.70981	  54.60390	  16.55371
911	  54.59788	  54.44568	  16.54424
912	  54.50071	  54.27454	  16.53595
913	  54.41301	  54.08929	  16.53427
914	  54.32643	  53.89027	  16.54498
915	  54.20529	  53.67510	  16.54886
916	  54.04049	  53.44501	  16.55078
917	  53.82745	  53.20141	  16.55633
918	  53.54001	  52.95057	  16.54226
919	  53.20406	  52.69294	  16.53681
920	  52.82932	  52.43977	  16.53854
921	  52.42670	  52.20216	  16.53804
922	  52.00118	  51.98975	  16.52071
923	  51.61019	  51.81280	  16.51855
924	  51.31542	  51.69255	  16.55088
925	  51.06784	  51.63721	  16.54264
926	  50.95379	  51.66479	  16.54730
927	  50.96499	  51.78940	  16.52685
928	  59.84591	  59.47915	  16.52540
929	  60.22589	  59.86641	  16.50696
930	  60.57432	  60.15122	  16.53899
931	  60.78916	  60.31696	  16.54077
932	  60.85805	  60.35589	  16.51579
933	  60.82107	  60.27597	  16.50485
934	  60.70978	  60.09792	  16.52827
935	  60.49178	  59.85195	  16.53235
936	  60.18906	  59.56675	  16.51614
937	  59.86791	  59.27181	  16.51952
938	  59.55035	  58.98682	  16.54354
939	  59.19206	  58.72642	  16.52568
940	  58.87643	  58.49592	  16.53519
941	  58.56661	  58.29395	  16.52684
942	  58.30413	  58.11712	  16.53395
943	  58.06024	  57.95690	  16.52528
944	  57.87146	  57.80617	  16.53480
945	  57.70979	  57.65643	  16.53660
946	  57.56688	  57.50178	  16.52635
947	  57.45032	  57.33899	  16.51680
948	  57.34878	  57.16348	  16.50853
949	  57.25680	  56.97398	  16.50681
950	  57.16581	  56.77080	  16.51727
951	  57.04061	  56.55149	  16.52122
952	  56.87147	  56.31721	  16.52301
953	  56.65419	  56.06929	  16.52865
954	  56.36203	  55.81392	  16.51436
955	  56.02146	  55.55155	  16.50904
956	  55.64173	  55.29344	  16.51072
957	  55.23404	  55.05078	  16.51021
958	  54.80364	  54.83339	  16.49297
959	  54.40793	  54.65181	  16.49072
960	  54.10944	  54.52764	  16.52325
961	  53.85920	  54.46952	  16.51513
962	  53.74396	  54.49593	  16.51977
963	  53.75636	  54.62145	  16.49961
964	  61.49737	  61.18225	  16.51643
965	  61.88127	  61.57270	  16.49873
966	  62.21738	  61.84517	  16.53078
967	  62.40372	  61.98197	  16.53299
968	  62.42937	  61.97808	  16.50760
969	  62.34134	  61.84731	  16.49646
970	  62.17857	  61.61730	  16.52037
971	  61.91313	  61.32410	  16.52421
972	  61.57084	  60.99987	  16.50747
973	  61.21955	  60.67502	  16.51063
974	  60.87997	  60.36842	  16.53423
975	  60.50661	  60.09300	  16.51633
976	  60.18048	  59.85219	  16.52565
977	  59.86339	  59.64296	  16.51729
978	  59.59541	  59.46068	  16.52434
979	  59.34699	  59.29593	  16.51568
980	  59.15413	  59.14107	  16.52525
981	  58.98833	  58.98726	  16.52699
982	  58.84134	  58.82846	  16.51681
983	  58.72056	  58.66137	  16.50735
984	  58.61477	  58.48140	  16.49929
985	  58.51829	  58.28725	  16.49771
986	  58.42241	  58.07923	  16.50813
987	  58.29241	  57.85485	  16.51234
988	  58.11801	  57.61526	  16.51417
989	  57.89541	  57.36175	  16.52008
990	  57.59735	  57.10054	  16.50574
991	  57.25097	  56.83209	  16.50069
992	  56.86513	  56.56779	  16.50245
993	  56.45135	  56.31900	  16.50197
994	  56.01529	  56.09583	  16.48486
995	  55.61440	  55.90917	  16.48251
996	  55.31210	  55.78106	  16.51517
997	  55.05956	  55.72061	  16.50708
998	  54.94397	  55.74683	  16.51156
999	  54.95890	  55.87475	  16.49153
1000	  59.66266	  59.38574	  16.54878
1001	  60.04242	  59.77183	  16.53129
1002	  60.35561	  60.02185	  16.56288
1003	  60.50218	  60.11880	  16.56517
1004	  60.47502	  60.06270	  16.53916
1005	  60.33007	  59.87513	  16.52791
1006	  60.11430	  59.59142	  16.55252
1007	  59.80381	  59.25298	  16.55656
1008	  59.42689	  58.89419	  16.53974
1009	  59.05152	  58.54505	  16.54311
1010	  58.69607	  58.22254	  16.56675
1011	  58.31322	  57.93724	  16.54925
1012	  57.98116	  57.69041	  16.55866
1013	  57.66040	  57.47731	  16.55049
1014	  57.38957	  57.29211	  16.55762
1015	  57.13852	  57.12465	  16.54904
1016	  56.94280	  56.96685	  16.55868
1017	  56.77357	  56.80968	  16.56035
1018	  56.62275	  56.64703	  16.55020
1019	  56.49763	  56.47561	  16.54073
1020	  56.38716	  56.29084	  16.53278
1021	  56.28548	  56.09148	  16.53121
1022	  56.18380	  55.87787	  16.54142
1023	  56.04792	  55.64753	  16.54572
1024	  55.86707	  55.40161	  16.54743
1025	  55.63792	  55.14147	  16.55342
1026	  55.33272	  54.87337	  16.53883
1027	  54.97945	  54.59791	  16.53389
1028	  54.58654	  54.32666	  16.53554
1029	  54.16601	  54.07123	  16.53494
1030	  53.72402	  53.84213	  16.51784
1031	  53.31806	  53.65063	  16.51526
1032	  53.01262	  53.51931	  16.54800
1033	  52.75899	  53.45778	  16.53988
1034	  52.64476	  53.48555	  16.54417
1035	  52.66447	  53.61809	  16.52431
1036	  53.61830	  53.45492	  16.52693
1037	  53.98353	  53.82632	  16.50961
1038	  54.26152	  54.04169	  16.54064
1039	  54.35659	  54.08726	  16.54283
1040	  54.26801	  53.97071	  16.51585
1041	  54.06233	  53.72290	  16.50410
1042	  53.79438	  53.38680	  16.52891
1043	  53.44319	  53.00790	  16.53272
1044	  53.03775	  52.62109	  16.51541
1045	  52.64473	  52.25450	  16.51857
1046	  52.27935	  51.92231	  16.54196
1047	  51.89196	  51.63229	  16.52464
1048	  51.55771	  51.38345	  16.53387
1049	  51.23598	  51.16942	  16.52567
1050	  50.96415	  50.98335	  16.53266
1051	  50.71157	  50.81449	  16.52395
1052	  50.51359	  50.65452	  16.53350
1053	  50.34109	  50.49433	  16.53492
1054	  50.18629	  50.32784	  16.52462
1055	  50.05641	  50.15182	  16.51500
1056	  49.94067	  49.96181	  16.50701
1057	  49.83304	  49.75663	  16.50532
1058	  49.72472	  49.53669	  16.51522
1059	  49.58205	  49.29959	  16.51949
1060	  49.39386	  49.04654	  16.52098
1061	  49.15732	  48.77899	  16.52700
1062	  48.84427	  48.50334	  16.51210
1063	  48.48360	  48.22039	  16.50726
1064	  48.08340	  47.94195	  16.50881
1065	  47.65624	  47.68000	  16.50810
1066	  47.20889	  47.44546	  16.49107
1067	  46.79889	  47.25011	  16.48830
1068	  46.49189	  47.11705	  16.52122
1069	  46.23926	  47.05642	  16.51321
1070	  46.12898	  47.08819	  16.51745
1071	  46.15650	  47.22817	  16.49796
1072	  44.68947	  44.59388	  16.56475
1073	  45.02800	  44.93761	  16.54840
1074	  45.25847	  45.10491	  16.57999
1075	  45.29253	  45.08839	  16.58324
1076	  45.13805	  44.90583	  16.55638
1077	  44.87277	  44.59801	  16.54503
1078	  44.55797	  44.21441	  16.57050
1079	  44.17391	  43.80256	  16.57439
1080	  43.74827	  43.39593	  16.55670
1081	  43.34514	  43.01946	  16.55962
1082	  42.97609	  42.68387	  16.58275
1083	  42.58898	  42.39395	  16.56559
1084	  42.25598	  42.14656	  16.57462
1085	  41.93568	  41.93395	  16.56643
1086	  41.66440	  41.74850	  16.57337
1087	  41.41129	  41.57909	  16.56467
1088	  41.21161	  41.41733	  16.57432
1089	  41.03609	  41.25414	  16.57571
1090	  40.87737	  41.08360	  16.56555
1091	  40.74264	  40.90261	  16.55604
1092	  40.62143	  40.70686	  16.54833
1093	  40.50757	  40.49529	  16.54680
1094	  40.39231	  40.26842	  16.55668
1095	  40.24254	  40.02397	  16.56120
1096	  40.04673	  39.76327	  16.56273
1097	  39.80266	  39.48791	  16.56901
1098	  39.48173	  39.20451	  16.55400
1099	  39.11385	  38.91410	  16.54941
1100	  38.70683	  38.62885	  16.55095
1101	  38.27385	  38.36114	  16.55018
1102	  37.82231	  38.12239	  16.53317
1103	  37.40984	  37.92488	  16.53009
1104	  37.10328	  37.79227	  16.56298
1105	  36.85401	  37.73519	  16.55480
1106	  36.75034	  37.77399	  16.55862
1107	  36.78853	  37.92471	  16.53905
1108	  34.98027	  35.01472	  16.54207
1109	  35.27604	  35.31598	  16.52544
1110	  35.44496	  35.42214	  16.55661
1111	  35.40929	  35.33550	  16.56025
1112	  35.18730	  35.08555	  16.53328
1113	  34.86712	  34.72230	  16.52246
1114	  34.51407	  34.29955	  16.54882
1115	  34.10734	  33.86442	  16.55333
1116	  33.67121	  33.44710	  16.53582
1117	  33.26606	  33.06837	  16.53900
1118	  32.89966	  32.73519	  16.56237
1119	  32.51735	  32.44949	  16.54580
1120	  32.18857	  32.20628	  16.55487
1121	  31.87154	  31.99677	  16.54684
1122	  31.60184	  31.81284	  16.55383
1123	  31.34861	  31.64327	  16.54517
1124	  31.14727	  31.47975	  16.55492
1125	  30.96854	  31.31339	  16.55628
1126	  30.80553	  31.13847	  16.54621
1127	  30.66550	  30.95210	  16.53678
1128	  30.53834	  30.75016	  16.52930
1129	  30.41780	  30.53176	  16.52793
1130	  30.29520	  30.29758	  16.53778
1131	  30.13803	  30.04548	  16.54255
1132	  29.93452	  29.77697	  16.54418
1133	  29.68304	  29.49384	  16.55083
1134	  29.35465	  29.20297	  16.53583
1135	  28.98038	  28.90572	  16.53169
1136	  28.56776	  28.61466	  16.53343
1137	  28.13068	  28.34262	  16.53290
1138	  27.67720	  28.10156	  16.51626
1139	  27.26497	  27.90427	  16.51320
1140	  26.96213	  27.77495	  16.54653
1141	  26.71990	  27.72462	  16.53863
1142	  26.62679	  27.77392	  16.54250
1143	  26.67973	  27.93896	  16.52337
1144	  26.46459	  26.58719	  16.55351
1145	  26.70335	  26.83097	  16.53735
1146	  26.80052	  26.86540	  16.56850
1147	  26.69144	  26.70513	  16.57236
1148	  26.40508	  26.39151	  16.54468
1149	  26.03801	  25.98173	  16.53351
1150	  25.65667	  25.53094	  16.55963
1151	  25.23717	  25.08336	  16.56380
1152	  24.79888	  24.66451	  16.54567
1153	  24.39805	  24.29050	  16.54845
1154	  24.03875	  23.96460	  16.57163
1155	  23.66412	  23.68630	  16.55535
1156	  23.34124	  23.44916	  16.56424
1157	  23.02834	  23.24374	  16.55626
1158	  22.76053	  23.06173	  16.56322
1159	  22.50713	  22.89201	  16.55454
1160	  22.30390	  22.72653	  16.56435
1161	  22.12159	  22.55668	  16.56563
1162	  21.95387	  22.37702	  16.55558
1163	  21.80810	  22.18492	  16.54613
1164	  21.67456	  21.97651	  16.53877
1165	  21.54696	  21.75106	  16.53737
1166	  21.41672	  21.50947	  16.54699
1167	  21.25194	  21.24979	  16.55173
1168	  21.04069	  20.97374	  16.55316
1169	  20.78197	  20.68338	  16.55982
1170	  20.44656	  20.38588	  16.54441
1171	  20.06664	  20.08301	  16.54024
1172	  19.64954	  19.78776	  16.54169
1173	  19.20991	  19.51348	  16.54085
1174	  18.75645	  19.27264	  16.52402
1175	  18.34682	  19.07855	  16.52035
1176	  18.05045	  18.95585	  16.55354
1177	  17.81828	  18.91586	  16.54535
1178	  17.73890	  18.97937	  16.54875
1179	  17.80974	  19.16234	  16.52959
1180	  19.96864	  20.14614	  16.57759
1181	  20.13665	  20.31948	  16.56110
1182	  20.15603	  20.27620	  16.59218
1183	  19.97630	  20.04457	  16.59675
1184	  19.63553	  19.67620	  16.56942
1185	  19.23504	  19.23219	  16.55905
1186	  18.83899	  18.76594	  16.58591
1187	  18.41854	  18.31677	  16.59074
1188	  17.98718	  17.90469	  16.57277
1189	  17.59695	  17.54116	  16.57567
1190	  17.24885	  17.22623	  16.59907
1191	  16.88424	  16.95743	  16.58331
1192	  16.56839	  16.72739	  16.59213
1193	  16.26001	  16.52640	  16.58425
1194	  15.99404	  16.34625	  16.59118
1195	  15.74020	  16.17613	  16.58246
1196	  15.53472	  16.00835	  16.59234
1197	  15.34851	  15.83466	  16.59354
1198	  15.17583	  15.64998	  16.58356
1199	  15.02419	  15.45196	  16.57416
1200	  14.88431	  15.23699	  16.56702
1201	  14.74987	  15.00457	  16.56574
1202	  14.61245	  14.75583	  16.57533
1203	  14.44077	  14.48905	  16.58028
1204	  14.22284	  14.20621	  16.58183
1205	  13.95832	  13.90965	  16.58886
1206	  13.61769	  13.60694	  16.57346
1207	  13.23439	  13.30026	  16.56972
1208	  12.81554	  13.00305	  16.57138
1209	  12.37661	  12.72918	  16.57082
1210	  11.92685	  12.49163	  16.55439
1211	  11.52380	  12.30417	  16.55069
1212	  11.23819	  12.19175	  16.58435
1213	  11.02041	  12.16587	  16.57645
1214	  10.95898	  12.24726	  16.57991
1215	  11.05161	  12.45158	  16.56118
1216	  15.41567	  15.64265	  16.57963
1217	  15.50474	  15.73707	  16.56313
1218	  15.44628	  15.61631	  16.59385
1219	  15.20317	  15.32158	  16.59813
1220	  14.81985	  14.91157	  16.56989
1221	  14.39872	  14.44757	  16.55888
1222	  13.99913	  13.97848	  16.58504
1223	  13.58638	  13.53748	  16.58939
1224	  13.16786	  13.13894	  16.57072
1225	  12.79183	  12.79013	  16.57309
1226	  12.45685	  12.48852	  16.59632
1227	  12.10304	  12.23027	  16.58080
1228	  11.79429	  12.00760	  16.58935
1229	  11.49012	  11.81086	  16.58142
1230	  11.22553	  11.63221	  16.58824
1231	  10.97074	  11.46126	  16.57940
1232	  10.76256	  11.29081	  16.58924
1233	  10.57208	  11.11303	  16.59027
1234	  10.39419	  10.92319	  16.58022
1235	  10.23653	  10.71929	  16.57070
1236	  10.09033	  10.49798	  16.56357
1237	   9.94923	  10.25902	  16.56218
1238	   9.80500	  10.00380	  16.57145
1239	   9.62701	   9.73084	  16.57625
1240	   9.40326	   9.44245	  16.57754
1241	   9.13407	   9.14129	  16.58450
1242	   8.78971	   8.83533	  16.56862
1243	   8.40486	   8.52719	  16.56478
1244	   7.98647	   8.23080	  16.56608
1245	   7.55083	   7.96049	  16.56525
1246	   7.10763	   7.72971	  16.54862
1247	   6.71427	   7.55256	  16.54429
1248	   6.44265	   7.45421	  16.57788
1249	   6.24248	   7.44614	  16.56977
1250	   6.20198	   7.54883	  16.57288
1251	   6.31899	   7.77743	  16.55424
