L0  Nsteps           time(ps)         Etot             EKinetic        
L1  Temp             T_solute         T_solv           Pres_scal_solu  
L2  Pres_scal_solv   BoxX             BoxY             BoxZ            
L3  volume           pres_X           pres_Y           pres_Z          
L4  Pressure         EKCoM_x          EKCoM_y          EKCoM_z         
L5  EKComTot         VIRIAL_x         VIRIAL_y         VIRIAL_z        
L6  VIRIAL_tot       E_pot            E_vdw            E_el            
L7  E_hbon           E_bon            E_angle          E_dih           
L8  E_14vdw          E_14el           E_const          E_pol           
L9  AV_permMoment    AV_indMoment     AV_totMoment     Density          dV/dlambda      
L0     1000  0.2000000000E+01  -.7027622503E+04  0.1583993555E+04
L1 0.2872437989E+03  0.2872437989E+03  -.8611616058E+10  0.1000000000E+01
L2 0.1000000000E+01  0.3411805854E+02  0.3411805854E+02  0.3411805854E+02
L3 0.3057408818E+05  -.9726416666E+03  0.9112548897E+02  -.8538382049E+03
L4 -.5784514608E+03  0.2722989233E+03  0.2545924744E+03  0.2848737769E+03
L5 0.8117651747E+03  0.4863231636E+03  0.2345408314E+03  0.4727559944E+03
L6 0.1193619989E+04  -.8611616058E+04  0.1294004894E+04  -.9979991990E+04
L7 0.0000000000E+00  0.2574610573E+01  0.4919665985E+01  0.1117999664E+02
L8 0.3808376826E+01  0.4877091035E+02  0.3117477136E+01  0.0000000000E+00
L9 0.0000000000E+00  0.0000000000E+00  0.0000000000E+00  0.9041374263E+00  0.0000000000E+00
L0     2000  0.4000000000E+01  -.7018668877E+04  0.1675335059E+04
L1 0.3038078061E+03  0.3038078061E+03  -.8694003936E+10  0.1000000000E+01
L2 0.1000000000E+01  0.3351657579E+02  0.3351657579E+02  0.3351657579E+02
L3 0.2898516300E+05  -.1063339584E+04  0.3358998614E+03  -.7163872700E+03
L4 -.4812756641E+03  0.2803788061E+03  0.2603182058E+03  0.2939640074E+03
L5 0.8346610192E+03  0.5022006485E+03  0.1902465868E+03  0.4434085937E+03
L6 0.1135855829E+04  -.8694003936E+04  0.1258127227E+04  -.1002673426E+05
L7 0.0000000000E+00  0.1844831651E+01  0.5669503327E+01  0.1039532592E+02
L8 0.4123349407E+01  0.5059079775E+02  0.1979293458E+01  0.0000000000E+00
L9 0.0000000000E+00  0.0000000000E+00  0.0000000000E+00  0.9537009467E+00  0.0000000000E+00
L0     3000  0.6000000000E+01  -.7121417121E+04  0.1649164048E+04
L1 0.2990619152E+03  0.2990619152E+03  -.8770581169E+10  0.1000000000E+01
L2 0.1000000000E+01  0.3331240695E+02  0.3331240695E+02  0.3331240695E+02
L3 0.2845821734E+05  -.1954275028E+03  -.5814893799E+03  -.1119038568E+03
L4 -.2962735798E+03  0.2743652877E+03  0.2596421609E+03  0.2635490196E+03
L5 0.7975564682E+03  0.3143920032E+03  0.3787405971E+03  0.2864687405E+03
L6 0.9796013409E+03  -.8770581169E+04  0.1298495772E+04  -.1014620196E+05
L7 0.0000000000E+00  0.1794688295E+01  0.7200858020E+01  0.1268106407E+02
L8 0.3404830504E+01  0.4837616945E+02  0.3667404389E+01  0.0000000000E+00
L9 0.0000000000E+00  0.0000000000E+00  0.0000000000E+00  0.9713601196E+00  0.0000000000E+00
L0     4000  0.8000000000E+01  -.7217600509E+04  0.1649843766E+04
L1 0.2991851764E+03  0.2991851764E+03  -.8867444275E+10  0.1000000000E+01
L2 0.1000000000E+01  0.3326553339E+02  0.3326553339E+02  0.3326553339E+02
L3 0.2833813901E+05  -.3430610940E+03  -.1912534038E+02  -.3872705566E+03
L4 -.2498189970E+03  0.2828909467E+03  0.2677006078E+03  0.2738508525E+03
L5 0.8244424070E+03  0.3528589329E+03  0.2716012587E+03  0.3528354458E+03
L6 0.9772956374E+03  -.8867444275E+04  0.1331888176E+04  -.1027340587E+05
L7 0.0000000000E+00  0.2743611009E+01  0.7667610975E+01  0.1286644431E+02
L8 0.2825910379E+01  0.4589985566E+02  0.2069987673E+01  0.0000000000E+00
L9 0.0000000000E+00  0.0000000000E+00  0.0000000000E+00  0.9754761025E+00  0.0000000000E+00
L0     5000  0.1000000000E+02  -.7140691524E+04  0.1604819194E+04
L1 0.2910203521E+03  0.2910203521E+03  -.8745510718E+10  0.1000000000E+01
L2 0.1000000000E+01  0.3316725510E+02  0.3316725510E+02  0.3316725510E+02
L3 0.2808843101E+05  -.4494035527E+03  -.9819823763E+03  -.1726312839E+03
L4 -.5346724043E+03  0.2830492039E+03  0.2639075017E+03  0.2568158064E+03
L5 0.8037725120E+03  0.3738982898E+03  0.4624199540E+03  0.2917140493E+03
L6 0.1128032293E+04  -.8745510718E+04  0.1210655252E+04  -.1004035281E+05
L7 0.0000000000E+00  0.3834851517E+01  0.1026712580E+02  0.1237488054E+02
L8 0.3917804476E+01  0.5030141669E+02  0.3490764033E+01  0.0000000000E+00
L9 0.0000000000E+00  0.0000000000E+00  0.0000000000E+00  0.9841481491E+00  0.0000000000E+00
L0     6000  0.1200000000E+02  -.7086078581E+04  0.1684007739E+04
L1 0.3053805231E+03  0.3053805231E+03  -.8770086319E+10  0.1000000000E+01
L2 0.1000000000E+01  0.3317443478E+02  0.3317443478E+02  0.3317443478E+02
L3 0.2810631451E+05  -.3827615196E+03  0.1387820068E+03  -.9277466370E+03
L4 -.3905753833E+03  0.2912890163E+03  0.2758651138E+03  0.2705718338E+03
L5 0.8377259640E+03  0.3687153602E+03  0.2477918023E+03  0.4582396803E+03
L6 0.1074746843E+04  -.8770086319E+04  0.1235925822E+04  -.1007878822E+05
L7 0.0000000000E+00  0.3965965884E+01  0.7900064152E+01  0.1075353294E+02
L8 0.2286813862E+01  0.4664935102E+02  0.1220354205E+01  0.0000000000E+00
L9 0.0000000000E+00  0.0000000000E+00  0.0000000000E+00  0.9835219550E+00  0.0000000000E+00
L0     7000  0.1400000000E+02  -.7150502672E+04  0.1611238140E+04
L1 0.2921843735E+03  0.2921843735E+03  -.8761740812E+10  0.1000000000E+01
L2 0.1000000000E+01  0.3314489889E+02  0.3314489889E+02  0.3314489889E+02
L3 0.2802891046E+05  0.7817731652E+03  -.4021622621E+03  0.1328287822E+04
L4 0.5692995751E+03  0.2681278970E+03  0.2643755318E+03  0.2774692943E+03
L5 0.8099727230E+03  0.1104235897E+03  0.3455022880E+03  0.9518537920E+01
L6 0.4654444155E+03  -.8761740812E+04  0.1363339046E+04  -.1019654381E+05
L7 0.0000000000E+00  0.2404087265E+01  0.5666077611E+01  0.1122591082E+02
L8 0.3950597150E+01  0.4616246183E+02  0.2054817955E+01  0.0000000000E+00
L9 0.0000000000E+00  0.0000000000E+00  0.0000000000E+00  0.9862380285E+00  0.0000000000E+00
L0     8000  0.1600000000E+02  -.7057114227E+04  0.1696006216E+04
L1 0.3075563453E+03  0.3075563453E+03  -.8753120444E+10  0.1000000000E+01
L2 0.1000000000E+01  0.3311602469E+02  0.3311602469E+02  0.3311602469E+02
L3 0.2795535689E+05  0.2189823979E+03  0.9963884720E+03  0.9318655715E+03
L4 0.7157454805E+03  0.2679214957E+03  0.2958032969E+03  0.2988789960E+03
L5 0.8626037885E+03  0.2238628820E+03  0.9533286993E+02  0.1113903867E+03
L6 0.4305861386E+03  -.8753120444E+04  0.1352688788E+04  -.1017842184E+05
L7 0.0000000000E+00  0.2783006977E+01  0.6998731154E+01  0.9983252092E+01
L8 0.3675877169E+01  0.4650924642E+02  0.2662495282E+01  0.0000000000E+00
L9 0.0000000000E+00  0.0000000000E+00  0.0000000000E+00  0.9888329276E+00  0.0000000000E+00
L0     9000  0.1800000000E+02  -.7080683786E+04  0.1655341588E+04
L1 0.3001821598E+03  0.3001821598E+03  -.8736025374E+10  0.1000000000E+01
L2 0.1000000000E+01  0.3321345652E+02  0.3321345652E+02  0.3321345652E+02
L3 0.2820294262E+05  0.8310062877E+03  0.8804519771E+03  0.3001445009E+03
L4 0.6705342552E+03  0.2803697299E+03  0.2636575472E+03  0.2795937953E+03
L5 0.8236210725E+03  0.1116929453E+03  0.8494432849E+02  0.2186707794E+03
L6 0.4153080532E+03  -.8736025374E+04  0.1354368997E+04  -.1016338105E+05
L7 0.0000000000E+00  0.2600411838E+01  0.6653246284E+01  0.1046360060E+02
L8 0.3379245509E+01  0.4758465686E+02  0.2305516751E+01  0.0000000000E+00
L9 0.0000000000E+00  0.0000000000E+00  0.0000000000E+00  0.9801522404E+00  0.0000000000E+00
L0    10000  0.2000000000E+02  -.7123825499E+04  0.1659636983E+04
L1 0.3009610933E+03  0.3009610933E+03  -.8783462482E+10  0.1000000000E+01
L2 0.1000000000E+01  0.3317268367E+02  0.3317268367E+02  0.3317268367E+02
L3 0.2810044888E+05  -.1548445674E+03  0.4942685556E+03  0.1824575881E+03
L4 0.1739605254E+03  0.2866712013E+03  0.2731019946E+03  0.2591502309E+03
L5 0.8189234268E+03  0.3179871672E+03  0.1731404819E+03  0.2222497720E+03
L6 0.7133774210E+03  -.8783462482E+04  0.1332338225E+04  -.1018812754E+05
L7 0.0000000000E+00  0.2342598571E+01  0.7344225106E+01  0.1011716452E+02
L8 0.3356676691E+01  0.4662052000E+02  0.2545649052E+01  0.0000000000E+00
L9 0.0000000000E+00  0.0000000000E+00  0.0000000000E+00  0.9837272532E+00  0.0000000000E+00
