# Final energies generated by paramfit for ../1_inputfiles/input_scan/fit_topology/fit.prmtop
# Num	Amber+K		Quantum		Initial Amber+K
0	1712.48577	1714.18862	  -1.70286
1	 918.92703	 917.69810	   1.22893
2	 500.05100	 501.39782	  -1.34682
3	 283.79335	 284.05500	  -0.26164
4	 168.95658	 170.20653	  -1.24995
5	 108.22238	 109.93967	  -1.71729
6	  75.48818	  77.46535	  -1.97717
7	  57.33876	  59.56580	  -2.22704
8	  47.11867	  49.48781	  -2.36914
9	  41.37230	  43.79385	  -2.42155
10	  38.37897	  40.74097	  -2.36200
11	  37.16935	  39.46523	  -2.29588
12	  37.43464	  39.61084	  -2.17620
13	  39.15584	  41.18541	  -2.02958
14	  42.72364	  44.56724	  -1.84360
15	  49.07756	  50.63087	  -1.55331
16	  59.61310	  61.02425	  -1.41115
17	  77.69221	  78.71470	  -1.02249
18	 108.00030	 108.91443	  -0.91413
19	 160.31218	 160.64189	  -0.32972
20	 248.33749	 249.07626	  -0.73878
21	 397.49495	 398.75649	  -1.26154
22	 648.09128	 646.49751	   1.59377
23	1042.12475	1041.04846	   1.07629
24	1634.69324	1633.52463	   1.16861
25	1665.95258	1669.91396	  -3.96138
26	 895.78692	 897.61225	  -1.82533
27	 492.15223	 492.13276	   0.01946
28	 278.25649	 279.55688	  -1.30039
29	 166.93605	 167.76169	  -0.82565
30	 106.92105	 108.39268	  -1.47163
31	  74.52148	  76.34038	  -1.81890
32	  56.61018	  58.66017	  -2.04999
33	  46.46993	  48.72017	  -2.25023
34	  40.74710	  43.12393	  -2.37683
35	  37.71849	  40.13712	  -2.41863
36	  36.53120	  38.89493	  -2.36372
37	  36.73529	  39.02911	  -2.29382
38	  38.35679	  40.52911	  -2.17232
39	  41.70588	  43.73428	  -2.02840
40	  47.61157	  49.45285	  -1.84127
41	  57.72026	  59.22468	  -1.50442
42	  74.41985	  75.80423	  -1.38439
43	 103.16629	 104.03819	  -0.87190
44	 151.45877	 152.27921	  -0.82044
45	 234.70604	 234.57959	   0.12646
46	 373.04396	 373.54191	  -0.49796
47	 601.89752	 603.09159	  -1.19408
48	 971.41169	 968.15102	   3.26068
49	1517.98191	1515.66725	   2.31466
50	1482.50362	1480.06698	   2.43664
51	 803.70025	 804.92555	  -1.22529
52	 445.66061	 446.31030	  -0.64969
53	 256.02473	 256.04272	  -0.01800
54	 154.01923	 154.93365	  -0.91442
55	  99.85079	 100.74921	  -0.89842
56	  69.86648	  71.29274	  -1.42626
57	  53.22805	  54.98093	  -1.75288
58	  43.80767	  45.80150	  -1.99383
59	  38.47259	  40.65013	  -2.17754
60	  35.61768	  37.92054	  -2.30286
61	  34.45944	  36.79988	  -2.34045
62	  34.64106	  36.93073	  -2.28968
63	  36.05945	  38.27745	  -2.21800
64	  39.02159	  41.11776	  -2.09617
65	  44.16976	  46.12892	  -1.95916
66	  52.83084	  54.60831	  -1.77748
67	  67.48634	  68.87794	  -1.39159
68	  91.65719	  92.97322	  -1.31603
69	 133.11834	 133.80805	  -0.68971
70	 202.07771	 202.88136	  -0.80366
71	 319.00115	 318.52510	   0.47606
72	 507.28389	 507.86350	  -0.57961
73	 804.78192	 806.47926	  -1.69734
74	1254.55794	1251.09612	   3.46182
75	1861.21423	1860.12647	   1.08776
76	1217.95254	1208.80848	   9.14406
77	 672.33588	 669.73705	   2.59883
78	 378.43783	 378.18926	   0.24857
79	 220.63351	 220.59608	   0.03743
80	 135.41179	 135.40019	   0.01161
81	  88.40399	  89.08407	  -0.68008
82	  62.72552	  63.61344	  -0.88792
83	  48.05198	  49.40471	  -1.35273
84	  39.72254	  41.39202	  -1.66948
85	  34.98895	  36.90810	  -1.91914
86	  32.46019	  34.55555	  -2.09535
87	  31.38842	  33.61033	  -2.22192
88	  31.48227	  33.74034	  -2.25808
89	  32.67561	  34.88551	  -2.20991
90	  35.10425	  37.24168	  -2.13743
91	  39.30934	  41.32492	  -2.01558
92	  46.23564	  48.12264	  -1.88700
93	  57.67837	  59.39214	  -1.71378
94	  76.88681	  78.16362	  -1.27681
95	 108.28587	 109.53088	  -1.24501
96	 161.33716	 161.85386	  -0.51670
97	 247.38490	 248.20624	  -0.82133
98	 388.39854	 387.60620	   0.79234
99	 603.89086	 604.40601	  -0.51515
100	 921.61111	 923.22712	  -1.61601
101	1359.41131	1355.74296	   3.66835
102	1880.51270	1879.67953	   0.83317
103	1688.04638	1680.28101	   7.76537
104	 926.50664	 922.63789	   3.86875
105	 527.86542	 523.79447	   4.07096
106	 304.66932	 303.12666	   1.54267
107	 181.26701	 180.85653	   0.41048
108	 113.36862	 113.23013	   0.13849
109	  75.66158	  75.72454	  -0.06296
110	  54.19321	  54.77789	  -0.58468
111	  42.11115	  42.96918	  -0.85803
112	  35.01533	  36.28446	  -1.26913
113	  30.99116	  32.55911	  -1.56795
114	  28.81365	  30.62923	  -1.81559
115	  27.89725	  29.88025	  -1.98300
116	  27.90616	  30.01283	  -2.10667
117	  28.80748	  30.94717	  -2.13969
118	  30.70797	  32.79836	  -2.09039
119	  33.90010	  35.91503	  -2.01493
120	  39.09105	  40.98083	  -1.88978
121	  47.43296	  49.19718	  -1.76423
122	  61.01356	  62.60739	  -1.59382
123	  83.48859	  84.59494	  -1.10635
124	 119.48183	 120.57281	  -1.09097
125	 178.53997	 178.84223	  -0.30226
126	 270.41296	 271.16990	  -0.75694
127	 413.29881	 412.27445	   1.02435
128	 616.17032	 616.50930	  -0.33898
129	 889.02218	 890.25431	  -1.23214
130	1222.78490	1219.87784	   2.90705
131	1561.00232	1561.11060	  -0.10827
132	1847.43353	1841.69409	   5.73944
133	1987.85998	1984.13897	   3.72101
134	1948.96532	1943.93571	   5.02961
135	1744.02043	1734.13974	   9.88069
136	1420.71553	1418.28124	   2.43429
137	1195.43421	1195.22427	   0.20994
138	 671.58020	 667.42629	   4.15391
139	 392.49503	 389.97943	   2.51559
140	 235.16112	 232.59036	   2.57076
141	 144.14235	 142.74663	   1.39572
142	  92.33143	  91.63286	   0.69857
143	  62.92870	  62.57999	   0.34872
144	  46.05510	  46.02598	   0.02912
145	  36.13593	  36.57047	  -0.43454
146	  30.43868	  31.18802	  -0.74935
147	  27.06234	  28.20287	  -1.14053
148	  25.25213	  26.68616	  -1.43403
149	  24.44567	  26.12911	  -1.68344
150	  24.42448	  26.27245	  -1.84797
151	  25.05126	  27.02170	  -1.97044
152	  26.42419	  28.42666	  -2.00248
153	  28.74195	  30.69492	  -1.95297
154	  32.37512	  34.25110	  -1.87598
155	  38.09746	  39.84628	  -1.74882
156	  47.10631	  48.73139	  -1.62508
157	  61.47819	  62.93719	  -1.45900
158	  84.69581	  85.64654	  -0.95073
159	 120.65762	 121.59285	  -0.93523
160	 177.14818	 177.33275	  -0.18457
161	 260.11376	 260.82479	  -0.71104
162	 380.58583	 379.62398	   0.96185
163	 536.58153	 536.80545	  -0.22393
164	 724.29418	 725.04363	  -0.74945
165	 923.10748	 921.19464	   1.91284
166	1086.58420	1087.00503	  -0.42083
167	1184.70509	1180.66555	   4.03954
168	1176.77576	1174.84019	   1.93556
169	1074.08317	1071.55559	   2.52758
170	 905.44855	 900.65176	   4.79679
171	 705.47539	 704.54645	   0.92894
172	 821.39792	 817.07707	   4.32085
173	 465.15089	 463.61853	   1.53236
174	 282.61688	 279.73973	   2.87714
175	 174.94789	 172.80100	   2.14689
176	 111.74471	 109.68156	   2.06315
177	  73.96801	  72.57184	   1.39618
178	  51.74187	  50.85209	   0.88978
179	  38.69033	  38.17988	   0.51045
180	  30.95482	  30.81864	   0.13619
181	  26.30039	  26.60109	  -0.30071
182	  23.63925	  24.27463	  -0.63538
183	  22.10790	  23.12443	  -1.01653
184	  21.43486	  22.74218	  -1.30733
185	  21.34738	  22.90516	  -1.55778
186	  21.79483	  23.51609	  -1.72127
187	  22.73357	  24.57610	  -1.84254
188	  24.31769	  26.19197	  -1.87427
189	  26.77513	  28.60072	  -1.82559
190	  30.48038	  32.22838	  -1.74800
191	  36.16304	  37.78269	  -1.61965
192	  44.88799	  46.38191	  -1.49392
193	  58.40987	  59.73862	  -1.32875
194	  79.51038	  80.34145	  -0.83107
195	 110.73598	 111.52418	  -0.78821
196	 157.10546	 157.24731	  -0.14185
197	 220.55581	 221.16104	  -0.60523
198	 305.48871	 304.71461	   0.77410
199	 404.29630	 404.35886	  -0.06256
200	 508.91293	 509.15412	  -0.24119
201	 602.00946	 600.79951	   1.20995
202	 658.03525	 658.28063	  -0.24538
203	 668.99362	 666.45012	   2.54350
204	 624.08821	 623.03565	   1.05257
205	 541.34303	 540.05296	   1.29007
206	 439.86992	 437.59692	   2.27300
207	 335.84078	 335.37794	   0.46284
208	 315.75093	 312.62710	   3.12383
209	 197.44363	 195.35686	   2.08677
210	 128.16142	 125.58279	   2.57864
211	  85.07855	  82.89091	   2.18764
212	  58.86170	  56.84859	   2.01312
213	  42.62073	  41.08684	   1.53389
214	  32.73592	  31.63007	   1.10585
215	  26.74010	  26.02837	   0.71173
216	  23.09856	  22.78892	   0.30964
217	  20.90086	  21.01663	  -0.11577
218	  19.71136	  20.17252	  -0.46116
219	  19.10159	  19.93896	  -0.83736
220	  19.00325	  20.13023	  -1.12698
221	  19.27200	  20.65005	  -1.37805
222	  19.93150	  21.47312	  -1.54162
223	  20.97659	  22.63849	  -1.66190
224	  22.57067	  24.26460	  -1.69393
225	  24.92377	  26.57171	  -1.64794
226	  28.35576	  29.92769	  -1.57193
227	  33.46439	  34.91041	  -1.44602
228	  41.05768	  42.37781	  -1.32012
229	  52.38707	  53.54845	  -1.16138
230	  69.30268	  70.02009	  -0.71741
231	  92.97314	  93.63029	  -0.65715
232	 125.87892	 126.05810	  -0.17918
233	 167.43111	 167.97321	  -0.54210
234	 218.27379	 217.86085	   0.41295
235	 270.78243	 270.91803	  -0.13560
236	 318.84893	 319.00951	  -0.16058
237	 352.88001	 352.35823	   0.52178
238	 362.72974	 362.96648	  -0.23674
239	 349.53054	 348.19715	   1.33339
240	 312.41608	 311.85637	   0.55970
241	 263.23876	 262.51150	   0.72726
242	 210.98094	 209.77094	   1.21000
243	 161.64276	 161.19599	   0.44677
244	 137.16255	 134.02914	   3.13341
245	  92.71499	  90.13171	   2.58328
246	  64.90613	  62.23336	   2.67277
247	  46.86548	  44.51177	   2.35371
248	  35.47354	  33.37478	   2.09875
249	  28.15332	  26.47645	   1.67687
250	  23.56656	  22.29276	   1.27380
251	  20.71645	  19.84852	   0.86794
252	  18.97119	  18.52224	   0.44895
253	  17.95298	  17.92581	   0.02716
254	  17.48764	  17.81308	  -0.32544
255	  17.33515	  18.03494	  -0.69979
256	  17.51360	  18.50310	  -0.98950
257	  17.93552	  19.17669	  -1.24117
258	  18.65331	  20.05881	  -1.40550
259	  19.67087	  21.19571	  -1.52484
260	  21.13445	  22.69129	  -1.55684
261	  23.20839	  24.72194	  -1.51355
262	  26.12786	  27.56559	  -1.43773
263	  30.32213	  31.63348	  -1.31134
264	  36.31423	  37.49072	  -1.17649
265	  44.85717	  45.86574	  -1.00856
266	  56.97670	  57.58568	  -0.60898
267	  72.89808	  73.38906	  -0.49097
268	  93.49674	  93.59949	  -0.10275
269	 117.37103	 117.62684	  -0.25581
270	 143.95758	 143.51473	   0.44284
271	 168.05537	 167.81918	   0.23619
272	 186.60180	 186.22430	   0.37750
273	 195.57546	 194.81655	   0.75891
274	 192.03311	 191.58732	   0.44579
275	 178.60434	 177.34358	   1.26076
276	 156.14738	 155.26971	   0.87767
277	 130.59228	 129.66515	   0.92713
278	 105.54637	 104.43930	   1.10708
279	  82.95537	  82.22897	   0.72640
280	  67.43684	  64.50040	   2.93644
281	  49.60806	  46.91281	   2.69525
282	  37.93052	  35.22885	   2.70168
283	  30.02722	  27.57311	   2.45411
284	  24.84265	  22.65696	   2.18569
285	  21.39692	  19.59369	   1.80323
286	  19.19958	  17.77939	   1.42020
287	  17.82174	  16.80804	   1.01370
288	  16.99309	  16.40444	   0.58865
289	  16.55880	  16.38850	   0.17031
290	  16.45293	  16.63856	  -0.18564
291	  16.52126	  17.07951	  -0.55824
292	  16.81854	  17.66627	  -0.84773
293	  17.28162	  18.38093	  -1.09931
294	  17.96966	  19.23400	  -1.26434
295	  18.88131	  20.26418	  -1.38287
296	  20.13445	  21.54951	  -1.41506
297	  21.83865	  23.21426	  -1.37561
298	  24.14211	  25.44388	  -1.30177
299	  27.31667	  28.49489	  -1.17822
300	  31.64768	  32.68701	  -1.03934
301	  37.51291	  38.38262	  -0.86971
302	  45.38155	  45.91009	  -0.52854
303	  55.03815	  55.42200	  -0.38385
304	  66.62788	  66.71628	  -0.08840
305	  78.91645	  79.03406	  -0.11761
306	  91.32852	  90.99083	   0.33769
307	 101.01889	 100.73984	   0.27905
308	 106.88130	 106.45986	   0.42145
309	 107.57299	 106.94887	   0.62412
310	 102.59010	 102.08154	   0.50856
311	  93.80997	  92.88011	   0.92986
312	  81.87087	  81.07941	   0.79147
313	  69.37698	  68.53904	   0.83794
314	  57.69108	  56.74572	   0.94536
315	  47.38220	  46.59932	   0.78288
316	  38.95858	  35.97955	   2.97903
317	  31.39745	  28.57152	   2.82593
318	  26.25528	  23.48014	   2.77514
319	  22.61861	  20.07621	   2.54241
320	  20.14397	  17.88821	   2.25576
321	  18.45746	  16.57215	   1.88530
322	  17.38587	  15.87785	   1.50802
323	  16.72438	  15.62538	   1.09900
324	  16.35124	  15.68213	   0.66910
325	  16.20872	  15.95698	   0.25174
326	  16.27656	  16.38359	  -0.10703
327	  16.44135	  16.92036	  -0.47902
328	  16.77237	  17.54134	  -0.76897
329	  17.21588	  18.23669	  -1.02080
330	  17.82827	  19.01527	  -1.18700
331	  18.59788	  19.90320	  -1.30532
332	  19.61386	  20.95187	  -1.33802
333	  20.93630	  22.23888	  -1.30258
334	  22.64337	  23.87419	  -1.23081
335	  24.88888	  25.99888	  -1.11000
336	  27.80021	  28.76749	  -0.96728
337	  31.53117	  32.32542	  -0.79425
338	  36.25523	  36.75293	  -0.49770
339	  41.65642	  41.98574	  -0.32933
340	  47.66526	  47.74679	  -0.08153
341	  53.48133	  53.49549	  -0.01417
342	  58.78337	  58.47563	   0.30775
343	  62.21258	  61.86176	   0.35082
344	  63.51436	  63.01325	   0.50111
345	  62.32762	  61.67876	   0.64886
346	  58.72144	  58.08398	   0.63746
347	  53.73494	  52.86041	   0.87454
348	  47.67359	  46.82078	   0.85281
349	  41.61450	  40.72454	   0.88996
350	  36.09306	  35.13752	   0.95554
351	  31.25769	  30.38290	   0.87479
352	  27.25680	  24.18834	   3.06846
353	  23.91466	  20.95982	   2.95484
354	  21.57594	  18.69555	   2.88039
355	  19.84546	  17.18910	   2.65636
356	  18.62904	  16.26727	   2.36177
357	  17.79160	  15.79265	   1.99895
358	  17.28073	  15.65496	   1.62577
359	  16.98381	  15.76745	   1.21637
360	  16.84313	  16.05887	   0.78426
361	  16.84605	  16.47807	   0.36799
362	  16.99212	  16.98441	   0.00771
363	  17.18846	  17.55194	  -0.36349
364	  17.50943	  18.16292	  -0.65349
365	  17.90432	  18.80928	  -0.90496
366	  18.42377	  19.49534	  -1.07157
367	  19.04604	  20.23507	  -1.18904
368	  19.83699	  21.05806	  -1.22107
369	  20.81937	  22.00706	  -1.18768
370	  22.02441	  23.14015	  -1.11574
371	  23.53148	  24.52608	  -0.99460
372	  25.38168	  26.22712	  -0.84543
373	  27.62054	  28.28510	  -0.66456
374	  30.29574	  30.68923	  -0.39349
375	  33.13788	  33.34001	  -0.20213
376	  36.06540	  36.03583	   0.02957
377	  38.63593	  38.47301	   0.16292
378	  40.71556	  40.29886	   0.41670
379	  41.70482	  41.18836	   0.51646
380	  41.62095	  40.95581	   0.66514
381	  40.39380	  39.60500	   0.78879
382	  38.14371	  37.32606	   0.81765
383	  35.40339	  34.44219	   0.96120
384	  32.30401	  31.31790	   0.98611
385	  29.27622	  28.26405	   1.01217
386	  26.56404	  25.51014	   1.05390
387	  24.19379	  23.18805	   1.00574
388	  23.10301	  20.01390	   3.08911
389	  21.60271	  18.60313	   2.99958
390	  20.54095	  17.62372	   2.91723
391	  19.71598	  17.01600	   2.69998
392	  19.11960	  16.71713	   2.40246
393	  18.71484	  16.66984	   2.04500
394	  18.49578	  16.82091	   1.67487
395	  18.38953	  17.12358	   1.26594
396	  18.36720	  17.53438	   0.83282
397	  18.43857	  18.02107	   0.41750
398	  18.61175	  18.55555	   0.05620
399	  18.80491	  19.11939	  -0.31448
400	  19.09346	  19.69828	  -0.60481
401	  19.42738	  20.28370	  -0.85632
402	  19.85163	  20.87545	  -1.02382
403	  20.33674	  21.47812	  -1.14139
404	  20.93218	  22.10602	  -1.17385
405	  21.63586	  22.77930	  -1.14344
406	  22.45199	  23.52517	  -1.07318
407	  23.41913	  24.37341	  -0.95428
408	  24.53942	  25.34328	  -0.80386
409	  25.81653	  26.43816	  -0.62162
410	  27.25678	  27.62946	  -0.37268
411	  28.66854	  28.84220	  -0.17366
412	  30.00489	  29.96080	   0.04409
413	  31.04401	  30.83730	   0.20671
414	  31.74279	  31.32551	   0.41728
415	  31.85076	  31.31005	   0.54071
416	  31.43919	  30.75526	   0.68393
417	  30.50620	  29.70745	   0.79875
418	  29.12972	  28.28070	   0.84902
419	  27.58623	  26.63188	   0.95435
420	  25.93706	  24.92951	   1.00755
421	  24.34233	  23.30747	   1.03486
422	  22.94236	  21.87106	   1.07130
423	  21.72836	  20.68499	   1.04337
424	  23.16397	  20.04774	   3.11623
425	  22.51187	  19.47568	   3.03618
426	  22.06419	  19.11667	   2.94752
427	  21.69295	  18.96080	   2.73214
428	  21.41709	  18.98567	   2.43142
429	  21.24132	  19.16539	   2.07593
430	  21.17740	  19.47069	   1.70672
431	  21.17028	  19.87276	   1.29752
432	  21.20461	  20.34136	   0.86324
433	  21.30207	  20.85376	   0.44832
434	  21.47440	  21.38830	   0.08610
435	  21.64616	  21.93041	  -0.28425
436	  21.89244	  22.46725	  -0.57482
437	  22.16331	  22.98943	  -0.82612
438	  22.49934	  23.49336	  -0.99402
439	  22.86612	  23.97741	  -1.11129
440	  23.30291	  24.44641	  -1.14350
441	  23.79294	  24.90755	  -1.11461
442	  24.32724	  25.37189	  -1.04465
443	  24.92503	  25.85119	  -0.92616
444	  25.57503	  26.34853	  -0.77350
445	  26.27010	  26.85850	  -0.58840
446	  27.00863	  27.35947	  -0.35084
447	  27.66279	  27.80747	  -0.14469
448	  28.21542	  28.14593	   0.06949
449	  28.56117	  28.31062	   0.25055
450	  28.69008	  28.24874	   0.44134
451	  28.50297	  27.92442	   0.57855
452	  28.06409	  27.34477	   0.71932
453	  27.38098	  26.55028	   0.83070
454	  26.49468	  25.60473	   0.88995
455	  25.56174	  24.58617	   0.97557
456	  24.62054	  23.58040	   1.04013
457	  23.71623	  22.65058	   1.06565
458	  22.95070	  21.85359	   1.09711
459	  22.30461	  21.22764	   1.07697
460	  26.24031	  23.15888	   3.08143
461	  26.00407	  22.99788	   3.00619
462	  25.87067	  22.95700	   2.91367
463	  25.74051	  23.04132	   2.69920
464	  25.63884	  23.24246	   2.39638
465	  25.58871	  23.54670	   2.04201
466	  25.60838	  23.93500	   1.67337
467	  25.65110	  24.38699	   1.26410
468	  25.70820	  24.87914	   0.82907
469	  25.80830	  25.39378	   0.41453
470	  25.96458	  25.91292	   0.05166
471	  26.10574	  26.42414	  -0.31840
472	  26.30628	  26.91546	  -0.60918
473	  26.51650	  27.37683	  -0.86033
474	  26.77406	  27.80263	  -1.02858
475	  27.04183	  28.18754	  -1.14571
476	  27.35340	  28.53119	  -1.17779
477	  27.68408	  28.83419	  -1.15012
478	  28.01975	  29.10023	  -1.08049
479	  28.37177	  29.33419	  -0.96242
480	  28.72663	  29.53513	  -0.80851
481	  29.07761	  29.69936	  -0.62175
482	  29.42497	  29.81622	  -0.39125
483	  29.68319	  29.86437	  -0.18118
484	  29.85222	  29.82083	   0.03138
485	  29.88393	  29.66201	   0.22191
486	  29.77676	  29.37456	   0.40220
487	  29.49729	  28.95099	   0.54630
488	  29.09382	  28.40836	   0.68547
489	  28.57225	  27.77672	   0.79553
490	  27.95258	  27.09320	   0.85938
491	  27.33569	  26.40008	   0.93561
492	  26.75423	  25.74791	   1.00632
493	  26.20150	  25.17015	   1.03136
494	  25.76363	  24.70302	   1.06061
495	  25.41745	  24.37249	   1.04496
496	  32.11817	  29.05498	   3.06319
497	  32.10031	  29.10799	   2.99232
498	  32.13869	  29.23982	   2.89886
499	  32.14435	  29.45822	   2.68613
500	  32.14174	  29.75882	   2.38292
501	  32.16228	  30.13228	   2.03000
502	  32.22632	  30.56397	   1.66235
503	  32.29120	  31.03769	   1.25351
504	  32.35178	  31.53355	   0.81823
505	  32.44116	  32.03689	   0.40426
506	  32.57310	  32.53204	   0.04106
507	  32.67939	  33.00808	  -0.32868
508	  32.83413	  33.45370	  -0.61957
509	  32.98816	  33.85867	  -0.87051
510	  33.17743	  34.21637	  -1.03894
511	  33.36370	  34.51963	  -1.15592
512	  33.57775	  34.76558	  -1.18783
513	  33.79099	  34.95193	  -1.16094
514	  33.98818	  35.07964	  -1.09145
515	  34.17822	  35.15180	  -0.97358
516	  34.34917	  35.16798	  -0.81881
517	  34.49755	  35.12847	  -0.63093
518	  34.62676	  35.03138	  -0.40462
519	  34.67687	  34.86909	  -0.19222
520	  34.65586	  34.63614	   0.01972
521	  34.54299	  34.32768	   0.21531
522	  34.33650	  33.94655	   0.38995
523	  34.03267	  33.49504	   0.53763
524	  33.66722	  32.99144	   0.67578
525	  33.24395	  32.45867	   0.78528
526	  32.77221	  31.92067	   0.85154
527	  32.32632	  31.40337	   0.92294
528	  31.93868	  30.94158	   0.99709
529	  31.57732	  30.55529	   1.02204
530	  31.32104	  30.27079	   1.05025
531	  31.14483	  30.10754	   1.03729
532	  40.39690	  37.41520	   2.98170
533	  40.49853	  37.58658	   2.91195
534	  40.63379	  37.81733	   2.81646
535	  40.71731	  38.11374	   2.60357
536	  40.77067	  38.47171	   2.29895
537	  40.82910	  38.88311	   1.94600
538	  40.91344	  39.33517	   1.57827
539	  40.98299	  39.81386	   1.16913
540	  41.03465	  40.30151	   0.73314
541	  41.10479	  40.78551	   0.31927
542	  41.20741	  41.25191	  -0.04450
543	  41.27682	  41.69104	  -0.41422
544	  41.38703	  42.09237	  -0.70534
545	  41.48967	  42.44584	  -0.95618
546	  41.61980	  42.74457	  -1.12478
547	  41.73903	  42.98067	  -1.24164
548	  41.87695	  43.15031	  -1.27336
549	  42.00327	  43.25023	  -1.24696
550	  42.10332	  43.28078	  -1.17746
551	  42.18572	  43.24527	  -1.05955
552	  42.24088	  43.14493	  -0.90405
553	  42.26834	  42.98358	  -0.71524
554	  42.27386	  42.76509	  -0.49122
555	  42.21240	  42.48956	  -0.27716
556	  42.09504	  42.16028	  -0.06524
557	  41.91421	  41.78091	   0.13331
558	  41.66581	  41.36087	   0.30493
559	  41.36026	  40.90571	   0.45455
560	  41.02509	  40.43311	   0.59198
561	  40.66290	  39.96186	   0.70105
562	  40.27762	  39.50933	   0.76829
563	  39.93025	  39.09362	   0.83663
564	  39.65428	  38.74196	   0.91233
565	  39.40432	  38.46756	   0.93675
566	  39.25536	  38.29146	   0.96390
567	  39.18132	  38.22925	   0.95207
568	  50.07338	  47.20662	   2.86676
569	  50.24600	  47.44766	   2.79833
570	  50.44015	  47.73806	   2.70209
571	  50.57121	  48.08148	   2.48973
572	  50.65747	  48.47273	   2.18474
573	  50.73585	  48.90359	   1.83226
574	  50.82707	  49.36202	   1.46505
575	  50.89142	  49.83527	   1.05615
576	  50.92721	  50.30722	   0.61999
577	  50.97349	  50.76691	   0.20658
578	  51.04449	  51.20190	  -0.15741
579	  51.07680	  51.60377	  -0.52697
580	  51.14469	  51.96284	  -0.81815
581	  51.20073	  52.26955	  -1.06882
582	  51.27968	  52.51717	  -1.23749
583	  51.34345	  52.69770	  -1.35425
584	  51.42131	  52.80715	  -1.38585
585	  51.48232	  52.84218	  -1.35986
586	  51.51292	  52.80335	  -1.29043
587	  51.52216	  52.69475	  -1.17259
588	  51.50248	  52.51924	  -1.01676
589	  51.45566	  52.28316	  -0.82750
590	  51.38878	  51.99388	  -0.60510
591	  51.26549	  51.65568	  -0.39019
592	  51.09774	  51.27616	  -0.17841
593	  50.88449	  50.86280	   0.02169
594	  50.61914	  50.42773	   0.19141
595	  50.31946	  49.97744	   0.34202
596	  50.00775	  49.52882	   0.47894
597	  49.68606	  49.09824	   0.58782
598	  49.35532	  48.69966	   0.65566
599	  49.06932	  48.34706	   0.72226
600	  48.86273	  48.06370	   0.79903
601	  48.68232	  47.85905	   0.82327
602	  48.60097	  47.75108	   0.84988
603	  48.59186	  47.75301	   0.83885
604	  59.24214	  56.44408	   2.79806
605	  59.45969	  56.72898	   2.73071
606	  59.69130	  57.05730	   2.63400
607	  59.85190	  57.42992	   2.42198
608	  59.95667	  57.84011	   2.11657
609	  60.04321	  58.27902	   1.76419
610	  60.13207	  58.73487	   1.39721
611	  60.18403	  59.19579	   0.98824
612	  60.19867	  59.64702	   0.55165
613	  60.21753	  60.07914	   0.13840
614	  60.25520	  60.48122	  -0.22602
615	  60.25046	  60.84613	  -0.59567
616	  60.27810	  61.16518	  -0.88708
617	  60.29172	  61.42945	  -1.13774
618	  60.32603	  61.63258	  -1.30655
619	  60.34343	  61.76676	  -1.42334
620	  60.37326	  61.82816	  -1.45490
621	  60.38439	  61.81365	  -1.42926
622	  60.36433	  61.72427	  -1.35994
623	  60.32271	  61.56488	  -1.24216
624	  60.25346	  61.33958	  -1.08612
625	  60.15980	  61.05636	  -0.89656
626	  60.04944	  60.72463	  -0.67519
627	  59.89121	  60.35089	  -0.45969
628	  59.69690	  59.94483	  -0.24793
629	  59.46883	  59.51566	  -0.04682
630	  59.19829	  59.07651	   0.12178
631	  58.90705	  58.63402	   0.27303
632	  58.61402	  58.20436	   0.40965
633	  58.32096	  57.80242	   0.51854
634	  58.02693	  57.44016	   0.58677
635	  57.78153	  57.12922	   0.65231
636	  57.62039	  56.89056	   0.72983
637	  57.48544	  56.73145	   0.75400
638	  57.44827	  56.66797	   0.78030
639	  57.48168	  56.71187	   0.76980
640	  65.49206	  62.84411	   2.64795
641	  65.74022	  63.15882	   2.58140
642	  65.99708	  63.51269	   2.48438
643	  66.17668	  63.90394	   2.27274
644	  66.29126	  64.32415	   1.96712
645	  66.37857	  64.76366	   1.61491
646	  66.45907	  65.21074	   1.24833
647	  66.49382	  65.65438	   0.83944
648	  66.48377	  66.08117	   0.40260
649	  66.47295	  66.48336	  -0.01041
650	  66.47645	  66.85161	  -0.37516
651	  66.43527	  67.18019	  -0.74492
652	  66.42493	  67.46146	  -1.03653
653	  66.39998	  67.68718	  -1.28720
654	  66.39526	  67.85144	  -1.45618
655	  66.37363	  67.94668	  -1.57305
656	  66.36462	  67.96928	  -1.60466
657	  66.33700	  67.91640	  -1.57940
658	  66.27923	  67.78948	  -1.51025
659	  66.20137	  67.59399	  -1.39263
660	  66.09834	  67.33489	  -1.23655
661	  65.97427	  67.02117	  -1.04690
662	  65.83704	  66.66338	  -0.82634
663	  65.65866	  66.26919	  -0.61053
664	  65.45037	  65.84925	  -0.39888
665	  65.21628	  65.41348	  -0.19720
666	  64.94593	  64.97534	  -0.02940
667	  64.66343	  64.54126	   0.12217
668	  64.38534	  64.12679	   0.25854
669	  64.11325	  63.74581	   0.36744
670	  63.84491	  63.40900	   0.43591
671	  63.62730	  63.12656	   0.50074
672	  63.49682	  62.91802	   0.57880
673	  63.39224	  62.78930	   0.60294
674	  63.38438	  62.75533	   0.62906
675	  63.44593	  62.82699	   0.61894
676	  67.72594	  65.15694	   2.56901
677	  67.99674	  65.49376	   2.50298
678	  68.27157	  65.86602	   2.40555
679	  68.46336	  66.26938	   2.19397
680	  68.58161	  66.69370	   1.88791
681	  68.66399	  67.12846	   1.53553
682	  68.73116	  67.56203	   1.16913
683	  68.74448	  67.98436	   0.76012
684	  68.70656	  68.38364	   0.32291
685	  68.66406	  68.75396	  -0.08990
686	  68.63283	  69.08778	  -0.45495
687	  68.55605	  69.38082	  -0.82477
688	  68.51005	  69.62649	  -1.11643
689	  68.45022	  69.81721	  -1.36699
690	  68.41151	  69.94744	  -1.53593
691	  68.35711	  70.00982	  -1.65271
692	  68.31668	  70.00087	  -1.68419
693	  68.25889	  69.91793	  -1.65904
694	  68.17285	  69.76273	  -1.58988
695	  68.06894	  69.54113	  -1.47219
696	  67.94268	  69.25860	  -1.31592
697	  67.79867	  68.92471	  -1.12604
698	  67.64474	  68.55064	  -0.90590
699	  67.45490	  68.14460	  -0.68970
700	  67.23967	  67.71767	  -0.47800
701	  67.00414	  67.27996	  -0.27583
702	  66.73644	  66.84492	  -0.10848
703	  66.46205	  66.41867	   0.04338
704	  66.19584	  66.01621	   0.17963
705	  65.93927	  65.65066	   0.28861
706	  65.68910	  65.33186	   0.35724
707	  65.49063	  65.06902	   0.42161
708	  65.38089	  64.88080	   0.50009
709	  65.29650	  64.77227	   0.52423
710	  65.30793	  64.75769	   0.55024
711	  65.38791	  64.84750	   0.54041
712	  66.42928	  63.98980	   2.43948
713	  66.71842	  64.34457	   2.37385
714	  67.00709	  64.73099	   2.27610
715	  67.20687	  65.14217	   2.06470
716	  67.32466	  65.56625	   1.75841
717	  67.39795	  65.99189	   1.40606
718	  67.44789	  66.40774	   1.04015
719	  67.43629	  66.80507	   0.63123
720	  67.36782	  67.17397	   0.19385
721	  67.29203	  67.51070	  -0.21867
722	  67.22569	  67.80967	  -0.58398
723	  67.11418	  68.06808	  -0.95390
724	  67.03468	  68.28034	  -1.24566
725	  66.94320	  68.43938	  -1.49618
726	  66.87470	  68.53988	  -1.66518
727	  66.79255	  68.57452	  -1.78197
728	  66.72639	  68.53984	  -1.81346
729	  66.64471	  68.43322	  -1.78850
730	  66.53707	  68.25649	  -1.71942
731	  66.41395	  68.01573	  -1.60178
732	  66.27121	  67.71667	  -1.44546
733	  66.11369	  67.36919	  -1.25550
734	  65.94898	  66.98476	  -1.03578
735	  65.75243	  66.57180	  -0.81937
736	  65.53378	  66.14150	  -0.60772
737	  65.29869	  65.70396	  -0.40528
738	  65.03410	  65.27245	  -0.23834
739	  64.76636	  64.85272	  -0.08636
740	  64.50902	  64.45932	   0.04970
741	  64.26347	  64.10479	   0.15868
742	  64.02571	  63.79836	   0.22735
743	  63.83990	  63.54860	   0.29130
744	  63.74363	  63.37363	   0.37000
745	  63.67208	  63.27801	   0.39407
746	  63.69558	  63.27570	   0.41988
747	  63.78709	  63.37694	   0.41015
748	  63.61415	  61.25714	   2.35701
749	  63.91959	  61.62770	   2.29189
750	  64.21948	  62.02559	   2.19389
751	  64.42396	  62.44137	   1.98259
752	  64.53735	  62.86142	   1.67593
753	  64.59716	  63.27377	   1.32339
754	  64.62554	  63.66771	   0.95783
755	  64.58513	  64.03627	   0.54886
756	  64.48322	  64.37198	   0.11124
757	  64.37253	  64.67355	  -0.30101
758	  64.27096	  64.93747	  -0.66651
759	  64.12597	  65.16239	  -1.03642
760	  64.01540	  65.34352	  -1.32812
761	  63.89567	  65.47411	  -1.57844
762	  63.80153	  65.54883	  -1.74730
763	  63.69625	  65.56019	  -1.86394
764	  63.60936	  65.50460	  -1.89525
765	  63.50901	  65.37929	  -1.87028
766	  63.38499	  65.18611	  -1.80111
767	  63.24779	  64.93113	  -1.68334
768	  63.09340	  64.62022	  -1.52682
769	  62.92672	  64.26336	  -1.33664
770	  62.75503	  63.87211	  -1.11708
771	  62.55460	  63.45495	  -0.90035
772	  62.33440	  63.02301	  -0.68861
773	  62.10041	  62.58624	  -0.48583
774	  61.83859	  62.15768	  -0.31909
775	  61.57584	  61.74275	  -0.16691
776	  61.32471	  61.35560	  -0.03089
777	  61.08652	  61.00833	   0.07819
778	  60.85671	  60.70976	   0.14695
779	  60.67870	  60.46804	   0.21066
780	  60.59057	  60.30098	   0.28959
781	  60.52658	  60.21292	   0.31366
782	  60.55709	  60.21773	   0.33935
783	  60.65543	  60.32569	   0.32974
784	  61.21032	  58.92746	   2.28286
785	  61.53087	  59.31270	   2.21817
786	  61.83994	  59.72009	   2.11985
787	  62.04609	  60.13749	   1.90860
788	  62.15107	  60.54960	   1.60147
789	  62.19276	  60.94414	   1.24863
790	  62.19498	  61.31160	   0.88338
791	  62.12168	  61.64746	   0.47422
792	  61.98338	  61.94717	   0.03621
793	  61.83629	  62.21224	  -0.37596
794	  61.69945	  62.44127	  -0.74182
795	  61.52227	  62.63417	  -1.11191
796	  61.38297	  62.78670	  -1.40374
797	  61.23803	  62.89209	  -1.65406
798	  61.12175	  62.94474	  -1.82299
799	  60.99713	  62.93680	  -1.93968
800	  60.89332	  62.86435	  -1.97103
801	  60.77810	  62.72438	  -1.94628
802	  60.64132	  62.51856	  -1.87724
803	  60.49335	  62.25292	  -1.75957
804	  60.33023	  61.93332	  -1.60309
805	  60.15677	  61.56972	  -1.41295
806	  59.97993	  61.17369	  -1.19376
807	  59.77667	  60.75363	  -0.97696
808	  59.55518	  60.32056	  -0.76538
809	  59.32171	  59.88425	  -0.56253
810	  59.06134	  59.45748	  -0.39614
811	  58.80143	  59.04538	  -0.24395
812	  58.55367	  58.66179	  -0.10812
813	  58.31937	  58.31849	   0.00088
814	  58.09363	  58.02402	   0.06961
815	  57.91936	  57.78631	   0.13304
816	  57.83517	  57.62307	   0.21210
817	  57.77472	  57.53858	   0.23614
818	  57.80853	  57.54682	   0.26171
819	  57.91047	  57.65824	   0.25223
820	  60.41404	  58.20340	   2.21064
821	  60.74918	  58.60258	   2.14660
822	  61.06575	  59.01746	   2.04829
823	  61.27057	  59.43309	   1.83748
824	  61.36298	  59.83267	   1.53031
825	  61.38175	  60.20416	   1.17759
826	  61.35318	  60.54007	   0.81311
827	  61.24320	  60.83910	   0.40411
828	  61.06616	  61.10022	  -0.03406
829	  60.88192	  61.32792	  -0.44600
830	  60.71063	  61.52278	  -0.81215
831	  60.50328	  61.68565	  -1.18237
832	  60.33810	  61.81244	  -1.47433
833	  60.17130	  61.89598	  -1.72468
834	  60.03647	  61.93016	  -1.89369
835	  59.89610	  61.90653	  -2.01043
836	  59.77889	  61.82069	  -2.04180
837	  59.65208	  61.66928	  -2.01719
838	  59.50555	  61.45375	  -1.94820
839	  59.34947	  61.17998	  -1.83051
840	  59.17985	  60.85377	  -1.67392
841	  59.00134	  60.48501	  -1.48368
842	  58.82059	  60.08520	  -1.26461
843	  58.61509	  59.66264	  -1.04755
844	  58.39231	  59.22819	  -0.83589
845	  58.15870	  58.79145	  -0.63275
846	  57.89857	  58.36498	  -0.46642
847	  57.63970	  57.95366	  -0.31396
848	  57.39306	  57.57111	  -0.17805
849	  57.16000	  57.22888	  -0.06888
850	  56.93544	  56.93540	   0.00003
851	  56.76194	  56.69851	   0.06343
852	  56.67869	  56.53594	   0.14275
853	  56.61901	  56.45213	   0.16688
854	  56.65366	  56.46124	   0.19242
855	  56.75715	  56.57407	   0.18308
856	  61.65820	  59.45168	   2.20652
857	  62.00660	  59.86387	   2.14273
858	  62.32757	  60.28360	   2.04397
859	  62.52624	  60.69310	   1.83314
860	  62.59993	  61.07447	   1.52546
861	  62.58930	  61.41677	   1.17253
862	  62.52425	  61.71558	   0.80867
863	  62.37350	  61.97374	   0.39976
864	  62.15573	  62.19421	  -0.03848
865	  61.93438	  62.38445	  -0.45007
866	  61.73040	  62.54668	  -0.81628
867	  61.49583	  62.68218	  -1.18635
868	  61.30830	  62.78650	  -1.47819
869	  61.12340	  62.85174	  -1.72835
870	  60.97369	  62.87095	  -1.89726
871	  60.82101	  62.83492	  -2.01391
872	  60.69347	  62.73868	  -2.04521
873	  60.55776	  62.57843	  -2.02068
874	  60.40370	  62.35539	  -1.95169
875	  60.24125	  62.07525	  -1.83400
876	  60.06639	  61.74373	  -1.67734
877	  59.88355	  61.37060	  -1.48705
878	  59.69912	  60.96731	  -1.26819
879	  59.49104	  60.54203	  -1.05099
880	  59.26609	  60.10550	  -0.83941
881	  59.03097	  59.66712	  -0.63616
882	  58.76929	  59.23932	  -0.47003
883	  58.50928	  58.82677	  -0.31749
884	  58.26129	  58.44295	  -0.18166
885	  58.02680	  58.09932	  -0.07252
886	  57.80070	  57.80428	  -0.00358
887	  57.62537	  57.56571	   0.05966
888	  57.54064	  57.40153	   0.13911
889	  57.47966	  57.31639	   0.16327
890	  57.51353	  57.32482	   0.18870
891	  57.61751	  57.43801	   0.17950
892	  64.48815	  62.30233	   2.18582
893	  64.84850	  62.72582	   2.12267
894	  65.17042	  63.14656	   2.02386
895	  65.35750	  63.54412	   1.81338
896	  65.40567	  63.90027	   1.50541
897	  65.35877	  64.20640	   1.15236
898	  65.25158	  64.46244	   0.78913
899	  65.05639	  64.67623	   0.38016
900	  64.79653	  64.85497	  -0.05844
901	  64.53876	  65.00878	  -0.47002
902	  64.30433	  65.14091	  -0.83659
903	  64.04571	  65.25244	  -1.20673
904	  63.83933	  65.33804	  -1.49871
905	  63.63980	  65.38866	  -1.74885
906	  63.47846	  65.39628	  -1.91781
907	  63.31635	  65.35083	  -2.03448
908	  63.18094	  65.24671	  -2.06577
909	  63.03835	  65.07971	  -2.04136
910	  62.87835	  64.85076	  -1.97241
911	  62.71066	  64.56540	  -1.85474
912	  62.53123	  64.22925	  -1.69802
913	  62.34430	  63.85202	  -1.50773
914	  62.15598	  63.44506	  -1.28908
915	  61.94469	  63.01648	  -1.07179
916	  61.71652	  62.57686	  -0.86035
917	  61.47848	  62.13552	  -0.65703
918	  61.21356	  61.70473	  -0.49117
919	  60.95048	  61.28908	  -0.33860
920	  60.69904	  60.90198	  -0.20293
921	  60.46094	  60.55488	  -0.09395
922	  60.23119	  60.25629	  -0.02510
923	  60.05209	  60.01424	   0.03785
924	  59.96417	  59.84691	   0.11726
925	  59.90059	  59.75931	   0.14127
926	  59.93282	  59.76640	   0.16642
927	  60.03699	  59.87980	   0.15719
928	  67.72528	  65.54613	   2.17915
929	  68.09410	  65.97785	   2.11625
930	  68.41095	  66.39401	   2.01694
931	  68.57846	  66.77205	   1.80642
932	  68.59241	  67.09465	   1.49776
933	  68.50155	  67.35715	   1.14440
934	  68.34693	  67.56518	   0.78175
935	  68.10503	  67.73225	   0.37278
936	  67.80362	  67.86964	  -0.06602
937	  67.51206	  67.98947	  -0.47742
938	  67.25109	  68.09520	  -0.84411
939	  66.97284	  68.18693	  -1.21409
940	  66.75185	  68.25789	  -1.50604
941	  66.54152	  68.29761	  -1.75609
942	  66.37180	  68.29685	  -1.92505
943	  66.20291	  68.24463	  -2.04172
944	  66.06170	  68.13473	  -2.07303
945	  65.91376	  67.96254	  -2.04878
946	  65.74887	  67.72877	  -1.97991
947	  65.57653	  67.43885	  -1.86232
948	  65.39275	  67.09833	  -1.70558
949	  65.20153	  66.71686	  -1.51533
950	  65.00881	  66.30574	  -1.29693
951	  64.79344	  65.87301	  -1.07957
952	  64.56095	  65.42920	  -0.86825
953	  64.31867	  64.98353	  -0.66486
954	  64.04902	  64.54822	  -0.49921
955	  63.78132	  64.12783	  -0.34651
956	  63.52490	  63.73578	  -0.21088
957	  63.28172	  63.38364	  -0.10192
958	  63.04709	  63.08007	  -0.03298
959	  62.86327	  62.83339	   0.02988
960	  62.77163	  62.66214	   0.10949
961	  62.70538	  62.57176	   0.13362
962	  62.73643	  62.57768	   0.15875
963	  62.84180	  62.69198	   0.14981
964	  69.41941	  67.20914	   2.21027
965	  69.79216	  67.64404	   2.14812
966	  70.09669	  68.04786	   2.04882
967	  70.23569	  68.39696	   1.83873
968	  70.20641	  68.67675	   1.52967
969	  70.06450	  68.88839	   1.17611
970	  69.85840	  69.04445	   0.81394
971	  69.56905	  69.16430	   0.40475
972	  69.22808	  69.26266	  -0.03459
973	  68.90638	  69.35259	  -0.44621
974	  68.62338	  69.43671	  -0.81332
975	  68.33006	  69.51340	  -1.18334
976	  68.09857	  69.57405	  -1.47548
977	  67.88098	  69.60652	  -1.72554
978	  67.70575	  69.60032	  -1.89456
979	  67.53235	  69.54357	  -2.01122
980	  67.38705	  69.42953	  -2.04248
981	  67.23498	  69.25327	  -2.01829
982	  67.06601	  69.01535	  -1.94935
983	  66.88946	  68.72114	  -1.83168
984	  66.70142	  68.37615	  -1.67473
985	  66.50569	  67.99002	  -1.48433
986	  66.30809	  67.57406	  -1.26598
987	  66.08792	  67.13627	  -1.04835
988	  65.85017	  66.68716	  -0.83699
989	  65.60257	  66.23589	  -0.63333
990	  65.32701	  65.79474	  -0.46773
991	  65.05352	  65.36827	  -0.31476
992	  64.79097	  64.97004	  -0.17907
993	  64.54170	  64.61177	  -0.07006
994	  64.30142	  64.30242	  -0.00099
995	  64.11241	  64.05064	   0.06177
996	  64.01696	  63.87546	   0.14151
997	  63.94842	  63.78275	   0.16567
998	  63.97912	  63.78848	   0.19064
999	  64.08702	  63.90519	   0.18183
1000	  67.65525	  65.35679	   2.29846
1001	  68.02385	  65.78733	   2.23652
1002	  68.30546	  66.16870	   2.13676
1003	  68.40470	  66.47795	   1.92676
1004	  68.32260	  66.70553	   1.61707
1005	  68.12377	  66.86037	   1.26340
1006	  67.86467	  66.96274	   0.90193
1007	  67.53028	  67.03735	   0.49293
1008	  67.15467	  67.10115	   0.05352
1009	  66.80889	  67.16678	  -0.35789
1010	  66.51003	  67.23499	  -0.72496
1011	  66.20722	  67.30181	  -1.09459
1012	  65.96980	  67.35644	  -1.38664
1013	  65.74853	  67.38504	  -1.63650
1014	  65.57047	  67.37592	  -1.80545
1015	  65.39442	  67.31645	  -1.92203
1016	  65.24627	  67.19947	  -1.95320
1017	  65.09076	  67.01986	  -1.92909
1018	  64.91796	  66.77809	  -1.86013
1019	  64.73707	  66.47953	  -1.74246
1020	  64.54435	  66.12976	  -1.58541
1021	  64.34343	  65.73843	  -1.39500
1022	  64.14003	  65.31687	  -1.17684
1023	  63.91398	  64.87311	  -0.95913
1024	  63.66977	  64.41768	  -0.74790
1025	  63.41562	  63.95978	  -0.54415
1026	  63.13293	  63.51174	  -0.37880
1027	  62.85254	  63.07826	  -0.22572
1028	  62.58293	  62.67307	  -0.09014
1029	  62.32691	  62.30817	   0.01874
1030	  62.08070	  61.99287	   0.08782
1031	  61.88663	  61.73627	   0.15036
1032	  61.78804	  61.55787	   0.23017
1033	  61.71840	  61.46409	   0.25431
1034	  61.75046	  61.47137	   0.27909
1035	  61.86313	  61.59270	   0.27044
1036	  61.70258	  59.35992	   2.34266
1037	  62.05667	  59.77578	   2.28089
1038	  62.30306	  60.12249	   2.18057
1039	  62.35082	  60.38036	   1.97046
1040	  62.20729	  60.54749	   1.65980
1041	  61.94773	  60.64209	   1.30564
1042	  61.63644	  60.69207	   0.94437
1043	  61.26135	  60.72622	   0.53513
1044	  60.85723	  60.76199	   0.09524
1045	  60.49380	  60.81018	  -0.31638
1046	  60.18501	  60.86871	  -0.68370
1047	  59.87766	  60.93081	  -1.05315
1048	  59.63805	  60.98343	  -1.34538
1049	  59.41582	  61.01109	  -1.59528
1050	  59.23674	  61.00110	  -1.76436
1051	  59.05917	  60.94024	  -1.88107
1052	  58.90876	  60.82109	  -1.91234
1053	  58.74998	  60.63846	  -1.88848
1054	  58.57319	  60.39284	  -1.81965
1055	  58.38755	  60.08969	  -1.70215
1056	  58.18956	  59.73468	  -1.54512
1057	  57.98268	  59.33752	  -1.35484
1058	  57.77264	  58.90964	  -1.13700
1059	  57.53981	  58.45912	  -0.91931
1060	  57.28825	  57.99655	  -0.70830
1061	  57.02672	  57.53124	  -0.50452
1062	  56.73618	  57.07566	  -0.33948
1063	  56.44838	  56.63468	  -0.18630
1064	  56.17149	  56.22231	  -0.05082
1065	  55.90884	  55.85088	   0.05796
1066	  55.65727	  55.53016	   0.12710
1067	  55.45915	  55.26970	   0.18945
1068	  55.35900	  55.08956	   0.26944
1069	  55.29037	  54.99668	   0.29369
1070	  55.32638	  55.00795	   0.31842
1071	  55.44686	  55.13672	   0.31014
1072	  52.87936	  50.42873	   2.45063
1073	  53.20674	  50.81691	   2.38983
1074	  53.40563	  51.11556	   2.29007
1075	  53.39236	  51.31133	   2.08102
1076	  53.18294	  51.41245	   1.77049
1077	  52.86377	  51.44705	   1.41673
1078	  52.50564	  51.44952	   1.05612
1079	  52.09768	  51.45072	   0.64696
1080	  51.67336	  51.46668	   0.20668
1081	  51.29982	  51.50499	  -0.20518
1082	  50.98736	  51.56012	  -0.57276
1083	  50.68028	  51.62232	  -0.94204
1084	  50.44192	  51.67639	  -1.23447
1085	  50.22112	  51.70548	  -1.48436
1086	  50.04260	  51.69610	  -1.65350
1087	  49.86449	  51.63469	  -1.77020
1088	  49.71238	  51.51375	  -1.80137
1089	  49.55059	  51.32812	  -1.77753
1090	  49.36988	  51.07845	  -1.70857
1091	  49.17939	  50.77033	  -1.59095
1092	  48.97592	  50.40957	  -1.43365
1093	  48.76283	  50.00603	  -1.24320
1094	  48.54584	  49.57122	  -1.02538
1095	  48.30590	  49.11335	  -0.80745
1096	  48.04673	  48.64313	  -0.59640
1097	  47.77766	  48.17001	  -0.39236
1098	  47.47924	  47.70667	  -0.22743
1099	  47.18424	  47.25824	  -0.07400
1100	  46.90053	  46.83905	   0.06148
1101	  46.63205	  46.46187	   0.17019
1102	  46.37629	  46.13693	   0.23936
1103	  46.17570	  45.87432	   0.30138
1104	  46.07599	  45.69463	   0.38136
1105	  46.01072	  45.60529	   0.40543
1106	  46.05334	  45.62360	   0.42974
1107	  46.18449	  45.76311	   0.42139
1108	  43.27753	  40.78155	   2.49598
1109	  43.56215	  41.12726	   2.43489
1110	  43.69949	  41.36478	   2.33471
1111	  43.61649	  41.49044	   2.12606
1112	  43.33956	  41.52416	   1.81540
1113	  42.96549	  41.50333	   1.46217
1114	  42.56911	  41.46666	   1.10245
1115	  42.13848	  41.44457	   0.69391
1116	  41.70366	  41.44984	   0.25382
1117	  41.32811	  41.48589	  -0.15778
1118	  41.01829	  41.54342	  -0.52512
1119	  40.71602	  41.60984	  -0.89382
1120	  40.48188	  41.66809	  -1.18621
1121	  40.26435	  41.70028	  -1.43593
1122	  40.08741	  41.69243	  -1.60502
1123	  39.90918	  41.63086	  -1.72168
1124	  39.75541	  41.50816	  -1.75275
1125	  39.59040	  41.31935	  -1.72895
1126	  39.40541	  41.06531	  -1.65990
1127	  39.20961	  40.75180	  -1.54220
1128	  39.00020	  40.38486	  -1.38466
1129	  38.78042	  39.97448	  -1.19406
1130	  38.55610	  39.53236	  -0.97627
1131	  38.30877	  39.06685	  -0.75808
1132	  38.04189	  38.58882	  -0.54693
1133	  37.76541	  38.10793	  -0.34252
1134	  37.45954	  37.63712	  -0.17758
1135	  37.15814	  37.18185	  -0.02371
1136	  36.86882	  36.75685	   0.11198
1137	  36.59626	  36.37534	   0.22092
1138	  36.33855	  36.04809	   0.29047
1139	  36.13820	  35.78569	   0.35251
1140	  36.04221	  35.60929	   0.43292
1141	  35.98398	  35.52671	   0.45727
1142	  36.03716	  35.55552	   0.48164
1143	  36.18307	  35.70934	   0.47373
1144	  34.86143	  32.29402	   2.56741
1145	  35.08905	  32.58226	   2.50679
1146	  35.15463	  32.74804	   2.40659
1147	  34.99822	  32.80007	   2.19815
1148	  34.65692	  32.77013	   1.88680
1149	  34.23597	  32.70276	   1.53321
1150	  33.81130	  32.63805	   1.17325
1151	  33.36789	  32.60352	   0.76438
1152	  32.93092	  32.60726	   0.32366
1153	  32.55968	  32.64802	  -0.08834
1154	  32.25697	  32.71284	  -0.45587
1155	  31.96238	  32.78666	  -0.82428
1156	  31.73413	  32.85098	  -1.11685
1157	  31.52073	  32.88726	  -1.36652
1158	  31.34568	  32.88132	  -1.53564
1159	  31.16729	  32.81961	  -1.65232
1160	  31.01162	  32.69494	  -1.68332
1161	  30.84304	  32.50265	  -1.65961
1162	  30.65334	  32.24387	  -1.59053
1163	  30.45179	  31.92464	  -1.47285
1164	  30.23601	  31.55121	  -1.31520
1165	  30.00916	  31.13379	  -1.12463
1166	  29.77720	  30.68426	  -0.90707
1167	  29.52226	  30.21116	  -0.68890
1168	  29.24764	  29.72560	  -0.47796
1169	  28.96393	  29.23747	  -0.27354
1170	  28.65103	  28.76004	  -0.10901
1171	  28.34398	  28.29915	   0.04483
1172	  28.05018	  27.86996	   0.18022
1173	  27.77506	  27.48620	   0.28886
1174	  27.51739	  27.15917	   0.35821
1175	  27.31964	  26.89998	   0.41966
1176	  27.23012	  26.73020	   0.49992
1177	  27.18194	  26.65796	   0.52399
1178	  27.24885	  26.70097	   0.54788
1179	  27.41266	  26.87273	   0.53993
1180	  28.44446	  25.80612	   2.63834
1181	  28.60131	  26.02392	   2.57739
1182	  28.58912	  26.11199	   2.47713
1183	  28.36206	  26.09265	   2.26940
1184	  27.96635	  26.00796	   1.95839
1185	  27.51198	  25.90637	   1.60561
1186	  27.07259	  25.82619	   1.24639
1187	  26.62824	  25.79007	   0.83817
1188	  26.19819	  25.80057	   0.39762
1189	  25.83756	  25.85183	  -0.01427
1190	  25.54604	  25.92762	  -0.38158
1191	  25.26147	  26.01093	  -0.74946
1192	  25.04026	  26.08236	  -1.04210
1193	  24.83138	  26.12306	  -1.29168
1194	  24.65817	  26.11899	  -1.46082
1195	  24.47933	  26.05687	  -1.57754
1196	  24.32142	  25.92990	  -1.60849
1197	  24.14893	  25.73378	  -1.58484
1198	  23.95427	  25.46997	  -1.51570
1199	  23.74685	  25.14483	  -1.39797
1200	  23.52474	  24.76484	  -1.24010
1201	  23.29105	  24.34045	  -1.04940
1202	  23.05190	  23.88377	  -0.83187
1203	  22.79006	  23.40356	  -0.61350
1204	  22.50877	  22.91120	  -0.40243
1205	  22.21925	  22.41689	  -0.19764
1206	  21.90113	  21.93424	  -0.03311
1207	  21.59071	  21.46954	   0.12117
1208	  21.29516	  21.03839	   0.25677
1209	  21.02074	  20.65505	   0.36569
1210	  20.76675	  20.33132	   0.43544
1211	  20.57559	  20.07874	   0.49685
1212	  20.49683	  19.91925	   0.57758
1213	  20.46305	  19.86112	   0.60194
1214	  20.54791	  19.92201	   0.62589
1215	  20.73350	  20.11512	   0.61838
1216	  23.94301	  21.27286	   2.67015
1217	  24.02094	  21.41174	   2.60920
1218	  23.93089	  21.42232	   2.50857
1219	  23.64045	  21.33989	   2.30056
1220	  23.20220	  21.21356	   1.98864
1221	  22.72718	  21.09197	   1.63521
1222	  22.28425	  21.00896	   1.27529
1223	  21.84760	  20.98100	   0.86660
1224	  21.43040	  21.00506	   0.42534
1225	  21.08396	  21.07103	   0.01294
1226	  20.80557	  21.16012	  -0.35455
1227	  20.53180	  21.25400	  -0.72220
1228	  20.31768	  21.33279	  -1.01511
1229	  20.11302	  21.37775	  -1.26473
1230	  19.94119	  21.37517	  -1.43398
1231	  19.76139	  21.31222	  -1.55083
1232	  19.60078	  21.18259	  -1.58181
1233	  19.42403	  20.98236	  -1.55833
1234	  19.22415	  20.71341	  -1.48926
1235	  19.01073	  20.38238	  -1.37165
1236	  18.78228	  19.99605	  -1.21377
1237	  18.54193	  19.56512	  -1.02319
1238	  18.29598	  19.10196	  -0.80598
1239	  18.02783	  18.61559	  -0.58776
1240	  17.74072	  18.11767	  -0.37695
1241	  17.44653	  17.61876	  -0.17223
1242	  17.12468	  17.13286	  -0.00817
1243	  16.81271	  16.66670	   0.14601
1244	  16.51761	  16.23636	   0.28125
1245	  16.24648	  15.85659	   0.38990
1246	  15.99906	  15.53962	   0.45945
1247	  15.81758	  15.29736	   0.52023
1248	  15.75282	  15.15193	   0.60089
1249	  15.73664	  15.11161	   0.62504
1250	  15.84244	  15.19380	   0.64864
1251	  16.05241	  15.41119	   0.64122
