L0  Nsteps           time(ps)         Etot             EKinetic        
L1  Temp             T_solute         T_solv           Pres_scal_solu  
L2  Pres_scal_solv   BoxX             BoxY             BoxZ            
L3  volume           pres_X           pres_Y           pres_Z          
L4  Pressure         EKCoM_x          EKCoM_y          EKCoM_z         
L5  EKComTot         VIRIAL_x         VIRIAL_y         VIRIAL_z        
L6  VIRIAL_tot       E_pot            E_vdw            E_el            
L7  E_hbon           E_bon            E_angle          E_dih           
L8  E_14vdw          E_14el           E_const          E_pol           
L9  AV_permMoment    AV_indMoment     AV_totMoment     Density          dV/dlambda      
L0     1000  0.2000000000E+01  -.7306756252E+04  0.1609909688E+04
L1 0.2851612563E+03  0.2851612563E+03  -.8916665940E+10  0.1000000000E+01
L2 0.1000000000E+01  0.3434862697E+02  0.3434862697E+02  0.3434862697E+02
L3 0.3119832610E+05  -.8019865755E+03  -.5401602360E+03  -.5918358314E+03
L4 -.6446608810E+03  0.2726848636E+03  0.2789148048E+03  0.2763926561E+03
L5 0.8279923245E+03  0.4527605057E+03  0.4002007518E+03  0.4092816852E+03
L6 0.1262242943E+04  -.8916665940E+04  0.1349676828E+04  -.1033916922E+05
L7 0.0000000000E+00  0.2604759368E+01  0.7405373211E+01  0.1161632969E+02
L8 0.3262561059E+01  0.4493182104E+02  0.3005605728E+01  0.0000000000E+00
L9 0.0000000000E+00  0.0000000000E+00  0.0000000000E+00  0.9071431043E+00  0.0000000000E+00
L0     2000  0.4000000000E+01  -.7186734009E+04  0.1687618331E+04
L1 0.2989256894E+03  0.2989256894E+03  -.8874352340E+10  0.1000000000E+01
L2 0.1000000000E+01  0.3386357601E+02  0.3386357601E+02  0.3386357601E+02
L3 0.2989535397E+05  -.6867674190E+03  -.7017119194E+03  -.7079604287E+03
L4 -.6988132557E+03  0.2860318916E+03  0.2832186755E+03  0.2716365821E+03
L5 0.8408871492E+03  0.4337963423E+03  0.4341985755E+03  0.4239609076E+03
L6 0.1291955825E+04  -.8874352340E+04  0.1248289753E+04  -.1019675677E+05
L7 0.0000000000E+00  0.1569061649E+01  0.9954237540E+01  0.9527490089E+01
L8 0.3463890872E+01  0.4744391480E+02  0.2156077357E+01  0.0000000000E+00
L9 0.0000000000E+00  0.0000000000E+00  0.0000000000E+00  0.9466804244E+00  0.0000000000E+00
L0     3000  0.6000000000E+01  -.7259002094E+04  0.1711685595E+04
L1 0.3031886933E+03  0.3031886933E+03  -.8970687689E+10  0.1000000000E+01
L2 0.1000000000E+01  0.3354880243E+02  0.3354880243E+02  0.3354880243E+02
L3 0.2906700391E+05  0.4855128812E+03  -.7194296968E+03  0.9286829837E+03
L4 0.2315887227E+03  0.2747956054E+03  0.3060424247E+03  0.2883186593E+03
L5 0.8691566893E+03  0.1732274405E+03  0.4565454430E+03  0.9404034024E+02
L6 0.7238132238E+03  -.8970687689E+04  0.1365972427E+04  -.1040558533E+05
L7 0.0000000000E+00  0.1223911711E+01  0.7018229050E+01  0.9774536599E+01
L8 0.3777854892E+01  0.4601343790E+02  0.1117247618E+01  0.0000000000E+00
L9 0.0000000000E+00  0.0000000000E+00  0.0000000000E+00  0.9736588771E+00  0.0000000000E+00
L0     4000  0.8000000000E+01  -.7306320086E+04  0.1718215354E+04
L1 0.3043453012E+03  0.3043453012E+03  -.9024535440E+10  0.1000000000E+01
L2 0.1000000000E+01  0.3343429397E+02  0.3343429397E+02  0.3343429397E+02
L3 0.2876946412E+05  0.7961956765E+03  0.5628085932E+03  0.4122539065E+03
L4 0.5904193921E+03  0.2936056827E+03  0.2743347281E+03  0.2899022456E+03
L5 0.8578426564E+03  0.1287483885E+03  0.1578016891E+03  0.2045424960E+03
L6 0.4910925736E+03  -.9024535440E+04  0.1412880570E+04  -.1050871161E+05
L7 0.0000000000E+00  0.1437983965E+01  0.1064869203E+02  0.8889841080E+01
L8 0.2909142337E+01  0.4554827676E+02  0.1861663568E+01  0.0000000000E+00
L9 0.0000000000E+00  0.0000000000E+00  0.0000000000E+00  0.9837286600E+00  0.0000000000E+00
L0     5000  0.1000000000E+02  -.7362485591E+04  0.1659131933E+04
L1 0.2938799300E+03  0.2938799300E+03  -.9021617525E+10  0.1000000000E+01
L2 0.1000000000E+01  0.3335212635E+02  0.3335212635E+02  0.3335212635E+02
L3 0.2855981110E+05  0.2459815904E+02  -.2206147435E+03  -.3130880570E+03
L4 -.1697015471E+03  0.2735206245E+03  0.2834840749E+03  0.2844118233E+03
L5 0.8414165227E+03  0.2684645378E+03  0.3288308538E+03  0.3487662479E+03
L6 0.9460616395E+03  -.9021617525E+04  0.1311483087E+04  -.1041400872E+05
L7 0.0000000000E+00  0.6794514564E+01  0.1488770561E+02  0.1229732155E+02
L8 0.2383706550E+01  0.4240611179E+02  0.2138745219E+01  0.0000000000E+00
L9 0.0000000000E+00  0.0000000000E+00  0.0000000000E+00  0.9909500551E+00  0.0000000000E+00
L0     6000  0.1200000000E+02  -.7373655533E+04  0.1692400108E+04
L1 0.2997726796E+03  0.2997726796E+03  -.9066055641E+10  0.1000000000E+01
L2 0.1000000000E+01  0.3336716912E+02  0.3336716912E+02  0.3336716912E+02
L3 0.2859796609E+05  0.4275398481E+03  -.9102858762E+03  0.5690896107E+03
L4 0.2878119420E+02  0.2680104012E+03  0.2702439700E+03  0.2617354574E+03
L5 0.7999898286E+03  0.1800133081E+03  0.4576008007E+03  0.1446043136E+03
L6 0.7822184225E+03  -.9066055641E+04  0.1367926057E+04  -.1050912970E+05
L7 0.0000000000E+00  0.2355074075E+01  0.9752826896E+01  0.1186265358E+02
L8 0.2459567439E+01  0.4515961168E+02  0.3558263807E+01  0.0000000000E+00
L9 0.0000000000E+00  0.0000000000E+00  0.0000000000E+00  0.9896279440E+00  0.0000000000E+00
L0     7000  0.1400000000E+02  -.7231727588E+04  0.1692715140E+04
L1 0.2998284807E+03  0.2998284807E+03  -.8924442728E+10  0.1000000000E+01
L2 0.1000000000E+01  0.3336615215E+02  0.3336615215E+02  0.3336615215E+02
L3 0.2859538259E+05  -.3330269157E+02  0.5349021160E+03  -.4520215617E+03
L4 0.1652595423E+02  0.2740585590E+03  0.3013121168E+03  0.2678673022E+03
L5 0.8432379780E+03  0.2809123653E+03  0.1912274563E+03  0.3608948650E+03
L6 0.8330346866E+03  -.8924442728E+04  0.1290519377E+04  -.1028820084E+05
L7 0.0000000000E+00  0.8361852433E+00  0.7802385995E+01  0.8909747956E+01
L8 0.4691031570E+01  0.4868620700E+02  0.2313180828E+01  0.0000000000E+00
L9 0.0000000000E+00  0.0000000000E+00  0.0000000000E+00  0.9897173540E+00  0.0000000000E+00
L0     8000  0.1600000000E+02  -.7320762578E+04  0.1684940606E+04
L1 0.2984513875E+03  0.2984513875E+03  -.9005703184E+10  0.1000000000E+01
L2 0.1000000000E+01  0.3342863090E+02  0.3342863090E+02  0.3342863090E+02
L3 0.2875775313E+05  -.6438363031E+03  -.5371638956E+03  -.4457558555E+03
L4 -.5422520181E+03  0.2719052601E+03  0.2572199218E+03  0.2790121682E+03
L5 0.8081373501E+03  0.4051613275E+03  0.3683977909E+03  0.3712711353E+03
L6 0.1144830254E+04  -.9005703184E+04  0.1287939546E+04  -.1037548981E+05
L7 0.0000000000E+00  0.1427516948E+01  0.1164959911E+02  0.1184544681E+02
L8 0.3869777482E+01  0.4632573147E+02  0.6729010220E+01  0.0000000000E+00
L9 0.0000000000E+00  0.0000000000E+00  0.0000000000E+00  0.9841292630E+00  0.0000000000E+00
L0     9000  0.1800000000E+02  -.7405897900E+04  0.1648877737E+04
L1 0.2920636173E+03  0.2920636173E+03  -.9054775637E+10  0.1000000000E+01
L2 0.1000000000E+01  0.3341737054E+02  0.3341737054E+02  0.3341737054E+02
L3 0.2872840079E+05  -.4053100626E+03  -.9092609023E+03  0.4038855505E+02
L4 -.4247274700E+03  0.3024992344E+03  0.2580511389E+03  0.2613737215E+03
L5 0.8219240948E+03  0.3863014339E+03  0.4460505757E+03  0.2530229548E+03
L6 0.1085374964E+04  -.9054775637E+04  0.1297824211E+04  -.1042175555E+05
L7 0.0000000000E+00  0.3132285249E+01  0.7593014972E+01  0.9818660539E+01
L8 0.2847962348E+01  0.4206763290E+02  0.3696145786E+01  0.0000000000E+00
L9 0.0000000000E+00  0.0000000000E+00  0.0000000000E+00  0.9851347658E+00  0.0000000000E+00
L0    10000  0.2000000000E+02  -.7311356787E+04  0.1673555087E+04
L1 0.2964346850E+03  0.2964346850E+03  -.8984911874E+10  0.1000000000E+01
L2 0.1000000000E+01  0.3334296897E+02  0.3334296897E+02  0.3334296897E+02
L3 0.2853567255E+05  0.1354787355E+03  0.3617502082E+03  -.2752631240E+03
L4 0.7398860656E+02  0.2846978245E+03  0.2736942521E+03  0.2904426788E+03
L5 0.8488347554E+03  0.2568740639E+03  0.1994002964E+03  0.3469744675E+03
L6 0.8032488279E+03  -.8984911874E+04  0.1322594109E+04  -.1038706955E+05
L7 0.0000000000E+00  0.8138206270E+01  0.1305151373E+02  0.1117859639E+02
L8 0.3063102703E+01  0.4060407860E+02  0.3528072377E+01  0.0000000000E+00
L9 0.0000000000E+00  0.0000000000E+00  0.0000000000E+00  0.9917883078E+00  0.0000000000E+00
