L0  Nsteps           time(ps)         Etot             EKinetic        
L1  Temp             T_solute         T_solv           Pres_scal_solu  
L2  Pres_scal_solv   BoxX             BoxY             BoxZ            
L3  volume           pres_X           pres_Y           pres_Z          
L4  Pressure         EKCoM_x          EKCoM_y          EKCoM_z         
L5  EKComTot         VIRIAL_x         VIRIAL_y         VIRIAL_z        
L6  VIRIAL_tot       E_pot            E_vdw            E_el            
L7  E_hbon           E_bon            E_angle          E_dih           
L8  E_14vdw          E_14el           E_const          E_pol           
L9  AV_permMoment    AV_indMoment     AV_totMoment     Density          dV/dlambda      
L0     1000  0.2000000000E+01  -.7188624301E+04  0.1636939886E+04
L1 0.2917978530E+03  0.2917978530E+03  -.8825564187E+10  0.1000000000E+01
L2 0.1000000000E+01  0.3426747702E+02  0.3426747702E+02  0.3426747702E+02
L3 0.3097831748E+05  -.1222938519E+04  -.3362888706E+03  -.1016483870E+04
L4 -.8585704198E+03  0.2652892654E+03  0.2519181618E+03  0.2664287816E+03
L5 0.7836362088E+03  0.5379477587E+03  0.3268949619E+03  0.4930574764E+03
L6 0.1357900197E+04  -.8825564187E+04  0.1296855977E+04  -.1019978504E+05
L7 0.0000000000E+00  0.3189769691E+01  0.7346379450E+01  0.9789444603E+01
L8 0.4805395902E+01  0.4848864454E+02  0.3745237610E+01  0.0000000000E+00
L9 0.0000000000E+00  0.0000000000E+00  0.0000000000E+00  0.9077912567E+00  0.0000000000E+00
L0     2000  0.4000000000E+01  -.7117642874E+04  0.1676465139E+04
L1 0.2988435509E+03  0.2988435509E+03  -.8794108013E+10  0.1000000000E+01
L2 0.1000000000E+01  0.3377690060E+02  0.3377690060E+02  0.3377690060E+02
L3 0.2966553241E+05  -.7903730796E+03  -.4713729493E+03  0.1322674245E+03
L4 -.3764928681E+03  0.2875580184E+03  0.2884201735E+03  0.2832511735E+03
L5 0.8592293653E+03  0.4563068858E+03  0.3890608119E+03  0.2550113730E+03
L6 0.1100379071E+04  -.8794108013E+04  0.1274649336E+04  -.1014365690E+05
L7 0.0000000000E+00  0.1419252118E+01  0.6318616725E+01  0.1495033243E+02
L8 0.3653911092E+01  0.4471018706E+02  0.3847252324E+01  0.0000000000E+00
L9 0.0000000000E+00  0.0000000000E+00  0.0000000000E+00  0.9479636289E+00  0.0000000000E+00
L0     3000  0.6000000000E+01  -.7230630636E+04  0.1630376889E+04
L1 0.2906279453E+03  0.2906279453E+03  -.8861007525E+10  0.1000000000E+01
L2 0.1000000000E+01  0.3340145979E+02  0.3340145979E+02  0.3340145979E+02
L3 0.2868633793E+05  0.5129878115E+01  0.1801940330E+02  -.6903549571E+02
L4 -.1529540476E+02  0.2501985093E+03  0.2761691113E+03  0.2851565313E+03
L5 0.8115241519E+03  0.2491394050E+03  0.2724488616E+03  0.2994094609E+03
L6 0.8209977274E+03  -.8861007525E+04  0.1313657351E+04  -.1024611253E+05
L7 0.0000000000E+00  0.1330065927E+01  0.8871043773E+01  0.9975287194E+01
L8 0.3500282846E+01  0.4457559230E+02  0.3195382396E+01  0.0000000000E+00
L9 0.0000000000E+00  0.0000000000E+00  0.0000000000E+00  0.9803219157E+00  0.0000000000E+00
L0     4000  0.8000000000E+01  -.7355353357E+04  0.1655641636E+04
L1 0.2951315921E+03  0.2951315921E+03  -.9010994993E+10  0.1000000000E+01
L2 0.1000000000E+01  0.3331321183E+02  0.3331321183E+02  0.3331321183E+02
L3 0.2845989580E+05  -.4090266903E+03  -.3321408736E+03  0.3065384480E+03
L4 -.1448763720E+03  0.2666694451E+03  0.2743565645E+03  0.2819146033E+03
L5 0.8229406128E+03  0.3504496723E+03  0.3423884033E+03  0.2191268649E+03
L6 0.9119649405E+03  -.9010994993E+04  0.1333715102E+04  -.1041821428E+05
L7 0.0000000000E+00  0.4549429063E+01  0.9211959900E+01  0.9629322443E+01
L8 0.2909840548E+01  0.4452203065E+02  0.2681600762E+01  0.0000000000E+00
L9 0.0000000000E+00  0.0000000000E+00  0.0000000000E+00  0.9881218803E+00  0.0000000000E+00
L0     5000  0.1000000000E+02  -.7267103490E+04  0.1666830193E+04
L1 0.2971260433E+03  0.2971260433E+03  -.8933933683E+10  0.1000000000E+01
L2 0.1000000000E+01  0.3335272781E+02  0.3335272781E+02  0.3335272781E+02
L3 0.2856044521E+05  -.2569180189E+02  0.5644855598E+03  0.2489390597E+02
L4 0.1878958880E+03  0.2859210958E+03  0.2682771799E+03  0.2876591780E+03
L5 0.8418574538E+03  0.2912020952E+03  0.1522460852E+03  0.2825421876E+03
L6 0.7259903681E+03  -.8933933683E+04  0.1346541087E+04  -.1035594148E+05
L7 0.0000000000E+00  0.3921263736E+01  0.9100281231E+01  0.1232955054E+02
L8 0.3538638881E+01  0.4563740383E+02  0.9395717277E+00  0.0000000000E+00
L9 0.0000000000E+00  0.0000000000E+00  0.0000000000E+00  0.9846431156E+00  0.0000000000E+00
L0     6000  0.1200000000E+02  -.7209307181E+04  0.1677346678E+04
L1 0.2990006925E+03  0.2990006925E+03  -.8886653859E+10  0.1000000000E+01
L2 0.1000000000E+01  0.3338777655E+02  0.3338777655E+02  0.3338777655E+02
L3 0.2865024950E+05  0.9442571065E+03  0.2070870998E+02  -.1545710964E+02
L4 0.3165029023E+03  0.2599710595E+03  0.2745759395E+03  0.2697542522E+03
L5 0.8043012512E+03  0.6526689065E+02  0.2703058396E+03  0.2729414813E+03
L6 0.6085142115E+03  -.8886653859E+04  0.1346831963E+04  -.1031039118E+05
L7 0.0000000000E+00  0.3020250077E+01  0.8699134972E+01  0.1179226388E+02
L8 0.3293836755E+01  0.4636092760E+02  0.3738947847E+01  0.0000000000E+00
L9 0.0000000000E+00  0.0000000000E+00  0.0000000000E+00  0.9815567487E+00  0.0000000000E+00
L0     7000  0.1400000000E+02  -.7272857731E+04  0.1658066995E+04
L1 0.2955639321E+03  0.2955639321E+03  -.8930924727E+10  0.1000000000E+01
L2 0.1000000000E+01  0.3332735233E+02  0.3332735233E+02  0.3332735233E+02
L3 0.2849679205E+05  -.3203499007E+03  -.4947167372E+03  -.3744539029E+03
L4 -.3965068470E+03  0.3013929201E+03  0.2573445056E+03  0.2808027097E+03
L5 0.8395401354E+03  0.3670947018E+03  0.3588078462E+03  0.3576008874E+03
L6 0.1083503435E+04  -.8930924727E+04  0.1275350440E+04  -.1028421140E+05
L7 0.0000000000E+00  0.6402513760E+01  0.8991350658E+01  0.1029846969E+02
L8 0.4548827154E+01  0.4622527979E+02  0.1469791587E+01  0.0000000000E+00
L9 0.0000000000E+00  0.0000000000E+00  0.0000000000E+00  0.9868425088E+00  0.0000000000E+00
L0     8000  0.1600000000E+02  -.7281842256E+04  0.1621311855E+04
L1 0.2890120292E+03  0.2890120292E+03  -.8903154111E+10  0.1000000000E+01
L2 0.1000000000E+01  0.3335966004E+02  0.3335966004E+02  0.3335966004E+02
L3 0.2857772161E+05  0.5709039619E+03  0.4279750090E+03  0.1954190835E+03
L4 0.3980993515E+03  0.2951138605E+03  0.2609150655E+03  0.2733409836E+03
L5 0.8293699096E+03  0.1776924648E+03  0.1728907633E+03  0.2331479160E+03
L6 0.5837311441E+03  -.8903154111E+04  0.1352516388E+04  -.1032617036E+05
L7 0.0000000000E+00  0.1324157849E+01  0.8220428459E+01  0.9771425083E+01
L8 0.3977812058E+01  0.4538457551E+02  0.1821466383E+01  0.0000000000E+00
L9 0.0000000000E+00  0.0000000000E+00  0.0000000000E+00  0.9840478584E+00  0.0000000000E+00
L0     9000  0.1800000000E+02  -.7266024716E+04  0.1672547052E+04
L1 0.2981451200E+03  0.2981451200E+03  -.8938571768E+10  0.1000000000E+01
L2 0.1000000000E+01  0.3330337118E+02  0.3330337118E+02  0.3330337118E+02
L3 0.2843476468E+05  0.2341395754E+03  -.7842773162E+03  0.1806592826E+02
L4 -.1773572708E+03  0.2682213271E+03  0.2754985769E+03  0.2875354116E+03
L5 0.8312553156E+03  0.2203052731E+03  0.4359988858E+03  0.2838382665E+03
L6 0.9401424254E+03  -.8938571768E+04  0.1306623103E+04  -.1032588380E+05
L7 0.0000000000E+00  0.6129855209E+01  0.1065160815E+02  0.1200222511E+02
L8 0.4539225786E+01  0.4473812379E+02  0.2627891741E+01  0.0000000000E+00
L9 0.0000000000E+00  0.0000000000E+00  0.0000000000E+00  0.9889951991E+00  0.0000000000E+00
L0    10000  0.2000000000E+02  -.7285871310E+04  0.1682796357E+04
L1 0.2999721421E+03  0.2999721421E+03  -.8968667668E+10  0.1000000000E+01
L2 0.1000000000E+01  0.3336599930E+02  0.3336599930E+02  0.3336599930E+02
L3 0.2859607708E+05  -.5690178018E+03  -.1239513069E+03  -.5364306527E+03
L4 -.4097999205E+03  0.2781469317E+03  0.2723834473E+03  0.2796805089E+03
L5 0.8302108880E+03  0.3952555596E+03  0.2978936641E+03  0.3900824287E+03
L6 0.1083231652E+04  -.8968667668E+04  0.1292578986E+04  -.1033698384E+05
L7 0.0000000000E+00  0.4343922169E+01  0.6046835111E+01  0.1122472372E+02
L8 0.4100184649E+01  0.4706362697E+02  0.2957891532E+01  0.0000000000E+00
L9 0.0000000000E+00  0.0000000000E+00  0.0000000000E+00  0.9834162103E+00  0.0000000000E+00
