L0  Nsteps           time(ps)         Etot             EKinetic        
L1  Temp             T_solute         T_solv           Pres_scal_solu  
L2  Pres_scal_solv   BoxX             BoxY             BoxZ            
L3  volume           pres_X           pres_Y           pres_Z          
L4  Pressure         EKCoM_x          EKCoM_y          EKCoM_z         
L5  EKComTot         VIRIAL_x         VIRIAL_y         VIRIAL_z        
L6  VIRIAL_tot       E_pot            E_vdw            E_el            
L7  E_hbon           E_bon            E_angle          E_dih           
L8  E_14vdw          E_14el           E_const          E_pol           
L9  AV_permMoment    AV_indMoment     AV_totMoment     Density          dV/dlambda      
L0     1000  0.2000000000E+01  -.7231751597E+04  0.1671232486E+04
L1 0.2920146370E+03  0.2920146370E+03  -.8902984083E+10  0.1000000000E+01
L2 0.1000000000E+01  0.3450967569E+02  0.3450967569E+02  0.3450967569E+02
L3 0.3164033067E+05  -.7725186055E+03  -.5247174893E+03  -.1816174728E+04
L4 -.1037803608E+04  0.2684926224E+03  0.2861360863E+03  0.2676676247E+03
L5 0.8222963334E+03  0.4444091085E+03  0.4056237676E+03  0.6812435231E+03
L6 0.1531276399E+04  -.8902984083E+04  0.1272086981E+04  -.1024925673E+05
L7 0.0000000000E+00  0.5532216050E+01  0.1008035696E+02  0.1024175664E+02
L8 0.2037588592E+01  0.4141844972E+02  0.4875299596E+01  0.0000000000E+00
L9 0.0000000000E+00  0.0000000000E+00  0.0000000000E+00  0.9067624711E+00  0.0000000000E+00
L0     2000  0.4000000000E+01  -.7356398087E+04  0.1698220523E+04
L1 0.2967302595E+03  0.2967302595E+03  -.9054618610E+10  0.1000000000E+01
L2 0.1000000000E+01  0.3393977669E+02  0.3393977669E+02  0.3393977669E+02
L3 0.3009448157E+05  0.1594031259E+03  0.1899755414E+03  0.1063919087E+04
L4 0.4710992516E+03  0.2900698570E+03  0.2707035222E+03  0.2941684859E+03
L5 0.8549418651E+03  0.2555443329E+03  0.2295562417E+03  0.6373157386E+02
L6 0.5488321485E+03  -.9054618610E+04  0.1439502920E+04  -.1057511909E+05
L7 0.0000000000E+00  0.4215672933E+01  0.1310752372E+02  0.1116503097E+02
L8 0.3357158725E+01  0.4584757532E+02  0.3304599499E+01  0.0000000000E+00
L9 0.0000000000E+00  0.0000000000E+00  0.0000000000E+00  0.9533397132E+00  0.0000000000E+00
L0     3000  0.6000000000E+01  -.7310906283E+04  0.1738024335E+04
L1 0.3036851841E+03  0.3036851841E+03  -.9048930619E+10  0.1000000000E+01
L2 0.1000000000E+01  0.3370171091E+02  0.3370171091E+02  0.3370171091E+02
L3 0.2946669278E+05  -.8674786540E+02  0.2424791799E+03  0.4760948246E+02
L4 0.6778026564E+02  0.2781666680E+03  0.2753929350E+03  0.2924057845E+03
L5 0.8459653875E+03  0.2965636580E+03  0.2239693406E+03  0.2823090384E+03
L6 0.8028420370E+03  -.9048930619E+04  0.1340151625E+04  -.1046628174E+05
L7 0.0000000000E+00  0.6142013401E+01  0.8665195534E+01  0.1163148759E+02
L8 0.2967656624E+01  0.4333452370E+02  0.4458621718E+01  0.0000000000E+00
L9 0.0000000000E+00  0.0000000000E+00  0.0000000000E+00  0.9736506448E+00  0.0000000000E+00
L0     4000  0.8000000000E+01  -.7387655142E+04  0.1731886606E+04
L1 0.3026127379E+03  0.3026127379E+03  -.9119541747E+10  0.1000000000E+01
L2 0.1000000000E+01  0.3368546071E+02  0.3368546071E+02  0.3368546071E+02
L3 0.2942489870E+05  -.1349636473E+04  0.3491543038E+03  0.2781394181E+03
L4 -.2407809170E+03  0.3116142953E+03  0.2806716524E+03  0.2790166985E+03
L5 0.8713026462E+03  0.5974314968E+03  0.2067300333E+03  0.2201141483E+03
L6 0.1024275678E+04  -.9119541747E+04  0.1338280538E+04  -.1052679484E+05
L7 0.0000000000E+00  0.9263334611E+00  0.7784963637E+01  0.1008549940E+02
L8 0.3086166228E+01  0.4495511711E+02  0.2134475802E+01  0.0000000000E+00
L9 0.0000000000E+00  0.0000000000E+00  0.0000000000E+00  0.9750335836E+00  0.0000000000E+00
L0     5000  0.1000000000E+02  -.7461387536E+04  0.1720286585E+04
L1 0.3005858651E+03  0.3005858651E+03  -.9181674122E+10  0.1000000000E+01
L2 0.1000000000E+01  0.3349802228E+02  0.3349802228E+02  0.3349802228E+02
L3 0.2893696025E+05  -.1055204578E+04  -.1485169796E+03  -.1307317906E+03
L4 -.4448177828E+03  0.2877291822E+03  0.2921977736E+03  0.2940485637E+03
L5 0.8739755195E+03  0.5074879214E+03  0.3231281778E+03  0.3212749936E+03
L6 0.1151891093E+04  -.9181674122E+04  0.1294266696E+04  -.1054918963E+05
L7 0.0000000000E+00  0.5062595497E+01  0.7574609188E+01  0.9860285392E+01
L8 0.3761881343E+01  0.4212902791E+02  0.4860414108E+01  0.0000000000E+00
L9 0.0000000000E+00  0.0000000000E+00  0.0000000000E+00  0.9914747153E+00  0.0000000000E+00
L0     6000  0.1200000000E+02  -.7320550087E+04  0.1718225930E+04
L1 0.3002258066E+03  0.3002258066E+03  -.9038776017E+10  0.1000000000E+01
L2 0.1000000000E+01  0.3364851629E+02  0.3364851629E+02  0.3364851629E+02
L3 0.2932766386E+05  0.3330177937E+03  0.2539393435E+03  -.7061098493E+03
L4 -.3971757069E+02  0.2887385061E+03  0.2804901388E+03  0.2787343395E+03
L5 0.8479629844E+03  0.2184472200E+03  0.2268902310E+03  0.4277755329E+03
L6 0.8731129840E+03  -.9038776017E+04  0.1325514143E+04  -.1043704963E+05
L7 0.0000000000E+00  0.1682553161E+01  0.5592790953E+01  0.1099204072E+02
L8 0.4420267665E+01  0.4655757114E+02  0.3514243581E+01  0.0000000000E+00
L9 0.0000000000E+00  0.0000000000E+00  0.0000000000E+00  0.9782662734E+00  0.0000000000E+00
L0     7000  0.1400000000E+02  -.7407788806E+04  0.1700647812E+04
L1 0.2971543800E+03  0.2971543800E+03  -.9108436618E+10  0.1000000000E+01
L2 0.1000000000E+01  0.3351584563E+02  0.3351584563E+02  0.3351584563E+02
L3 0.2898360698E+05  -.6426656361E+03  -.7108189226E+03  -.4828670899E+03
L4 -.6121172162E+03  0.2638958410E+03  0.3014052267E+03  0.2844927267E+03
L5 0.8497937943E+03  0.3979542591E+03  0.4496802471E+03  0.3852175743E+03
L6 0.1232852081E+04  -.9108436618E+04  0.1272971198E+04  -.1046358220E+05
L7 0.0000000000E+00  0.5928131204E+01  0.1069919322E+02  0.1118803831E+02
L8 0.2987663863E+01  0.4652921310E+02  0.4842145473E+01  0.0000000000E+00
L9 0.0000000000E+00  0.0000000000E+00  0.0000000000E+00  0.9898790184E+00  0.0000000000E+00
L0     8000  0.1600000000E+02  -.7324980178E+04  0.1738991319E+04
L1 0.3038541454E+03  0.3038541454E+03  -.9063971497E+10  0.1000000000E+01
L2 0.1000000000E+01  0.3356709252E+02  0.3356709252E+02  0.3356709252E+02
L3 0.2911325889E+05  0.6003338111E+03  0.1921054687E+03  0.1416934035E+04
L4 0.7364577717E+03  0.2748849646E+03  0.3222828817E+03  0.2796237717E+03
L5 0.8767916180E+03  0.1490966767E+03  0.2820309126E+03  -.1726722981E+02
L6 0.4138603595E+03  -.9063971497E+04  0.1402753691E+04  -.1054239112E+05
L7 0.0000000000E+00  0.2796888136E+01  0.1001241828E+02  0.1074179670E+02
L8 0.2852786678E+01  0.4302058287E+02  0.6241457853E+01  0.0000000000E+00
L9 0.0000000000E+00  0.0000000000E+00  0.0000000000E+00  0.9854707279E+00  0.0000000000E+00
L0     9000  0.1800000000E+02  -.7474457684E+04  0.1697824595E+04
L1 0.2966610790E+03  0.2966610790E+03  -.9172282279E+10  0.1000000000E+01
L2 0.1000000000E+01  0.3348224708E+02  0.3348224708E+02  0.3348224708E+02
L3 0.2889396024E+05  0.3803038300E+03  0.6401713305E+03  0.1329822991E+03
L4 0.3844858199E+03  0.2684594886E+03  0.2850895459E+03  0.2977330376E+03
L5 0.8512820721E+03  0.1893744465E+03  0.1519644690E+03  0.2700790676E+03
L6 0.6114179831E+03  -.9172282279E+04  0.1399669087E+04  -.1064347238E+05
L7 0.0000000000E+00  0.4713011725E+01  0.7567332884E+01  0.9208667007E+01
L8 0.2883482976E+01  0.4097663898E+02  0.6171876599E+01  0.0000000000E+00
L9 0.0000000000E+00  0.0000000000E+00  0.0000000000E+00  0.9929502288E+00  0.0000000000E+00
L0    10000  0.2000000000E+02  -.7401625746E+04  0.1693409342E+04
L1 0.2958896015E+03  0.2958896015E+03  -.9095035089E+10  0.1000000000E+01
L2 0.1000000000E+01  0.3351813707E+02  0.3351813707E+02  0.3351813707E+02
L3 0.2898741339E+05  0.3441023047E+03  0.5688557967E+03  -.2680105791E+03
L4 0.2149825074E+03  0.2810680905E+03  0.2752444281E+03  0.2788930661E+03
L5 0.8352055847E+03  0.2092797977E+03  0.1565669710E+03  0.3348067338E+03
L6 0.7006535025E+03  -.9095035089E+04  0.1360099058E+04  -.1052615772E+05
L7 0.0000000000E+00  0.2799663859E+01  0.8171619318E+01  0.1135941375E+02
L8 0.3236348081E+01  0.4275921848E+02  0.2697309253E+01  0.0000000000E+00
L9 0.0000000000E+00  0.0000000000E+00  0.0000000000E+00  0.9897490349E+00  0.0000000000E+00
