L0  Nsteps           time(ps)         Etot             EKinetic        
L1  Temp             T_solute         T_solv           Pres_scal_solu  
L2  Pres_scal_solv   BoxX             BoxY             BoxZ            
L3  volume           pres_X           pres_Y           pres_Z          
L4  Pressure         EKCoM_x          EKCoM_y          EKCoM_z         
L5  EKComTot         VIRIAL_x         VIRIAL_y         VIRIAL_z        
L6  VIRIAL_tot       E_pot            E_vdw            E_el            
L7  E_hbon           E_bon            E_angle          E_dih           
L8  E_14vdw          E_14el           E_const          E_pol           
L9  AV_permMoment    AV_indMoment     AV_totMoment     Density          dV/dlambda      
L0     1000  0.2000000000E+01  -.7055807684E+04  0.1605069378E+04
L1 0.2913807271E+03  0.2913807271E+03  -.8660877063E+10  0.1000000000E+01
L2 0.1000000000E+01  0.3419242592E+02  0.3419242592E+02  0.3419242592E+02
L3 0.3077442679E+05  -.5891345093E+03  -.1029863355E+04  -.8884749470E+02
L4 -.5692817862E+03  0.2780219943E+03  0.2689106194E+03  0.2637037576E+03
L5 0.8106363713E+03  0.4085071221E+03  0.4970110776E+03  0.2833822461E+03
L6 0.1188900446E+04  -.8660877063E+04  0.1316733964E+04  -.1005189087E+05
L7 0.0000000000E+00  0.2488358174E+01  0.6592148566E+01  0.1010046444E+02
L8 0.3075889805E+01  0.4960606851E+02  0.2416915082E+01  0.0000000000E+00
L9 0.0000000000E+00  0.0000000000E+00  0.0000000000E+00  0.8972794461E+00  0.0000000000E+00
L0     2000  0.4000000000E+01  -.7056031356E+04  0.1602158768E+04
L1 0.2908523413E+03  0.2908523413E+03  -.8658190124E+10  0.1000000000E+01
L2 0.1000000000E+01  0.3359023010E+02  0.3359023010E+02  0.3359023010E+02
L3 0.2917596955E+05  0.1602224098E+03  0.8784794985E+02  -.8820185137E+03
L4 -.2113160514E+03  0.2935929152E+03  0.2804623263E+03  0.2648167090E+03
L5 0.8388719505E+03  0.2599491080E+03  0.2620158462E+03  0.4500246392E+03
L6 0.9719895934E+03  -.8658190124E+04  0.1287625261E+04  -.1002571968E+05
L7 0.0000000000E+00  0.5619756269E+01  0.6986094515E+01  0.1475526422E+02
L8 0.3000333235E+01  0.4729114769E+02  0.2251696759E+01  0.0000000000E+00
L9 0.0000000000E+00  0.0000000000E+00  0.0000000000E+00  0.9464384918E+00  0.0000000000E+00
L0     3000  0.6000000000E+01  -.7244649823E+04  0.1664288038E+04
L1 0.3021311508E+03  0.3021311508E+03  -.8908937860E+10  0.1000000000E+01
L2 0.1000000000E+01  0.3339910108E+02  0.3339910108E+02  0.3339910108E+02
L3 0.2868158389E+05  -.2392273960E+03  -.5100034900E+03  -.8477220986E+03
L4 -.5323176615E+03  0.2711589119E+03  0.2951143056E+03  0.2657571044E+03
L5 0.8320303219E+03  0.3205411335E+03  0.4003911500E+03  0.4407470981E+03
L6 0.1161679382E+04  -.8908937860E+04  0.1322041611E+04  -.1030571759E+05
L7 0.0000000000E+00  0.1496121747E+01  0.7094107408E+01  0.1096136329E+02
L8 0.3422049197E+01  0.4880887810E+02  0.2955594028E+01  0.0000000000E+00
L9 0.0000000000E+00  0.0000000000E+00  0.0000000000E+00  0.9627522917E+00  0.0000000000E+00
L0     4000  0.8000000000E+01  -.7167248709E+04  0.1640443041E+04
L1 0.2978023832E+03  0.2978023832E+03  -.8807691750E+10  0.1000000000E+01
L2 0.1000000000E+01  0.3323944682E+02  0.3323944682E+02  0.3323944682E+02
L3 0.2827118384E+05  0.9410348178E+03  -.1400188199E+04  0.1139231189E+03
L4 -.1150767541E+03  0.2771840726E+03  0.2810187155E+03  0.2696409152E+03
L5 0.8278437033E+03  0.8571163455E+02  0.5659151328E+03  0.2464609681E+03
L6 0.8980877354E+03  -.8807691750E+04  0.1292203793E+04  -.1018021184E+05
L7 0.0000000000E+00  0.7488724055E+01  0.8082695775E+01  0.1172058205E+02
L8 0.2288185493E+01  0.4731887144E+02  0.3417236692E+01  0.0000000000E+00
L9 0.0000000000E+00  0.0000000000E+00  0.0000000000E+00  0.9767281334E+00  0.0000000000E+00
L0     5000  0.1000000000E+02  -.7103036550E+04  0.1674421145E+04
L1 0.3039706925E+03  0.3039706925E+03  -.8777457695E+10  0.1000000000E+01
L2 0.1000000000E+01  0.3311412662E+02  0.3311412662E+02  0.3311412662E+02
L3 0.2795253310E+05  -.8119753689E+03  0.1033602060E+04  -.4602013535E+03
L4 -.7952488735E+02  0.2743004438E+03  0.2869104383E+03  0.2729302812E+03
L5 0.8341411633E+03  0.4376509955E+03  0.7897375289E+02  0.3655120859E+03
L6 0.8821368343E+03  -.8777457695E+04  0.1278382583E+04  -.1012932799E+05
L7 0.0000000000E+00  0.1237865953E+01  0.7313362406E+01  0.1152865044E+02
L8 0.3078475354E+01  0.4647346807E+02  0.3855886917E+01  0.0000000000E+00
L9 0.0000000000E+00  0.0000000000E+00  0.0000000000E+00  0.9878625498E+00  0.0000000000E+00
L0     6000  0.1200000000E+02  -.7172835838E+04  0.1644350486E+04
L1 0.2985117319E+03  0.2985117319E+03  -.8817186324E+10  0.1000000000E+01
L2 0.1000000000E+01  0.3314144675E+02  0.3314144675E+02  0.3314144675E+02
L3 0.2802104634E+05  0.1482900992E+03  0.8424213381E+02  0.4036559861E+03
L4 0.2120627397E+03  0.2848442762E+03  0.2679701388E+03  0.2793947987E+03
L5 0.8322092137E+03  0.2549386373E+03  0.2509810422E+03  0.1979895653E+03
L6 0.7039092448E+03  -.8817186324E+04  0.1334909960E+04  -.1022063394E+05
L7 0.0000000000E+00  0.2716739274E+01  0.7211267867E+01  0.1168179609E+02
L8 0.3036777354E+01  0.4176293780E+02  0.2128141109E+01  0.0000000000E+00
L9 0.0000000000E+00  0.0000000000E+00  0.0000000000E+00  0.9854471630E+00  0.0000000000E+00
L0     7000  0.1400000000E+02  -.7200206497E+04  0.1593699176E+04
L1 0.2893166058E+03  0.2893166058E+03  -.8793905673E+10  0.1000000000E+01
L2 0.1000000000E+01  0.3308685719E+02  0.3308685719E+02  0.3308685719E+02
L3 0.2788255560E+05  -.7995725434E+02  0.2462685541E+03  0.7744783868E+03
L4 0.3135965622E+03  0.2784264628E+03  0.2652862652E+03  0.2695888996E+03
L5 0.8133016276E+03  0.2944717328E+03  0.2158667913E+03  0.1141719218E+03
L6 0.6245104460E+03  -.8793905673E+04  0.1330570830E+04  -.1020240941E+05
L7 0.0000000000E+00  0.3198041074E+01  0.7331905615E+01  0.1042796940E+02
L8 0.2674168681E+01  0.4585452456E+02  0.8446298808E+01  0.0000000000E+00
L9 0.0000000000E+00  0.0000000000E+00  0.0000000000E+00  0.9903418115E+00  0.0000000000E+00
L0     8000  0.1600000000E+02  -.7187884547E+04  0.1596865372E+04
L1 0.2898913900E+03  0.2898913900E+03  -.8784749919E+10  0.1000000000E+01
L2 0.1000000000E+01  0.3301188983E+02  0.3301188983E+02  0.3301188983E+02
L3 0.2769491442E+05  -.3005338669E+03  -.6830777727E+03  0.1556149703E+03
L4 -.2759988898E+03  0.2626588675E+03  0.2722775252E+03  0.2623786732E+03
L5 0.7973150658E+03  0.3225620680E+03  0.4084303829E+03  0.2313610881E+03
L6 0.9623535390E+03  -.8784749919E+04  0.1240640451E+04  -.1009911906E+05
L7 0.0000000000E+00  0.1682767053E+01  0.8437137513E+01  0.1367783631E+02
L8 0.2972064749E+01  0.4367907102E+02  0.3279817168E+01  0.0000000000E+00
L9 0.0000000000E+00  0.0000000000E+00  0.0000000000E+00  0.9970516682E+00  0.0000000000E+00
L0     9000  0.1800000000E+02  -.7147632644E+04  0.1588246809E+04
L1 0.2883267952E+03  0.2883267952E+03  -.8735879453E+10  0.1000000000E+01
L2 0.1000000000E+01  0.3310660391E+02  0.3310660391E+02  0.3310660391E+02
L3 0.2793262794E+05  0.8377334471E+03  0.3667241343E+03  -.4086373291E+03
L4 0.2652734174E+03  0.2522345106E+03  0.2719771590E+03  0.2683383628E+03
L5 0.7925500324E+03  0.8382204582E+02  0.1982533325E+03  0.3504881445E+03
L6 0.6325635228E+03  -.8735879453E+04  0.1314612549E+04  -.1013314684E+05
L7 0.0000000000E+00  0.3582121774E+01  0.1292095275E+02  0.1535294341E+02
L8 0.3236184146E+01  0.4338866247E+02  0.4173976969E+01  0.0000000000E+00
L9 0.0000000000E+00  0.0000000000E+00  0.0000000000E+00  0.9885665138E+00  0.0000000000E+00
L0    10000  0.2000000000E+02  -.7084562603E+04  0.1689907407E+04
L1 0.3067820342E+03  0.3067820342E+03  -.8774470010E+10  0.1000000000E+01
L2 0.1000000000E+01  0.3306457939E+02  0.3306457939E+02  0.3306457939E+02
L3 0.2782567181E+05  0.1157812746E+04  -.1400157768E+02  0.5230064972E+03
L4 0.5556058884E+03  0.2857113269E+03  0.2730979461E+03  0.2674465113E+03
L5 0.8262557844E+03  0.5384346101E+02  0.2759019539E+03  0.1627072944E+03
L6 0.4924527093E+03  -.8774470010E+04  0.1348311683E+04  -.1020094277E+05
L7 0.0000000000E+00  0.4680518982E+01  0.1557956287E+02  0.1052957630E+02
L8 0.2260815820E+01  0.4249602500E+02  0.2614577019E+01  0.0000000000E+00
L9 0.0000000000E+00  0.0000000000E+00  0.0000000000E+00  0.9923663589E+00  0.0000000000E+00
