L0  Nsteps           time(ps)         Etot             EKinetic        
L1  Temp             T_solute         T_solv           Pres_scal_solu  
L2  Pres_scal_solv   BoxX             BoxY             BoxZ            
L3  volume           pres_X           pres_Y           pres_Z          
L4  Pressure         EKCoM_x          EKCoM_y          EKCoM_z         
L5  EKComTot         VIRIAL_x         VIRIAL_y         VIRIAL_z        
L6  VIRIAL_tot       E_pot            E_vdw            E_el            
L7  E_hbon           E_bon            E_angle          E_dih           
L8  E_14vdw          E_14el           E_const          E_pol           
L9  AV_permMoment    AV_indMoment     AV_totMoment     Density          dV/dlambda      
L0     1000  0.2000000000E+01  -.7369571040E+04  0.1752404651E+04
L1 0.3027290875E+03  0.3027290875E+03  -.9121975691E+10  0.1000000000E+01
L2 0.1000000000E+01  0.3469368953E+02  0.3469368953E+02  0.3469368953E+02
L3 0.3214864252E+05  -.7021862666E+03  -.1484374551E+04  -.3690601279E+03
L4 -.8518736486E+03  0.3024325652E+03  0.2961377455E+03  0.3141651282E+03
L5 0.9127354389E+03  0.4649019555E+03  0.6395871119E+03  0.3995569635E+03
L6 0.1504046031E+04  -.9121975691E+04  0.1342500558E+04  -.1054154055E+05
L7 0.0000000000E+00  0.3081977515E+01  0.9630107562E+01  0.1095854681E+02
L8 0.3431445019E+01  0.4597302485E+02  0.3989199466E+01  0.0000000000E+00
L9 0.0000000000E+00  0.0000000000E+00  0.0000000000E+00  0.9026617191E+00  0.0000000000E+00
L0     2000  0.4000000000E+01  -.7451077347E+04  0.1692327444E+04
L1 0.2923507094E+03  0.2923507094E+03  -.9143404791E+10  0.1000000000E+01
L2 0.1000000000E+01  0.3413537085E+02  0.3413537085E+02  0.3413537085E+02
L3 0.3062146947E+05  -.5042160665E+03  -.8879646751E+03  -.1238963385E+04
L4 -.8770480421E+03  0.2766203180E+03  0.2707492135E+03  0.2857100292E+03
L5 0.8330795607E+03  0.3877421231E+03  0.4664435680E+03  0.5587593368E+03
L6 0.1412945028E+04  -.9143404791E+04  0.1293035774E+04  -.1051667965E+05
L7 0.0000000000E+00  0.3335731871E+01  0.1364869949E+02  0.1159607103E+02
L8 0.2899436631E+01  0.4526785441E+02  0.3491286775E+01  0.0000000000E+00
L9 0.0000000000E+00  0.0000000000E+00  0.0000000000E+00  0.9476798282E+00  0.0000000000E+00
L0     3000  0.6000000000E+01  -.7485398990E+04  0.1702533048E+04
L1 0.2941137343E+03  0.2941137343E+03  -.9187932038E+10  0.1000000000E+01
L2 0.1000000000E+01  0.3390790867E+02  0.3390790867E+02  0.3390790867E+02
L3 0.3001235951E+05  -.2208122652E+03  -.7006191776E+03  -.5461801351E+03
L4 -.4892038593E+03  0.2866381859E+03  0.2653681874E+03  0.2757621420E+03
L5 0.8277685153E+03  0.3343339612E+03  0.4167029644E+03  0.3937378577E+03
L6 0.1144774783E+04  -.9187932038E+04  0.1325931229E+04  -.1058698866E+05
L7 0.0000000000E+00  0.3528680954E+01  0.4923764890E+01  0.9192857532E+01
L8 0.3018708649E+01  0.4978373365E+02  0.2677650946E+01  0.0000000000E+00
L9 0.0000000000E+00  0.0000000000E+00  0.0000000000E+00  0.9669132783E+00  0.0000000000E+00
L0     4000  0.8000000000E+01  -.7455099919E+04  0.1767923235E+04
L1 0.3054099333E+03  0.3054099333E+03  -.9223023154E+10  0.1000000000E+01
L2 0.1000000000E+01  0.3374717805E+02  0.3374717805E+02  0.3374717805E+02
L3 0.2958639335E+05  -.2024907499E+02  -.2684438956E+03  0.1753171499E+03
L4 -.3779194023E+02  0.3240972787E+03  0.2810726289E+03  0.2916999581E+03
L5 0.8968698658E+03  0.3284090309E+03  0.3382339345E+03  0.2543686672E+03
L6 0.9210116326E+03  -.9223023154E+04  0.1365511806E+04  -.1066067488E+05
L7 0.0000000000E+00  0.4743983060E+01  0.6561287869E+01  0.1110485795E+02
L8 0.2461249272E+01  0.4505688394E+02  0.2211661745E+01  0.0000000000E+00
L9 0.0000000000E+00  0.0000000000E+00  0.0000000000E+00  0.9808342837E+00  0.0000000000E+00
L0     5000  0.1000000000E+02  -.7514434028E+04  0.1687951265E+04
L1 0.2915947215E+03  0.2915947215E+03  -.9202385293E+10  0.1000000000E+01
L2 0.1000000000E+01  0.3368891464E+02  0.3368891464E+02  0.3368891464E+02
L3 0.2943214964E+05  0.8279740367E+03  0.2572611891E+03  0.2506279737E+03
L4 0.4452877331E+03  0.2880371563E+03  0.2794148596E+03  0.2828552602E+03
L5 0.8503072761E+03  0.1126510116E+03  0.2249203391E+03  0.2297658249E+03
L6 0.5673371757E+03  -.9202385293E+04  0.1411452173E+04  -.1068348844E+05
L7 0.0000000000E+00  0.3553900549E+01  0.8255579592E+01  0.1060337793E+02
L8 0.2713374040E+01  0.4265783808E+02  0.1866902061E+01  0.0000000000E+00
L9 0.0000000000E+00  0.0000000000E+00  0.0000000000E+00  0.9859744966E+00  0.0000000000E+00
L0     6000  0.1200000000E+02  -.7456585244E+04  0.1748612631E+04
L1 0.3020740134E+03  0.3020740134E+03  -.9205197875E+10  0.1000000000E+01
L2 0.1000000000E+01  0.3377166557E+02  0.3377166557E+02  0.3377166557E+02
L3 0.2965027964E+05  0.9819588192E+03  -.2480345360E+03  -.2057265288E+03
L4 0.1760659181E+03  0.3110009025E+03  0.2755475601E+03  0.2950158804E+03
L5 0.8815643431E+03  0.1014552530E+03  0.3284770282E+03  0.3389170077E+03
L6 0.7688492889E+03  -.9205197875E+04  0.1397806181E+04  -.1068011843E+05
L7 0.0000000000E+00  0.6027547879E+01  0.5312527044E+01  0.1023314700E+02
L8 0.3307107137E+01  0.4754386497E+02  0.4690177604E+01  0.0000000000E+00
L9 0.0000000000E+00  0.0000000000E+00  0.0000000000E+00  0.9787209186E+00  0.0000000000E+00
L0     7000  0.1400000000E+02  -.7571366083E+04  0.1675025894E+04
L1 0.2893618548E+03  0.2893618548E+03  -.9246391977E+10  0.1000000000E+01
L2 0.1000000000E+01  0.3360667472E+02  0.3360667472E+02  0.3360667472E+02
L3 0.2921836769E+05  0.4542389895E+02  -.5709180938E+03  0.4365648379E+03
L4 -.2964311898E+02  0.2654186136E+03  0.2738814198E+03  0.2578587950E+03
L5 0.7971588284E+03  0.2558665559E+03  0.3939381019E+03  0.1660548627E+03
L6 0.8158595206E+03  -.9246391977E+04  0.1367132833E+04  -.1069704297E+05
L7 0.0000000000E+00  0.8125600628E+01  0.7693149802E+01  0.1238785299E+02
L8 0.3428201049E+01  0.4895669092E+02  0.2926659832E+01  0.0000000000E+00
L9 0.0000000000E+00  0.0000000000E+00  0.0000000000E+00  0.9931885733E+00  0.0000000000E+00
L0     8000  0.1600000000E+02  -.7436870467E+04  0.1795357161E+04
L1 0.3101491626E+03  0.3101491626E+03  -.9232227628E+10  0.1000000000E+01
L2 0.1000000000E+01  0.3360745594E+02  0.3360745594E+02  0.3360745594E+02
L3 0.2921974079E+05  0.8563113055E+02  0.6178736407E+03  -.2751443133E+02
L4 0.2253301133E+03  0.2922315846E+03  0.3071082561E+03  0.3015799499E+03
L5 0.9009197907E+03  0.2742236205E+03  0.1771713245E+03  0.3073661504E+03
L6 0.7587610954E+03  -.9232227628E+04  0.1377205847E+04  -.1068601280E+05
L7 0.0000000000E+00  0.5149605441E+01  0.9896657080E+01  0.1085581124E+02
L8 0.2171713394E+01  0.4507459327E+02  0.3430949216E+01  0.0000000000E+00
L9 0.0000000000E+00  0.0000000000E+00  0.0000000000E+00  0.9931419014E+00  0.0000000000E+00
L0     9000  0.1800000000E+02  -.7536897149E+04  0.1699515199E+04
L1 0.2935923989E+03  0.2935923989E+03  -.9236412349E+10  0.1000000000E+01
L2 0.1000000000E+01  0.3371426906E+02  0.3371426906E+02  0.3371426906E+02
L3 0.2949977970E+05  0.4823758171E+03  0.2390749901E+00  -.4325144586E+03
L4 0.1670014450E+02  0.2890076568E+03  0.2742554576E+03  0.2669458940E+03
L5 0.8302090084E+03  0.1865932910E+03  0.2742046990E+03  0.3587740753E+03
L6 0.8195720653E+03  -.9236412349E+04  0.1382659989E+04  -.1069162070E+05
L7 0.0000000000E+00  0.1000928288E+01  0.7639230532E+01  0.1153593737E+02
L8 0.3312624666E+01  0.4743469864E+02  0.1624940759E+01  0.0000000000E+00
L9 0.0000000000E+00  0.0000000000E+00  0.0000000000E+00  0.9837140894E+00  0.0000000000E+00
L0    10000  0.2000000000E+02  -.7478394153E+04  0.1737206546E+04
L1 0.3001036046E+03  0.3001036046E+03  -.9215600699E+10  0.1000000000E+01
L2 0.1000000000E+01  0.3369510643E+02  0.3369510643E+02  0.3369510643E+02
L3 0.2944916381E+05  0.3928960148E+03  0.7457826313E+03  -.6969547230E+03
L4 0.1472413077E+03  0.2929832275E+03  0.3024920762E+03  0.2949728009E+03
L5 0.8904481046E+03  0.2097096598E+03  0.1444248572E+03  0.4426910371E+03
L6 0.7968255540E+03  -.9215600699E+04  0.1377135388E+04  -.1066423715E+05
L7 0.0000000000E+00  0.9244210316E+00  0.5615340605E+01  0.1104586265E+02
L8 0.3653637508E+01  0.4912088409E+02  0.1140917499E+01  0.0000000000E+00
L9 0.0000000000E+00  0.0000000000E+00  0.0000000000E+00  0.9854048525E+00  0.0000000000E+00
