L0  Nsteps           time(ps)         Etot             EKinetic        
L1  Temp             T_solute         T_solv           Pres_scal_solu  
L2  Pres_scal_solv   BoxX             BoxY             BoxZ            
L3  volume           pres_X           pres_Y           pres_Z          
L4  Pressure         EKCoM_x          EKCoM_y          EKCoM_z         
L5  EKComTot         VIRIAL_x         VIRIAL_y         VIRIAL_z        
L6  VIRIAL_tot       E_pot            E_vdw            E_el            
L7  E_hbon           E_bon            E_angle          E_dih           
L8  E_14vdw          E_14el           E_const          E_pol           
L9  AV_permMoment    AV_indMoment     AV_totMoment     Density          dV/dlambda      
L0     1000  0.2000000000E+01  -.7484088441E+04  0.1779722341E+04
L1 0.3027710325E+03  0.3027710325E+03  -.9263810782E+10  0.1000000000E+01
L2 0.1000000000E+01  0.3481760347E+02  0.3481760347E+02  0.3481760347E+02
L3 0.3249455549E+05  -.1848785162E+03  -.8684211687E+03  -.1719104175E+04
L4 -.9241346200E+03  0.2919601580E+03  0.2971679111E+03  0.2811091197E+03
L5 0.8702371888E+03  0.3351969663E+03  0.5002621396E+03  0.6831492227E+03
L6 0.1518608329E+04  -.9263810782E+04  0.1344088792E+04  -.1068051916E+05
L7 0.0000000000E+00  0.1060218208E+01  0.1080566439E+02  0.1257177670E+02
L8 0.3310390815E+01  0.4237335085E+02  0.2498185623E+01  0.0000000000E+00
L9 0.0000000000E+00  0.0000000000E+00  0.0000000000E+00  0.9068627056E+00  0.0000000000E+00
L0     2000  0.4000000000E+01  -.7471215938E+04  0.1806713970E+04
L1 0.3073629192E+03  0.3073629192E+03  -.9277929908E+10  0.1000000000E+01
L2 0.1000000000E+01  0.3431992972E+02  0.3431992972E+02  0.3431992972E+02
L3 0.3111863067E+05  -.1698200318E+03  -.5673323587E+03  0.4944005855E+03
L4 -.8091726833E+02  0.3118198166E+03  0.2929822115E+03  0.2856115974E+03
L5 0.8904136255E+03  0.3498532889E+03  0.4200438974E+03  0.1748839597E+03
L6 0.9447811459E+03  -.9277929908E+04  0.1415171383E+04  -.1076968908E+05
L7 0.0000000000E+00  0.2177672251E+01  0.1237368736E+02  0.1188810799E+02
L8 0.3365480810E+01  0.4438094391E+02  0.2401898631E+01  0.0000000000E+00
L9 0.0000000000E+00  0.0000000000E+00  0.0000000000E+00  0.9469600646E+00  0.0000000000E+00
L0     3000  0.6000000000E+01  -.7487349057E+04  0.1797028432E+04
L1 0.3057151900E+03  0.3057151900E+03  -.9284377489E+10  0.1000000000E+01
L2 0.1000000000E+01  0.3409866076E+02  0.3409866076E+02  0.3409866076E+02
L3 0.3052059163E+05  0.1930078440E+03  -.4522672743E+03  0.4187324356E+02
L4 -.7246206224E+02  0.3042143123E+03  0.2805060712E+03  0.3070141840E+03
L5 0.8917345675E+03  0.2618183510E+03  0.3798507687E+03  0.2978163380E+03
L6 0.9394854577E+03  -.9284377489E+04  0.1371572337E+04  -.1073025941E+05
L7 0.0000000000E+00  0.3207594537E+00  0.9614136547E+01  0.1299919663E+02
L8 0.3442458575E+01  0.4461646517E+02  0.3316564465E+01  0.0000000000E+00
L9 0.0000000000E+00  0.0000000000E+00  0.0000000000E+00  0.9655153762E+00  0.0000000000E+00
L0     4000  0.8000000000E+01  -.7560270808E+04  0.1747355582E+04
L1 0.2972647145E+03  0.2972647145E+03  -.9307626390E+10  0.1000000000E+01
L2 0.1000000000E+01  0.3396243146E+02  0.3396243146E+02  0.3396243146E+02
L3 0.3015671250E+05  -.3017388923E+03  0.2566722454E+02  -.4593485927E+03
L4 -.2451400868E+03  0.2765028619E+03  0.3014736039E+03  0.2876058669E+03
L5 0.8655823327E+03  0.3419923910E+03  0.2959027793E+03  0.3873030679E+03
L6 0.1025198238E+04  -.9307626390E+04  0.1362875312E+04  -.1074086853E+05
L7 0.0000000000E+00  0.4166014619E+01  0.1148550592E+02  0.9190865170E+01
L8 0.3053342380E+01  0.3948599999E+02  0.2985098394E+01  0.0000000000E+00
L9 0.0000000000E+00  0.0000000000E+00  0.0000000000E+00  0.9771655485E+00  0.0000000000E+00
L0     5000  0.1000000000E+02  -.7573427080E+04  0.1760957676E+04
L1 0.2995787384E+03  0.2995787384E+03  -.9334384756E+10  0.1000000000E+01
L2 0.1000000000E+01  0.3387343131E+02  0.3387343131E+02  0.3387343131E+02
L3 0.2991964731E+05  0.3536838624E+03  -.7768724132E+03  0.3674692341E+03
L4 -.1857310558E+02  0.2854786227E+03  0.2952185839E+03  0.2959865466E+03
L5 0.8766837533E+03  0.2093183844E+03  0.4625057984E+03  0.2168578460E+03
L6 0.8886820288E+03  -.9334384756E+04  0.1367313386E+04  -.1077961510E+05
L7 0.0000000000E+00  0.4879871888E+01  0.8347589030E+01  0.1025272741E+02
L8 0.4858579689E+01  0.4765508746E+02  0.1923105944E+01  0.0000000000E+00
L9 0.0000000000E+00  0.0000000000E+00  0.0000000000E+00  0.9849080174E+00  0.0000000000E+00
L0     6000  0.1200000000E+02  -.7593826021E+04  0.1751555637E+04
L1 0.2979792389E+03  0.2979792389E+03  -.9345381658E+10  0.1000000000E+01
L2 0.1000000000E+01  0.3392562580E+02  0.3392562580E+02  0.3392562580E+02
L3 0.3005879959E+05  -.7283319052E+03  0.2565928782E+03  -.2915221773E+03
L4 -.2544204014E+03  0.2946938602E+03  0.2713705636E+03  0.2955984271E+03
L5 0.8616628509E+03  0.4522580599E+03  0.2158603611E+03  0.3586650843E+03
L6 0.1026783505E+04  -.9345381658E+04  0.1354733365E+04  -.1077579934E+05
L7 0.0000000000E+00  0.3731942025E+01  0.9607069210E+01  0.9926848035E+01
L8 0.4171995840E+01  0.4422852913E+02  0.4017933755E+01  0.0000000000E+00
L9 0.0000000000E+00  0.0000000000E+00  0.0000000000E+00  0.9803485473E+00  0.0000000000E+00
L0     7000  0.1400000000E+02  -.7564050077E+04  0.1845933144E+04
L1 0.3140349880E+03  0.3140349880E+03  -.9409983222E+10  0.1000000000E+01
L2 0.1000000000E+01  0.3391395593E+02  0.3391395593E+02  0.3391395593E+02
L3 0.3002813854E+05  -.9720577702E+03  -.3805537685E+03  0.2001323071E+03
L4 -.3841597438E+03  0.3091247632E+03  0.3034568464E+03  0.3183585722E+03
L5 0.9309401818E+03  0.5192010668E+03  0.3857002392E+03  0.2751069707E+03
L6 0.1180008277E+04  -.9409983222E+04  0.1359825460E+04  -.1084467565E+05
L7 0.0000000000E+00  0.5167307152E+01  0.1181442184E+02  0.1005371252E+02
L8 0.2734289882E+01  0.4227024440E+02  0.2826997662E+01  0.0000000000E+00
L9 0.0000000000E+00  0.0000000000E+00  0.0000000000E+00  0.9813495588E+00  0.0000000000E+00
L0     8000  0.1600000000E+02  -.7650809594E+04  0.1732286542E+04
L1 0.2947011299E+03  0.2947011299E+03  -.9383096136E+10  0.1000000000E+01
L2 0.1000000000E+01  0.3393538001E+02  0.3393538001E+02  0.3393538001E+02
L3 0.3008502093E+05  -.4280003600E+03  -.1385570751E+03  -.5170786520E+03
L4 -.3612120290E+03  0.2945336759E+03  0.2909623711E+03  0.2894108169E+03
L5 0.8749068639E+03  0.3872062086E+03  0.3209633624E+03  0.4013709757E+03
L6 0.1109540547E+04  -.9383096136E+04  0.1364805900E+04  -.1082658706E+05
L7 0.0000000000E+00  0.3381192799E+01  0.1076122408E+02  0.1094660256E+02
L8 0.3930906581E+01  0.4762832912E+02  0.2036768934E+01  0.0000000000E+00
L9 0.0000000000E+00  0.0000000000E+00  0.0000000000E+00  0.9794941003E+00  0.0000000000E+00
L0     9000  0.1800000000E+02  -.7620487861E+04  0.1763461633E+04
L1 0.3000047181E+03  0.3000047181E+03  -.9383949493E+10  0.1000000000E+01
L2 0.1000000000E+01  0.3387474365E+02  0.3387474365E+02  0.3387474365E+02
L3 0.2992258088E+05  0.1566159996E+03  0.1601701864E+03  0.2389960829E+03
L4 0.1852607563E+03  0.2757159480E+03  0.2952155811E+03  0.3241285658E+03
L5 0.8950600949E+03  0.2419878573E+03  0.2607220773E+03  0.2726594850E+03
L6 0.7753694196E+03  -.9383949493E+04  0.1408549404E+04  -.1086793296E+05
L7 0.0000000000E+00  0.3349907474E+01  0.1033143783E+02  0.9998529822E+01
L8 0.3729764656E+01  0.4576015418E+02  0.2264272421E+01  0.0000000000E+00
L9 0.0000000000E+00  0.0000000000E+00  0.0000000000E+00  0.9848114581E+00  0.0000000000E+00
L0    10000  0.2000000000E+02  -.7633809404E+04  0.1807585972E+04
L1 0.3075112664E+03  0.3075112664E+03  -.9441395376E+10  0.1000000000E+01
L2 0.1000000000E+01  0.3385926867E+02  0.3385926867E+02  0.3385926867E+02
L3 0.2988236637E+05  -.4329466791E+03  -.2191704602E+02  0.1380258844E+03
L4 -.1056126136E+03  0.2989573638E+03  0.3072037112E+03  0.3070369272E+03
L5 0.9131980023E+03  0.3920694332E+03  0.3119173206E+03  0.2773522655E+03
L6 0.9813390193E+03  -.9441395376E+04  0.1371133183E+04  -.1088671807E+05
L7 0.0000000000E+00  0.1214845759E+01  0.1213891048E+02  0.1011780904E+02
L8 0.3515636469E+01  0.4391374845E+02  0.3288565492E+01  0.0000000000E+00
L9 0.0000000000E+00  0.0000000000E+00  0.0000000000E+00  0.9861367788E+00  0.0000000000E+00
