L0  Nsteps           time(ps)         Etot             EKinetic        
L1  Temp             T_solute         T_solv           Pres_scal_solu  
L2  Pres_scal_solv   BoxX             BoxY             BoxZ            
L3  volume           pres_X           pres_Y           pres_Z          
L4  Pressure         EKCoM_x          EKCoM_y          EKCoM_z         
L5  EKComTot         VIRIAL_x         VIRIAL_y         VIRIAL_z        
L6  VIRIAL_tot       E_pot            E_vdw            E_el            
L7  E_hbon           E_bon            E_angle          E_dih           
L8  E_14vdw          E_14el           E_const          E_pol           
L9  AV_permMoment    AV_indMoment     AV_totMoment     Density          dV/dlambda      
L0     1000  0.2000000000E+01  -.7279110675E+04  0.1670796829E+04
L1 0.2943917792E+03  0.2943917792E+03  -.8949907503E+10  0.1000000000E+01
L2 0.1000000000E+01  0.3445968144E+02  0.3445968144E+02  0.3445968144E+02
L3 0.3150267399E+05  -.6754363838E+03  -.1210336962E+04  -.8609343664E+03
L4 -.9155692375E+03  0.2657276070E+03  0.2837994614E+03  0.2825342199E+03
L5 0.8320612883E+03  0.4188675390E+03  0.5582160085E+03  0.4777316263E+03
L6 0.1454815174E+04  -.8949907503E+04  0.1322309605E+04  -.1034651324E+05
L7 0.0000000000E+00  0.4383129186E+01  0.4684506836E+01  0.1229009714E+02
L8 0.2908652247E+01  0.4740909149E+02  0.2620655872E+01  0.0000000000E+00
L9 0.0000000000E+00  0.0000000000E+00  0.0000000000E+00  0.9031274697E+00  0.0000000000E+00
L0     2000  0.4000000000E+01  -.7324037429E+04  0.1695280747E+04
L1 0.2987058073E+03  0.2987058073E+03  -.9019318176E+10  0.1000000000E+01
L2 0.1000000000E+01  0.3392013444E+02  0.3392013444E+02  0.3392013444E+02
L3 0.3004510396E+05  -.2158715244E+03  -.9663761416E+03  -.5866482560E+03
L4 -.5896319740E+03  0.3020727337E+03  0.2748282356E+03  0.3007950657E+03
L5 0.8776960350E+03  0.3487521750E+03  0.4837946498E+03  0.4276502075E+03
L6 0.1260197032E+04  -.9019318176E+04  0.1303514035E+04  -.1039473032E+05
L7 0.0000000000E+00  0.2221059169E+01  0.6019105839E+01  0.1078011299E+02
L8 0.4091530819E+01  0.4445827042E+02  0.4328032633E+01  0.0000000000E+00
L9 0.0000000000E+00  0.0000000000E+00  0.0000000000E+00  0.9469406491E+00  0.0000000000E+00
L0     3000  0.6000000000E+01  -.7332922738E+04  0.1682178615E+04
L1 0.2963972321E+03  0.2963972321E+03  -.9015101352E+10  0.1000000000E+01
L2 0.1000000000E+01  0.3361172766E+02  0.3361172766E+02  0.3361172766E+02
L3 0.2923262171E+05  -.8370691540E+03  -.6808938186E+03  0.1949529376E+03
L4 -.4410033450E+03  0.2902831527E+03  0.2886617027E+03  0.2774246717E+03
L5 0.8563695271E+03  0.4663938290E+03  0.4319147068E+03  0.2364085937E+03
L6 0.1134717130E+04  -.9015101352E+04  0.1295860593E+04  -.1038206877E+05
L7 0.0000000000E+00  0.1440089582E+01  0.1028307177E+02  0.1071104405E+02
L8 0.4297924162E+01  0.4253209422E+02  0.1842595874E+01  0.0000000000E+00
L9 0.0000000000E+00  0.0000000000E+00  0.0000000000E+00  0.9732596185E+00  0.0000000000E+00
L0     4000  0.8000000000E+01  -.7420141842E+04  0.1646519255E+04
L1 0.2901141089E+03  0.2901141089E+03  -.9066661097E+10  0.1000000000E+01
L2 0.1000000000E+01  0.3336760393E+02  0.3336760393E+02  0.3336760393E+02
L3 0.2859976572E+05  -.4578740005E+03  0.2078225971E+03  -.4651648912E+03
L4 -.2384054315E+03  0.2854517219E+03  0.2660311429E+03  0.2912143081E+03
L5 0.8426971729E+03  0.3796981803E+03  0.2232539952E+03  0.3869614864E+03
L6 0.9899136618E+03  -.9066661097E+04  0.1309358172E+04  -.1045016524E+05
L7 0.0000000000E+00  0.2839580602E+01  0.1054461925E+02  0.1236968585E+02
L8 0.2574823984E+01  0.4148379674E+02  0.4333465556E+01  0.0000000000E+00
L9 0.0000000000E+00  0.0000000000E+00  0.0000000000E+00  0.9947959200E+00  0.0000000000E+00
L0     5000  0.1000000000E+02  -.7369084626E+04  0.1689484973E+04
L1 0.2976846011E+03  0.2976846011E+03  -.9058569599E+10  0.1000000000E+01
L2 0.1000000000E+01  0.3344533007E+02  0.3344533007E+02  0.3344533007E+02
L3 0.2879910182E+05  0.7208781450E+02  0.1336711131E+03  0.2348766700E+03
L4 0.1468785325E+03  0.2703503716E+03  0.2913235490E+03  0.2745201080E+03
L5 0.8361940286E+03  0.2554087621E+03  0.2636175963E+03  0.2258373242E+03
L6 0.7448636826E+03  -.9058569599E+04  0.1345438179E+04  -.1047297582E+05
L7 0.0000000000E+00  0.1308232295E+01  0.6218629445E+01  0.1126248858E+02
L8 0.3290935469E+01  0.4514244657E+02  0.1745313839E+01  0.0000000000E+00
L9 0.0000000000E+00  0.0000000000E+00  0.0000000000E+00  0.9879103322E+00  0.0000000000E+00
L0     6000  0.1200000000E+02  -.7521535854E+04  0.1640121811E+04
L1 0.2889868892E+03  0.2889868892E+03  -.9161657664E+10  0.1000000000E+01
L2 0.1000000000E+01  0.3338913207E+02  0.3338913207E+02  0.3338913207E+02
L3 0.2865363001E+05  0.2524244371E+03  0.4648944335E+03  0.3603215787E+03
L4 0.3592134831E+03  0.2530973864E+03  0.3016491685E+03  0.2523812082E+03
L5 0.8071277631E+03  0.2010417662E+03  0.2057774362E+03  0.1780747604E+03
L6 0.5848939627E+03  -.9161657664E+04  0.1414935026E+04  -.1065055743E+05
L7 0.0000000000E+00  0.5438522683E+01  0.9557665855E+01  0.1080381786E+02
L8 0.3049421459E+01  0.4336653935E+02  0.1748775269E+01  0.0000000000E+00
L9 0.0000000000E+00  0.0000000000E+00  0.0000000000E+00  0.9929258609E+00  0.0000000000E+00
L0     7000  0.1400000000E+02  -.7293151776E+04  0.1740722265E+04
L1 0.3067125314E+03  0.3067125314E+03  -.9033874040E+10  0.1000000000E+01
L2 0.1000000000E+01  0.3337826992E+02  0.3337826992E+02  0.3337826992E+02
L3 0.2862703714E+05  -.8032046305E+02  -.2063178744E+03  -.2368765615E+03
L4 -.1745049663E+03  0.3098041536E+03  0.2580213816E+03  0.3082425837E+03
L5 0.8760681189E+03  0.3263526746E+03  0.3005292998E+03  0.3570465447E+03
L6 0.9839285192E+03  -.9033874040E+04  0.1297558200E+04  -.1040619662E+05
L7 0.0000000000E+00  0.2363249776E+01  0.1085098082E+02  0.1082070762E+02
L8 0.3213763546E+01  0.4529009885E+02  0.2225580477E+01  0.0000000000E+00
L9 0.0000000000E+00  0.0000000000E+00  0.0000000000E+00  0.9938482321E+00  0.0000000000E+00
L0     8000  0.1600000000E+02  -.7415660270E+04  0.1597004245E+04
L1 0.2813896419E+03  0.2813896419E+03  -.9012664515E+10  0.1000000000E+01
L2 0.1000000000E+01  0.3340493299E+02  0.3340493299E+02  0.3340493299E+02
L3 0.2869511949E+05  -.2801208765E+03  0.1610325585E+03  0.2702078755E+03
L4 0.5037318582E+02  0.2599206007E+03  0.2551404325E+03  0.2831585280E+03
L5 0.7982195613E+03  0.3177714973E+03  0.2218837970E+03  0.2273548762E+03
L6 0.7670101706E+03  -.9012664515E+04  0.1330088815E+04  -.1041895662E+05
L7 0.0000000000E+00  0.7857847312E+01  0.1161652655E+02  0.1060543134E+02
L8 0.2573768714E+01  0.4136117990E+02  0.2188537099E+01  0.0000000000E+00
L9 0.0000000000E+00  0.0000000000E+00  0.0000000000E+00  0.9914902171E+00  0.0000000000E+00
L0     9000  0.1800000000E+02  -.7356679950E+04  0.1742471285E+04
L1 0.3070207060E+03  0.3070207060E+03  -.9099151235E+10  0.1000000000E+01
L2 0.1000000000E+01  0.3345833402E+02  0.3345833402E+02  0.3345833402E+02
L3 0.2883193768E+05  0.4606869003E+03  0.7632006243E+03  0.1143998686E+03
L4 0.4460957977E+03  0.2790479872E+03  0.2898091772E+03  0.2925151227E+03
L5 0.8613722872E+03  0.1834527459E+03  0.1314405590E+03  0.2687764771E+03
L6 0.5836697820E+03  -.9099151235E+04  0.1418268999E+04  -.1059423016E+05
L7 0.0000000000E+00  0.2569731942E+01  0.9021444262E+01  0.1055953146E+02
L8 0.3684679606E+01  0.4639153192E+02  0.4583011962E+01  0.0000000000E+00
L9 0.0000000000E+00  0.0000000000E+00  0.0000000000E+00  0.9867852299E+00  0.0000000000E+00
L0    10000  0.2000000000E+02  -.7335375831E+04  0.1708989240E+04
L1 0.3011212223E+03  0.3011212223E+03  -.9044365072E+10  0.1000000000E+01
L2 0.1000000000E+01  0.3345317366E+02  0.3345317366E+02  0.3345317366E+02
L3 0.2882003939E+05  -.1366348435E+03  -.7143793690E+03  0.5086799134E+03
L4 -.1141114331E+03  0.2650896154E+03  0.2744626079E+03  0.2660147726E+03
L5 0.8055669960E+03  0.2934304486E+03  0.4226393541E+03  0.1605042586E+03
L6 0.8765740613E+03  -.9044365072E+04  0.1324763324E+04  -.1044467674E+05
L7 0.0000000000E+00  0.5953278114E+01  0.9219797726E+01  0.1157657319E+02
L8 0.3521990997E+01  0.4355343459E+02  0.1723271368E+01  0.0000000000E+00
L9 0.0000000000E+00  0.0000000000E+00  0.0000000000E+00  0.9871926219E+00  0.0000000000E+00
