# Final energies generated by paramfit for ../../1_inputfiles/multiplicity_3//fit.prmtop
# Num	Amber+K		Quantum		Initial Amber+K
0	-617815.44114	-617812.41840	  -3.02274
1	-617819.56609	-617814.79463	  -4.77146
2	-617821.15164	-617817.38125	  -3.77039
3	-617818.08531	-617816.22028	  -1.86503
4	-617812.48172	-617810.99838	  -1.48334
5	-617805.19627	-617803.09588	  -2.10039
6	-617809.11697	-617807.96421	  -1.15276
7	-617815.34861	-617813.29306	  -2.05556
8	-617820.54736	-617816.19552	  -4.35184
9	-617822.07175	-617815.38571	  -6.68604
10	-617816.50461	-617812.59136	  -3.91325
11	-617810.65237	-617819.23252	   8.58015
12	-617808.16805	-617816.94452	   8.77647
13	-617811.20219	-617815.81477	   4.61258
14	-617811.57141	-617816.58292	   5.01151
15	-617812.37417	-617816.93463	   4.56046
16	-617813.34218	-617818.33198	   4.98980
17	-617813.37741	-617818.98903	   5.61161
18	-617812.82248	-617819.28588	   6.46340
19	-617813.19968	-617818.69209	   5.49241
20	-617813.47487	-617817.39287	   3.91800
21	-617815.50398	-617818.63118	   3.12720
22	-617813.48761	-617819.69101	   6.20340
23	-617808.90115	-617817.97218	   9.07102
24	-617808.49438	-617815.63633	   7.14195
25	-617813.54856	-617817.20894	   3.66037
26	-617814.88390	-617817.17403	   2.29012
27	-617814.77144	-617819.05099	   4.27955
28	-617816.58899	-617821.63251	   5.04352
29	-617816.87403	-617821.70779	   4.83376
30	-617814.08900	-617820.01821	   5.92920
31	-617814.20747	-617819.24579	   5.03833
32	-617814.81884	-617817.65276	   2.83391
33	-617815.82432	-617818.35540	   2.53108
34	-617813.73443	-617819.54896	   5.81453
35	-617813.28914	-617819.90828	   6.61914
36	-617817.17618	-617821.63579	   4.45961
37	-617820.04423	-617821.19807	   1.15385
38	-617820.12723	-617821.49101	   1.36378
39	-617822.02733	-617823.95827	   1.93094
40	-617823.93638	-617825.66488	   1.72851
41	-617824.34863	-617825.44149	   1.09286
42	-617820.86824	-617823.32209	   2.45385
43	-617818.62458	-617820.95933	   2.33475
44	-617819.59474	-617818.93067	  -0.66406
45	-617821.43901	-617820.28379	  -1.15522
46	-617818.27672	-617820.88086	   2.60415
47	-617820.42181	-617823.62713	   3.20531
48	-617822.92584	-617824.32436	   1.39852
49	-617824.41017	-617823.32142	  -1.08876
50	-617825.23030	-617823.63929	  -1.59101
51	-617826.92451	-617825.47454	  -1.44997
52	-617828.49161	-617826.84455	  -1.64706
53	-617827.41752	-617826.43629	  -0.98124
54	-617823.76193	-617824.31442	   0.55249
55	-617822.06915	-617821.59790	  -0.47125
56	-617823.08614	-617820.54838	  -2.53776
57	-617824.37202	-617821.41885	  -2.95317
58	-617819.32289	-617821.15306	   1.83017
59	-617823.44988	-617824.65520	   1.20531
60	-617824.77292	-617824.36963	  -0.40329
61	-617826.24486	-617823.57725	  -2.66760
62	-617826.68958	-617824.10435	  -2.58523
63	-617827.47325	-617825.26850	  -2.20475
64	-617827.59118	-617826.14205	  -1.44913
65	-617826.08297	-617825.21879	  -0.86419
66	-617823.26307	-617822.79766	  -0.46541
67	-617822.48685	-617820.88837	  -1.59847
68	-617823.11524	-617820.50107	  -2.61417
69	-617824.49825	-617820.91005	  -3.58821
70	-617822.26197	-617822.94127	   0.67930
71	-617825.03974	-617824.79305	  -0.24669
72	-617826.00309	-617823.72514	  -2.27795
73	-617828.04380	-617824.33115	  -3.71265
74	-617827.68947	-617824.87425	  -2.81521
75	-617826.80002	-617825.07747	  -1.72256
76	-617826.32828	-617825.55719	  -0.77109
77	-617824.72032	-617824.50060	  -0.21972
78	-617821.55658	-617822.19122	   0.63464
79	-617820.28591	-617820.27109	  -0.01482
80	-617821.52621	-617819.61238	  -1.91383
81	-617824.10238	-617821.00217	  -3.10021
82	-617824.65413	-617824.17629	  -0.47784
83	-617819.35316	-617815.59717	  -3.75599
84	-617821.22288	-617817.00714	  -4.21574
85	-617822.20710	-617819.62847	  -2.57863
86	-617819.15319	-617816.38242	  -2.77077
87	-617814.00482	-617810.93689	  -3.06793
88	-617811.01583	-617809.01904	  -1.99679
89	-617812.69924	-617813.35438	   0.65514
90	-617816.84858	-617817.55913	   0.71054
91	-617820.94157	-617818.70137	  -2.24021
92	-617823.47391	-617816.22698	  -7.24693
93	-617821.34612	-617814.68768	  -6.65843
94	-617819.92098	-617814.96843	  -4.95256
95	-617824.21587	-617821.84592	  -2.36994
96	-617823.55034	-617820.48488	  -3.06546
97	-617825.90023	-617821.10012	  -4.80011
98	-617826.41911	-617822.75356	  -3.66555
99	-617826.00719	-617824.22976	  -1.77742
100	-617825.20507	-617825.03631	  -0.16876
101	-617821.70572	-617823.02345	   1.31773
102	-617816.56404	-617818.50314	   1.93910
103	-617815.18575	-617815.54652	   0.36077
104	-617819.63678	-617816.33110	  -3.30568
105	-617824.03289	-617821.24787	  -2.78502
106	-617825.77240	-617824.17371	  -1.59870
107	-617817.86162	-617814.86262	  -2.99900
108	-617817.41455	-617813.70529	  -3.70927
109	-617820.62240	-617815.00568	  -5.61672
110	-617822.93441	-617817.97388	  -4.96053
111	-617822.97020	-617821.37211	  -1.59809
112	-617818.86996	-617819.94032	   1.07037
113	-617813.45756	-617814.45108	   0.99351
114	-617805.85640	-617806.99601	   1.13962
115	-617811.04623	-617807.79584	  -3.25038
116	-617818.46075	-617814.49248	  -3.96826
117	-617823.43539	-617820.32623	  -3.10916
118	-617822.93476	-617818.38467	  -4.55009
119	-617828.85681	-617824.96955	  -3.88726
120	-617822.34137	-617822.52627	   0.18489
121	-617820.22903	-617820.89204	   0.66301
122	-617818.72486	-617816.87173	  -1.85313
123	-617815.92225	-617815.87796	  -0.04428
124	-617816.90955	-617818.25123	   1.34168
125	-617818.92561	-617820.94860	   2.02299
126	-617820.35558	-617821.85503	   1.49946
127	-617822.33275	-617820.94886	  -1.38389
128	-617824.13049	-617819.94247	  -4.18801
129	-617833.38582	-617826.74367	  -6.64215
130	-617831.00081	-617824.73881	  -6.26200
131	-617817.52789	-617821.54795	   4.02006
132	-617815.42177	-617820.74442	   5.32265
133	-617814.59612	-617818.28224	   3.68612
134	-617814.92003	-617817.50085	   2.58082
135	-617814.97339	-617817.94380	   2.97041
136	-617816.24601	-617819.30216	   3.05615
137	-617816.64283	-617820.03560	   3.39277
138	-617816.37417	-617820.25934	   3.88518
139	-617817.50035	-617819.79439	   2.29404
140	-617820.07549	-617820.02114	  -0.05435
141	-617822.65834	-617821.53497	  -1.12337
142	-617820.16706	-617821.61454	   1.44748
