L0  Nsteps           time(ps)         Etot             EKinetic        
L1  Temp             T_solute         T_solv           Pres_scal_solu  
L2  Pres_scal_solv   BoxX             BoxY             BoxZ            
L3  volume           pres_X           pres_Y           pres_Z          
L4  Pressure         EKCoM_x          EKCoM_y          EKCoM_z         
L5  EKComTot         VIRIAL_x         VIRIAL_y         VIRIAL_z        
L6  VIRIAL_tot       E_pot            E_vdw            E_el            
L7  E_hbon           E_bon            E_angle          E_dih           
L8  E_14vdw          E_14el           E_const          E_pol           
L9  AV_permMoment    AV_indMoment     AV_totMoment     Density          dV/dlambda      
L0     1000  0.2000000000E+01  -.8006613654E+04  0.1862006631E+04
L1 0.2968960831E+03  0.2968960831E+03  -.9868620285E+10  0.1000000000E+01
L2 0.1000000000E+01  0.3550744368E+02  0.3550744368E+02  0.3550744368E+02
L3 0.3446314850E+05  -.4554088431E+03  -.6874830197E+03  -.2941029498E+03
L4 -.4789982709E+03  0.2953206406E+03  0.3111977924E+03  0.3072885129E+03
L5 0.9138069459E+03  0.4082775994E+03  0.4817170791E+03  0.3802360967E+03
L6 0.1270230775E+04  -.9868620285E+04  0.1508734569E+04  -.1145331648E+05
L7 0.0000000000E+00  0.2416099149E+01  0.1338810892E+02  0.1037143563E+02
L8 0.2907404623E+01  0.4381108397E+02  0.3067493738E+01  0.0000000000E+00
L9 0.0000000000E+00  0.0000000000E+00  0.0000000000E+00  0.9123544673E+00  0.0000000000E+00
L0     2000  0.4000000000E+01  -.7956722369E+04  0.1912061508E+04
L1 0.3048773097E+03  0.3048773097E+03  -.9868783877E+10  0.1000000000E+01
L2 0.1000000000E+01  0.3500874025E+02  0.3500874025E+02  0.3500874025E+02
L3 0.3303014565E+05  -.6459865131E+03  0.1322201716E+02  0.4109508999E+03
L4 -.7393786535E+02  0.3188582178E+03  0.3080866148E+03  0.3257145682E+03
L5 0.9526594008E+03  0.4724226080E+03  0.3049434672E+03  0.2280230172E+03
L6 0.1005389092E+04  -.9868783877E+04  0.1490880056E+04  -.1143308894E+05
L7 0.0000000000E+00  0.4017494223E+01  0.8617523536E+01  0.1199777273E+02
L8 0.3474204691E+01  0.4259556287E+02  0.2722450945E+01  0.0000000000E+00
L9 0.0000000000E+00  0.0000000000E+00  0.0000000000E+00  0.9519366890E+00  0.0000000000E+00
L0     3000  0.6000000000E+01  -.8105526944E+04  0.1854278660E+04
L1 0.2956638617E+03  0.2956638617E+03  -.9959805604E+10  0.1000000000E+01
L2 0.1000000000E+01  0.3481137414E+02  0.3481137414E+02  0.3481137414E+02
L3 0.3247469191E+05  0.1843139648E+03  -.1596776374E+03  -.2852103266E+03
L4 -.8685799975E+02  0.2995498504E+03  0.3226613726E+03  0.2908427097E+03
L5 0.9130539327E+03  0.2564714210E+03  0.3599817235E+03  0.3575029485E+03
L6 0.9739560930E+03  -.9959805604E+04  0.1482098449E+04  -.1151468854E+05
L7 0.0000000000E+00  0.2177956619E+01  0.6530011104E+01  0.9819203469E+01
L8 0.2305210184E+01  0.4753933888E+02  0.4412762912E+01  0.0000000000E+00
L9 0.0000000000E+00  0.0000000000E+00  0.0000000000E+00  0.9682188078E+00  0.0000000000E+00
L0     4000  0.8000000000E+01  -.8154369418E+04  0.1894705815E+04
L1 0.3021099526E+03  0.3021099526E+03  -.1004907523E+11  0.1000000000E+01
L2 0.1000000000E+01  0.3463960585E+02  0.3463960585E+02  0.3463960585E+02
L3 0.3199661599E+05  0.4717879692E+03  -.6995817428E+03  -.3181382753E+03
L4 -.1819773496E+03  0.3181969945E+03  0.3293504779E+03  0.3034104512E+03
L5 0.9509579235E+03  0.2095525581E+03  0.4904517969E+03  0.3766720768E+03
L6 0.1076676432E+04  -.1004907523E+05  0.1494624013E+04  -.1162004075E+05
L7 0.0000000000E+00  0.2274328398E+01  0.6652257198E+01  0.9908404436E+01
L8 0.3460619315E+01  0.4790619532E+02  0.6139701420E+01  0.0000000000E+00
L9 0.0000000000E+00  0.0000000000E+00  0.0000000000E+00  0.9826854033E+00  0.0000000000E+00
L0     5000  0.1000000000E+02  -.8098358272E+04  0.1883848280E+04
L1 0.3003787237E+03  0.3003787237E+03  -.9982206552E+10  0.1000000000E+01
L2 0.1000000000E+01  0.3459840533E+02  0.3459840533E+02  0.3459840533E+02
L3 0.3188270842E+05  -.1118914462E+03  -.6068974927E+02  -.5078366435E+03
L4 -.2268059463E+03  0.2978909965E+03  0.2956959364E+03  0.3257308806E+03
L5 0.9193178135E+03  0.3235658914E+03  0.3096219601E+03  0.4422603642E+03
L6 0.1075448216E+04  -.9982206552E+04  0.1441580555E+04  -.1149505756E+05
L7 0.0000000000E+00  0.1989302432E+01  0.5425792308E+01  0.1124765462E+02
L8 0.4241151468E+01  0.4604395328E+02  0.2322594982E+01  0.0000000000E+00
L9 0.0000000000E+00  0.0000000000E+00  0.0000000000E+00  0.9861962500E+00  0.0000000000E+00
L0     6000  0.1200000000E+02  -.8153941726E+04  0.1861123335E+04
L1 0.2967552420E+03  0.2967552420E+03  -.1001506506E+11  0.1000000000E+01
L2 0.1000000000E+01  0.3455195720E+02  0.3455195720E+02  0.3455195720E+02
L3 0.3175410433E+05  -.9129863621E+02  0.3483357113E+03  -.5461902510E+03
L4 -.9638439196E+02  0.3076758956E+03  0.2921395301E+03  0.3182640371E+03
L5 0.9180794629E+03  0.3285410084E+03  0.2125319454E+03  0.4430886970E+03
L6 0.9841616508E+03  -.1001506506E+05  0.1466237773E+04  -.1155458870E+05
L7 0.0000000000E+00  0.2942254754E+01  0.5840178547E+01  0.1099853039E+02
L8 0.4009487249E+01  0.4784866156E+02  0.1646747927E+01  0.0000000000E+00
L9 0.0000000000E+00  0.0000000000E+00  0.0000000000E+00  0.9901903439E+00  0.0000000000E+00
L0     7000  0.1400000000E+02  -.8092265744E+04  0.1891239190E+04
L1 0.3015572009E+03  0.3015572009E+03  -.9983504934E+10  0.1000000000E+01
L2 0.1000000000E+01  0.3460914179E+02  0.3460914179E+02  0.3460914179E+02
L3 0.3191240661E+05  -.2361985064E+03  -.6856310494E+03  0.2332265991E+03
L4 -.2295343189E+03  0.3033092921E+03  0.3162217694E+03  0.3175472463E+03
L5 0.9370783078E+03  0.3575584853E+03  0.4736949552E+03  0.2639806297E+03
L6 0.1095234070E+04  -.9983504934E+04  0.1438423935E+04  -.1149976971E+05
L7 0.0000000000E+00  0.2697650170E+01  0.6038869355E+01  0.1459510215E+02
L8 0.3238508097E+01  0.4793474902E+02  0.3335961738E+01  0.0000000000E+00
L9 0.0000000000E+00  0.0000000000E+00  0.0000000000E+00  0.9852784803E+00  0.0000000000E+00
L0     8000  0.1600000000E+02  -.8099755772E+04  0.1894373958E+04
L1 0.3020570381E+03  0.3020570381E+03  -.9994129730E+10  0.1000000000E+01
L2 0.1000000000E+01  0.3459575229E+02  0.3459575229E+02  0.3459575229E+02
L3 0.3187419138E+05  0.6829376631E+02  0.2123310918E+03  0.2873831981E+03
L4 0.1893360187E+03  0.2996387583E+03  0.2941476085E+03  0.3194341749E+03
L5 0.9132205418E+03  0.2839720838E+03  0.2454385934E+03  0.2535081137E+03
L6 0.7829187909E+03  -.9994129730E+04  0.1524889055E+04  -.1159128885E+05
L7 0.0000000000E+00  0.1153177914E+01  0.7722753633E+01  0.1102912398E+02
L8 0.2426640467E+01  0.4727648903E+02  0.2661881243E+01  0.0000000000E+00
L9 0.0000000000E+00  0.0000000000E+00  0.0000000000E+00  0.9864597696E+00  0.0000000000E+00
L0     9000  0.1800000000E+02  -.8208659898E+04  0.1776369745E+04
L1 0.2832413218E+03  0.2832413218E+03  -.9985029644E+10  0.1000000000E+01
L2 0.1000000000E+01  0.3456575819E+02  0.3456575819E+02  0.3456575819E+02
L3 0.3179311748E+05  0.1816326670E+03  -.4391255258E+03  -.1034050332E+04
L4 -.4305143970E+03  0.2913439533E+03  0.2959761919E+03  0.3023737614E+03
L5 0.8896939066E+03  0.2497831766E+03  0.3964559030E+03  0.5389828231E+03
L6 0.1185221903E+04  -.9985029644E+04  0.1411035593E+04  -.1147275614E+05
L7 0.0000000000E+00  0.5727838820E+01  0.5693072557E+01  0.9983783559E+01
L8 0.4612106018E+01  0.4919397698E+02  0.1480125811E+01  0.0000000000E+00
L9 0.0000000000E+00  0.0000000000E+00  0.0000000000E+00  0.9889752872E+00  0.0000000000E+00
L0    10000  0.2000000000E+02  -.8226762551E+04  0.1831714603E+04
L1 0.2920660334E+03  0.2920660334E+03  -.1005847715E+11  0.1000000000E+01
L2 0.1000000000E+01  0.3457499109E+02  0.3457499109E+02  0.3457499109E+02
L3 0.3181692850E+05  0.5974441851E+02  0.7285402602E+03  -.3118006604E+03
L4 0.1588280061E+03  0.3093621318E+03  0.2871227967E+03  0.3376991917E+03
L5 0.9341841201E+03  0.2956813105E+03  0.1202950098E+03  0.4090981479E+03
L6 0.8250744681E+03  -.1005847715E+05  0.1515542340E+04  -.1164813310E+05
L7 0.0000000000E+00  0.4411014184E+01  0.6658184370E+01  0.1036698573E+02
L8 0.2809949914E+01  0.4559123827E+02  0.4276236479E+01  0.0000000000E+00
L9 0.0000000000E+00  0.0000000000E+00  0.0000000000E+00  0.9882351618E+00  0.0000000000E+00
