L0  Nsteps           time(ps)         Etot             EKinetic        
L1  Temp             T_solute         T_solv           Pres_scal_solu  
L2  Pres_scal_solv   BoxX             BoxY             BoxZ            
L3  volume           pres_X           pres_Y           pres_Z          
L4  Pressure         EKCoM_x          EKCoM_y          EKCoM_z         
L5  EKComTot         VIRIAL_x         VIRIAL_y         VIRIAL_z        
L6  VIRIAL_tot       E_pot            E_vdw            E_el            
L7  E_hbon           E_bon            E_angle          E_dih           
L8  E_14vdw          E_14el           E_const          E_pol           
L9  AV_permMoment    AV_indMoment     AV_totMoment     Density          dV/dlambda      
L0     1000  0.2000000000E+01  -.7189398694E+04  0.1643304625E+04
L1 0.2948121996E+03  0.2948121996E+03  -.8832703319E+10  0.1000000000E+01
L2 0.1000000000E+01  0.3432976530E+02  0.3432976530E+02  0.3432976530E+02
L3 0.3114630690E+05  0.1362372440E+03  -.8956833958E+03  -.4704087771E+03
L4 -.4099516430E+03  0.2815190746E+03  0.2796763112E+03  0.2706203387E+03
L5 0.8318157245E+03  0.2509797810E+03  0.4804550223E+03  0.3760683892E+03
L6 0.1107503192E+04  -.8832703319E+04  0.1376895662E+04  -.1028571846E+05
L7 0.0000000000E+00  0.1045949227E+01  0.1267719816E+02  0.1163720066E+02
L8 0.4452353963E+01  0.4405632859E+02  0.2250445022E+01  0.0000000000E+00
L9 0.0000000000E+00  0.0000000000E+00  0.0000000000E+00  0.8971318882E+00  0.0000000000E+00
L0     2000  0.4000000000E+01  -.7118257735E+04  0.1650465238E+04
L1 0.2960968282E+03  0.2960968282E+03  -.8768722973E+10  0.1000000000E+01
L2 0.1000000000E+01  0.3383423841E+02  0.3383423841E+02  0.3383423841E+02
L3 0.2981660996E+05  -.1324096118E+03  -.5477059070E+03  -.1619962947E+03
L4 -.2807039378E+03  0.2712711294E+03  0.2910284200E+03  0.2669077660E+03
L5 0.8292073155E+03  0.2996852590E+03  0.4085620824E+03  0.3016709803E+03
L6 0.1009918322E+04  -.8768722973E+04  0.1322397263E+04  -.1017010000E+05
L7 0.0000000000E+00  0.4923612855E+01  0.9247850606E+01  0.1098464067E+02
L8 0.3190048049E+01  0.4529161307E+02  0.5341998207E+01  0.0000000000E+00
L9 0.0000000000E+00  0.0000000000E+00  0.0000000000E+00  0.9371402435E+00  0.0000000000E+00
L0     3000  0.6000000000E+01  -.7226325329E+04  0.1663765668E+04
L1 0.2984829526E+03  0.2984829526E+03  -.8890090997E+10  0.1000000000E+01
L2 0.1000000000E+01  0.3346867458E+02  0.3346867458E+02  0.3346867458E+02
L3 0.2886045219E+05  -.4737142697E+03  0.3851157034E+03  -.6405377315E+03
L4 -.2430454326E+03  0.2925570483E+03  0.2801263104E+03  0.2844430091E+03
L5 0.8571263678E+03  0.3909527616E+03  0.2001335030E+03  0.4174898076E+03
L6 0.1008576072E+04  -.8890090997E+04  0.1317085555E+04  -.1028159954E+05
L7 0.0000000000E+00  0.2757242994E+01  0.6777734369E+01  0.1035058210E+02
L8 0.2859487624E+01  0.4692920650E+02  0.4748734332E+01  0.0000000000E+00
L9 0.0000000000E+00  0.0000000000E+00  0.0000000000E+00  0.9681880566E+00  0.0000000000E+00
L0     4000  0.8000000000E+01  -.7229459945E+04  0.1635070877E+04
L1 0.2933350485E+03  0.2933350485E+03  -.8864530822E+10  0.1000000000E+01
L2 0.1000000000E+01  0.3334938952E+02  0.3334938952E+02  0.3334938952E+02
L3 0.2855222785E+05  0.6344378128E+03  -.5534686964E+03  0.6141693812E+02
L4 0.4746201816E+02  0.2706960310E+03  0.2565058481E+03  0.2668447490E+03
L5 0.7940466281E+03  0.1403236372E+03  0.3702396727E+03  0.2542240112E+03
L6 0.7647873211E+03  -.8864530822E+04  0.1334288674E+04  -.1027011343E+05
L7 0.0000000000E+00  0.1547459707E+01  0.5586031993E+01  0.1247254118E+02
L8 0.3074064445E+01  0.4695865598E+02  0.1655176287E+01  0.0000000000E+00
L9 0.0000000000E+00  0.0000000000E+00  0.0000000000E+00  0.9786397496E+00  0.0000000000E+00
L0     5000  0.1000000000E+02  -.7220199054E+04  0.1622951318E+04
L1 0.2911607750E+03  0.2911607750E+03  -.8843150373E+10  0.1000000000E+01
L2 0.1000000000E+01  0.3330177750E+02  0.3330177750E+02  0.3330177750E+02
L3 0.2842997593E+05  -.4129177624E+03  0.6237010625E+03  0.9329170394E+02
L4 0.1013583347E+03  0.2725021910E+03  0.2667279113E+03  0.2661475441E+03
L5 0.8053776464E+03  0.3569905038E+03  0.1391106101E+03  0.2470588553E+03
L6 0.7431599692E+03  -.8843150373E+04  0.1318972827E+04  -.1023385665E+05
L7 0.0000000000E+00  0.1879753144E+01  0.7757565364E+01  0.9962266086E+01
L8 0.3134304843E+01  0.4688743362E+02  0.2112127872E+01  0.0000000000E+00
L9 0.0000000000E+00  0.0000000000E+00  0.0000000000E+00  0.9828480047E+00  0.0000000000E+00
L0     6000  0.1200000000E+02  -.7245621232E+04  0.1663056711E+04
L1 0.2983557642E+03  0.2983557642E+03  -.8908677943E+10  0.1000000000E+01
L2 0.1000000000E+01  0.3317039947E+02  0.3317039947E+02  0.3317039947E+02
L3 0.2809481054E+05  0.3659458791E+03  0.3827778817E+03  -.4256624624E+03
L4 0.1076870995E+03  0.2792900660E+03  0.2881428574E+03  0.2740444783E+03
L5 0.8414774017E+03  0.2052955474E+03  0.2107448959E+03  0.3601137327E+03
L6 0.7761541761E+03  -.8908677943E+04  0.1315261187E+04  -.1029846011E+05
L7 0.0000000000E+00  0.2635981456E+01  0.7398869408E+01  0.1308637733E+02
L8 0.2190274542E+01  0.4611384326E+02  0.3095635911E+01  0.0000000000E+00
L9 0.0000000000E+00  0.0000000000E+00  0.0000000000E+00  0.9945731820E+00  0.0000000000E+00
L0     7000  0.1400000000E+02  -.7223404591E+04  0.1666551112E+04
L1 0.2989826668E+03  0.2989826668E+03  -.8889955703E+10  0.1000000000E+01
L2 0.1000000000E+01  0.3329253914E+02  0.3329253914E+02  0.3329253914E+02
L3 0.2840655537E+05  0.1291584853E+03  0.3284805335E+03  -.4299376872E+03
L4 0.9233777185E+01  0.2646188607E+03  0.2710545760E+03  0.2751259794E+03
L5 0.8107994161E+03  0.2382131356E+03  0.2038985806E+03  0.3630243186E+03
L6 0.8051360348E+03  -.8889955703E+04  0.1323662619E+04  -.1028705128E+05
L7 0.0000000000E+00  0.1951936588E+01  0.8158219244E+01  0.1093866564E+02
L8 0.2381458599E+01  0.4744541495E+02  0.2557260925E+01  0.0000000000E+00
L9 0.0000000000E+00  0.0000000000E+00  0.0000000000E+00  0.9836583407E+00  0.0000000000E+00
L0     8000  0.1600000000E+02  -.7191532869E+04  0.1692634507E+04
L1 0.3036620811E+03  0.3036620811E+03  -.8884167376E+10  0.1000000000E+01
L2 0.1000000000E+01  0.3327087857E+02  0.3327087857E+02  0.3327087857E+02
L3 0.2835217883E+05  -.3134853347E+03  -.4969484138E+03  -.3866017569E+03
L4 -.3990118351E+03  0.2737584856E+03  0.2802020551E+03  0.2646945111E+03
L5 0.8186550519E+03  0.3377261138E+03  0.3816058781E+03  0.3435817659E+03
L6 0.1062913758E+04  -.8884167376E+04  0.1266241376E+04  -.1022665094E+05
L7 0.0000000000E+00  0.1635404916E+01  0.8992077677E+01  0.1052327128E+02
L8 0.3988654450E+01  0.4775767852E+02  0.3345103373E+01  0.0000000000E+00
L9 0.0000000000E+00  0.0000000000E+00  0.0000000000E+00  0.9855448953E+00  0.0000000000E+00
L0     9000  0.1800000000E+02  -.7197329512E+04  0.1688307480E+04
L1 0.3028858037E+03  0.3028858037E+03  -.8885636993E+10  0.1000000000E+01
L2 0.1000000000E+01  0.3325452671E+02  0.3325452671E+02  0.3325452671E+02
L3 0.2831021733E+05  -.6959002215E+03  0.3023187720E+02  -.3190312608E+03
L4 -.3282332017E+03  0.2780805987E+03  0.3024858343E+03  0.2844410996E+03
L5 0.8650075326E+03  0.4198709760E+03  0.2963260586E+03  0.3494440432E+03
L6 0.1065641078E+04  -.8885636993E+04  0.1252301980E+04  -.1021280033E+05
L7 0.0000000000E+00  0.1366621682E+01  0.8387638932E+01  0.1169077082E+02
L8 0.2796248515E+01  0.4738308826E+02  0.3236993875E+01  0.0000000000E+00
L9 0.0000000000E+00  0.0000000000E+00  0.0000000000E+00  0.9870056734E+00  0.0000000000E+00
L0    10000  0.2000000000E+02  -.7283893706E+04  0.1635220669E+04
L1 0.2933619215E+03  0.2933619215E+03  -.8919114375E+10  0.1000000000E+01
L2 0.1000000000E+01  0.3331913643E+02  0.3331913643E+02  0.3331913643E+02
L3 0.2847370431E+05  0.2284285291E+03  0.3766923391E+03  0.5885632892E+03
L4 0.3978947191E+03  0.2595625411E+03  0.2567402928E+03  0.2705336472E+03
L5 0.7868364811E+03  0.2127512204E+03  0.1795456186E+03  0.1499207580E+03
L6 0.5422175970E+03  -.8919114375E+04  0.1401530906E+04  -.1039917794E+05
L7 0.0000000000E+00  0.1810080404E+01  0.1022015036E+02  0.1030424230E+02
L8 0.2277285230E+01  0.4896574243E+02  0.4955154636E+01  0.0000000000E+00
L9 0.0000000000E+00  0.0000000000E+00  0.0000000000E+00  0.9813385999E+00  0.0000000000E+00
