L0  Nsteps           time(ps)         Etot             EKinetic        
L1  Temp             T_solute         T_solv           Pres_scal_solu  
L2  Pres_scal_solv   BoxX             BoxY             BoxZ            
L3  volume           pres_X           pres_Y           pres_Z          
L4  Pressure         EKCoM_x          EKCoM_y          EKCoM_z         
L5  EKComTot         VIRIAL_x         VIRIAL_y         VIRIAL_z        
L6  VIRIAL_tot       E_pot            E_vdw            E_el            
L7  E_hbon           E_bon            E_angle          E_dih           
L8  E_14vdw          E_14el           E_const          E_pol           
L9  AV_permMoment    AV_indMoment     AV_totMoment     Density          dV/dlambda      
L0     1000  0.2000000000E+01  -.7429516699E+04  0.1742631493E+04
L1 0.2976686207E+03  0.2976686207E+03  -.9172148192E+10  0.1000000000E+01
L2 0.1000000000E+01  0.3481239271E+02  0.3481239271E+02  0.3481239271E+02
L3 0.3247955337E+05  -.7451960349E+03  -.8115331512E+01  -.1589383410E+04
L4 -.7808982587E+03  0.2842921457E+03  0.2835486328E+03  0.2808391777E+03
L5 0.8486799561E+03  0.4584877388E+03  0.2854456571E+03  0.6523703895E+03
L6 0.1396303785E+04  -.9172148192E+04  0.1357695757E+04  -.1060513594E+05
L7 0.0000000000E+00  0.1590484105E+01  0.9583257595E+01  0.1372297801E+02
L8 0.2059651683E+01  0.4521477068E+02  0.3120847917E+01  0.0000000000E+00
L9 0.0000000000E+00  0.0000000000E+00  0.0000000000E+00  0.9035971981E+00  0.0000000000E+00
L0     2000  0.4000000000E+01  -.7536614441E+04  0.1705343330E+04
L1 0.2912992212E+03  0.2912992212E+03  -.9241957770E+10  0.1000000000E+01
L2 0.1000000000E+01  0.3435956797E+02  0.3435956797E+02  0.3435956797E+02
L3 0.3122740887E+05  -.2842072750E+03  -.1531128062E+03  -.7004157000E+03
L4 -.3792452604E+03  0.2711828814E+03  0.2798933141E+03  0.2925328397E+03
L5 0.8436090353E+03  0.3350574118E+03  0.3143048491E+03  0.4499486692E+03
L6 0.1099310930E+04  -.9241957770E+04  0.1390279675E+04  -.1070749492E+05
L7 0.0000000000E+00  0.2805028062E+01  0.1331871841E+02  0.1139053484E+02
L8 0.3580198070E+01  0.4308380826E+02  0.1079190330E+01  0.0000000000E+00
L9 0.0000000000E+00  0.0000000000E+00  0.0000000000E+00  0.9398292873E+00  0.0000000000E+00
L0     3000  0.6000000000E+01  -.7477458451E+04  0.1825735818E+04
L1 0.3118641347E+03  0.3118641347E+03  -.9303194269E+10  0.1000000000E+01
L2 0.1000000000E+01  0.3400628882E+02  0.3400628882E+02  0.3400628882E+02
L3 0.3027433443E+05  -.7514937809E+03  -.4892686220E+03  -.2083479476E+03
L4 -.4830367835E+03  0.2910765800E+03  0.2861874004E+03  0.3064902940E+03
L5 0.8837542744E+03  0.4548172545E+03  0.3927926395E+03  0.3518865891E+03
L6 0.1199496483E+04  -.9303194269E+04  0.1354913324E+04  -.1074312389E+05
L7 0.0000000000E+00  0.2576049265E+01  0.1273481611E+02  0.1101435207E+02
L8 0.5123302445E+01  0.4960451250E+02  0.3963263557E+01  0.0000000000E+00
L9 0.0000000000E+00  0.0000000000E+00  0.0000000000E+00  0.9694163050E+00  0.0000000000E+00
L0     4000  0.8000000000E+01  -.7615949147E+04  0.1752096648E+04
L1 0.2992854168E+03  0.2992854168E+03  -.9368045795E+10  0.1000000000E+01
L2 0.1000000000E+01  0.3379752608E+02  0.3379752608E+02  0.3379752608E+02
L3 0.2971852411E+05  0.4938752227E+03  -.7557636469E+02  0.2098070583E+02
L4 0.1464265213E+03  0.2665313548E+03  0.3126836924E+03  0.3081086142E+03
L5 0.8873236614E+03  0.1608980041E+03  0.3288484730E+03  0.3036211199E+03
L6 0.7933675970E+03  -.9368045795E+04  0.1413701235E+04  -.1085981501E+05
L7 0.0000000000E+00  0.2967647562E+01  0.8589597531E+01  0.1335046597E+02
L8 0.3030888280E+01  0.4724494114E+02  0.2884436982E+01  0.0000000000E+00
L9 0.0000000000E+00  0.0000000000E+00  0.0000000000E+00  0.9875468013E+00  0.0000000000E+00
L0     5000  0.1000000000E+02  -.7710534996E+04  0.1702407398E+04
L1 0.2907977183E+03  0.2907977183E+03  -.9412942394E+10  0.1000000000E+01
L2 0.1000000000E+01  0.3378225745E+02  0.3378225745E+02  0.3378225745E+02
L3 0.2967883921E+05  0.3735291912E+03  -.1715272624E+03  -.4137751351E+03
L4 -.7059106879E+02  0.2887936323E+03  0.2998535266E+03  0.2773143529E+03
L5 0.8659615119E+03  0.2090073851E+03  0.3364919390E+03  0.3656971782E+03
L6 0.9111965023E+03  -.9412942394E+04  0.1412858287E+04  -.1089846286E+05
L7 0.0000000000E+00  0.2554786069E+01  0.1234402089E+02  0.1112249715E+02
L8 0.3001841203E+01  0.3990365229E+02  0.3735378068E+01  0.0000000000E+00
L9 0.0000000000E+00  0.0000000000E+00  0.0000000000E+00  0.9888672940E+00  0.0000000000E+00
L0     6000  0.1200000000E+02  -.7632463098E+04  0.1773735407E+04
L1 0.3029816541E+03  0.3029816541E+03  -.9406198505E+10  0.1000000000E+01
L2 0.1000000000E+01  0.3382101521E+02  0.3382101521E+02  0.3382101521E+02
L3 0.2978196653E+05  -.3172941459E+03  0.2532229839E+03  -.1119030379E+04
L4 -.3943671803E+03  0.2826768681E+03  0.3095957247E+03  0.3051407336E+03
L5 0.8974133265E+03  0.3506867484E+03  0.2553190699E+03  0.5449974191E+03
L6 0.1151003237E+04  -.9406198505E+04  0.1349144510E+04  -.1082525222E+05
L7 0.0000000000E+00  0.1801407504E+01  0.1099936707E+02  0.1078034635E+02
L8 0.3286469743E+01  0.4147400630E+02  0.1567605125E+01  0.0000000000E+00
L9 0.0000000000E+00  0.0000000000E+00  0.0000000000E+00  0.9854431001E+00  0.0000000000E+00
L0     7000  0.1400000000E+02  -.7542832073E+04  0.1749240241E+04
L1 0.2987974979E+03  0.2987974979E+03  -.9292072314E+10  0.1000000000E+01
L2 0.1000000000E+01  0.3386128909E+02  0.3386128909E+02  0.3386128909E+02
L3 0.2988758758E+05  0.5138444837E+03  0.1955570389E+03  -.8817065837E+03
L4 -.5743502037E+02  0.3194677357E+03  0.2789426500E+03  0.2848327155E+03
L5 0.8832431012E+03  0.2089379978E+03  0.2368776499E+03  0.4744908722E+03
L6 0.9203065200E+03  -.9292072314E+04  0.1379853046E+04  -.1075340739E+05
L7 0.0000000000E+00  0.2817516465E+01  0.1607869661E+02  0.1046878129E+02
L8 0.2926974589E+01  0.4564606906E+02  0.3543990268E+01  0.0000000000E+00
L9 0.0000000000E+00  0.0000000000E+00  0.0000000000E+00  0.9819605996E+00  0.0000000000E+00
L0     8000  0.1600000000E+02  -.7541187946E+04  0.1777172956E+04
L1 0.3035688410E+03  0.3035688410E+03  -.9318360903E+10  0.1000000000E+01
L2 0.1000000000E+01  0.3374619825E+02  0.3374619825E+02  0.3374619825E+02
L3 0.2958361844E+05  -.1394486648E+03  0.6368772102E+03  -.3857278457E+03
L4 0.3723356657E+02  0.3027077858E+03  0.2951288175E+03  0.2885944513E+03
L5 0.8864310547E+03  0.3323986086E+03  0.1595276025E+03  0.3707220007E+03
L6 0.8626482118E+03  -.9318360903E+04  0.1353549540E+04  -.1074318206E+05
L7 0.0000000000E+00  0.1499821273E+01  0.8895691033E+01  0.1009646385E+02
L8 0.3264419978E+01  0.4500949382E+02  0.2505723859E+01  0.0000000000E+00
L9 0.0000000000E+00  0.0000000000E+00  0.0000000000E+00  0.9920501604E+00  0.0000000000E+00
L0     9000  0.1800000000E+02  -.7588373471E+04  0.1758091214E+04
L1 0.3003093820E+03  0.3003093820E+03  -.9346464685E+10  0.1000000000E+01
L2 0.1000000000E+01  0.3385078224E+02  0.3385078224E+02  0.3385078224E+02
L3 0.2986034375E+05  -.5352655064E+03  -.3390955013E+03  0.6110360243E+02
L4 -.2710858018E+03  0.2876408295E+03  0.2826037697E+03  0.2904829353E+03
L5 0.8607275345E+03  0.4026733512E+03  0.3554779044E+03  0.2773513186E+03
L6 0.1035502574E+04  -.9346464685E+04  0.1366037787E+04  -.1078819654E+05
L7 0.0000000000E+00  0.6816367541E+01  0.8102382051E+01  0.1313821876E+02
L8 0.3266100579E+01  0.4173785878E+02  0.2633144951E+01  0.0000000000E+00
L9 0.0000000000E+00  0.0000000000E+00  0.0000000000E+00  0.9828565158E+00  0.0000000000E+00
L0    10000  0.2000000000E+02  -.7592102481E+04  0.1671371966E+04
L1 0.2854963827E+03  0.2854963827E+03  -.9263474447E+10  0.1000000000E+01
L2 0.1000000000E+01  0.3383473658E+02  0.3383473658E+02  0.3383473658E+02
L3 0.2981753503E+05  -.4860505335E+03  0.1326888769E+03  -.4660768869E+02
L4 -.1333231151E+03  0.2854120903E+03  0.2570238517E+03  0.2799835560E+03
L5 0.8224194980E+03  0.3897181986E+03  0.2285489105E+03  0.2899855338E+03
L6 0.9082526429E+03  -.9263474447E+04  0.1364326925E+04  -.1070239557E+05
L7 0.0000000000E+00  0.1021822349E+01  0.1024200055E+02  0.1246606600E+02
L8 0.4200836594E+01  0.4357706583E+02  0.3086406389E+01  0.0000000000E+00
L9 0.0000000000E+00  0.0000000000E+00  0.0000000000E+00  0.9842675925E+00  0.0000000000E+00
