L0  Nsteps           time(ps)         Etot             EKinetic        
L1  Temp             T_solute         T_solv           Pres_scal_solu  
L2  Pres_scal_solv   BoxX             BoxY             BoxZ            
L3  volume           pres_X           pres_Y           pres_Z          
L4  Pressure         EKCoM_x          EKCoM_y          EKCoM_z         
L5  EKComTot         VIRIAL_x         VIRIAL_y         VIRIAL_z        
L6  VIRIAL_tot       E_pot            E_vdw            E_el            
L7  E_hbon           E_bon            E_angle          E_dih           
L8  E_14vdw          E_14el           E_const          E_pol           
L9  AV_permMoment    AV_indMoment     AV_totMoment     Density          dV/dlambda      
L0     1000  0.2000000000E+01  -.7232430351E+04  0.1642589967E+04
L1 0.2885125961E+03  0.2885125961E+03  -.8875020318E+10  0.1000000000E+01
L2 0.1000000000E+01  0.3450764939E+02  0.3450764939E+02  0.3450764939E+02
L3 0.3163359129E+05  -.7679267102E+03  -.6934872179E+03  -.4121863157E+03
L4 -.6245334146E+03  0.2980882535E+03  0.2605158994E+03  0.2755833966E+03
L5 0.8341875495E+03  0.4729218344E+03  0.4184018695E+03  0.3694256977E+03
L6 0.1260749402E+04  -.8875020318E+04  0.1322498292E+04  -.1027280923E+05
L7 0.0000000000E+00  0.2227216852E+01  0.4403012097E+01  0.1125466357E+02
L8 0.4543764083E+01  0.5206649104E+02  0.7954735670E+00  0.0000000000E+00
L9 0.0000000000E+00  0.0000000000E+00  0.0000000000E+00  0.9022270127E+00  0.0000000000E+00
L0     2000  0.4000000000E+01  -.7282767444E+04  0.1714540622E+04
L1 0.3011503638E+03  0.3011503638E+03  -.8997308067E+10  0.1000000000E+01
L2 0.1000000000E+01  0.3387808507E+02  0.3387808507E+02  0.3387808507E+02
L3 0.2993340107E+05  -.7724146534E+03  -.6194677992E+03  -.2597147024E+03
L4 -.5505323850E+03  0.2762222621E+03  0.3045337755E+03  0.2800585817E+03
L5 0.8608146193E+03  0.4426260273E+03  0.4379877096E+03  0.3360097527E+03
L6 0.1216623490E+04  -.8997308067E+04  0.1313915130E+04  -.1038985993E+05
L7 0.0000000000E+00  0.9209851143E+01  0.5797995921E+01  0.1111236064E+02
L8 0.2483565595E+01  0.4600178428E+02  0.4031177562E+01  0.0000000000E+00
L9 0.0000000000E+00  0.0000000000E+00  0.0000000000E+00  0.9534726942E+00  0.0000000000E+00
L0     3000  0.6000000000E+01  -.7295834609E+04  0.1711043387E+04
L1 0.3005360921E+03  0.3005360921E+03  -.9006877996E+10  0.1000000000E+01
L2 0.1000000000E+01  0.3367369280E+02  0.3367369280E+02  0.3367369280E+02
L3 0.2939231954E+05  0.4015059706E+03  0.8784546581E+03  0.1747439518E+01
L4 0.4272360227E+03  0.2794379698E+03  0.2862206452E+03  0.2956067941E+03
L5 0.8612654092E+03  0.1945037996E+03  0.1003932281E+03  0.2952371425E+03
L6 0.5901341702E+03  -.9006877996E+04  0.1404173234E+04  -.1048245742E+05
L7 0.0000000000E+00  0.3107721665E+01  0.5859228680E+01  0.9695116759E+01
L8 0.3485066000E+01  0.4794051341E+02  0.1318547025E+01  0.0000000000E+00
L9 0.0000000000E+00  0.0000000000E+00  0.0000000000E+00  0.9710251187E+00  0.0000000000E+00
L0     4000  0.8000000000E+01  -.7419380761E+04  0.1729469638E+04
L1 0.3037725696E+03  0.3037725696E+03  -.9148850399E+10  0.1000000000E+01
L2 0.1000000000E+01  0.3359413689E+02  0.3359413689E+02  0.3359413689E+02
L3 0.2918470652E+05  0.2706555443E+03  0.4136913989E+03  0.3461353360E+03
L4 0.3434940931E+03  0.2935431692E+03  0.2724755564E+03  0.2884182669E+03
L5 0.8544369926E+03  0.2366933827E+03  0.1855818340E+03  0.2157143435E+03
L6 0.6379895603E+03  -.9148850399E+04  0.1438486165E+04  -.1066447864E+05
L7 0.0000000000E+00  0.4798945818E+01  0.7389153006E+01  0.1108120009E+02
L8 0.4298394481E+01  0.4702427216E+02  0.2550114461E+01  0.0000000000E+00
L9 0.0000000000E+00  0.0000000000E+00  0.0000000000E+00  0.9779327590E+00  0.0000000000E+00
L0     5000  0.1000000000E+02  -.7331908988E+04  0.1732751502E+04
L1 0.3043490124E+03  0.3043490124E+03  -.9064660489E+10  0.1000000000E+01
L2 0.1000000000E+01  0.3350872965E+02  0.3350872965E+02  0.3350872965E+02
L3 0.2896312347E+05  0.4359392414E+03  0.1668975043E+03  -.8635719084E+02
L4 0.1721598516E+03  0.2906875044E+03  0.2674037957E+03  0.2984043288E+03
L5 0.8564956289E+03  0.1998159535E+03  0.2326140048E+03  0.3164054884E+03
L6 0.7488354467E+03  -.9064660489E+04  0.1359272065E+04  -.1050328580E+05
L7 0.0000000000E+00  0.2337932613E+01  0.6714130895E+01  0.1128918799E+02
L8 0.4426081027E+01  0.4894221800E+02  0.5643693472E+01  0.0000000000E+00
L9 0.0000000000E+00  0.0000000000E+00  0.0000000000E+00  0.9854144563E+00  0.0000000000E+00
L0     6000  0.1200000000E+02  -.7396213793E+04  0.1717348807E+04
L1 0.3016436071E+03  0.3016436071E+03  -.9113562600E+10  0.1000000000E+01
L2 0.1000000000E+01  0.3358618355E+02  0.3358618355E+02  0.3358618355E+02
L3 0.2916477689E+05  0.8372425477E+02  -.5117565572E+03  0.5432046889E+03
L4 0.3839079548E+02  0.2837843794E+03  0.2692268197E+03  0.3176783843E+03
L5 0.8706895834E+03  0.2662105450E+03  0.3766452136E+03  0.2036589850E+03
L6 0.8465147436E+03  -.9113562600E+04  0.1372802646E+04  -.1055615779E+05
L7 0.0000000000E+00  0.2660925733E+01  0.7688626528E+01  0.9844842182E+01
L8 0.1995812109E+01  0.4492818622E+02  0.2674150139E+01  0.0000000000E+00
L9 0.0000000000E+00  0.0000000000E+00  0.0000000000E+00  0.9786010251E+00  0.0000000000E+00
L0     7000  0.1400000000E+02  -.7360040236E+04  0.1686723572E+04
L1 0.2962644400E+03  0.2962644400E+03  -.9046763808E+10  0.1000000000E+01
L2 0.1000000000E+01  0.3352335649E+02  0.3352335649E+02  0.3352335649E+02
L3 0.2900030196E+05  0.1748020059E+03  0.5352321892E+03  0.6948266501E+03
L4 0.4682869484E+03  0.2798638586E+03  0.2753979658E+03  0.2837233609E+03
L5 0.8389851853E+03  0.2433796012E+03  0.1636855807E+03  0.1387008008E+03
L6 0.5457659827E+03  -.9046763808E+04  0.1399437464E+04  -.1052395893E+05
L7 0.0000000000E+00  0.3366111978E+01  0.1451128010E+02  0.1010102995E+02
L8 0.2507051557E+01  0.4374968251E+02  0.3522500607E+01  0.0000000000E+00
L9 0.0000000000E+00  0.0000000000E+00  0.0000000000E+00  0.9841511515E+00  0.0000000000E+00
L0     8000  0.1600000000E+02  -.7404601728E+04  0.1672762268E+04
L1 0.2938122078E+03  0.2938122078E+03  -.9077363996E+10  0.1000000000E+01
L2 0.1000000000E+01  0.3354957749E+02  0.3354957749E+02  0.3354957749E+02
L3 0.2906901649E+05  -.3556719530E+02  0.1382997191E+03  0.5943764626E+03
L4 0.2323696621E+03  0.2626662760E+03  0.2824273808E+03  0.2893728983E+03
L5 0.8344665551E+03  0.2701073657E+03  0.2534933982E+03  0.1650221161E+03
L6 0.6886228799E+03  -.9077363996E+04  0.1386661486E+04  -.1053450163E+05
L7 0.0000000000E+00  0.2854561491E+01  0.6980689897E+01  0.1117565556E+02
L8 0.1824238877E+01  0.4623228875E+02  0.1408711904E+01  0.0000000000E+00
L9 0.0000000000E+00  0.0000000000E+00  0.0000000000E+00  0.9818247746E+00  0.0000000000E+00
L0     9000  0.1800000000E+02  -.7520566096E+04  0.1656400640E+04
L1 0.2909383708E+03  0.2909383708E+03  -.9176966736E+10  0.1000000000E+01
L2 0.1000000000E+01  0.3341108957E+02  0.3341108957E+02  0.3341108957E+02
L3 0.2871080149E+05  -.5145948619E+03  0.1839672767E+03  0.7003114587E+03
L4 0.1232279578E+03  0.2683127042E+03  0.2797365044E+03  0.2673424004E+03
L5 0.8153916090E+03  0.3746455268E+03  0.2417226002E+03  0.1226342045E+03
L6 0.7390023315E+03  -.9176966736E+04  0.1393468265E+04  -.1064923810E+05
L7 0.0000000000E+00  0.2276508027E+01  0.9911921570E+01  0.1177805469E+02
L8 0.3352932120E+01  0.4721894235E+02  0.4264744836E+01  0.0000000000E+00
L9 0.0000000000E+00  0.0000000000E+00  0.0000000000E+00  0.9940746717E+00  0.0000000000E+00
L0    10000  0.2000000000E+02  -.7416162431E+04  0.1687677861E+04
L1 0.2964320561E+03  0.2964320561E+03  -.9103840292E+10  0.1000000000E+01
L2 0.1000000000E+01  0.3351109957E+02  0.3351109957E+02  0.3351109957E+02
L3 0.2896933000E+05  0.1118645207E+03  0.2694786552E+03  0.6453976834E+02
L4 0.1486276481E+03  0.2937776659E+03  0.2822564393E+03  0.2752943034E+03
L5 0.8513284086E+03  0.2704545056E+03  0.2260715664E+03  0.2618381034E+03
L6 0.7583641755E+03  -.9103840292E+04  0.1374052514E+04  -.1055252654E+05
L7 0.0000000000E+00  0.2044896112E+01  0.7949832489E+01  0.1180161529E+02
L8 0.2618743371E+01  0.4563758570E+02  0.4581058469E+01  0.0000000000E+00
L9 0.0000000000E+00  0.0000000000E+00  0.0000000000E+00  0.9852033363E+00  0.0000000000E+00
