L0  Nsteps           time(ps)         Etot             EKinetic        
L1  Temp             T_solute         T_solv           Pres_scal_solu  
L2  Pres_scal_solv   BoxX             BoxY             BoxZ            
L3  volume           pres_X           pres_Y           pres_Z          
L4  Pressure         EKCoM_x          EKCoM_y          EKCoM_z         
L5  EKComTot         VIRIAL_x         VIRIAL_y         VIRIAL_z        
L6  VIRIAL_tot       E_pot            E_vdw            E_el            
L7  E_hbon           E_bon            E_angle          E_dih           
L8  E_14vdw          E_14el           E_const          E_pol           
L9  AV_permMoment    AV_indMoment     AV_totMoment     Density          dV/dlambda      
L0     1000  0.2000000000E+01  -.8002152022E+04  0.1835354292E+04
L1 0.2929248257E+03  0.2929248257E+03  -.9837506313E+10  0.1000000000E+01
L2 0.1000000000E+01  0.3552761068E+02  0.3552761068E+02  0.3552761068E+02
L3 0.3452149754E+05  -.2558879815E+03  -.3322598232E+03  -.4533723912E+03
L4 -.3471733986E+03  0.3031586359E+03  0.2854666810E+03  0.3254497398E+03
L5 0.9140750566E+03  0.3667350598E+03  0.3680180038E+03  0.4380919793E+03
L6 0.1172845043E+04  -.9837506313E+04  0.1497538787E+04  -.1140977608E+05
L7 0.0000000000E+00  0.2946874688E+01  0.7395035189E+01  0.9848076340E+01
L8 0.3579682284E+01  0.4888418022E+02  0.2077131971E+01  0.0000000000E+00
L9 0.0000000000E+00  0.0000000000E+00  0.0000000000E+00  0.9099457717E+00  0.0000000000E+00
L0     2000  0.4000000000E+01  -.8020444260E+04  0.1870682001E+04
L1 0.2985631719E+03  0.2985631719E+03  -.9891126260E+10  0.1000000000E+01
L2 0.1000000000E+01  0.3503764705E+02  0.3503764705E+02  0.3503764705E+02
L3 0.3311216969E+05  -.3616432544E+03  0.2027332629E+02  -.1984865201E+02
L4 -.1204061934E+03  0.3037557413E+03  0.2943308335E+03  0.3072341832E+03
L5 0.9053207579E+03  0.3899393327E+03  0.2894994753E+03  0.3119643367E+03
L6 0.9914031448E+03  -.9891126260E+04  0.1509997786E+04  -.1148067783E+05
L7 0.0000000000E+00  0.5460925760E+01  0.1459185496E+02  0.1156574723E+02
L8 0.1847697794E+01  0.4153023796E+02  0.4557317192E+01  0.0000000000E+00
L9 0.0000000000E+00  0.0000000000E+00  0.0000000000E+00  0.9486750946E+00  0.0000000000E+00
L0     3000  0.6000000000E+01  -.8149208083E+04  0.1849123125E+04
L1 0.2951223486E+03  0.2951223486E+03  -.9998331208E+10  0.1000000000E+01
L2 0.1000000000E+01  0.3471139595E+02  0.3471139595E+02  0.3471139595E+02
L3 0.3219596815E+05  -.3817865862E+03  -.5625489410E+03  0.3963720715E+03
L4 -.1826544852E+03  0.3156429775E+03  0.3057489772E+03  0.3065591960E+03
L5 0.9279511506E+03  0.4041094549E+03  0.4361011818E+03  0.2147130123E+03
L6 0.1054923649E+04  -.9998331208E+04  0.1476663349E+04  -.1154635950E+05
L7 0.0000000000E+00  0.2690446510E+01  0.4766598868E+01  0.1107417490E+02
L8 0.4181942057E+01  0.4604423706E+02  0.2607543240E+01  0.0000000000E+00
L9 0.0000000000E+00  0.0000000000E+00  0.0000000000E+00  0.9756715677E+00  0.0000000000E+00
L0     4000  0.8000000000E+01  -.8136809935E+04  0.1906919178E+04
L1 0.3043466706E+03  0.3043466706E+03  -.1004372911E+11  0.1000000000E+01
L2 0.1000000000E+01  0.3465821283E+02  0.3465821283E+02  0.3465821283E+02
L3 0.3204891268E+05  0.8776807401E+02  -.7263968020E+03  -.6494033823E+03
L4 -.4293440368E+03  0.3342090930E+03  0.3033983874E+03  0.3042403156E+03
L5 0.9418477960E+03  0.3139646213E+03  0.4709481448E+03  0.4540308693E+03
L6 0.1238943635E+04  -.1004372911E+05  0.1453061518E+04  -.1157329874E+05
L7 0.0000000000E+00  0.1905352460E+01  0.8740762882E+01  0.9525737618E+01
L8 0.4076711840E+01  0.4993318885E+02  0.2326352754E+01  0.0000000000E+00
L9 0.0000000000E+00  0.0000000000E+00  0.0000000000E+00  0.9801484073E+00  0.0000000000E+00
L0     5000  0.1000000000E+02  -.8042060979E+04  0.1881899036E+04
L1 0.3003534248E+03  0.3003534248E+03  -.9923960015E+10  0.1000000000E+01
L2 0.1000000000E+01  0.3465261956E+02  0.3465261956E+02  0.3465261956E+02
L3 0.3203205451E+05  0.1994523109E+03  -.5347187729E+03  0.4584860691E+03
L4 0.4107320239E+02  0.3347174523E+03  0.3271364585E+03  0.3120713597E+03
L5 0.9739252705E+03  0.2887362368E+03  0.4504091296E+03  0.2063731773E+03
L6 0.9455185437E+03  -.9923960015E+04  0.1471705564E+04  -.1147277260E+05
L7 0.0000000000E+00  0.1768917777E+01  0.1136263786E+02  0.1211396741E+02
L8 0.3007205823E+01  0.4683990198E+02  0.2014394181E+01  0.0000000000E+00
L9 0.0000000000E+00  0.0000000000E+00  0.0000000000E+00  0.9806642502E+00  0.0000000000E+00
L0     6000  0.1200000000E+02  -.8215675139E+04  0.1831340782E+04
L1 0.2922842646E+03  0.2922842646E+03  -.1004701592E+11  0.1000000000E+01
L2 0.1000000000E+01  0.3452166119E+02  0.3452166119E+02  0.3452166119E+02
L3 0.3167016898E+05  0.2985691691E+03  0.3741580643E+03  -.4519299348E+03
L4 0.7359909954E+02  0.2960180799E+03  0.3080798048E+03  0.2962702319E+03
L5 0.9003681165E+03  0.2279643520E+03  0.2227968830E+03  0.3992799194E+03
L6 0.8500411544E+03  -.1004701592E+05  0.1499572327E+04  -.1162071324E+05
L7 0.0000000000E+00  0.2075572145E+01  0.9514576473E+01  0.1301305901E+02
L8 0.2606552875E+01  0.4495133724E+02  0.1963893184E+01  0.0000000000E+00
L9 0.0000000000E+00  0.0000000000E+00  0.0000000000E+00  0.9918700066E+00  0.0000000000E+00
L0     7000  0.1400000000E+02  -.8059666442E+04  0.1911953433E+04
L1 0.3051501439E+03  0.3051501439E+03  -.9971619875E+10  0.1000000000E+01
L2 0.1000000000E+01  0.3463809249E+02  0.3463809249E+02  0.3463809249E+02
L3 0.3199207590E+05  0.5054545933E+03  -.2248366970E+03  -.4621835062E+03
L4 -.6052186996E+02  0.3320669586E+03  0.3213050457E+03  0.3127345469E+03
L5 0.9661065511E+03  0.2156862093E+03  0.3730736192E+03  0.4191521430E+03
L6 0.1007911971E+04  -.9971619875E+04  0.1462213238E+04  -.1150839072E+05
L7 0.0000000000E+00  0.2269980785E+01  0.8602985280E+01  0.1023146436E+02
L8 0.3461622209E+01  0.4763622800E+02  0.2355324419E+01  0.0000000000E+00
L9 0.0000000000E+00  0.0000000000E+00  0.0000000000E+00  0.9818897284E+00  0.0000000000E+00
L0     8000  0.1600000000E+02  -.8150125139E+04  0.1869938188E+04
L1 0.2984444586E+03  0.2984444586E+03  -.1002006333E+11  0.1000000000E+01
L2 0.1000000000E+01  0.3456031141E+02  0.3456031141E+02  0.3456031141E+02
L3 0.3177689723E+05  -.1457816923E+03  -.2955865483E+03  0.4124238662E+03
L4 -.9648124801E+01  0.3185469777E+03  0.3014382528E+03  0.3370742981E+03
L5 0.9570595285E+03  0.3518873969E+03  0.3690391929E+03  0.2427525462E+03
L6 0.9636791360E+03  -.1002006333E+05  0.1482531989E+04  -.1158099967E+05
L7 0.0000000000E+00  0.2320839863E+01  0.6614626971E+01  0.1461475834E+02
L8 0.2625076966E+01  0.4696199405E+02  0.5267053930E+01  0.0000000000E+00
L9 0.0000000000E+00  0.0000000000E+00  0.0000000000E+00  0.9885386384E+00  0.0000000000E+00
L0     9000  0.1800000000E+02  -.8085915960E+04  0.1884537820E+04
L1 0.3007745779E+03  0.3007745779E+03  -.9970453780E+10  0.1000000000E+01
L2 0.1000000000E+01  0.3455877846E+02  0.3455877846E+02  0.3455877846E+02
L3 0.3177168630E+05  0.9966396561E+03  -.6662477784E+03  0.6808487593E+03
L4 0.3370802123E+03  0.3376696258E+03  0.3018773671E+03  0.3249395725E+03
L5 0.9644865654E+03  0.1097745142E+03  0.4542239157E+03  0.1692543125E+03
L6 0.7332527424E+03  -.9970453780E+04  0.1496410852E+04  -.1154385615E+05
L7 0.0000000000E+00  0.3284943717E+01  0.4293072044E+01  0.1390967581E+02
L8 0.3739713524E+01  0.4973267488E+02  0.2031439979E+01  0.0000000000E+00
L9 0.0000000000E+00  0.0000000000E+00  0.0000000000E+00  0.9887007702E+00  0.0000000000E+00
L0    10000  0.2000000000E+02  -.8119964200E+04  0.1889866527E+04
L1 0.3016250463E+03  0.3016250463E+03  -.1000983073E+11  0.1000000000E+01
L2 0.1000000000E+01  0.3461717499E+02  0.3461717499E+02  0.3461717499E+02
L3 0.3193396183E+05  -.7000985398E+02  0.3478811566E+03  -.2590761814E+03
L4 0.6265040428E+01  0.3052792811E+03  0.2966015861E+03  0.3241556468E+03
L5 0.9260365140E+03  0.3213697446E+03  0.2166475693E+03  0.3836994909E+03
L6 0.9217168048E+03  -.1000983073E+05  0.1498781989E+04  -.1158470318E+05
L7 0.0000000000E+00  0.4476195984E+01  0.8291083037E+01  0.1285778885E+02
L8 0.1901949777E+01  0.4705242207E+02  0.1511022316E+01  0.0000000000E+00
L9 0.0000000000E+00  0.0000000000E+00  0.0000000000E+00  0.9836765911E+00  0.0000000000E+00
