L0  Nsteps           time(ps)         Etot             EKinetic        
L1  Temp             T_solute         T_solv           Pres_scal_solu  
L2  Pres_scal_solv   BoxX             BoxY             BoxZ            
L3  volume           pres_X           pres_Y           pres_Z          
L4  Pressure         EKCoM_x          EKCoM_y          EKCoM_z         
L5  EKComTot         VIRIAL_x         VIRIAL_y         VIRIAL_z        
L6  VIRIAL_tot       E_pot            E_vdw            E_el            
L7  E_hbon           E_bon            E_angle          E_dih           
L8  E_14vdw          E_14el           E_const          E_pol           
L9  AV_permMoment    AV_indMoment     AV_totMoment     Density          dV/dlambda      
L0     1000  0.2000000000E+01  -.7458047772E+04  0.1684052781E+04
L1 0.2915217125E+03  0.2915217125E+03  -.9142100553E+10  0.1000000000E+01
L2 0.1000000000E+01  0.3465069601E+02  0.3465069601E+02  0.3465069601E+02
L3 0.3202907527E+05  -.5585265271E+03  -.9232508677E+03  -.8675795060E+03
L4 -.7831189669E+03  0.2833997244E+03  0.2811832955E+03  0.2911508332E+03
L5 0.8557338532E+03  0.4121489972E+03  0.4940073461E+03  0.4911417470E+03
L6 0.1397298090E+04  -.9142100553E+04  0.1350705147E+04  -.1057337332E+05
L7 0.0000000000E+00  0.1674758813E+01  0.6834111563E+01  0.1310131693E+02
L8 0.4226054241E+01  0.5154770845E+02  0.3183666649E+01  0.0000000000E+00
L9 0.0000000000E+00  0.0000000000E+00  0.0000000000E+00  0.9041633309E+00  0.0000000000E+00
L0     2000  0.4000000000E+01  -.7445504954E+04  0.1751136693E+04
L1 0.3031344226E+03  0.3031344226E+03  -.9196641647E+10  0.1000000000E+01
L2 0.1000000000E+01  0.3398958827E+02  0.3398958827E+02  0.3398958827E+02
L3 0.3022957175E+05  -.2002607341E+03  -.4914697083E+02  -.9980528049E+03
L4 -.4158201699E+03  0.2900486760E+03  0.2895767814E+03  0.2972491015E+03
L5 0.8768745589E+03  0.3336183568E+03  0.3002694309E+03  0.5143902318E+03
L6 0.1148278019E+04  -.9196641647E+04  0.1357962545E+04  -.1063023692E+05
L7 0.0000000000E+00  0.1189727908E+01  0.9316145406E+01  0.1114676281E+02
L8 0.3509145503E+01  0.4809731974E+02  0.2373628207E+01  0.0000000000E+00
L9 0.0000000000E+00  0.0000000000E+00  0.0000000000E+00  0.9579862931E+00  0.0000000000E+00
L0     3000  0.6000000000E+01  -.7436394636E+04  0.1741659323E+04
L1 0.3014938213E+03  0.3014938213E+03  -.9178053959E+10  0.1000000000E+01
L2 0.1000000000E+01  0.3378721833E+02  0.3378721833E+02  0.3378721833E+02
L3 0.2969239597E+05  -.3157987646E+03  -.3242366825E+03  -.1153805576E+03
L4 -.2518053349E+03  0.2969338476E+03  0.3024014913E+03  0.2698522920E+03
L5 0.8691876309E+03  0.3644196243E+03  0.3716904399E+03  0.2945089640E+03
L6 0.1030619028E+04  -.9178053959E+04  0.1344579469E+04  -.1060090717E+05
L7 0.0000000000E+00  0.2833019347E+01  0.9032404612E+01  0.1044091692E+02
L8 0.3954829221E+01  0.4711751998E+02  0.4895057464E+01  0.0000000000E+00
L9 0.0000000000E+00  0.0000000000E+00  0.0000000000E+00  0.9753175663E+00  0.0000000000E+00
L0     4000  0.8000000000E+01  -.7534678169E+04  0.1671137590E+04
L1 0.2892859995E+03  0.2892859995E+03  -.9205815759E+10  0.1000000000E+01
L2 0.1000000000E+01  0.3373147895E+02  0.3373147895E+02  0.3373147895E+02
L3 0.2954484633E+05  -.1841876240E+03  0.1325809844E+03  0.2520502380E+03
L4 0.6681453281E+02  0.2947578899E+03  0.2856684932E+03  0.2794096810E+03
L5 0.8598360641E+03  0.3339229467E+03  0.2574769042E+03  0.2258145388E+03
L6 0.8172143898E+03  -.9205815759E+04  0.1396889477E+04  -.1067722897E+05
L7 0.0000000000E+00  0.2513561495E+01  0.8761668327E+01  0.1086386688E+02
L8 0.2912055940E+01  0.4681282450E+02  0.2659757401E+01  0.0000000000E+00
L9 0.0000000000E+00  0.0000000000E+00  0.0000000000E+00  0.9801883906E+00  0.0000000000E+00
L0     5000  0.1000000000E+02  -.7528999468E+04  0.1722948064E+04
L1 0.2982547671E+03  0.2982547671E+03  -.9251947532E+10  0.1000000000E+01
L2 0.1000000000E+01  0.3366158950E+02  0.3366158950E+02  0.3366158950E+02
L3 0.2936039787E+05  0.9072132566E+03  0.6377864670E+03  0.1131964073E+02
L4 0.5187731214E+03  0.2749003184E+03  0.2652927769E+03  0.3119476503E+03
L5 0.8521407456E+03  0.8319776207E+02  0.1305225944E+03  0.3095557054E+03
L6 0.5232760619E+03  -.9251947532E+04  0.1447139164E+04  -.1077612497E+05
L7 0.0000000000E+00  0.1812037403E+01  0.7037388698E+01  0.1171451561E+02
L8 0.4657615710E+01  0.4887730804E+02  0.2939407511E+01  0.0000000000E+00
L9 0.0000000000E+00  0.0000000000E+00  0.0000000000E+00  0.9863461492E+00  0.0000000000E+00
L0     6000  0.1200000000E+02  -.7495098440E+04  0.1773756320E+04
L1 0.3070500436E+03  0.3070500436E+03  -.9268854760E+10  0.1000000000E+01
L2 0.1000000000E+01  0.3360035667E+02  0.3360035667E+02  0.3360035667E+02
L3 0.2920090827E+05  0.1083358936E+02  0.5842475416E+03  0.4485954044E+03
L4 0.3478921784E+03  0.2980117076E+03  0.2970959043E+03  0.2819196116E+03
L5 0.8770272235E+03  0.2957349053E+03  0.1743096266E+03  0.1876421761E+03
L6 0.6576867081E+03  -.9268854760E+04  0.1424617099E+04  -.1077377876E+05
L7 0.0000000000E+00  0.7930570338E+00  0.8242227284E+01  0.1183493517E+02
L8 0.4162544162E+01  0.4947875455E+02  0.5795386560E+01  0.0000000000E+00
L9 0.0000000000E+00  0.0000000000E+00  0.0000000000E+00  0.9917333773E+00  0.0000000000E+00
L0     7000  0.1400000000E+02  -.7502213006E+04  0.1764017469E+04
L1 0.3053641780E+03  0.3053641780E+03  -.9266230474E+10  0.1000000000E+01
L2 0.1000000000E+01  0.3357262834E+02  0.3357262834E+02  0.3357262834E+02
L3 0.2912968132E+05  -.4421898044E+03  0.2399477000E+03  0.8367423040E+02
L4 -.3952262469E+02  0.2895276729E+03  0.3023275103E+03  0.2810579416E+03
L5 0.8729131249E+03  0.3822322204E+03  0.2520227708E+03  0.2635157423E+03
L6 0.8977707335E+03  -.9266230474E+04  0.1356666306E+04  -.1069805803E+05
L7 0.0000000000E+00  0.3670815164E+01  0.5830765098E+01  0.1244894169E+02
L8 0.2147885511E+01  0.4931764343E+02  0.1745198663E+01  0.0000000000E+00
L9 0.0000000000E+00  0.0000000000E+00  0.0000000000E+00  0.9941583315E+00  0.0000000000E+00
L0     8000  0.1600000000E+02  -.7463775862E+04  0.1708454533E+04
L1 0.2957458320E+03  0.2957458320E+03  -.9172230394E+10  0.1000000000E+01
L2 0.1000000000E+01  0.3361943064E+02  0.3361943064E+02  0.3361943064E+02
L3 0.2925158518E+05  -.5409026421E+03  0.1461540065E+03  0.3816571652E+03
L4 -.4363823467E+01  0.2593780407E+03  0.2878668356E+03  0.2837177762E+03
L5 0.8309626526E+03  0.3732521752E+03  0.2570975997E+03  0.2033689741E+03
L6 0.8337187490E+03  -.9172230394E+04  0.1345645401E+04  -.1059468404E+05
L7 0.0000000000E+00  0.3704974337E+01  0.9238058538E+01  0.1162309937E+02
L8 0.2569359371E+01  0.4550716483E+02  0.4165585390E+01  0.0000000000E+00
L9 0.0000000000E+00  0.0000000000E+00  0.0000000000E+00  0.9900152488E+00  0.0000000000E+00
L0     9000  0.1800000000E+02  -.7513921719E+04  0.1770793670E+04
L1 0.3065371874E+03  0.3065371874E+03  -.9284715388E+10  0.1000000000E+01
L2 0.1000000000E+01  0.3361095299E+02  0.3361095299E+02  0.3361095299E+02
L3 0.2922837649E+05  0.3961840270E+03  0.7886716572E+03  0.5118329789E+02
L4 0.4120129940E+03  0.3023046833E+03  0.2868884092E+03  0.2925539508E+03
L5 0.8817470434E+03  0.2189637740E+03  0.1209841611E+03  0.2817870791E+03
L6 0.6217350142E+03  -.9284715388E+04  0.1447740735E+04  -.1081560302E+05
L7 0.0000000000E+00  0.3182832883E+01  0.1147792272E+02  0.1374117172E+02
L8 0.2292040123E+01  0.4785701663E+02  0.4595915703E+01  0.0000000000E+00
L9 0.0000000000E+00  0.0000000000E+00  0.0000000000E+00  0.9908013669E+00  0.0000000000E+00
L0    10000  0.2000000000E+02  -.7528926671E+04  0.1717526842E+04
L1 0.2973163143E+03  0.2973163143E+03  -.9246453513E+10  0.1000000000E+01
L2 0.1000000000E+01  0.3365880775E+02  0.3365880775E+02  0.3365880775E+02
L3 0.2935460800E+05  0.1067740060E+04  -.5457242937E+03  -.6711152983E+03
L4 -.4969984394E+02  0.3156985861E+03  0.2704741375E+03  0.2995372555E+03
L5 0.8857099791E+03  0.9011972359E+02  0.3857679904E+03  0.4413221629E+03
L6 0.9172098769E+03  -.9246453513E+04  0.1376906200E+04  -.1069658781E+05
L7 0.0000000000E+00  0.3079155480E+01  0.7943827714E+01  0.1301083507E+02
L8 0.2797250662E+01  0.4482006227E+02  0.1576963514E+01  0.0000000000E+00
L9 0.0000000000E+00  0.0000000000E+00  0.0000000000E+00  0.9865406951E+00  0.0000000000E+00
