L0  Nsteps           time(ps)         Etot             EKinetic        
L1  Temp             T_solute         T_solv           Pres_scal_solu  
L2  Pres_scal_solv   BoxX             BoxY             BoxZ            
L3  volume           pres_X           pres_Y           pres_Z          
L4  Pressure         EKCoM_x          EKCoM_y          EKCoM_z         
L5  EKComTot         VIRIAL_x         VIRIAL_y         VIRIAL_z        
L6  VIRIAL_tot       E_pot            E_vdw            E_el            
L7  E_hbon           E_bon            E_angle          E_dih           
L8  E_14vdw          E_14el           E_const          E_pol           
L9  AV_permMoment    AV_indMoment     AV_totMoment     Density          dV/dlambda      
L0     1000  0.2000000000E+01  -.7139423129E+04  0.1633265123E+04
L1 0.2899104461E+03  0.2899104461E+03  -.8772688252E+10  0.1000000000E+01
L2 0.1000000000E+01  0.3439830623E+02  0.3439830623E+02  0.3439830623E+02
L3 0.3133505746E+05  -.1710988584E+04  -.8750632655E+03  -.6001819194E+03
L4 -.1062077923E+04  0.2482388667E+03  0.2659462993E+03  0.2821386895E+03
L5 0.7963238555E+03  0.6341028002E+03  0.4632914815E+03  0.4174923432E+03
L6 0.1514886625E+04  -.8772688252E+04  0.1250254104E+04  -.1009761681E+05
L7 0.0000000000E+00  0.4151213764E+01  0.1047882541E+02  0.1038019227E+02
L8 0.1772140470E+01  0.4576458334E+02  0.2127495954E+01  0.0000000000E+00
L9 0.0000000000E+00  0.0000000000E+00  0.0000000000E+00  0.9012752850E+00  0.0000000000E+00
L0     2000  0.4000000000E+01  -.7186967819E+04  0.1695664685E+04
L1 0.3009865933E+03  0.3009865933E+03  -.8882632504E+10  0.1000000000E+01
L2 0.1000000000E+01  0.3385591965E+02  0.3385591965E+02  0.3385591965E+02
L3 0.2987453609E+05  -.3900950047E+03  -.6131473192E+03  -.4797246225E+03
L4 -.4943223155E+03  0.2782120383E+03  0.2940963452E+03  0.2920465100E+03
L5 0.8643548935E+03  0.3620861897E+03  0.4259288744E+03  0.3951918852E+03
L6 0.1183206949E+04  -.8882632504E+04  0.1282759025E+04  -.1023847699E+05
L7 0.0000000000E+00  0.2909247762E+01  0.8962237915E+01  0.1262868152E+02
L8 0.1618660584E+01  0.4362793897E+02  0.3338691543E+01  0.0000000000E+00
L9 0.0000000000E+00  0.0000000000E+00  0.0000000000E+00  0.9453372851E+00  0.0000000000E+00
L0     3000  0.6000000000E+01  -.7281613628E+04  0.1652109821E+04
L1 0.2932554479E+03  0.2932554479E+03  -.8933723449E+10  0.1000000000E+01
L2 0.1000000000E+01  0.3353857095E+02  0.3353857095E+02  0.3353857095E+02
L3 0.2904256518E+05  -.1160524430E+04  -.2814843581E+03  -.3497152419E+03
L4 -.5972413433E+03  0.2624223558E+03  0.2634940746E+03  0.2746617529E+03
L5 0.8005781833E+03  0.5049972440E+03  0.3223304376E+03  0.3477598571E+03
L6 0.1175087539E+04  -.8933723449E+04  0.1274643198E+04  -.1028276005E+05
L7 0.0000000000E+00  0.5102900171E+01  0.7199110338E+01  0.1039751158E+02
L8 0.2582418047E+01  0.4705324237E+02  0.2058215650E+01  0.0000000000E+00
L9 0.0000000000E+00  0.0000000000E+00  0.0000000000E+00  0.9724179894E+00  0.0000000000E+00
L0     4000  0.8000000000E+01  -.7293402275E+04  0.1710042396E+04
L1 0.3035386888E+03  0.3035386888E+03  -.9003444671E+10  0.1000000000E+01
L2 0.1000000000E+01  0.3333067844E+02  0.3333067844E+02  0.3333067844E+02
L3 0.2850412086E+05  -.1259203034E+03  0.1303072652E+03  0.2267433905E+03
L4 0.7704345076E+02  0.2749810150E+03  0.3007791700E+03  0.2857524031E+03
L5 0.8615125880E+03  0.3008131316E+03  0.2740470833E+03  0.2392367774E+03
L6 0.8140969922E+03  -.9003444671E+04  0.1336787933E+04  -.1041838738E+05
L7 0.0000000000E+00  0.3529133398E+01  0.8374402497E+01  0.1269817290E+02
L8 0.3242437070E+01  0.4870751727E+02  0.1603109920E+01  0.0000000000E+00
L9 0.0000000000E+00  0.0000000000E+00  0.0000000000E+00  0.9907870159E+00  0.0000000000E+00
L0     5000  0.1000000000E+02  -.7269198826E+04  0.1651631666E+04
L1 0.2931705736E+03  0.2931705736E+03  -.8920830492E+10  0.1000000000E+01
L2 0.1000000000E+01  0.3340648982E+02  0.3340648982E+02  0.3340648982E+02
L3 0.2869863939E+05  -.4276690814E+03  0.6090879607E+03  0.5466030312E+03
L4 0.2426739701E+03  0.2704309593E+03  0.2784495298E+03  0.2724936146E+03
L5 0.8213741037E+03  0.3587645209E+03  0.1526445297E+03  0.1595946594E+03
L6 0.6710037099E+03  -.8920830492E+04  0.1346007494E+04  -.1034226930E+05
L7 0.0000000000E+00  0.1090878158E+01  0.1087422035E+02  0.1329174902E+02
L8 0.2769724402E+01  0.4595911307E+02  0.1445626234E+01  0.0000000000E+00
L9 0.0000000000E+00  0.0000000000E+00  0.0000000000E+00  0.9840714907E+00  0.0000000000E+00
L0     6000  0.1200000000E+02  -.7326202174E+04  0.1645712561E+04
L1 0.2921199112E+03  0.2921199112E+03  -.8971914735E+10  0.1000000000E+01
L2 0.1000000000E+01  0.3350506017E+02  0.3350506017E+02  0.3350506017E+02
L3 0.2895246694E+05  0.1856777149E+03  0.8618351698E+03  0.7961301518E+03
L4 0.6145476789E+03  0.2687319455E+03  0.2684071947E+03  0.2822191976E+03
L5 0.8193583379E+03  0.2300416598E+03  0.8882372124E+02  0.1163268983E+03
L6 0.4351922793E+03  -.8971914735E+04  0.1423200826E+04  -.1046778415E+05
L7 0.0000000000E+00  0.1784264108E+01  0.7678101818E+01  0.1219433589E+02
L8 0.2361397578E+01  0.4669456032E+02  0.1955928183E+01  0.0000000000E+00
L9 0.0000000000E+00  0.0000000000E+00  0.0000000000E+00  0.9754440925E+00  0.0000000000E+00
L0     7000  0.1400000000E+02  -.7238906303E+04  0.1663294843E+04
L1 0.2952408297E+03  0.2952408297E+03  -.8902201146E+10  0.1000000000E+01
L2 0.1000000000E+01  0.3353247503E+02  0.3353247503E+02  0.3353247503E+02
L3 0.2902426636E+05  -.4189859679E+03  0.8938485376E+03  0.5901899595E+03
L4 0.3550175097E+03  0.2853310460E+03  0.2883298643E+03  0.2810542797E+03
L5 0.8547151900E+03  0.3728530614E+03  0.1016137654E+03  0.1577694476E+03
L6 0.6322362744E+03  -.8902201146E+04  0.1374796786E+04  -.1035863445E+05
L7 0.0000000000E+00  0.4907741683E+01  0.9430811819E+01  0.1033257405E+02
L8 0.4381711480E+01  0.4756499655E+02  0.5018682081E+01  0.0000000000E+00
L9 0.0000000000E+00  0.0000000000E+00  0.0000000000E+00  0.9730310661E+00  0.0000000000E+00
L0     8000  0.1600000000E+02  -.7287826042E+04  0.1720573331E+04
L1 0.3054079676E+03  0.3054079676E+03  -.9008399373E+10  0.1000000000E+01
L2 0.1000000000E+01  0.3348909238E+02  0.3348909238E+02  0.3348909238E+02
L3 0.2891252599E+05  0.6250072555E+03  -.2859380402E+03  -.1632324052E+03
L4 0.5861227004E+02  0.3064255435E+03  0.2987726197E+03  0.2804041839E+03
L5 0.8856023471E+03  0.1763703573E+03  0.3582722891E+03  0.3143705429E+03
L6 0.8490131894E+03  -.9008399373E+04  0.1341450042E+04  -.1042564991E+05
L7 0.0000000000E+00  0.3855258675E+01  0.8390348624E+01  0.1071671195E+02
L8 0.2862788306E+01  0.4783320688E+02  0.2142177261E+01  0.0000000000E+00
L9 0.0000000000E+00  0.0000000000E+00  0.0000000000E+00  0.9767916110E+00  0.0000000000E+00
L0     9000  0.1800000000E+02  -.7288014866E+04  0.1673564073E+04
L1 0.2970636549E+03  0.2970636549E+03  -.8961578939E+10  0.1000000000E+01
L2 0.1000000000E+01  0.3351746306E+02  0.3351746306E+02  0.3351746306E+02
L3 0.2898596836E+05  0.1279569396E+03  0.8284570049E+03  -.6637984839E+03
L4 0.9753848687E+02  0.2792428899E+03  0.2678450240E+03  0.2764593134E+03
L5 0.8235472273E+03  0.2525492230E+03  0.9501691892E+02  0.4149372711E+03
L6 0.7625034130E+03  -.8961578939E+04  0.1363433670E+04  -.1040360764E+05
L7 0.0000000000E+00  0.5010100497E+01  0.6946977084E+01  0.1288846142E+02
L8 0.3077488912E+01  0.4793535469E+02  0.2736649317E+01  0.0000000000E+00
L9 0.0000000000E+00  0.0000000000E+00  0.0000000000E+00  0.9743166933E+00  0.0000000000E+00
L0    10000  0.2000000000E+02  -.7344337644E+04  0.1646979371E+04
L1 0.2923447746E+03  0.2923447746E+03  -.8991317015E+10  0.1000000000E+01
L2 0.1000000000E+01  0.3345736768E+02  0.3345736768E+02  0.3345736768E+02
L3 0.2883107884E+05  -.1015758950E+03  0.2647809181E+03  -.7372138844E+03
L4 -.1913362871E+03  0.2739011068E+03  0.2749313183E+03  0.2594987376E+03
L5 0.8083311628E+03  0.2949780746E+03  0.2199893572E+03  0.4124703977E+03
L6 0.9274378295E+03  -.8991317015E+04  0.1321443178E+04  -.1039082379E+05
L7 0.0000000000E+00  0.1833855651E+01  0.1038270976E+02  0.1085009140E+02
L8 0.4159281573E+01  0.4837377653E+02  0.2463886473E+01  0.0000000000E+00
L9 0.0000000000E+00  0.0000000000E+00  0.0000000000E+00  0.9795510253E+00  0.0000000000E+00
