L0  Nsteps           time(ps)         Etot             EKinetic        
L1  Temp             T_solute         T_solv           Pres_scal_solu  
L2  Pres_scal_solv   BoxX             BoxY             BoxZ            
L3  volume           pres_X           pres_Y           pres_Z          
L4  Pressure         EKCoM_x          EKCoM_y          EKCoM_z         
L5  EKComTot         VIRIAL_x         VIRIAL_y         VIRIAL_z        
L6  VIRIAL_tot       E_pot            E_vdw            E_el            
L7  E_hbon           E_bon            E_angle          E_dih           
L8  E_14vdw          E_14el           E_const          E_pol           
L9  AV_permMoment    AV_indMoment     AV_totMoment     Density          dV/dlambda      
L0     1000  0.2000000000E+01  -.7792150564E+04  0.1768280671E+04
L1 0.2933857585E+03  0.2933857585E+03  -.9560431235E+10  0.1000000000E+01
L2 0.1000000000E+01  0.3514724196E+02  0.3514724196E+02  0.3514724196E+02
L3 0.3342465286E+05  -.1680021065E+03  -.3073250364E+03  -.6845487259E+03
L4 -.3866252896E+03  0.2873816151E+03  0.2983629299E+03  0.3030834320E+03
L5 0.8888279770E+03  0.3277962084E+03  0.3722930527E+03  0.4677585002E+03
L6 0.1167847761E+04  -.9560431235E+04  0.1480695393E+04  -.1111258672E+05
L7 0.0000000000E+00  0.3728116747E+01  0.4821872932E+01  0.9297840660E+01
L8 0.3505120449E+01  0.4663270591E+02  0.3474434855E+01  0.0000000000E+00
L9 0.0000000000E+00  0.0000000000E+00  0.0000000000E+00  0.9040039980E+00  0.0000000000E+00
L0     2000  0.4000000000E+01  -.7666370143E+04  0.1861712841E+04
L1 0.3088876348E+03  0.3088876348E+03  -.9528082984E+10  0.1000000000E+01
L2 0.1000000000E+01  0.3452349638E+02  0.3452349638E+02  0.3452349638E+02
L3 0.3167590934E+05  -.1345759075E+02  -.3523664057E+02  -.4623676183E+03
L4 -.1703539499E+03  0.3023553532E+03  0.3261707320E+03  0.3201668292E+03
L5 0.9486929143E+03  0.3054233364E+03  0.3342037764E+03  0.4255747101E+03
L6 0.1065201823E+04  -.9528082984E+04  0.1418554923E+04  -.1101760182E+05
L7 0.0000000000E+00  0.2585751391E+01  0.7207594325E+01  0.1213129709E+02
L8 0.3231547675E+01  0.4345779257E+02  0.2349925774E+01  0.0000000000E+00
L9 0.0000000000E+00  0.0000000000E+00  0.0000000000E+00  0.9539116776E+00  0.0000000000E+00
L0     3000  0.6000000000E+01  -.7846825840E+04  0.1784042510E+04
L1 0.2960008972E+03  0.2960008972E+03  -.9630868350E+10  0.1000000000E+01
L2 0.1000000000E+01  0.3428498330E+02  0.3428498330E+02  0.3428498330E+02
L3 0.3102497759E+05  -.6269886883E+03  -.4011577037E+03  -.6348983245E+03
L4 -.5543482388E+03  0.3012747871E+03  0.2964938020E+03  0.2833901982E+03
L5 0.8811587874E+03  0.4412746990E+03  0.3860680546E+03  0.4251562478E+03
L6 0.1252499001E+04  -.9630868350E+04  0.1381150573E+04  -.1108423992E+05
L7 0.0000000000E+00  0.3510350754E+01  0.8400934505E+01  0.1156310919E+02
L8 0.2342163175E+01  0.4426211388E+02  0.2142322744E+01  0.0000000000E+00
L9 0.0000000000E+00  0.0000000000E+00  0.0000000000E+00  0.9739255969E+00  0.0000000000E+00
L0     4000  0.8000000000E+01  -.7754971132E+04  0.1762903782E+04
L1 0.2924936475E+03  0.2924936475E+03  -.9517874913E+10  0.1000000000E+01
L2 0.1000000000E+01  0.3415126257E+02  0.3415126257E+02  0.3415126257E+02
L3 0.3066249064E+05  0.1029463234E+03  0.2926428277E+03  -.1089604328E+04
L4 -.2313383923E+03  0.2949276386E+03  0.2835504618E+03  0.2736362054E+03
L5 0.8521143057E+03  0.2722093899E+03  0.2189698889E+03  0.5140906606E+03
L6 0.1005269939E+04  -.9517874913E+04  0.1371362833E+04  -.1096682513E+05
L7 0.0000000000E+00  0.2383133040E+01  0.1347541305E+02  0.1258292857E+02
L8 0.3285266571E+01  0.4294200442E+02  0.2918640994E+01  0.0000000000E+00
L9 0.0000000000E+00  0.0000000000E+00  0.0000000000E+00  0.9854391862E+00  0.0000000000E+00
L0     5000  0.1000000000E+02  -.7811132302E+04  0.1827953157E+04
L1 0.3032863687E+03  0.3032863687E+03  -.9639085459E+10  0.1000000000E+01
L2 0.1000000000E+01  0.3416979015E+02  0.3416979015E+02  0.3416979015E+02
L3 0.3071008557E+05  0.2770249761E+03  0.7838249654E+03  0.8041984042E+03
L4 0.6216827819E+03  0.3007405985E+03  0.3107073423E+03  0.3042276657E+03
L5 0.9156756065E+03  0.2395116879E+03  0.1374639423E+03  0.1264812656E+03
L6 0.5034568958E+03  -.9639085459E+04  0.1529240080E+04  -.1124084882E+05
L7 0.0000000000E+00  0.5102698129E+01  0.9009448902E+01  0.1073285835E+02
L8 0.2558330457E+01  0.4339011395E+02  0.1729830738E+01  0.0000000000E+00
L9 0.0000000000E+00  0.0000000000E+00  0.0000000000E+00  0.9839119385E+00  0.0000000000E+00
L0     6000  0.1200000000E+02  -.7796299792E+04  0.1776664896E+04
L1 0.2947768342E+03  0.2947768342E+03  -.9572964688E+10  0.1000000000E+01
L2 0.1000000000E+01  0.3423724995E+02  0.3423724995E+02  0.3423724995E+02
L3 0.3089458769E+05  -.3475503350E+03  -.2298949934E+03  -.1178690917E+02
L4 -.1964107459E+03  0.3056063650E+03  0.2754953782E+03  0.2925476765E+03
L5 0.8736494196E+03  0.3828845111E+03  0.3266127477E+03  0.2951685069E+03
L6 0.1004665766E+04  -.9572964688E+04  0.1416202597E+04  -.1106597686E+05
L7 0.0000000000E+00  0.5770051288E+01  0.7337331611E+01  0.1210968309E+02
L8 0.2533663932E+01  0.4604419864E+02  0.3014642999E+01  0.0000000000E+00
L9 0.0000000000E+00  0.0000000000E+00  0.0000000000E+00  0.9780360278E+00  0.0000000000E+00
L0     7000  0.1400000000E+02  -.7821478154E+04  0.1799345514E+04
L1 0.2985399078E+03  0.2985399078E+03  -.9620823668E+10  0.1000000000E+01
L2 0.1000000000E+01  0.3426382461E+02  0.3426382461E+02  0.3426382461E+02
L3 0.3096610102E+05  0.4818942047E+03  0.1349728291E+03  -.6816719494E+03
L4 -.2160163853E+02  0.3199309796E+03  0.2919350774E+03  0.3046827092E+03
L5 0.9165487662E+03  0.2125333219E+03  0.2618542722E+03  0.4566039608E+03
L6 0.9309915548E+03  -.9620823668E+04  0.1453616114E+04  -.1114846675E+05
L7 0.0000000000E+00  0.1388127636E+01  0.8704829389E+01  0.9143223320E+01
L8 0.5152508501E+01  0.4554399325E+02  0.4094287411E+01  0.0000000000E+00
L9 0.0000000000E+00  0.0000000000E+00  0.0000000000E+00  0.9757773446E+00  0.0000000000E+00
L0     8000  0.1600000000E+02  -.7875283053E+04  0.1756182944E+04
L1 0.2913785541E+03  0.2913785541E+03  -.9631465997E+10  0.1000000000E+01
L2 0.1000000000E+01  0.3417166436E+02  0.3417166436E+02  0.3417166436E+02
L3 0.3071682712E+05  -.5241900360E+03  0.3576456012E+03  0.1833390662E+03
L4 0.5598210460E+01  0.2730668688E+03  0.3320806153E+03  0.2804595282E+03
L5 0.8856070123E+03  0.3889503932E+03  0.2530153338E+03  0.2399284695E+03
L6 0.8818941965E+03  -.9631465997E+04  0.1444648721E+04  -.1114816574E+05
L7 0.0000000000E+00  0.1564363190E+01  0.6037267997E+01  0.1188238550E+02
L8 0.4056380489E+01  0.4551100681E+02  0.2999622503E+01  0.0000000000E+00
L9 0.0000000000E+00  0.0000000000E+00  0.0000000000E+00  0.9836959951E+00  0.0000000000E+00
L0     9000  0.1800000000E+02  -.7854435336E+04  0.1803740289E+04
L1 0.2992690706E+03  0.2992690706E+03  -.9658175625E+10  0.1000000000E+01
L2 0.1000000000E+01  0.3417961475E+02  0.3417961475E+02  0.3417961475E+02
L3 0.3073885090E+05  -.2358047156E+02  -.4665684485E+02  -.5465199579E+03
L4 -.2055857581E+03  0.3028618684E+03  0.2932371313E+03  0.2859905808E+03
L5 0.8820895805E+03  0.3080785784E+03  0.3035590296E+03  0.4068972437E+03
L6 0.1018534852E+04  -.9658175625E+04  0.1415946600E+04  -.1114266950E+05
L7 0.0000000000E+00  0.2466319888E+01  0.4648488737E+01  0.1132254550E+02
L8 0.3520082730E+01  0.4473205625E+02  0.1857780700E+01  0.0000000000E+00
L9 0.0000000000E+00  0.0000000000E+00  0.0000000000E+00  0.9829911963E+00  0.0000000000E+00
L0    10000  0.2000000000E+02  -.7782121506E+04  0.1785795629E+04
L1 0.2962917674E+03  0.2962917674E+03  -.9567917134E+10  0.1000000000E+01
L2 0.1000000000E+01  0.3417995347E+02  0.3417995347E+02  0.3417995347E+02
L3 0.3073965037E+05  0.1771156654E+03  -.2044321757E+03  -.4642559024E+03
L4 -.1638574709E+03  0.3193439623E+03  0.3059821592E+03  0.2829545682E+03
L5 0.9082806896E+03  0.2801596275E+03  0.3512098854E+03  0.3856646174E+03
L6 0.1017034130E+04  -.9567917134E+04  0.1390981672E+04  -.1103128567E+05
L7 0.0000000000E+00  0.3042676319E+01  0.9163791963E+01  0.1117187171E+02
L8 0.2207612930E+01  0.4343390409E+02  0.3367010090E+01  0.0000000000E+00
L9 0.0000000000E+00  0.0000000000E+00  0.0000000000E+00  0.9829656308E+00  0.0000000000E+00
