L0  Nsteps           time(ps)         Etot             EKinetic        
L1  Temp             T_solute         T_solv           Pres_scal_solu  
L2  Pres_scal_solv   BoxX             BoxY             BoxZ            
L3  volume           pres_X           pres_Y           pres_Z          
L4  Pressure         EKCoM_x          EKCoM_y          EKCoM_z         
L5  EKComTot         VIRIAL_x         VIRIAL_y         VIRIAL_z        
L6  VIRIAL_tot       E_pot            E_vdw            E_el            
L7  E_hbon           E_bon            E_angle          E_dih           
L8  E_14vdw          E_14el           E_const          E_pol           
L9  AV_permMoment    AV_indMoment     AV_totMoment     Density          dV/dlambda      
L0     1000  0.2000000000E+01  -.7884825578E+04  0.1797246803E+04
L1 0.2884897676E+03  0.2884897676E+03  -.9682072381E+10  0.1000000000E+01
L2 0.1000000000E+01  0.3549904537E+02  0.3549904537E+02  0.3549904537E+02
L3 0.3443879804E+05  -.1160906935E+04  -.5165170936E+03  0.1450127988E+03
L4 -.5108037434E+03  0.3109455773E+03  0.2957992253E+03  0.3110261384E+03
L5 0.9177709410E+03  0.5986867249E+03  0.4238225981E+03  0.2750834216E+03
L6 0.1297592745E+04  -.9682072381E+04  0.1448067499E+04  -.1120274091E+05
L7 0.0000000000E+00  0.2479233591E+01  0.9470384530E+01  0.1028938001E+02
L8 0.3162505806E+01  0.4352141483E+02  0.3678109667E+01  0.0000000000E+00
L9 0.0000000000E+00  0.0000000000E+00  0.0000000000E+00  0.9069187038E+00  0.0000000000E+00
L0     2000  0.4000000000E+01  -.8024959915E+04  0.1906237522E+04
L1 0.3059846978E+03  0.3059846978E+03  -.9931197437E+10  0.1000000000E+01
L2 0.1000000000E+01  0.3485670609E+02  0.3485670609E+02  0.3485670609E+02
L3 0.3260398413E+05  -.5586596350E+03  -.6929067955E+03  -.1339927486E+04
L4 -.8638313054E+03  0.3185889476E+03  0.2995551301E+03  0.3088792270E+03
L5 0.9270233048E+03  0.4496804517E+03  0.4621482160E+03  0.6232980582E+03
L6 0.1535126726E+04  -.9931197437E+04  0.1406733745E+04  -.1141398012E+05
L7 0.0000000000E+00  0.2468046495E+01  0.8948416437E+01  0.1099999647E+02
L8 0.4524667943E+01  0.4660904480E+02  0.2498764025E+01  0.0000000000E+00
L9 0.0000000000E+00  0.0000000000E+00  0.0000000000E+00  0.9579562411E+00  0.0000000000E+00
L0     3000  0.6000000000E+01  -.8042710762E+04  0.1847956639E+04
L1 0.2966295894E+03  0.2966295894E+03  -.9890667401E+10  0.1000000000E+01
L2 0.1000000000E+01  0.3457616751E+02  0.3457616751E+02  0.3457616751E+02
L3 0.3182217278E+05  0.6809902110E+02  -.1060854848E+04  -.6407973152E+03
L4 -.5445177141E+03  0.3007994529E+03  0.3190740112E+03  0.3304869982E+03
L5 0.9503604623E+03  0.2852029483E+03  0.5620382607E+03  0.4772467921E+03
L6 0.1324488001E+04  -.9890667401E+04  0.1380247561E+04  -.1134715432E+05
L7 0.0000000000E+00  0.3270488210E+01  0.1111550234E+02  0.1143712916E+02
L8 0.4059112334E+01  0.4420548774E+02  0.2151636633E+01  0.0000000000E+00
L9 0.0000000000E+00  0.0000000000E+00  0.0000000000E+00  0.9814914366E+00  0.0000000000E+00
L0     4000  0.8000000000E+01  -.8113284428E+04  0.1817419698E+04
L1 0.2917278726E+03  0.2917278726E+03  -.9930704126E+10  0.1000000000E+01
L2 0.1000000000E+01  0.3453054207E+02  0.3453054207E+02  0.3453054207E+02
L3 0.3169497618E+05  -.1181297983E+03  0.1402470306E+03  -.1821901957E+03
L4 -.5335765448E+02  0.2992528518E+03  0.3021784469E+03  0.2996056556E+03
L5 0.9010369544E+03  0.3261996067E+03  0.2701864990E+03  0.3411653182E+03
L6 0.9375514239E+03  -.9930704126E+04  0.1473865846E+04  -.1147355691E+05
L7 0.0000000000E+00  0.2165621683E+01  0.6929335018E+01  0.9967520172E+01
L8 0.4054191537E+01  0.4501246568E+02  0.8578012239E+00  0.0000000000E+00
L9 0.0000000000E+00  0.0000000000E+00  0.0000000000E+00  0.9854303062E+00  0.0000000000E+00
L0     5000  0.1000000000E+02  -.8097736187E+04  0.1856114368E+04
L1 0.2979390486E+03  0.2979390486E+03  -.9953850555E+10  0.1000000000E+01
L2 0.1000000000E+01  0.3451008728E+02  0.3451008728E+02  0.3451008728E+02
L3 0.3163911690E+05  -.5896930962E+03  0.8335999614E+03  -.8638653372E+03
L4 -.2066528240E+03  0.3041392871E+03  0.3204180472E+03  0.3163519179E+03
L5 0.9409092521E+03  0.4384179402E+03  0.1305995114E+03  0.5130621638E+03
L6 0.1082079615E+04  -.9953850555E+04  0.1444730450E+04  -.1147139636E+05
L7 0.0000000000E+00  0.2328435690E+01  0.6372572841E+01  0.1266793064E+02
L8 0.4158392349E+01  0.4376472568E+02  0.3523301762E+01  0.0000000000E+00
L9 0.0000000000E+00  0.0000000000E+00  0.0000000000E+00  0.9871700966E+00  0.0000000000E+00
L0     6000  0.1200000000E+02  -.8077323949E+04  0.1864344054E+04
L1 0.2992600582E+03  0.2992600582E+03  -.9941668003E+10  0.1000000000E+01
L2 0.1000000000E+01  0.3453928486E+02  0.3453928486E+02  0.3453928486E+02
L3 0.3171827250E+05  0.3354654763E+03  0.1923834557E+03  0.1437163025E+03
L4 0.2238550781E+03  0.3271109138E+03  0.3127375842E+03  0.3268849235E+03
L5 0.9667334215E+03  0.2505311649E+03  0.2688204667E+03  0.2940774988E+03
L6 0.8134291303E+03  -.9941668003E+04  0.1493246486E+04  -.1150756079E+05
L7 0.0000000000E+00  0.2235729471E+01  0.8514652233E+01  0.1281889808E+02
L8 0.3235641525E+01  0.4406291752E+02  0.1778461665E+01  0.0000000000E+00
L9 0.0000000000E+00  0.0000000000E+00  0.0000000000E+00  0.9847065308E+00  0.0000000000E+00
L0     7000  0.1400000000E+02  -.8019546609E+04  0.1829456915E+04
L1 0.2936600579E+03  0.2936600579E+03  -.9849003524E+10  0.1000000000E+01
L2 0.1000000000E+01  0.3453803057E+02  0.3453803057E+02  0.3453803057E+02
L3 0.3171559207E+05  0.2933767926E+03  -.1121190449E+03  -.3315157088E+03
L4 -.5008598704E+02  0.3015346726E+03  0.3064009559E+03  0.3109847657E+03
L5 0.9189203942E+03  0.2345685491E+03  0.3319932249E+03  0.3866564700E+03
L6 0.9532182441E+03  -.9849003524E+04  0.1436460422E+04  -.1136623949E+05
L7 0.0000000000E+00  0.1061896117E+01  0.1090314933E+02  0.1139603827E+02
L8 0.4625550976E+01  0.4733962740E+02  0.5449279571E+01  0.0000000000E+00
L9 0.0000000000E+00  0.0000000000E+00  0.0000000000E+00  0.9847897530E+00  0.0000000000E+00
L0     8000  0.1600000000E+02  -.8051106272E+04  0.1875925611E+04
L1 0.3011191021E+03  0.3011191021E+03  -.9927031884E+10  0.1000000000E+01
L2 0.1000000000E+01  0.3447849942E+02  0.3447849942E+02  0.3447849942E+02
L3 0.3155264561E+05  -.6807467087E+03  0.1597280464E+03  -.4498586785E+03
L4 -.3236257802E+03  0.3365902442E+03  0.3142876916E+03  0.3049937546E+03
L5 0.9558716905E+03  0.4911790029E+03  0.2780155215E+03  0.4071508327E+03
L6 0.1176345357E+04  -.9927031884E+04  0.1412200261E+04  -.1141160524E+05
L7 0.0000000000E+00  0.3524952412E+01  0.4877049117E+01  0.1076865377E+02
L8 0.2934336348E+01  0.4603288531E+02  0.4235220243E+01  0.0000000000E+00
L9 0.0000000000E+00  0.0000000000E+00  0.0000000000E+00  0.9898754756E+00  0.0000000000E+00
L0     9000  0.1800000000E+02  -.8050269044E+04  0.1858455363E+04
L1 0.2983148195E+03  0.2983148195E+03  -.9908724407E+10  0.1000000000E+01
L2 0.1000000000E+01  0.3455565707E+02  0.3455565707E+02  0.3455565707E+02
L3 0.3176122466E+05  0.1360570345E+04  0.6274770036E+03  0.9858938431E+03
L4 0.9913137305E+03  0.3020780289E+03  0.3236243387E+03  0.3181833172E+03
L5 0.9438856848E+03  -.8932305856E+01  0.1801904960E+03  0.9281961200E+02
L6 0.2640778021E+03  -.9908724407E+04  0.1610349029E+04  -.1159916389E+05
L7 0.0000000000E+00  0.3475064442E+01  0.8860107715E+01  0.1060101713E+02
L8 0.5819268451E+01  0.4901602776E+02  0.2318964077E+01  0.0000000000E+00
L9 0.0000000000E+00  0.0000000000E+00  0.0000000000E+00  0.9833748671E+00  0.0000000000E+00
L0    10000  0.2000000000E+02  -.8075098794E+04  0.1860111949E+04
L1 0.2985807308E+03  0.2985807308E+03  -.9935210743E+10  0.1000000000E+01
L2 0.1000000000E+01  0.3451941916E+02  0.3451941916E+02  0.3451941916E+02
L3 0.3166379092E+05  -.3930154648E+03  0.1266101901E+03  0.7080826309E+03
L4 0.1472257854E+03  0.3027574622E+03  0.2973013669E+03  0.3100030880E+03
L5 0.9100619171E+03  0.3923205647E+03  0.2684485546E+03  0.1486402845E+03
L6 0.8094094038E+03  -.9935210743E+04  0.1483970342E+04  -.1149915943E+05
L7 0.0000000000E+00  0.2612046292E+01  0.1122370056E+02  0.1312530479E+02
L8 0.2807229562E+01  0.4559018924E+02  0.4619879118E+01  0.0000000000E+00
L9 0.0000000000E+00  0.0000000000E+00  0.0000000000E+00  0.9864008437E+00  0.0000000000E+00
