L0  Nsteps           time(ps)         Etot             EKinetic        
L1  Temp             T_solute         T_solv           Pres_scal_solu  
L2  Pres_scal_solv   BoxX             BoxY             BoxZ            
L3  volume           pres_X           pres_Y           pres_Z          
L4  Pressure         EKCoM_x          EKCoM_y          EKCoM_z         
L5  EKComTot         VIRIAL_x         VIRIAL_y         VIRIAL_z        
L6  VIRIAL_tot       E_pot            E_vdw            E_el            
L7  E_hbon           E_bon            E_angle          E_dih           
L8  E_14vdw          E_14el           E_const          E_pol           
L9  AV_permMoment    AV_indMoment     AV_totMoment     Density          dV/dlambda      
L0     1000  0.2000000000E+01  -.7398286457E+04  0.1722982079E+04
L1 0.2979531701E+03  0.2979531701E+03  -.9121268535E+10  0.1000000000E+01
L2 0.1000000000E+01  0.3468765407E+02  0.3468765407E+02  0.3468765407E+02
L3 0.3213114221E+05  -.9472886795E+03  -.4044214294E+03  -.4450207549E+03
L4 -.5989102879E+03  0.2859077648E+03  0.2807822566E+03  0.2992099220E+03
L5 0.8658999434E+03  0.5049687778E+03  0.3743049281E+03  0.4021212092E+03
L6 0.1281394915E+04  -.9121268535E+04  0.1386557873E+04  -.1058270624E+05
L7 0.0000000000E+00  0.2673301956E+01  0.7120344182E+01  0.1067953331E+02
L8 0.3358844375E+01  0.4857039213E+02  0.2477415451E+01  0.0000000000E+00
L9 0.0000000000E+00  0.0000000000E+00  0.0000000000E+00  0.9022222727E+00  0.0000000000E+00
L0     2000  0.4000000000E+01  -.7372992829E+04  0.1769296346E+04
L1 0.3059622394E+03  0.3059622394E+03  -.9142289176E+10  0.1000000000E+01
L2 0.1000000000E+01  0.3410613211E+02  0.3410613211E+02  0.3410613211E+02
L3 0.3054154345E+05  -.5979102569E+03  -.3787611745E+03  -.2156402113E+03
L4 -.3974372142E+03  0.2997487917E+03  0.2845238546E+03  0.2787691418E+03
L5 0.8630417881E+03  0.4311754799E+03  0.3677793703E+03  0.3261690292E+03
L6 0.1125123879E+04  -.9142289176E+04  0.1349698226E+04  -.1056526498E+05
L7 0.0000000000E+00  0.1332284844E+01  0.8663177722E+01  0.1017748309E+02
L8 0.2212441605E+01  0.4624243890E+02  0.4649753683E+01  0.0000000000E+00
L9 0.0000000000E+00  0.0000000000E+00  0.0000000000E+00  0.9491803255E+00  0.0000000000E+00
L0     3000  0.6000000000E+01  -.7391298002E+04  0.1720721308E+04
L1 0.2975622178E+03  0.2975622178E+03  -.9112019310E+10  0.1000000000E+01
L2 0.1000000000E+01  0.3388321305E+02  0.3388321305E+02  0.3388321305E+02
L3 0.2994539717E+05  -.3237753507E+03  -.4157273073E+02  0.5091171384E+03
L4 0.4792301899E+02  0.2722156087E+03  0.2990837179E+03  0.2872333140E+03
L5 0.8585326406E+03  0.3419955243E+03  0.3080434538E+03  0.1775086210E+03
L6 0.8275475991E+03  -.9112019310E+04  0.1356841611E+04  -.1054685529E+05
L7 0.0000000000E+00  0.4375949550E+01  0.1140472575E+02  0.1165502511E+02
L8 0.2639664533E+01  0.4185982312E+02  0.6059178191E+01  0.0000000000E+00
L9 0.0000000000E+00  0.0000000000E+00  0.0000000000E+00  0.9680763955E+00  0.0000000000E+00
L0     4000  0.8000000000E+01  -.7554702537E+04  0.1682224795E+04
L1 0.2909050631E+03  0.2909050631E+03  -.9236927331E+10  0.1000000000E+01
L2 0.1000000000E+01  0.3370315593E+02  0.3370315593E+02  0.3370315593E+02
L3 0.2946949040E+05  0.6942742993E+03  0.7057834546E+02  0.5716021905E+03
L4 0.4454849451E+03  0.2652549522E+03  0.3022140410E+03  0.2912917254E+03
L5 0.8587607186E+03  0.1180032599E+03  0.2872447690E+03  0.1700581006E+03
L6 0.5753061294E+03  -.9236927331E+04  0.1446920005E+04  -.1075551481E+05
L7 0.0000000000E+00  0.2672652507E+01  0.7258395300E+01  0.1083600715E+02
L8 0.2506133091E+01  0.4513167074E+02  0.3262613485E+01  0.0000000000E+00
L9 0.0000000000E+00  0.0000000000E+00  0.0000000000E+00  0.9837099914E+00  0.0000000000E+00
L0     5000  0.1000000000E+02  -.7527611926E+04  0.1731932538E+04
L1 0.2995009621E+03  0.2995009621E+03  -.9259544464E+10  0.1000000000E+01
L2 0.1000000000E+01  0.3367080973E+02  0.3367080973E+02  0.3367080973E+02
L3 0.2938679911E+05  -.1655969451E+03  -.5030042562E+03  -.3712733275E+03
L4 -.3466248429E+03  0.2883774163E+03  0.2879081414E+03  0.2832226857E+03
L5 0.8595082434E+03  0.3234010486E+03  0.3942931722E+03  0.3617467218E+03
L6 0.1079440943E+04  -.9259544464E+04  0.1337024321E+04  -.1066503766E+05
L7 0.0000000000E+00  0.2499922751E+01  0.7539216316E+01  0.9860450727E+01
L8 0.2166597496E+01  0.4365100998E+02  0.2751681006E+01  0.0000000000E+00
L9 0.0000000000E+00  0.0000000000E+00  0.0000000000E+00  0.9864780457E+00  0.0000000000E+00
L0     6000  0.1200000000E+02  -.7468135371E+04  0.1720843709E+04
L1 0.2975833845E+03  0.2975833845E+03  -.9188979080E+10  0.1000000000E+01
L2 0.1000000000E+01  0.3360531356E+02  0.3360531356E+02  0.3360531356E+02
L3 0.2921432418E+05  -.1238725951E+03  -.1000873622E+03  0.7030182329E+03
L4 0.1596860919E+03  0.2885353782E+03  0.2876006942E+03  0.2588156339E+03
L5 0.8349517064E+03  0.3145805760E+03  0.3086448578E+03  0.1110004620E+03
L6 0.7342258958E+03  -.9188979080E+04  0.1379693403E+04  -.1064480745E+05
L7 0.0000000000E+00  0.4513529980E+01  0.1018005897E+02  0.1162638429E+02
L8 0.2834437069E+01  0.4362278116E+02  0.3357773801E+01  0.0000000000E+00
L9 0.0000000000E+00  0.0000000000E+00  0.0000000000E+00  0.9923019945E+00  0.0000000000E+00
L0     7000  0.1400000000E+02  -.7495518833E+04  0.1725763064E+04
L1 0.2984340824E+03  0.2984340824E+03  -.9221281896E+10  0.1000000000E+01
L2 0.1000000000E+01  0.3364352330E+02  0.3364352330E+02  0.3364352330E+02
L3 0.2931388499E+05  -.4779181502E+03  0.3407467513E+03  0.8501725046E+03
L4 0.2376670353E+03  0.2888761102E+03  0.2719875501E+03  0.2976855033E+03
L5 0.8585491636E+03  0.3897046515E+03  0.2000986757E+03  0.1183207870E+03
L6 0.7081241141E+03  -.9221281896E+04  0.1399465273E+04  -.1069218228E+05
L7 0.0000000000E+00  0.2630716686E+01  0.7892321713E+01  0.1201072344E+02
L8 0.2418907757E+01  0.4389166780E+02  0.2590770460E+01  0.0000000000E+00
L9 0.0000000000E+00  0.0000000000E+00  0.0000000000E+00  0.9889317695E+00  0.0000000000E+00
L0     8000  0.1600000000E+02  -.7462663752E+04  0.1695168130E+04
L1 0.2931433381E+03  0.2931433381E+03  -.9157831881E+10  0.1000000000E+01
L2 0.1000000000E+01  0.3360356042E+02  0.3360356042E+02  0.3360356042E+02
L3 0.2920999920E+05  0.5119015548E+03  0.4450048820E+03  -.7622279337E+03
L4 0.6489283439E+02  0.2738601203E+03  0.2983204843E+03  0.2938817844E+03
L5 0.8660623891E+03  0.1662446833E+03  0.2047685222E+03  0.4541225406E+03
L6 0.8251357461E+03  -.9157831881E+04  0.1340786103E+04  -.1057349885E+05
L7 0.0000000000E+00  0.3008060320E+01  0.1028156618E+02  0.1106277740E+02
L8 0.2861210934E+01  0.4438115652E+02  0.3286090259E+01  0.0000000000E+00
L9 0.0000000000E+00  0.0000000000E+00  0.0000000000E+00  0.9924489199E+00  0.0000000000E+00
L0     9000  0.1800000000E+02  -.7455140950E+04  0.1715461622E+04
L1 0.2966526667E+03  0.2966526667E+03  -.9170602572E+10  0.1000000000E+01
L2 0.1000000000E+01  0.3356481787E+02  0.3356481787E+02  0.3356481787E+02
L3 0.2910778384E+05  0.8864375557E+03  0.7929671458E+03  0.1799090393E+02
L4 0.5657985352E+03  0.2938702672E+03  0.2837573400E+03  0.2912822759E+03
L5 0.8689098832E+03  0.1081694270E+03  0.1176377253E+03  0.2875133404E+03
L6 0.5133204927E+03  -.9170602572E+04  0.1398877201E+04  -.1064646471E+05
L7 0.0000000000E+00  0.5351513427E+01  0.5166178226E+01  0.1407355528E+02
L8 0.3948661293E+01  0.4637547662E+02  0.2069549071E+01  0.0000000000E+00
L9 0.0000000000E+00  0.0000000000E+00  0.0000000000E+00  0.9959340193E+00  0.0000000000E+00
L0    10000  0.2000000000E+02  -.7499700768E+04  0.1739231113E+04
L1 0.3007630955E+03  0.3007630955E+03  -.9238931881E+10  0.1000000000E+01
L2 0.1000000000E+01  0.3363902322E+02  0.3363902322E+02  0.3363902322E+02
L3 0.2930243365E+05  0.8227339889E+03  -.7211130712E+03  0.2556015216E+03
L4 0.1190741464E+03  0.2948842497E+03  0.3035567763E+03  0.2851330937E+03
L5 0.8835741197E+03  0.1213761670E+03  0.4556338122E+03  0.2312287570E+03
L6 0.8082387362E+03  -.9238931881E+04  0.1385375927E+04  -.1070243221E+05
L7 0.0000000000E+00  0.2424533434E+01  0.8326539792E+01  0.1269526894E+02
L8 0.2746902647E+01  0.4487773126E+02  0.7053430093E+01  0.0000000000E+00
L9 0.0000000000E+00  0.0000000000E+00  0.0000000000E+00  0.9893182422E+00  0.0000000000E+00
