L0  Nsteps           time(ps)         Etot             EKinetic        
L1  Temp             T_solute         T_solv           Pres_scal_solu  
L2  Pres_scal_solv   BoxX             BoxY             BoxZ            
L3  volume           pres_X           pres_Y           pres_Z          
L4  Pressure         EKCoM_x          EKCoM_y          EKCoM_z         
L5  EKComTot         VIRIAL_x         VIRIAL_y         VIRIAL_z        
L6  VIRIAL_tot       E_pot            E_vdw            E_el            
L7  E_hbon           E_bon            E_angle          E_dih           
L8  E_14vdw          E_14el           E_const          E_pol           
L9  AV_permMoment    AV_indMoment     AV_totMoment     Density          dV/dlambda      
L0     1000  0.2000000000E+01  -.7143543369E+04  0.1695961258E+04
L1 0.3016777073E+03  0.3016777073E+03  -.8839504627E+10  0.1000000000E+01
L2 0.1000000000E+01  0.3427760903E+02  0.3427760903E+02  0.3427760903E+02
L3 0.3100506123E+05  -.2156199743E+02  -.7101561991E+03  -.1038245022E+04
L4 -.5899877396E+03  0.2839928206E+03  0.2714237417E+03  0.2655210233E+03
L5 0.8209375856E+03  0.2888042948E+03  0.4298922814E+03  0.4972012829E+03
L6 0.1215897859E+04  -.8839504627E+04  0.1325784049E+04  -.1024037391E+05
L7 0.0000000000E+00  0.3855100963E+01  0.8346388828E+01  0.1059508692E+02
L8 0.4203993665E+01  0.4427151894E+02  0.3813148921E+01  0.0000000000E+00
L9 0.0000000000E+00  0.0000000000E+00  0.0000000000E+00  0.9089380308E+00  0.0000000000E+00
L0     2000  0.4000000000E+01  -.7233756081E+04  0.1689006067E+04
L1 0.3004405175E+03  0.3004405175E+03  -.8922762148E+10  0.1000000000E+01
L2 0.1000000000E+01  0.3372283337E+02  0.3372283337E+02  0.3372283337E+02
L3 0.2952324062E+05  -.1376845653E+03  -.3952765965E+03  -.5265694540E+03
L4 -.3531768719E+03  0.2929669810E+03  0.2674494919E+03  0.2890798635E+03
L5 0.8494963365E+03  0.3222223691E+03  0.3514383560E+03  0.4009659976E+03
L6 0.1074626723E+04  -.8922762148E+04  0.1325168768E+04  -.1031903624E+05
L7 0.0000000000E+00  0.4742332666E+01  0.7803495593E+01  0.9268205068E+01
L8 0.3718589486E+01  0.4301425674E+02  0.2558442057E+01  0.0000000000E+00
L9 0.0000000000E+00  0.0000000000E+00  0.0000000000E+00  0.9545591443E+00  0.0000000000E+00
L0     3000  0.6000000000E+01  -.7231019969E+04  0.1639904626E+04
L1 0.2917063497E+03  0.2917063497E+03  -.8870924595E+10  0.1000000000E+01
L2 0.1000000000E+01  0.3344455784E+02  0.3344455784E+02  0.3344455784E+02
L3 0.2879763448E+05  -.3186495544E+03  0.1521484539E+03  -.8869077885E+01
L4 -.5845672610E+02  0.2698135031E+03  0.2737367363E+03  0.2576564671E+03
L5 0.8012067064E+03  0.3358564906E+03  0.2422026001E+03  0.2594946633E+03
L6 0.8375537539E+03  -.8870924595E+04  0.1311903328E+04  -.1025759595E+05
L7 0.0000000000E+00  0.3270275775E+01  0.7899167310E+01  0.1110308787E+02
L8 0.2227861824E+01  0.4674254890E+02  0.3525089684E+01  0.0000000000E+00
L9 0.0000000000E+00  0.0000000000E+00  0.0000000000E+00  0.9786109106E+00  0.0000000000E+00
L0     4000  0.8000000000E+01  -.7315746194E+04  0.1634835797E+04
L1 0.2908047060E+03  0.2908047060E+03  -.8950581991E+10  0.1000000000E+01
L2 0.1000000000E+01  0.3345072393E+02  0.3345072393E+02  0.3345072393E+02
L3 0.2881362419E+05  -.4098549629E+03  -.6134808826E+02  0.2272558485E+03
L4 -.8131573423E+02  0.2483234390E+03  0.2793779577E+03  0.2645319755E+03
L5 0.7922333722E+03  0.3333167339E+03  0.2920999609E+03  0.2174050036E+03
L6 0.8428216984E+03  -.8950581991E+04  0.1325701700E+04  -.1034852024E+05
L7 0.0000000000E+00  0.3500068270E+01  0.5068391710E+01  0.1237704203E+02
L8 0.2906160214E+01  0.4554906554E+02  0.2835820909E+01  0.0000000000E+00
L9 0.0000000000E+00  0.0000000000E+00  0.0000000000E+00  0.9780678444E+00  0.0000000000E+00
L0     5000  0.1000000000E+02  -.7350061787E+04  0.1597234892E+04
L1 0.2841162545E+03  0.2841162545E+03  -.8947296679E+10  0.1000000000E+01
L2 0.1000000000E+01  0.3335650072E+02  0.3335650072E+02  0.3335650072E+02
L3 0.2857095822E+05  -.4897074597E+03  -.1259681104E+03  0.2146614351E+03
L4 -.1336713783E+03  0.2691418476E+03  0.2659260119E+03  0.2605148229E+03
L5 0.7955826825E+03  0.3698392125E+03  0.2918285309E+03  0.2163745093E+03
L6 0.8780422527E+03  -.8947296679E+04  0.1320119129E+04  -.1033993854E+05
L7 0.0000000000E+00  0.2162038180E+01  0.5526309417E+01  0.9952120539E+01
L8 0.4268945888E+01  0.4749960759E+02  0.3113713562E+01  0.0000000000E+00
L9 0.0000000000E+00  0.0000000000E+00  0.0000000000E+00  0.9863750135E+00  0.0000000000E+00
L0     6000  0.1200000000E+02  -.7205921426E+04  0.1674069067E+04
L1 0.2977835228E+03  0.2977835228E+03  -.8879990493E+10  0.1000000000E+01
L2 0.1000000000E+01  0.3347886109E+02  0.3347886109E+02  0.3347886109E+02
L3 0.2888679732E+05  -.4809690469E+03  0.4291778172E+02  -.2739139025E+03
L4 -.2373217225E+03  0.2716429963E+03  0.2754830356E+03  0.2871305955E+03
L5 0.8342566274E+03  0.3716368030E+03  0.2665603983E+03  0.3440774906E+03
L6 0.9822746919E+03  -.8879990493E+04  0.1280124069E+04  -.1023450945E+05
L7 0.0000000000E+00  0.2369644156E+01  0.1482295870E+02  0.9318921170E+01
L8 0.3744611548E+01  0.4104118933E+02  0.3097565998E+01  0.0000000000E+00
L9 0.0000000000E+00  0.0000000000E+00  0.0000000000E+00  0.9755903013E+00  0.0000000000E+00
L0     7000  0.1400000000E+02  -.7294983524E+04  0.1663369326E+04
L1 0.2958802521E+03  0.2958802521E+03  -.8958352850E+10  0.1000000000E+01
L2 0.1000000000E+01  0.3337325212E+02  0.3337325212E+02  0.3337325212E+02
L3 0.2861388242E+05  -.6091918009E+03  0.1652471504E+03  0.2096037955E+03
L4 -.7811361835E+02  0.2815112712E+03  0.2662468653E+03  0.2891040008E+03
L5 0.8368621374E+03  0.4069661103E+03  0.2322164423E+03  0.2459389247E+03
L6 0.8851214774E+03  -.8958352850E+04  0.1318025778E+04  -.1035130505E+05
L7 0.0000000000E+00  0.4969547540E+01  0.5253390370E+01  0.1226733428E+02
L8 0.3952663076E+01  0.4507366539E+02  0.3409826447E+01  0.0000000000E+00
L9 0.0000000000E+00  0.0000000000E+00  0.0000000000E+00  0.9848953344E+00  0.0000000000E+00
L0     8000  0.1600000000E+02  -.7315991563E+04  0.1665168274E+04
L1 0.2962002492E+03  0.2962002492E+03  -.8981159838E+10  0.1000000000E+01
L2 0.1000000000E+01  0.3337538027E+02  0.3337538027E+02  0.3337538027E+02
L3 0.2861940537E+05  -.1914989767E+03  0.2940611820E+03  -.3940303649E+03
L4 -.9715605320E+02  0.2797689465E+03  0.2738984581E+03  0.2754844146E+03
L5 0.8291518192E+03  0.3192131912E+03  0.2133288331E+03  0.3566453188E+03
L6 0.8891873431E+03  -.8981159838E+04  0.1326037649E+04  -.1038344376E+05
L7 0.0000000000E+00  0.2484278229E+01  0.6962944989E+01  0.1185170341E+02
L8 0.4930623808E+01  0.4655066972E+02  0.3466051488E+01  0.0000000000E+00
L9 0.0000000000E+00  0.0000000000E+00  0.0000000000E+00  0.9847052703E+00  0.0000000000E+00
L0     9000  0.1800000000E+02  -.7313528919E+04  0.1648906976E+04
L1 0.2933076884E+03  0.2933076884E+03  -.8962435895E+10  0.1000000000E+01
L2 0.1000000000E+01  0.3338156389E+02  0.3338156389E+02  0.3338156389E+02
L3 0.2863339048E+05  0.4735615266E+03  0.7909641685E+03  0.7053075282E+03
L4 0.6566110744E+03  0.2747159287E+03  0.2499157743E+03  0.2757033506E+03
L5 0.8003350537E+03  0.1771258277E+03  0.8691631424E+02  0.1303557472E+03
L6 0.3943978891E+03  -.8962435895E+04  0.1413208851E+04  -.1044859758E+05
L7 0.0000000000E+00  0.1997122890E+01  0.5361901037E+01  0.1389875349E+02
L8 0.3443641093E+01  0.4630957829E+02  0.1941836468E+01  0.0000000000E+00
L9 0.0000000000E+00  0.0000000000E+00  0.0000000000E+00  0.9842243209E+00  0.0000000000E+00
L0    10000  0.2000000000E+02  -.7406285470E+04  0.1645179166E+04
L1 0.2926445852E+03  0.2926445852E+03  -.9051464636E+10  0.1000000000E+01
L2 0.1000000000E+01  0.3333896994E+02  0.3333896994E+02  0.3333896994E+02
L3 0.2852712198E+05  -.7683323274E+03  -.7791487916E+03  -.2531744474E+03
L4 -.6002185221E+03  0.2857444183E+03  0.2550367454E+03  0.2734406293E+03
L5 0.8142217930E+03  0.4434923398E+03  0.4150054179E+03  0.3254204060E+03
L6 0.1183918164E+04  -.9051464636E+04  0.1284196442E+04  -.1041053223E+05
L7 0.0000000000E+00  0.1568867432E+01  0.8831397371E+01  0.1161588391E+02
L8 0.3347100617E+01  0.4621183486E+02  0.3296068946E+01  0.0000000000E+00
L9 0.0000000000E+00  0.0000000000E+00  0.0000000000E+00  0.9878907278E+00  0.0000000000E+00
