L0  Nsteps           time(ps)         Etot             EKinetic        
L1  Temp             T_solute         T_solv           Pres_scal_solu  
L2  Pres_scal_solv   BoxX             BoxY             BoxZ            
L3  volume           pres_X           pres_Y           pres_Z          
L4  Pressure         EKCoM_x          EKCoM_y          EKCoM_z         
L5  EKComTot         VIRIAL_x         VIRIAL_y         VIRIAL_z        
L6  VIRIAL_tot       E_pot            E_vdw            E_el            
L7  E_hbon           E_bon            E_angle          E_dih           
L8  E_14vdw          E_14el           E_const          E_pol           
L9  AV_permMoment    AV_indMoment     AV_totMoment     Density          dV/dlambda      
L0     1000  0.2000000000E+01  -.7292735432E+04  0.1662763990E+04
L1 0.2935931981E+03  0.2935931981E+03  -.8955499422E+10  0.1000000000E+01
L2 0.1000000000E+01  0.3446812519E+02  0.3446812519E+02  0.3446812519E+02
L3 0.3152399475E+05  -.5637260035E+03  0.4179404586E+03  -.6353731927E+03
L4 -.2603862459E+03  0.2700604155E+03  0.2594130949E+03  0.2884721254E+03
L5 0.8179456358E+03  0.3979590462E+03  0.1645904115E+03  0.4326261307E+03
L6 0.9951755885E+03  -.8955499422E+04  0.1430130301E+04  -.1045604596E+05
L7 0.0000000000E+00  0.1240411300E+01  0.8313592914E+01  0.1449445177E+02
L8 0.3316754757E+01  0.4083029606E+02  0.2220735906E+01  0.0000000000E+00
L9 0.0000000000E+00  0.0000000000E+00  0.0000000000E+00  0.9006186217E+00  0.0000000000E+00
L0     2000  0.4000000000E+01  -.7319935259E+04  0.1672884313E+04
L1 0.2953801373E+03  0.2953801373E+03  -.8992819573E+10  0.1000000000E+01
L2 0.1000000000E+01  0.3386716979E+02  0.3386716979E+02  0.3386716979E+02
L3 0.2990314289E+05  -.6372370484E+01  -.3723669974E+03  0.2279920237E+03
L4 -.5024911470E+02  0.2575452210E+03  0.2771564029E+03  0.2819296273E+03
L5 0.8166312512E+03  0.2589166535E+03  0.3572955284E+03  0.2328622246E+03
L6 0.8490744065E+03  -.8992819573E+04  0.1393783515E+04  -.1045599635E+05
L7 0.0000000000E+00  0.2577066910E+01  0.7702789085E+01  0.1003891611E+02
L8 0.2814683563E+01  0.4440560586E+02  0.1854199966E+01  0.0000000000E+00
L9 0.0000000000E+00  0.0000000000E+00  0.0000000000E+00  0.9494352084E+00  0.0000000000E+00
L0     3000  0.6000000000E+01  -.7364669467E+04  0.1710587483E+04
L1 0.3020373624E+03  0.3020373624E+03  -.9075256950E+10  0.1000000000E+01
L2 0.1000000000E+01  0.3356122043E+02  0.3356122043E+02  0.3356122043E+02
L3 0.2909974340E+05  -.1060493011E+03  -.2837113316E+01  0.2831862327E+03
L4 0.5809993943E+02  0.2887713617E+03  0.2529597642E+03  0.2922293757E+03
L5 0.8339605016E+03  0.3109816170E+03  0.2535539502E+03  0.2329207479E+03
L6 0.7974563152E+03  -.9075256950E+04  0.1386859254E+04  -.1054233299E+05
L7 0.0000000000E+00  0.2667701411E+01  0.8900661431E+01  0.1141987056E+02
L8 0.4552071949E+01  0.5015401998E+02  0.2522462223E+01  0.0000000000E+00
L9 0.0000000000E+00  0.0000000000E+00  0.0000000000E+00  0.9756476653E+00  0.0000000000E+00
L0     4000  0.8000000000E+01  -.7318406977E+04  0.1725530323E+04
L1 0.3046758104E+03  0.3046758104E+03  -.9043937300E+10  0.1000000000E+01
L2 0.1000000000E+01  0.3348199228E+02  0.3348199228E+02  0.3348199228E+02
L3 0.2889465968E+05  0.8180014765E+02  0.1128548009E+03  -.6231949964E+03
L4 -.1428466826E+03  0.2781583757E+03  0.3117630822E+03  0.2975909944E+03
L5 0.8875124523E+03  0.2611474381E+03  0.2882941028E+03  0.4271889413E+03
L6 0.9766304822E+03  -.9043937300E+04  0.1320387455E+04  -.1043871573E+05
L7 0.0000000000E+00  0.3948353846E+01  0.6921491559E+01  0.1125437121E+02
L8 0.2951688846E+01  0.4708847210E+02  0.2226594717E+01  0.0000000000E+00
L9 0.0000000000E+00  0.0000000000E+00  0.0000000000E+00  0.9825724553E+00  0.0000000000E+00
L0     5000  0.1000000000E+02  -.7358912559E+04  0.1694370780E+04
L1 0.2991739893E+03  0.2991739893E+03  -.9053283339E+10  0.1000000000E+01
L2 0.1000000000E+01  0.3340295982E+02  0.3340295982E+02  0.3340295982E+02
L3 0.2869168976E+05  -.2037840481E+03  -.6732011800E+03  -.9117412504E+03
L4 -.5962421595E+03  0.2808385286E+03  0.2773505242E+03  0.2701897405E+03
L5 0.8283787933E+03  0.3229192224E+03  0.4163642152E+03  0.4584611225E+03
L6 0.1197744560E+04  -.9053283339E+04  0.1264074864E+04  -.1039006651E+05
L7 0.0000000000E+00  0.2277876887E+01  0.6342289929E+01  0.9274091099E+01
L8 0.3267390517E+01  0.4806007356E+02  0.3486580058E+01  0.0000000000E+00
L9 0.0000000000E+00  0.0000000000E+00  0.0000000000E+00  0.9895233408E+00  0.0000000000E+00
L0     6000  0.1200000000E+02  -.7365579298E+04  0.1676773432E+04
L1 0.2960668365E+03  0.2960668365E+03  -.9042352729E+10  0.1000000000E+01
L2 0.1000000000E+01  0.3340028531E+02  0.3340028531E+02  0.3340028531E+02
L3 0.2868305222E+05  -.3917400430E+03  0.7007683790E+03  -.5031632453E+02
L4 0.8623733716E+02  0.2600110335E+03  0.2732767325E+03  0.3052833674E+03
L5 0.8385711335E+03  0.3408796308E+03  0.1286140745E+03  0.3156703847E+03
L6 0.7851640901E+03  -.9042352729E+04  0.1345684410E+04  -.1045946266E+05
L7 0.0000000000E+00  0.4147444543E+01  0.3929562868E+01  0.1151777639E+02
L8 0.2702184470E+01  0.4589915187E+02  0.3229402153E+01  0.0000000000E+00
L9 0.0000000000E+00  0.0000000000E+00  0.0000000000E+00  0.9898213234E+00  0.0000000000E+00
L0     7000  0.1400000000E+02  -.7311120319E+04  0.1694335032E+04
L1 0.2991676772E+03  0.2991676772E+03  -.9005455351E+10  0.1000000000E+01
L2 0.1000000000E+01  0.3349028160E+02  0.3349028160E+02  0.3349028160E+02
L3 0.2891453301E+05  0.7898104847E+03  0.7596090938E+02  0.5583583596E+03
L4 0.4747099179E+03  0.2872462673E+03  0.2661238260E+03  0.2942751017E+03
L5 0.8476451951E+03  0.1228864472E+03  0.2503163360E+03  0.1780805446E+03
L6 0.5512833277E+03  -.9005455351E+04  0.1381032471E+04  -.1046199237E+05
L7 0.0000000000E+00  0.1930382571E+01  0.8299131413E+01  0.1110189773E+02
L8 0.3583596158E+01  0.4690805037E+02  0.3681490527E+01  0.0000000000E+00
L9 0.0000000000E+00  0.0000000000E+00  0.0000000000E+00  0.9818971206E+00  0.0000000000E+00
L0     8000  0.1600000000E+02  -.7354575371E+04  0.1691728044E+04
L1 0.2987073630E+03  0.2987073630E+03  -.9046303414E+10  0.1000000000E+01
L2 0.1000000000E+01  0.3347805744E+02  0.3347805744E+02  0.3347805744E+02
L3 0.2888252801E+05  0.7626305690E+03  0.2011170401E+03  0.8733339033E+03
L4 0.6123605042E+03  0.2773724051E+03  0.2832099611E+03  0.3095064928E+03
L5 0.8700888590E+03  0.1188444007E+03  0.2414037651E+03  0.1279665881E+03
L6 0.4882147538E+03  -.9046303414E+04  0.1420928217E+04  -.1054265694E+05
L7 0.0000000000E+00  0.2907665042E+01  0.1175703780E+02  0.1082894948E+02
L8 0.3029506471E+01  0.4409468724E+02  0.2807459867E+01  0.0000000000E+00
L9 0.0000000000E+00  0.0000000000E+00  0.0000000000E+00  0.9829851698E+00  0.0000000000E+00
L0     9000  0.1800000000E+02  -.7388958946E+04  0.1671767146E+04
L1 0.2951828798E+03  0.2951828798E+03  -.9060726092E+10  0.1000000000E+01
L2 0.1000000000E+01  0.3353869096E+02  0.3353869096E+02  0.3353869096E+02
L3 0.2904086381E+05  0.2563886673E+03  -.3602069667E+03  0.6433825602E+03
L4 0.1798547536E+03  0.2817337107E+03  0.2764708153E+03  0.2782841409E+03
L5 0.8364886669E+03  0.2281460332E+03  0.3517575078E+03  0.1438110477E+03
L6 0.7237145887E+03  -.9060726092E+04  0.1390501421E+04  -.1052647320E+05
L7 0.0000000000E+00  0.4140645199E+01  0.9117057790E+01  0.1090390808E+02
L8 0.4050578138E+01  0.4386218358E+02  0.3171313291E+01  0.0000000000E+00
L9 0.0000000000E+00  0.0000000000E+00  0.0000000000E+00  0.9776257653E+00  0.0000000000E+00
L0    10000  0.2000000000E+02  -.7329578551E+04  0.1688112925E+04
L1 0.2980690438E+03  0.2980690438E+03  -.9017691476E+10  0.1000000000E+01
L2 0.1000000000E+01  0.3339721405E+02  0.3339721405E+02  0.3339721405E+02
L3 0.2867637341E+05  -.5475668118E+03  -.2114989294E+03  -.4282613803E+03
L4 -.3957757072E+03  0.3017848813E+03  0.2680028112E+03  0.2734043092E+03
L5 0.8431920017E+03  0.4147951544E+03  0.3116532868E+03  0.3617915790E+03
L6 0.1088240020E+04  -.9017691476E+04  0.1277284128E+04  -.1036198074E+05
L7 0.0000000000E+00  0.4180380666E+01  0.6039860190E+01  0.1029002389E+02
L8 0.1974077438E+01  0.4240529703E+02  0.2115499010E+01  0.0000000000E+00
L9 0.0000000000E+00  0.0000000000E+00  0.0000000000E+00  0.9900518557E+00  0.0000000000E+00
