L0  Nsteps           time(ps)         Etot             EKinetic        
L1  Temp             T_solute         T_solv           Pres_scal_solu  
L2  Pres_scal_solv   BoxX             BoxY             BoxZ            
L3  volume           pres_X           pres_Y           pres_Z          
L4  Pressure         EKCoM_x          EKCoM_y          EKCoM_z         
L5  EKComTot         VIRIAL_x         VIRIAL_y         VIRIAL_z        
L6  VIRIAL_tot       E_pot            E_vdw            E_el            
L7  E_hbon           E_bon            E_angle          E_dih           
L8  E_14vdw          E_14el           E_const          E_pol           
L9  AV_permMoment    AV_indMoment     AV_totMoment     Density          dV/dlambda      
L0     1000  0.2000000000E+01  -.7497058359E+04  0.1703682808E+04
L1 0.2934058500E+03  0.2934058500E+03  -.9200741167E+10  0.1000000000E+01
L2 0.1000000000E+01  0.3459941183E+02  0.3459941183E+02  0.3459941183E+02
L3 0.3188529130E+05  -.7410778174E+03  0.2613576384E+03  0.9920630883E+01
L4 -.1565998494E+03  0.2934533285E+03  0.2786020951E+03  0.2750430247E+03
L5 0.8470984484E+03  0.4635166993E+03  0.2186254504E+03  0.2727664272E+03
L6 0.9549085769E+03  -.9200741167E+04  0.1464748877E+04  -.1074116431E+05
L7 0.0000000000E+00  0.2002510816E+01  0.1073240157E+02  0.1116884892E+02
L8 0.2913185892E+01  0.4500529554E+02  0.3852026106E+01  0.0000000000E+00
L9 0.0000000000E+00  0.0000000000E+00  0.0000000000E+00  0.9129318898E+00  0.0000000000E+00
L0     2000  0.4000000000E+01  -.7469763827E+04  0.1721628921E+04
L1 0.2964965042E+03  0.2964965042E+03  -.9191392748E+10  0.1000000000E+01
L2 0.1000000000E+01  0.3417876074E+02  0.3417876074E+02  0.3417876074E+02
L3 0.3073784101E+05  -.5394853955E+03  -.3137456963E+03  -.1179533532E+04
L4 -.6775882080E+03  0.2954933076E+03  0.2911500791E+03  0.2924082005E+03
L5 0.8790515872E+03  0.4148397925E+03  0.3605577893E+03  0.5533479443E+03
L6 0.1328745526E+04  -.9191392748E+04  0.1318142643E+04  -.1057837114E+05
L7 0.0000000000E+00  0.2228974573E+01  0.6028362159E+01  0.1093742887E+02
L8 0.2246658925E+01  0.4505324019E+02  0.2341088110E+01  0.0000000000E+00
L9 0.0000000000E+00  0.0000000000E+00  0.0000000000E+00  0.9470118357E+00  0.0000000000E+00
L0     3000  0.6000000000E+01  -.7567803980E+04  0.1662247991E+04
L1 0.2862700043E+03  0.2862700043E+03  -.9230051971E+10  0.1000000000E+01
L2 0.1000000000E+01  0.3384801842E+02  0.3384801842E+02  0.3384801842E+02
L3 0.2985325132E+05  0.4184998253E+03  -.5232043645E+03  -.9575275383E+03
L4 -.3540773592E+03  0.2928007820E+03  0.2563878488E+03  0.2588154663E+03
L5 0.8080040971E+03  0.2028834322E+03  0.3688016350E+03  0.4645463493E+03
L6 0.1036231417E+04  -.9230051971E+04  0.1347171489E+04  -.1064934521E+05
L7 0.0000000000E+00  0.3719021690E+01  0.8292911603E+01  0.1076241242E+02
L8 0.2096121226E+01  0.4389618738E+02  0.3355090819E+01  0.0000000000E+00
L9 0.0000000000E+00  0.0000000000E+00  0.0000000000E+00  0.9750729972E+00  0.0000000000E+00
L0     4000  0.8000000000E+01  -.7536920257E+04  0.1717285461E+04
L1 0.2957484797E+03  0.2957484797E+03  -.9254205719E+10  0.1000000000E+01
L2 0.1000000000E+01  0.3367457270E+02  0.3367457270E+02  0.3367457270E+02
L3 0.2939538286E+05  -.4707622157E+03  0.6582570055E+03  0.2255779724E+03
L4 0.1376909207E+03  0.2937587614E+03  0.2634329628E+03  0.2860560587E+03
L5 0.8432477829E+03  0.3933537071E+03  0.1241714237E+03  0.2383325474E+03
L6 0.7558576782E+03  -.9254205719E+04  0.1381600725E+04  -.1071009459E+05
L7 0.0000000000E+00  0.2216269451E+01  0.1209246562E+02  0.1041976390E+02
L8 0.2499448434E+01  0.4354077530E+02  0.3519420859E+01  0.0000000000E+00
L9 0.0000000000E+00  0.0000000000E+00  0.0000000000E+00  0.9902609326E+00  0.0000000000E+00
L0     5000  0.1000000000E+02  -.7534137777E+04  0.1697100611E+04
L1 0.2922722732E+03  0.2922722732E+03  -.9231238388E+10  0.1000000000E+01
L2 0.1000000000E+01  0.3371797577E+02  0.3371797577E+02  0.3371797577E+02
L3 0.2951032736E+05  -.3375882125E+03  0.4203261584E+01  -.5471223199E+03
L4 -.2935024236E+03  0.2821786019E+03  0.2826544607E+03  0.2820279520E+03
L5 0.8468610146E+03  0.3538783915E+03  0.2817617371E+03  0.3982303364E+03
L6 0.1033870465E+04  -.9231238388E+04  0.1331071505E+04  -.1064184675E+05
L7 0.0000000000E+00  0.4774739804E+01  0.1044361927E+02  0.1002938936E+02
L8 0.2405622428E+01  0.4541637044E+02  0.6467113002E+01  0.0000000000E+00
L9 0.0000000000E+00  0.0000000000E+00  0.0000000000E+00  0.9864038065E+00  0.0000000000E+00
L0     6000  0.1200000000E+02  -.7509089825E+04  0.1746929154E+04
L1 0.3008536747E+03  0.3008536747E+03  -.9256018979E+10  0.1000000000E+01
L2 0.1000000000E+01  0.3370488788E+02  0.3370488788E+02  0.3370488788E+02
L3 0.2947569693E+05  -.4153465543E+03  -.3448516510E+03  0.1989289056E+03
L4 -.1870897666E+03  0.2799198209E+03  0.2941143340E+03  0.2752994759E+03
L5 0.8493336309E+03  0.3680310531E+03  0.3672708429E+03  0.2330988827E+03
L6 0.9684007787E+03  -.9256018979E+04  0.1340898287E+04  -.1067352954E+05
L7 0.0000000000E+00  0.5041320707E+01  0.1314438423E+02  0.1042010076E+02
L8 0.2219096677E+01  0.4370821204E+02  0.2079157216E+01  0.0000000000E+00
L9 0.0000000000E+00  0.0000000000E+00  0.0000000000E+00  0.9875627135E+00  0.0000000000E+00
L0     7000  0.1400000000E+02  -.7490934145E+04  0.1747889242E+04
L1 0.3010190196E+03  0.3010190196E+03  -.9238823386E+10  0.1000000000E+01
L2 0.1000000000E+01  0.3376469344E+02  0.3376469344E+02  0.3376469344E+02
L3 0.2963304293E+05  -.5254798706E+03  -.3902139352E+03  0.1689401784E+03
L4 -.2489178758E+03  0.2599411467E+03  0.2921814044E+03  0.2947423140E+03
L5 0.8468648652E+03  0.3720110287E+03  0.3754029170E+03  0.2587121882E+03
L6 0.1006126134E+04  -.9238823386E+04  0.1354992001E+04  -.1067251024E+05
L7 0.0000000000E+00  0.1419426856E+01  0.9758390961E+01  0.1134417870E+02
L8 0.4726477370E+01  0.4733304252E+02  0.4113334059E+01  0.0000000000E+00
L9 0.0000000000E+00  0.0000000000E+00  0.0000000000E+00  0.9823189373E+00  0.0000000000E+00
L0     8000  0.1600000000E+02  -.7638914459E+04  0.1665839067E+04
L1 0.2868884543E+03  0.2868884543E+03  -.9304753526E+10  0.1000000000E+01
L2 0.1000000000E+01  0.3368467640E+02  0.3368467640E+02  0.3368467640E+02
L3 0.2942554800E+05  -.1347151052E+04  -.5602593558E+03  -.1906093490E+04
L4 -.1271167966E+04  0.2827599626E+03  0.2644579191E+03  0.2835481635E+03
L5 0.8307660452E+03  0.5680571133E+03  0.3831086061E+03  0.6872171068E+03
L6 0.1638382826E+04  -.9304753526E+04  0.1223105266E+04  -.1060725846E+05
L7 0.0000000000E+00  0.2302558972E+01  0.1107121497E+02  0.1224272384E+02
L8 0.3509089795E+01  0.4816161889E+02  0.2112457863E+01  0.0000000000E+00
L9 0.0000000000E+00  0.0000000000E+00  0.0000000000E+00  0.9892457821E+00  0.0000000000E+00
L0     9000  0.1800000000E+02  -.7559446161E+04  0.1702132151E+04
L1 0.2931387980E+03  0.2931387980E+03  -.9261578312E+10  0.1000000000E+01
L2 0.1000000000E+01  0.3369243816E+02  0.3369243816E+02  0.3369243816E+02
L3 0.2944131396E+05  0.7873848146E+03  -.3853259846E+03  0.1015558752E+04
L4 0.4725391940E+03  0.3214500883E+03  0.2840035851E+03  0.2779220826E+03
L5 0.8833757561E+03  0.1546098493E+03  0.3656509298E+03  0.6273369984E+02
L6 0.5829944789E+03  -.9261578312E+04  0.1440571361E+04  -.1077429180E+05
L7 0.0000000000E+00  0.1058976359E+01  0.9354333913E+01  0.9594698575E+01
L8 0.3504352546E+01  0.4556414592E+02  0.3065617527E+01  0.0000000000E+00
L9 0.0000000000E+00  0.0000000000E+00  0.0000000000E+00  0.9887160364E+00  0.0000000000E+00
L0    10000  0.2000000000E+02  -.7506044607E+04  0.1707511073E+04
L1 0.2940651483E+03  0.2940651483E+03  -.9213555680E+10  0.1000000000E+01
L2 0.1000000000E+01  0.3366966855E+02  0.3366966855E+02  0.3366966855E+02
L3 0.2938245838E+05  0.2522066592E+03  0.6983142461E+03  -.4418770441E+03
L4 0.1695479538E+03  0.2953094967E+03  0.2848531396E+03  0.2627374558E+03
L5 0.8429000920E+03  0.2419758525E+03  0.1371820049E+03  0.3561803217E+03
L6 0.7353381791E+03  -.9213555680E+04  0.1369360011E+04  -.1065419374E+05
L7 0.0000000000E+00  0.3405725488E+01  0.9405261392E+01  0.9593464320E+01
L8 0.2078119574E+01  0.4424053048E+02  0.2554950501E+01  0.0000000000E+00
L9 0.0000000000E+00  0.0000000000E+00  0.0000000000E+00  0.9906965192E+00  0.0000000000E+00
