L0  Nsteps           time(ps)         Etot             EKinetic        
L1  Temp             T_solute         T_solv           Pres_scal_solu  
L2  Pres_scal_solv   BoxX             BoxY             BoxZ            
L3  volume           pres_X           pres_Y           pres_Z          
L4  Pressure         EKCoM_x          EKCoM_y          EKCoM_z         
L5  EKComTot         VIRIAL_x         VIRIAL_y         VIRIAL_z        
L6  VIRIAL_tot       E_pot            E_vdw            E_el            
L7  E_hbon           E_bon            E_angle          E_dih           
L8  E_14vdw          E_14el           E_const          E_pol           
L9  AV_permMoment    AV_indMoment     AV_totMoment     Density          dV/dlambda      
L0     1000  0.2000000000E+01  -.6879740535E+04  0.1592124985E+04
L1 0.2983960754E+03  0.2983960754E+03  -.8471865520E+10  0.1000000000E+01
L2 0.1000000000E+01  0.3370982110E+02  0.3370982110E+02  0.3370982110E+02
L3 0.2948976061E+05  -.3691437027E+03  -.3396007373E+03  -.1128873772E+04
L4 -.6125394039E+03  0.2847273776E+03  0.2731976147E+03  0.2393023237E+03
L5 0.7972273160E+03  0.3630745435E+03  0.3452745731E+03  0.4788948186E+03
L6 0.1187243935E+04  -.8471865520E+04  0.1297096481E+04  -.9846349217E+04
L7 0.0000000000E+00  0.2922863611E+01  0.1015412058E+02  0.1567105979E+02
L8 0.3074971985E+01  0.4261366218E+02  0.2950537838E+01  0.0000000000E+00
L9 0.0000000000E+00  0.0000000000E+00  0.0000000000E+00  0.9069478241E+00  0.0000000000E+00
L0     2000  0.4000000000E+01  -.6822601171E+04  0.1589571202E+04
L1 0.2979174455E+03  0.2979174455E+03  -.8412172374E+10  0.1000000000E+01
L2 0.1000000000E+01  0.3331552207E+02  0.3331552207E+02  0.3331552207E+02
L3 0.2846579173E+05  0.4287884970E+03  -.1082554877E+04  0.2492600125E+03
L4 -.1348354559E+03  0.2736993252E+03  0.2631594121E+03  0.2501020276E+03
L5 0.7869607650E+03  0.1858531265E+03  0.4849431856E+03  0.1990359548E+03
L6 0.8698322669E+03  -.8412172374E+04  0.1295845429E+04  -.9786986802E+04
L7 0.0000000000E+00  0.3484222505E+01  0.9183589423E+01  0.1592125849E+02
L8 0.2668488087E+01  0.4592579635E+02  0.1785644493E+01  0.0000000000E+00
L9 0.0000000000E+00  0.0000000000E+00  0.0000000000E+00  0.9395724691E+00  0.0000000000E+00
L0     3000  0.6000000000E+01  -.6931272898E+04  0.1574985302E+04
L1 0.2951837559E+03  0.2951837559E+03  -.8506258200E+10  0.1000000000E+01
L2 0.1000000000E+01  0.3306533047E+02  0.3306533047E+02  0.3306533047E+02
L3 0.2782908871E+05  0.2911920056E+03  0.2000138715E+03  -.6621995196E+03
L4 -.5699788085E+02  0.2529386270E+03  0.2675610668E+03  0.2689957940E+03
L5 0.7894954878E+03  0.1946162772E+03  0.2275006299E+03  0.4016266054E+03
L6 0.8237435126E+03  -.8506258200E+04  0.1290191491E+04  -.9877842606E+04
L7 0.0000000000E+00  0.5381534475E+01  0.1153100469E+02  0.1186715815E+02
L8 0.3508862655E+01  0.4475594266E+02  0.4348412197E+01  0.0000000000E+00
L9 0.0000000000E+00  0.0000000000E+00  0.0000000000E+00  0.9610689917E+00  0.0000000000E+00
L0     4000  0.8000000000E+01  -.6883169155E+04  0.1605365709E+04
L1 0.3008776520E+03  0.3008776520E+03  -.8488534864E+10  0.1000000000E+01
L2 0.1000000000E+01  0.3292370695E+02  0.3292370695E+02  0.3292370695E+02
L3 0.2747360660E+05  -.9327535599E+02  -.5439452713E+03  -.2393072464E+03
L4 -.2921759579E+03  0.2950104935E+03  0.2450568212E+03  0.2655310544E+03
L5 0.8055983690E+03  0.3134538164E+03  0.3526110426E+03  0.3128492423E+03
L6 0.9789141013E+03  -.8488534864E+04  0.1236186304E+04  -.9798162688E+04
L7 0.0000000000E+00  0.3129136887E+01  0.7437514030E+01  0.1345982472E+02
L8 0.2726619380E+01  0.4244664140E+02  0.4241783546E+01  0.0000000000E+00
L9 0.0000000000E+00  0.0000000000E+00  0.0000000000E+00  0.9735043022E+00  0.0000000000E+00
L0     5000  0.1000000000E+02  -.6870111103E+04  0.1582847744E+04
L1 0.2966573348E+03  0.2966573348E+03  -.8452958847E+10  0.1000000000E+01
L2 0.1000000000E+01  0.3288594867E+02  0.3288594867E+02  0.3288594867E+02
L3 0.2738037374E+05  -.1055721812E+04  -.7918281981E+03  -.4813368693E+03
L4 -.7762956264E+03  0.2647117016E+03  0.2553970143E+03  0.2473182206E+03
L5 0.7674269365E+03  0.4727510316E+03  0.4114337713E+03  0.3421699123E+03
L6 0.1226354715E+04  -.8452958847E+04  0.1177496365E+04  -.9709724302E+04
L7 0.0000000000E+00  0.4123385267E+01  0.1031006295E+02  0.1253765669E+02
L8 0.3939963941E+01  0.4586378848E+02  0.2494233170E+01  0.0000000000E+00
L9 0.0000000000E+00  0.0000000000E+00  0.0000000000E+00  0.9768191799E+00  0.0000000000E+00
L0     6000  0.1200000000E+02  -.6935714315E+04  0.1583657919E+04
L1 0.2968091778E+03  0.2968091778E+03  -.8519372233E+10  0.1000000000E+01
L2 0.1000000000E+01  0.3266647912E+02  0.3266647912E+02  0.3266647912E+02
L3 0.2683434959E+05  -.4382835638E+03  -.3182576445E+03  0.2983765800E+03
L4 -.1527215428E+03  0.2711018429E+03  0.2665070315E+03  0.2466880112E+03
L5 0.7842968856E+03  0.3557471408E+03  0.3279718350E+03  0.1890628193E+03
L6 0.8727817951E+03  -.8519372233E+04  0.1223754152E+04  -.9819167789E+04
L7 0.0000000000E+00  0.4263756437E+01  0.8798901186E+01  0.1125864919E+02
L8 0.3357222397E+01  0.4444692449E+02  0.3915949924E+01  0.0000000000E+00
L9 0.0000000000E+00  0.0000000000E+00  0.0000000000E+00  0.9966954531E+00  0.0000000000E+00
L0     7000  0.1400000000E+02  -.6935870290E+04  0.1610299924E+04
L1 0.3018024227E+03  0.3018024227E+03  -.8546170214E+10  0.1000000000E+01
L2 0.1000000000E+01  0.3279973268E+02  0.3279973268E+02  0.3279973268E+02
L3 0.2716246361E+05  0.5309538335E+03  0.5532225561E+03  0.4592011740E+03
L4 0.5144591879E+03  0.2660890701E+03  0.2551959186E+03  0.2670430437E+03
L5 0.7883280324E+03  0.1622926206E+03  0.1470461446E+03  0.1772735600E+03
L6 0.4866123252E+03  -.8546170214E+04  0.1337010587E+04  -.9960585759E+04
L7 0.0000000000E+00  0.3716604405E+01  0.1158904735E+02  0.1091750921E+02
L8 0.3614132873E+01  0.4253197084E+02  0.5035692861E+01  0.0000000000E+00
L9 0.0000000000E+00  0.0000000000E+00  0.0000000000E+00  0.9846556855E+00  0.0000000000E+00
L0     8000  0.1600000000E+02  -.6988909028E+04  0.1552051791E+04
L1 0.2908855571E+03  0.2908855571E+03  -.8540960819E+10  0.1000000000E+01
L2 0.1000000000E+01  0.3272333084E+02  0.3272333084E+02  0.3272333084E+02
L3 0.2697368728E+05  0.9229657316E+03  -.3656686918E+03  0.2454560809E+03
L4 0.2675843736E+03  0.2816748566E+03  0.2427819205E+03  0.2466327494E+03
L5 0.7710895265E+03  0.1024977684E+03  0.3137698773E+03  0.1989818948E+03
L6 0.6152495404E+03  -.8540960819E+04  0.1286176496E+04  -.9900233692E+04
L7 0.0000000000E+00  0.1638456112E+01  0.7309993766E+01  0.1349677318E+02
L8 0.3994123668E+01  0.4426413042E+02  0.2392900189E+01  0.0000000000E+00
L9 0.0000000000E+00  0.0000000000E+00  0.0000000000E+00  0.9915468341E+00  0.0000000000E+00
L0     9000  0.1800000000E+02  -.6989099090E+04  0.1573575750E+04
L1 0.2949195777E+03  0.2949195777E+03  -.8562674840E+10  0.1000000000E+01
L2 0.1000000000E+01  0.3268218946E+02  0.3268218946E+02  0.3268218946E+02
L3 0.2687322354E+05  -.1695448158E+03  -.2225304112E+03  -.2398953005E+03
L4 -.2106568425E+03  0.2570146990E+03  0.2684760205E+03  0.2656781209E+03
L5 0.7911688404E+03  0.2898061669E+03  0.3115153717E+03  0.3120759953E+03
L6 0.9133975339E+03  -.8562674840E+04  0.1260221804E+04  -.9906706227E+04
L7 0.0000000000E+00  0.6308403170E+01  0.1011627756E+02  0.1206181747E+02
L8 0.3701976378E+01  0.4711884116E+02  0.4502266499E+01  0.0000000000E+00
L9 0.0000000000E+00  0.0000000000E+00  0.0000000000E+00  0.9952536653E+00  0.0000000000E+00
L0    10000  0.2000000000E+02  -.6958571895E+04  0.1602513970E+04
L1 0.3003431791E+03  0.3003431791E+03  -.8561085865E+10  0.1000000000E+01
L2 0.1000000000E+01  0.3279861264E+02  0.3279861264E+02  0.3279861264E+02
L3 0.2716119845E+05  -.3291155395E+03  0.3525728925E+02  -.4171213277E+02
L4 -.1118567943E+03  0.2899378265E+03  0.2550348581E+03  0.2721147046E+03
L5 0.8170873892E+03  0.3542738030E+03  0.2481427128E+03  0.2802686520E+03
L6 0.8826851677E+03  -.8561085865E+04  0.1268418348E+04  -.9907185043E+04
L7 0.0000000000E+00  0.2269582096E+01  0.1272647411E+02  0.1013983086E+02
L8 0.2715890155E+01  0.4380815318E+02  0.6020899375E+01  0.0000000000E+00
L9 0.0000000000E+00  0.0000000000E+00  0.0000000000E+00  0.9847015503E+00  0.0000000000E+00
