L0  Nsteps           time(ps)         Etot             EKinetic        
L1  Temp             T_solute         T_solv           Pres_scal_solu  
L2  Pres_scal_solv   BoxX             BoxY             BoxZ            
L3  volume           pres_X           pres_Y           pres_Z          
L4  Pressure         EKCoM_x          EKCoM_y          EKCoM_z         
L5  EKComTot         VIRIAL_x         VIRIAL_y         VIRIAL_z        
L6  VIRIAL_tot       E_pot            E_vdw            E_el            
L7  E_hbon           E_bon            E_angle          E_dih           
L8  E_14vdw          E_14el           E_const          E_pol           
L9  AV_permMoment    AV_indMoment     AV_totMoment     Density          dV/dlambda      
L0     1000  0.2000000000E+01  -.7420089023E+04  0.1701984258E+04
L1 0.2958470274E+03  0.2958470274E+03  -.9122073281E+10  0.1000000000E+01
L2 0.1000000000E+01  0.3450784494E+02  0.3450784494E+02  0.3450784494E+02
L3 0.3163475563E+05  -.6111862067E+03  -.1072404071E+04  -.8560809615E+03
L4 -.8465570797E+03  0.2828996520E+03  0.2915200482E+03  0.2847328003E+03
L5 0.8591525005E+03  0.4220533040E+03  0.5356828602E+03  0.4796435997E+03
L6 0.1437379764E+04  -.9122073281E+04  0.1362434109E+04  -.1055690130E+05
L7 0.0000000000E+00  0.2350092571E+01  0.6065108027E+01  0.1153996724E+02
L8 0.3373455809E+01  0.4632061938E+02  0.2744672217E+01  0.0000000000E+00
L9 0.0000000000E+00  0.0000000000E+00  0.0000000000E+00  0.9116507373E+00  0.0000000000E+00
L0     2000  0.4000000000E+01  -.7400778565E+04  0.1720193264E+04
L1 0.2990122038E+03  0.2990122038E+03  -.9120971829E+10  0.1000000000E+01
L2 0.1000000000E+01  0.3396642733E+02  0.3396642733E+02  0.3396642733E+02
L3 0.3016828455E+05  -.5819354235E+03  -.3056165820E+03  -.8806905438E+03
L4 -.5894141831E+03  0.2694681888E+03  0.2835739198E+03  0.2826212725E+03
L5 0.8356633811E+03  0.3958201508E+03  0.3499305174E+03  0.4738400463E+03
L6 0.1219590715E+04  -.9120971829E+04  0.1334407313E+04  -.1052864498E+05
L7 0.0000000000E+00  0.4845802114E+01  0.1003305029E+02  0.1130543000E+02
L8 0.2629823387E+01  0.4081217476E+02  0.3639560010E+01  0.0000000000E+00
L9 0.0000000000E+00  0.0000000000E+00  0.0000000000E+00  0.9559658006E+00  0.0000000000E+00
L0     3000  0.6000000000E+01  -.7446233936E+04  0.1696910952E+04
L1 0.2949651612E+03  0.2949651612E+03  -.9143144888E+10  0.1000000000E+01
L2 0.1000000000E+01  0.3380046276E+02  0.3380046276E+02  0.3380046276E+02
L3 0.2972648696E+05  0.2292483838E+03  0.9345601567E+02  -.1271492505E+03
L4 0.6518504968E+02  0.2839110831E+03  0.2693362679E+03  0.2680503296E+03
L5 0.8212976805E+03  0.2348647604E+03  0.2493419114E+03  0.2952531523E+03
L6 0.7794598242E+03  -.9143144888E+04  0.1383748507E+04  -.1060197611E+05
L7 0.0000000000E+00  0.5716693981E+01  0.8399348385E+01  0.1085268488E+02
L8 0.2826762880E+01  0.4446400258E+02  0.2823218755E+01  0.0000000000E+00
L9 0.0000000000E+00  0.0000000000E+00  0.0000000000E+00  0.9701734459E+00  0.0000000000E+00
L0     4000  0.8000000000E+01  -.7457208309E+04  0.1674391624E+04
L1 0.2910507441E+03  0.2910507441E+03  -.9131599933E+10  0.1000000000E+01
L2 0.1000000000E+01  0.3369551952E+02  0.3369551952E+02  0.3369551952E+02
L3 0.2945153716E+05  0.6772353881E+02  -.3831534198E+03  -.7162584182E+03
L4 -.3438960997E+03  0.2719608489E+03  0.2703849649E+03  0.2698727369E+03
L5 0.8122185506E+03  0.2576058160E+03  0.3516001527E+03  0.4216945893E+03
L6 0.1030900558E+04  -.9131599933E+04  0.1321947659E+04  -.1053054375E+05
L7 0.0000000000E+00  0.3179651525E+01  0.8141439477E+01  0.1106398339E+02
L8 0.4080614220E+01  0.4636100239E+02  0.4169471051E+01  0.0000000000E+00
L9 0.0000000000E+00  0.0000000000E+00  0.0000000000E+00  0.9792306641E+00  0.0000000000E+00
L0     5000  0.1000000000E+02  -.7441197490E+04  0.1687724966E+04
L1 0.2933684093E+03  0.2933684093E+03  -.9128922456E+10  0.1000000000E+01
L2 0.1000000000E+01  0.3359335296E+02  0.3359335296E+02  0.3359335296E+02
L3 0.2918423241E+05  0.1378507822E+03  -.7918146619E+03  -.1236617522E+03
L4 -.2592085440E+03  0.2860924434E+03  0.2858380166E+03  0.2946232971E+03
L5 0.8665537572E+03  0.2571380754E+03  0.4521518579E+03  0.3205973817E+03
L6 0.1029887315E+04  -.9128922456E+04  0.1299659497E+04  -.1050315885E+05
L7 0.0000000000E+00  0.3080647549E+01  0.1081600131E+02  0.1203836953E+02
L8 0.2765151588E+01  0.4134744117E+02  0.4529282001E+01  0.0000000000E+00
L9 0.0000000000E+00  0.0000000000E+00  0.0000000000E+00  0.9881996514E+00  0.0000000000E+00
L0     6000  0.1200000000E+02  -.7503774632E+04  0.1703616261E+04
L1 0.2961307101E+03  0.2961307101E+03  -.9207390894E+10  0.1000000000E+01
L2 0.1000000000E+01  0.3367742367E+02  0.3367742367E+02  0.3367742367E+02
L3 0.2940160512E+05  0.7022399507E+03  0.3739068189E+03  0.7604288579E+03
L4 0.6121918758E+03  0.2608215295E+03  0.2994922218E+03  0.2836020043E+03
L5 0.8439157556E+03  0.1122234648E+03  0.2203713606E+03  0.1226908278E+03
L6 0.4552856532E+03  -.9207390894E+04  0.1455252362E+04  -.1073386824E+05
L7 0.0000000000E+00  0.3226958149E+01  0.9288383454E+01  0.1144425586E+02
L8 0.2302715326E+01  0.4209760687E+02  0.2865061700E+01  0.0000000000E+00
L9 0.0000000000E+00  0.0000000000E+00  0.0000000000E+00  0.9808936681E+00  0.0000000000E+00
L0     7000  0.1400000000E+02  -.7406657962E+04  0.1731894027E+04
L1 0.3010460863E+03  0.3010460863E+03  -.9138551989E+10  0.1000000000E+01
L2 0.1000000000E+01  0.3358926648E+02  0.3358926648E+02  0.3358926648E+02
L3 0.2917275667E+05  -.7721871994E+03  0.1131567916E+04  -.1840398630E+03
L4 0.5844695129E+02  0.2920544314E+03  0.2797398667E+03  0.2920010555E+03
L5 0.8637953536E+03  0.4541819171E+03  0.4215724260E+02  0.3306418414E+03
L6 0.8269810011E+03  -.9138551989E+04  0.1340866277E+04  -.1055562795E+05
L7 0.0000000000E+00  0.5075785533E+01  0.4788380901E+01  0.1473413846E+02
L8 0.3070260229E+01  0.4358815771E+02  0.4952965193E+01  0.0000000000E+00
L9 0.0000000000E+00  0.0000000000E+00  0.0000000000E+00  0.9885883813E+00  0.0000000000E+00
L0     8000  0.1600000000E+02  -.7440175962E+04  0.1757980543E+04
L1 0.3055805690E+03  0.3055805690E+03  -.9198156505E+10  0.1000000000E+01
L2 0.1000000000E+01  0.3362392460E+02  0.3362392460E+02  0.3362392460E+02
L3 0.2926369175E+05  -.2312132872E+03  0.2475012294E+03  -.4600261884E+03
L4 -.1479127487E+03  0.2831800208E+03  0.3103558884E+03  0.2741927284E+03
L5 0.8677286375E+03  0.3318766031E+03  0.2582288496E+03  0.3710803399E+03
L6 0.9611857925E+03  -.9198156505E+04  0.1363390431E+04  -.1063619955E+05
L7 0.0000000000E+00  0.5243653955E+01  0.1182669658E+02  0.1010227445E+02
L8 0.2591493617E+01  0.4303469543E+02  0.1853795941E+01  0.0000000000E+00
L9 0.0000000000E+00  0.0000000000E+00  0.0000000000E+00  0.9855164050E+00  0.0000000000E+00
L0     9000  0.1800000000E+02  -.7441967954E+04  0.1721737662E+04
L1 0.2992806585E+03  0.2992806585E+03  -.9163705616E+10  0.1000000000E+01
L2 0.1000000000E+01  0.3369255339E+02  0.3369255339E+02  0.3369255339E+02
L3 0.2944262311E+05  0.1367107864E+02  0.1368936153E+03  0.1166458477E+03
L4 0.8907018057E+02  0.2824156065E+03  0.2868258993E+03  0.2979180639E+03
L5 0.8671595697E+03  0.2795186908E+03  0.2578180004E+03  0.2732006880E+03
L6 0.8105373791E+03  -.9163705616E+04  0.1370683470E+04  -.1060457714E+05
L7 0.0000000000E+00  0.3840273142E+01  0.5852753955E+01  0.1049482061E+02
L8 0.2862668938E+01  0.4509226336E+02  0.2045269573E+01  0.0000000000E+00
L9 0.0000000000E+00  0.0000000000E+00  0.0000000000E+00  0.9795271360E+00  0.0000000000E+00
L0    10000  0.2000000000E+02  -.7519475933E+04  0.1700212539E+04
L1 0.2955390588E+03  0.2955390588E+03  -.9219688471E+10  0.1000000000E+01
L2 0.1000000000E+01  0.3364857383E+02  0.3364857383E+02  0.3364857383E+02
L3 0.2932897676E+05  -.6952595436E+03  -.6091503280E+02  -.6959903416E+03
L4 -.4840549727E+03  0.2775413671E+03  0.2617493901E+03  0.2805810069E+03
L5 0.8198717641E+03  0.4242989163E+03  0.2746075249E+03  0.4274928152E+03
L6 0.1126399256E+04  -.9219688471E+04  0.1318902307E+04  -.1061020042E+05
L7 0.0000000000E+00  0.4903191057E+01  0.6601631370E+01  0.9736806355E+01
L8 0.3805951353E+01  0.4455973552E+02  0.2002327701E+01  0.0000000000E+00
L9 0.0000000000E+00  0.0000000000E+00  0.0000000000E+00  0.9833226889E+00  0.0000000000E+00
