# Final energies generated by paramfit for ../../1_inputfiles/input_scan/fit_topology/fit.prmtop
# Num	Amber+K		Quantum		Initial Amber+K
0	   1.02100	  -0.07222	   1.09321
1	   0.34259	  -0.00978	   0.35237
2	   0.38405	  -0.03458	   0.41863
3	   0.37623	  -0.24708	   0.62331
4	   0.06909	  -0.21976	   0.28885
5	   1.20727	  -0.26788	   1.47515
6	   1.10348	  -0.52945	   1.63293
7	   1.32580	  -0.37261	   1.69840
8	   1.32857	  -0.39941	   1.72798
9	   1.64179	  -0.00855	   1.65034
10	   0.60171	  -0.22036	   0.82208
11	   0.50769	  -0.61114	   1.11883
12	   0.37586	  -1.01543	   1.39129
13	   0.30291	  -1.31522	   1.61813
14	   0.41588	  -1.34121	   1.75708
15	   0.83446	  -0.97418	   1.80864
16	   0.97997	  -0.85291	   1.83288
17	   1.10088	  -0.68360	   1.78448
18	   1.25541	  -0.43867	   1.69408
19	   1.45326	  -0.09107	   1.54433
20	   0.28501	  -0.27284	   0.55785
21	   0.21329	  -0.66055	   0.87384
22	   0.19231	  -0.98930	   1.18161
23	   0.18430	  -1.24950	   1.43381
24	   0.16751	  -1.48529	   1.65280
25	   0.23889	  -1.56014	   1.79904
26	   0.22058	  -1.69569	   1.91628
27	   0.41090	  -1.52809	   1.93899
28	   0.46900	  -1.45696	   1.92595
29	   0.58541	  -1.26899	   1.85441
30	   0.66923	  -1.05735	   1.72658
31	   0.63207	  -0.92443	   1.55649
32	   0.65320	  -0.70611	   1.35931
33	  -0.43294	  -0.45477	   0.02183
34	  -0.56449	  -0.90608	   0.34159
35	  -0.65320	  -1.32135	   0.66815
36	  -0.69520	  -1.67540	   0.98020
37	  -0.69862	  -1.97925	   1.28063
38	  -0.48011	  -2.00685	   1.52674
39	  -0.36176	  -2.09455	   1.73279
40	  -0.31198	  -2.20877	   1.89680
41	  -0.21643	  -2.21473	   1.99829
42	  -0.12091	  -2.16664	   2.04573
43	  -0.02042	  -2.05343	   2.03301
44	   0.13386	  -1.81299	   1.94685
45	   0.34347	  -1.48380	   1.82727
46	   0.39476	  -1.23549	   1.63025
47	   0.38724	  -1.06239	   1.44963
48	   0.49986	  -0.70172	   1.20158
49	   0.64614	  -0.26151	   0.90766
50	  -0.45727	  -0.20612	  -0.25115
51	  -0.56848	  -0.60719	   0.03871
52	  -0.67737	  -1.04412	   0.36675
53	  -0.82321	  -1.50461	   0.68140
54	  -1.08939	  -2.12387	   1.03448
55	  -1.01029	  -2.33832	   1.32803
56	  -1.15492	  -2.76751	   1.61259
57	  -1.11288	  -2.94539	   1.83252
58	  -0.75171	  -2.72072	   1.96901
59	  -0.62913	  -2.70683	   2.07770
60	  -0.55995	  -2.70106	   2.14111
61	  -0.37637	  -2.49630	   2.11993
62	  -0.29658	  -2.36105	   2.06447
63	  -0.06359	  -1.98045	   1.91686
64	   0.06593	  -1.67497	   1.74090
65	   0.28182	  -1.20936	   1.49119
66	   0.45066	  -0.77123	   1.22189
67	   0.34879	  -0.66846	   1.01725
68	   0.57309	  -0.10341	   0.67650
69	  -0.51512	  -0.07317	  -0.44195
70	  -0.77919	  -0.58227	  -0.19692
71	  -1.01992	  -1.11383	   0.09391
72	  -1.28819	  -1.72672	   0.43852
73	  -1.39475	  -2.16524	   0.77049
74	  -1.21402	  -2.27281	   1.05879
75	  -1.37627	  -2.75032	   1.37404
76	  -1.35893	  -3.01656	   1.65763
77	  -1.35787	  -3.24001	   1.88214
78	  -1.07008	  -3.10282	   2.03274
79	  -1.04496	  -3.21495	   2.16999
80	  -0.82670	  -3.03888	   2.21218
81	  -0.68909	  -2.89499	   2.20590
82	  -0.46984	  -2.61768	   2.14784
83	  -0.41717	  -2.43832	   2.02115
84	  -0.17948	  -2.00840	   1.82892
85	   0.01271	  -1.59615	   1.60887
86	   0.19530	  -1.13292	   1.32822
87	   0.27415	  -0.80046	   1.07460
88	   0.32353	  -0.48188	   0.80540
89	  -0.81679	  -0.42473	  -0.39207
90	  -1.04956	  -0.90057	  -0.14899
91	  -1.23936	  -1.37558	   0.13622
92	  -1.42852	  -1.87999	   0.45148
93	  -1.69020	  -2.48364	   0.79344
94	  -1.49181	  -2.59534	   1.10353
95	  -1.53645	  -2.94690	   1.41044
96	  -1.58672	  -3.28253	   1.69581
97	  -1.55132	  -3.48371	   1.93239
98	  -1.28463	  -3.37340	   2.08878
99	  -1.21776	  -3.44015	   2.22239
100	  -1.00423	  -3.28078	   2.27655
101	  -0.81154	  -3.08596	   2.27442
102	  -0.69298	  -2.90941	   2.21643
103	  -0.49158	  -2.59085	   2.09927
104	  -0.33362	  -2.25925	   1.92563
105	  -0.12736	  -1.81016	   1.68279
106	   0.06946	  -1.35362	   1.42308
107	   0.12182	  -1.04893	   1.17075
108	   0.16739	  -0.72896	   0.89635
109	   0.51553	  -0.04086	   0.55638
110	  -0.28942	  -0.01998	  -0.26945
111	  -0.38531	  -0.13269	  -0.25262
112	  -0.39362	  -0.19446	  -0.19916
113	  -0.29679	  -0.20577	  -0.09102
114	  -0.13762	  -0.17061	   0.03299
115	   0.08949	  -0.10794	   0.19743
116	  -0.71864	  -0.20891	  -0.50973
117	  -1.02477	  -0.67433	  -0.35044
118	  -1.26332	  -1.14141	  -0.12191
119	  -1.43328	  -1.60265	   0.16938
120	  -1.62008	  -2.11617	   0.49608
121	  -1.82148	  -2.65112	   0.82964
122	  -1.63771	  -2.77493	   1.13723
123	  -1.77979	  -3.23322	   1.45342
124	  -1.73274	  -3.46627	   1.73353
125	  -1.58425	  -3.54846	   1.96421
126	  -1.37214	  -3.50699	   2.13485
127	  -1.27475	  -3.54710	   2.27236
128	  -1.08843	  -3.42515	   2.33672
129	  -0.85381	  -3.20260	   2.34880
130	  -0.69207	  -2.97035	   2.27828
131	  -0.48872	  -2.65492	   2.16620
132	  -0.35867	  -2.36791	   2.00925
133	  -0.12333	  -1.88512	   1.76179
134	   0.05576	  -1.45259	   1.50835
135	   0.03467	  -1.26253	   1.29719
136	   0.24271	  -0.72174	   0.96445
137	   0.58597	  -0.00758	   0.59355
138	  -0.32980	  -0.13281	  -0.19700
139	  -0.48767	  -0.26694	  -0.22073
140	  -0.60648	  -0.39269	  -0.21379
141	  -0.60025	  -0.46146	  -0.13879
142	  -0.69161	  -0.66616	  -0.02546
143	  -0.41071	  -0.48291	   0.07220
144	  -0.10927	  -0.34910	   0.23983
145	   0.18313	  -0.23782	   0.42095
146	  -0.85199	  -0.38454	  -0.46745
147	  -1.13891	  -0.83942	  -0.29949
148	  -1.35620	  -1.29719	  -0.05901
149	  -1.55025	  -1.76261	   0.21236
150	  -1.82094	  -2.36559	   0.54465
151	  -1.78494	  -2.64767	   0.86273
152	  -1.66695	  -2.85631	   1.18937
153	  -1.88021	  -3.38689	   1.50668
154	  -1.77473	  -3.55285	   1.77812
155	  -1.52765	  -3.52497	   1.99732
156	  -1.35436	  -3.54646	   2.19210
157	  -1.26217	  -3.58648	   2.32431
158	  -1.02545	  -3.41625	   2.39080
159	  -0.80743	  -3.21799	   2.41056
160	  -0.64934	  -3.02369	   2.37435
161	  -0.41591	  -2.64945	   2.23354
162	  -0.53373	  -2.68352	   2.14979
163	  -0.07731	  -1.92389	   1.84657
164	   0.12372	  -1.45537	   1.57910
165	   0.11545	  -1.26261	   1.37806
166	   0.35897	  -0.66644	   1.02541
167	   0.59823	  -0.10425	   0.70248
168	  -0.19814	  -0.08085	  -0.11729
169	  -0.49584	  -0.32446	  -0.17138
170	  -0.65456	  -0.47651	  -0.17805
171	  -0.76716	  -0.61347	  -0.15369
172	  -0.80327	  -0.70390	  -0.09937
173	  -0.76133	  -0.75306	  -0.00827
174	  -0.52789	  -0.65225	   0.12436
175	  -0.25074	  -0.53874	   0.28800
176	   0.03434	  -0.42430	   0.45863
177	   0.46360	  -0.15805	   0.62164
178	  -0.57003	  -0.05549	  -0.51453
179	  -0.90288	  -0.48518	  -0.41770
180	  -1.18231	  -0.93046	  -0.25185
181	  -1.41339	  -1.39107	  -0.02231
182	  -1.68185	  -1.95309	   0.27124
183	  -1.74035	  -2.30956	   0.56922
184	  -1.68665	  -2.57510	   0.88844
185	  -1.90164	  -3.13022	   1.22858
186	  -1.79122	  -3.32238	   1.53116
187	  -1.69158	  -3.50149	   1.80991
188	  -1.42375	  -3.46428	   2.04053
189	  -1.26049	  -3.50094	   2.24045
190	  -1.08599	  -3.45410	   2.36811
191	  -0.89636	  -3.33919	   2.44283
192	  -0.69528	  -3.14954	   2.45425
193	  -0.51168	  -2.95458	   2.44290
194	  -0.28909	  -2.58894	   2.29985
195	  -0.38568	  -2.59725	   2.21157
196	   0.01966	  -1.92101	   1.94067
197	   0.24482	  -1.42990	   1.67472
198	   0.31477	  -1.11483	   1.42959
199	   0.54099	  -0.54818	   1.08917
200	  -0.36910	  -0.31816	  -0.05094
201	  -0.62247	  -0.49684	  -0.12563
202	  -0.80959	  -0.65721	  -0.15238
203	  -0.92321	  -0.81122	  -0.11199
204	  -1.13213	  -1.10779	  -0.02435
205	  -0.88251	  -0.92539	   0.04289
206	  -0.63843	  -0.80961	   0.17119
207	  -0.36970	  -0.69096	   0.32126
208	  -0.07408	  -0.57071	   0.49663
209	   0.37310	  -0.28629	   0.65938
210	   0.77779	  -0.04405	   0.82184
211	  -0.57755	  -0.11212	  -0.46544
212	  -0.90674	  -0.53195	  -0.37478
213	  -1.17986	  -0.97893	  -0.20092
214	  -1.49302	  -1.53418	   0.04116
215	  -1.75387	  -2.06156	   0.30769
216	  -1.59327	  -2.20513	   0.61186
217	  -1.74683	  -2.67800	   0.93117
218	  -1.72829	  -2.99062	   1.26233
219	  -1.68858	  -3.27216	   1.58358
220	  -1.46503	  -3.29864	   1.83361
221	  -1.26121	  -3.34890	   2.08768
222	  -1.09839	  -3.38578	   2.28740
223	  -0.90415	  -3.32101	   2.41686
224	  -0.68555	  -3.18343	   2.49789
225	  -0.56653	  -3.08566	   2.51913
226	  -0.33506	  -2.80755	   2.47249
227	  -0.07425	  -2.44362	   2.36938
228	   0.11068	  -2.09001	   2.20070
229	   0.33683	  -1.64023	   1.97706
230	   0.29866	  -1.50858	   1.80724
231	   0.54646	  -0.95345	   1.49991
232	   0.77530	  -0.38934	   1.16464
233	  -0.50145	  -0.46880	  -0.03265
234	  -0.75319	  -0.65614	  -0.09705
235	  -0.95030	  -0.82024	  -0.13005
236	  -1.03645	  -0.94623	  -0.09023
237	  -1.13571	  -1.08577	  -0.04994
238	  -0.98780	  -1.04228	   0.05448
239	  -0.76528	  -0.95101	   0.18573
240	  -0.48761	  -0.82110	   0.33349
241	  -0.10680	  -0.62862	   0.52183
242	   0.29046	  -0.39619	   0.68665
243	   0.70324	  -0.14640	   0.84963
244	  -0.55116	  -0.13781	  -0.41336
245	  -0.88940	  -0.55910	  -0.33031
246	  -1.25427	  -1.10524	  -0.14904
247	  -1.53570	  -1.61687	   0.08117
248	  -1.44225	  -1.77726	   0.33500
249	  -1.57971	  -2.21841	   0.63870
250	  -1.72461	  -2.69441	   0.96980
251	  -1.62741	  -2.91828	   1.29087
252	  -1.50669	  -3.10048	   1.59378
253	  -1.24603	  -3.12405	   1.87802
254	  -1.06516	  -3.18916	   2.12400
255	  -0.93654	  -3.24022	   2.30368
256	  -0.67896	  -3.14006	   2.46110
257	  -0.47391	  -2.99919	   2.52528
258	  -0.28066	  -2.83880	   2.55814
259	   0.00564	  -2.51169	   2.51733
260	   0.13861	  -2.28224	   2.42085
261	   0.40199	  -1.82591	   2.22790
262	   0.60370	  -1.41267	   2.01638
263	   0.56609	  -1.26851	   1.83459
264	   0.76930	  -0.76711	   1.53640
265	   1.01570	  -0.18874	   1.20444
266	  -0.65696	  -0.62361	  -0.03335
267	  -0.92177	  -0.81680	  -0.10497
268	  -1.10712	  -0.98126	  -0.12586
269	  -1.22427	  -1.11967	  -0.10459
270	  -1.22110	  -1.18288	  -0.03823
271	  -1.14711	  -1.21653	   0.06941
272	  -0.90242	  -1.09702	   0.19459
273	  -0.59121	  -0.94571	   0.35450
274	  -0.20349	  -0.73856	   0.53507
275	   0.20556	  -0.49601	   0.70156
276	   0.62363	  -0.23801	   0.86164
277	  -0.56559	  -0.16343	  -0.40216
278	  -0.99121	  -0.69854	  -0.29268
279	  -1.30948	  -1.17194	  -0.13754
280	  -1.26358	  -1.32822	   0.06464
281	  -1.38547	  -1.72062	   0.33515
282	  -1.58352	  -2.25401	   0.67049
283	  -1.54583	  -2.51281	   0.96699
284	  -1.47377	  -2.76773	   1.29397
285	  -1.23538	  -2.84124	   1.60586
286	  -1.05626	  -2.94401	   1.88775
287	  -0.88016	  -3.01463	   2.13447
288	  -0.72808	  -3.04322	   2.31514
289	  -0.46858	  -2.93469	   2.46611
290	  -0.24718	  -2.79538	   2.54821
291	  -0.02952	  -2.61273	   2.58321
292	   0.24616	  -2.28493	   2.53109
293	   0.07521	  -2.41499	   2.49020
294	   0.63662	  -1.61939	   2.25601
295	   0.84701	  -1.19057	   2.03758
296	   0.83236	  -1.00960	   1.84196
297	   1.01241	  -0.54641	   1.55881
298	  -0.87804	  -0.79424	  -0.08380
299	  -1.13607	  -0.98966	  -0.14640
300	  -1.31191	  -1.15579	  -0.15612
301	  -1.41878	  -1.28085	  -0.13793
302	  -1.39860	  -1.31310	  -0.08551
303	  -1.28189	  -1.29250	   0.01061
304	  -1.08830	  -1.23964	   0.15134
305	  -0.75501	  -1.07836	   0.32335
306	  -0.36193	  -0.85563	   0.49371
307	   0.07967	  -0.60262	   0.68230
308	   0.50925	  -0.33673	   0.84598
309	   0.88803	  -0.08947	   0.97751
310	  -0.72679	  -0.34131	  -0.38548
311	  -1.06962	  -0.77078	  -0.29885
312	  -1.06871	  -0.89612	  -0.17258
313	  -1.19422	  -1.23570	   0.04147
314	  -1.48126	  -1.81886	   0.33760
315	  -1.46787	  -2.08238	   0.61452
316	  -1.46111	  -2.39879	   0.93769
317	  -1.28017	  -2.54234	   1.26217
318	  -1.09062	  -2.66119	   1.57057
319	  -0.90300	  -2.76646	   1.86346
320	  -0.72989	  -2.82864	   2.09876
321	  -0.51567	  -2.80491	   2.28924
322	  -0.28130	  -2.72903	   2.44773
323	  -0.13323	  -2.66568	   2.53245
324	   0.16024	  -2.38396	   2.54420
325	   0.34271	  -2.15228	   2.49499
326	   0.44694	  -1.98004	   2.42698
327	   0.70821	  -1.55747	   2.26567
328	   1.04233	  -0.99011	   2.03245
329	   1.04599	  -0.78497	   1.83096
330	   1.20808	  -0.32834	   1.53641
331	  -1.16850	  -0.99031	  -0.17818
332	  -1.44033	  -1.19078	  -0.24955
333	  -1.61134	  -1.35360	  -0.25774
334	  -1.71921	  -1.46959	  -0.24962
335	  -1.65790	  -1.48603	  -0.17187
336	  -1.54367	  -1.46640	  -0.07726
337	  -1.33070	  -1.41177	   0.08106
338	  -0.99562	  -1.22837	   0.23275
339	  -0.56232	  -0.99152	   0.42920
340	  -0.12784	  -0.73017	   0.60233
341	   0.31885	  -0.45827	   0.77712
342	   0.70921	  -0.20670	   0.91591
343	  -0.44038	  -0.00315	  -0.43724
344	  -0.82840	  -0.38259	  -0.44581
345	  -1.10469	  -0.74615	  -0.35854
346	  -1.09659	  -0.84329	  -0.25330
347	  -1.33732	  -1.31418	  -0.02314
348	  -1.52163	  -1.77607	   0.25444
349	  -1.46771	  -2.01153	   0.54381
350	  -1.38526	  -2.24706	   0.86180
351	  -1.18403	  -2.36947	   1.18544
352	  -1.02801	  -2.51046	   1.48246
353	  -0.82769	  -2.60801	   1.78032
354	  -0.63720	  -2.65972	   2.02253
355	  -0.41640	  -2.62516	   2.20877
356	  -0.19834	  -2.54459	   2.34625
357	   0.00616	  -2.44153	   2.44769
358	   0.27142	  -2.19488	   2.46630
359	   0.44957	  -1.97036	   2.41994
360	   0.74823	  -1.57438	   2.32260
361	   0.83287	  -1.34458	   2.17745
362	   1.12428	  -0.83428	   1.95856
363	   1.12478	  -0.64568	   1.77046
364	   1.33790	  -0.13688	   1.47478
365	  -1.54971	  -1.21474	  -0.33497
366	  -1.80707	  -1.41789	  -0.38918
367	  -1.99099	  -1.57414	  -0.41686
368	  -2.06657	  -1.68089	  -0.38568
369	  -1.99576	  -1.67713	  -0.31864
370	  -1.87400	  -1.65214	  -0.22186
371	  -1.66432	  -1.59607	  -0.06824
372	  -1.30475	  -1.39976	   0.09500
373	  -0.86191	  -1.15332	   0.29142
374	  -0.40567	  -0.88846	   0.48279
375	   0.01701	  -0.64146	   0.65847
376	   0.43476	  -0.36281	   0.79758
377	   0.79055	  -0.10039	   0.89094
378	   0.90226	  -0.04793	   0.95020
379	  -0.68846	  -0.13730	  -0.55116
380	  -1.02315	  -0.45768	  -0.56547
381	  -1.03254	  -0.51967	  -0.51288
382	  -1.20002	  -0.82503	  -0.37499
383	  -1.55102	  -1.40473	  -0.14629
384	  -1.53870	  -1.63561	   0.09691
385	  -1.56203	  -1.95063	   0.38860
386	  -1.43520	  -2.13442	   0.69922
387	  -1.23663	  -2.26008	   1.02344
388	  -1.06083	  -2.39592	   1.33509
389	  -0.87015	  -2.48280	   1.61265
390	  -0.66633	  -2.52441	   1.85808
391	  -0.42667	  -2.48054	   2.05387
392	  -0.21027	  -2.39644	   2.18617
393	   0.01792	  -2.27153	   2.28945
394	   0.28879	  -2.01647	   2.30526
395	   0.49215	  -1.78398	   2.27613
396	   0.70482	  -1.46352	   2.16834
397	   0.78306	  -1.28167	   2.06473
398	   1.10189	  -0.73374	   1.83563
399	   1.16022	  -0.47489	   1.63511
400	  -2.01090	  -1.46137	  -0.54953
401	  -2.27629	  -1.66184	  -0.61445
402	  -2.42770	  -1.80492	  -0.62278
403	  -2.50356	  -1.90073	  -0.60283
404	  -2.41422	  -1.88188	  -0.53234
405	  -2.27357	  -1.85327	  -0.42030
406	  -2.05239	  -1.77764	  -0.27475
407	  -1.68306	  -1.59313	  -0.08993
408	  -1.25065	  -1.33717	   0.08652
409	  -0.80072	  -1.08221	   0.28149
410	  -0.36316	  -0.83887	   0.47571
411	   0.05026	  -0.56633	   0.61658
412	   0.40426	  -0.31003	   0.71429
413	   0.60045	  -0.16153	   0.76197
414	   0.64385	  -0.11837	   0.76222
415	  -0.94388	  -0.19881	  -0.74507
416	  -1.26260	  -0.49882	  -0.76379
417	  -1.28750	  -0.55956	  -0.72795
418	  -1.41912	  -0.85073	  -0.56839
419	  -1.62708	  -1.26402	  -0.36306
420	  -1.74883	  -1.63462	  -0.11421
421	  -1.74094	  -1.91765	   0.17670
422	  -1.57629	  -2.05711	   0.48082
423	  -1.37788	  -2.19605	   0.81817
424	  -1.21733	  -2.32258	   1.10525
425	  -1.01028	  -2.39825	   1.38796
426	  -0.78966	  -2.43091	   1.64125
427	  -0.54766	  -2.37825	   1.83059
428	  -0.31890	  -2.29071	   1.97181
429	  -0.08164	  -2.14643	   2.06479
430	   0.19533	  -1.89808	   2.09341
431	   0.39255	  -1.66939	   2.06194
432	   0.68307	  -1.25314	   1.93621
433	   0.89171	  -0.90321	   1.79492
434	   0.88196	  -0.79949	   1.68144
435	   1.09933	  -0.33992	   1.43925
436	  -2.53174	  -1.72259	  -0.80915
437	  -2.76052	  -1.90310	  -0.85742
438	  -2.90592	  -2.02428	  -0.88164
439	  -2.97702	  -2.11392	  -0.86311
440	  -2.87339	  -2.08455	  -0.78884
441	  -2.72819	  -2.05338	  -0.67481
442	  -2.53395	  -2.01018	  -0.52377
443	  -2.13419	  -1.80360	  -0.33060
444	  -1.70829	  -1.55701	  -0.15127
445	  -1.25736	  -1.31004	   0.05268
446	  -0.81346	  -1.05137	   0.23790
447	  -0.44552	  -0.81909	   0.37357
448	  -0.09330	  -0.57464	   0.48134
449	   0.13508	  -0.39078	   0.52585
450	   0.33052	  -0.17721	   0.50773
451	   0.38447	  -0.01665	   0.40112
452	  -1.20601	  -0.20794	  -0.99807
453	  -1.64419	  -0.63405	  -1.01014
454	  -1.62544	  -0.64213	  -0.98332
455	  -1.76288	  -0.90990	  -0.85298
456	  -2.05984	  -1.42241	  -0.63744
457	  -2.04762	  -1.66485	  -0.38276
458	  -2.00601	  -1.92076	  -0.08524
459	  -1.82919	  -2.03833	   0.20914
460	  -1.62457	  -2.17239	   0.54782
461	  -1.44571	  -2.28853	   0.84281
462	  -1.23103	  -2.35324	   1.12221
463	  -1.01067	  -2.37792	   1.36726
464	  -0.76228	  -2.31601	   1.55373
465	  -0.52632	  -2.22396	   1.69764
466	  -0.29622	  -2.07878	   1.78256
467	  -0.00272	  -1.82251	   1.81979
468	   0.07377	  -1.73270	   1.80646
469	   0.50396	  -1.17729	   1.68125
470	   0.72649	  -0.80553	   1.53202
471	   0.73429	  -0.69593	   1.43023
472	   0.95500	  -0.22309	   1.17809
473	  -3.06569	  -1.97890	  -1.08679
474	  -3.28135	  -2.12817	  -1.15318
475	  -3.38456	  -2.21748	  -1.16708
476	  -3.38225	  -2.24556	  -1.13669
477	  -3.35193	  -2.28263	  -1.06930
478	  -3.21380	  -2.25797	  -0.95583
479	  -3.00786	  -2.19522	  -0.81264
480	  -2.63894	  -2.02452	  -0.61442
481	  -2.21534	  -1.79524	  -0.42011
482	  -1.79455	  -1.56443	  -0.23012
483	  -1.37815	  -1.32614	  -0.05201
484	  -1.01653	  -1.11488	   0.09836
485	  -0.69122	  -0.88712	   0.19589
486	  -0.45597	  -0.69640	   0.24043
487	  -0.28759	  -0.51437	   0.22679
488	  -0.21589	  -0.33425	   0.11835
489	  -0.38395	  -0.35714	  -0.02681
490	  -0.70418	  -0.20823	  -0.49595
491	  -1.28648	  -0.07028	  -1.21620
492	  -1.59260	  -0.26947	  -1.32313
493	  -2.01863	  -0.70402	  -1.31461
494	  -2.03104	  -0.75928	  -1.27175
495	  -2.14182	  -0.99417	  -1.14765
496	  -2.44061	  -1.50791	  -0.93270
497	  -2.40028	  -1.72130	  -0.67898
498	  -2.35036	  -1.95465	  -0.39571
499	  -2.16160	  -2.05927	  -0.10234
500	  -1.96494	  -2.17983	   0.21489
501	  -1.76445	  -2.28518	   0.52073
502	  -1.52930	  -2.33908	   0.80978
503	  -1.31096	  -2.35629	   1.04533
504	  -1.04175	  -2.28396	   1.24221
505	  -0.79571	  -2.18566	   1.38996
506	  -0.55537	  -2.04667	   1.49130
507	  -0.27047	  -1.77565	   1.50518
508	  -0.14881	  -1.66357	   1.51476
509	   0.28033	  -1.10859	   1.38892
510	   0.51903	  -0.72935	   1.24838
511	   0.53890	  -0.59661	   1.13551
512	   0.80178	  -0.12294	   0.92472
513	  -3.58571	  -2.21356	  -1.37216
514	  -3.85771	  -2.43308	  -1.42462
515	  -3.79695	  -2.34339	  -1.45356
516	  -3.82654	  -2.39018	  -1.43636
517	  -3.81001	  -2.44742	  -1.36259
518	  -3.72138	  -2.46203	  -1.25935
519	  -3.50688	  -2.40806	  -1.09882
520	  -3.13795	  -2.22347	  -0.91448
521	  -2.75162	  -2.02884	  -0.72279
522	  -2.35265	  -1.82928	  -0.52337
523	  -1.98985	  -1.64090	  -0.34895
524	  -1.63337	  -1.42942	  -0.20395
525	  -1.32218	  -1.22541	  -0.09677
526	  -1.12125	  -1.06276	  -0.05849
527	  -0.96050	  -0.88635	  -0.07414
528	  -0.84835	  -0.66821	  -0.18014
529	  -0.82218	  -0.46246	  -0.35973
530	  -0.81851	  -0.24023	  -0.57828
531	  -1.07831	  -0.24116	  -0.83715
532	  -1.19392	  -0.07373	  -1.12020
533	  -1.45176	  -0.09279	  -1.35897
534	  -1.72366	  -0.20239	  -1.52127
535	  -2.03796	  -0.41301	  -1.62496
536	  -2.50023	  -0.88120	  -1.61903
537	  -2.49924	  -0.91864	  -1.58060
538	  -2.55234	  -1.09137	  -1.46097
539	  -2.80737	  -1.54679	  -1.26058
540	  -2.80058	  -1.78602	  -1.01456
541	  -2.73345	  -2.00746	  -0.72599
542	  -2.52280	  -2.10717	  -0.41563
543	  -2.30859	  -2.20501	  -0.10358
544	  -2.10429	  -2.29891	   0.19462
545	  -1.87123	  -2.35168	   0.48044
546	  -1.64402	  -2.37005	   0.72603
547	  -1.34840	  -2.26712	   0.91872
548	  -1.09462	  -2.16054	   1.06592
549	  -0.84760	  -2.01108	   1.16347
550	  -0.57164	  -1.78390	   1.21226
551	  -0.29911	  -1.49493	   1.19582
552	   0.02784	  -1.06947	   1.09730
553	   0.08816	  -0.94958	   1.03774
554	   0.50471	  -0.29622	   0.80093
555	  -0.78208	  -0.17104	  -0.61104
556	  -3.92157	  -2.26421	  -1.65736
557	  -4.08663	  -2.38432	  -1.70231
558	  -4.13959	  -2.41170	  -1.72789
559	  -4.24261	  -2.54120	  -1.70141
560	  -4.26264	  -2.62516	  -1.63748
561	  -4.16687	  -2.63694	  -1.52993
562	  -3.99210	  -2.62392	  -1.36818
563	  -3.63229	  -2.44123	  -1.19106
564	  -3.25830	  -2.24931	  -1.00899
565	  -2.89416	  -2.08635	  -0.80781
566	  -2.58175	  -1.94934	  -0.63241
567	  -2.25127	  -1.76210	  -0.48917
568	  -1.94881	  -1.55861	  -0.39020
569	  -1.73546	  -1.39132	  -0.34415
570	  -1.59562	  -1.22409	  -0.37153
571	  -1.45852	  -0.99000	  -0.46853
572	  -1.38154	  -0.72223	  -0.65931
573	  -1.61934	  -0.77587	  -0.84346
574	  -1.78798	  -0.69182	  -1.09615
575	  -1.69415	  -0.29531	  -1.39884
576	  -1.93166	  -0.28704	  -1.64462
577	  -2.19978	  -0.36842	  -1.83136
578	  -2.50828	  -0.57404	  -1.93424
579	  -2.83920	  -0.91356	  -1.92564
580	  -2.98166	  -1.08248	  -1.89918
581	  -2.94869	  -1.18399	  -1.76470
582	  -3.22652	  -1.65878	  -1.56774
583	  -3.16004	  -1.84453	  -1.31552
584	  -3.09196	  -2.06727	  -1.02469
585	  -2.88092	  -2.16268	  -0.71824
586	  -2.64784	  -2.23279	  -0.41505
587	  -2.60860	  -2.51859	  -0.09001
588	  -2.18228	  -2.35711	   0.17483
589	  -1.90293	  -2.32226	   0.41932
590	  -1.62058	  -2.24843	   0.62784
591	  -1.34943	  -2.13285	   0.78342
592	  -1.08592	  -1.96785	   0.88194
593	  -0.72567	  -1.63235	   0.90668
594	  -0.49497	  -1.41571	   0.92074
595	  -0.14916	  -0.98398	   0.83482
596	  -0.03631	  -0.78927	   0.75296
597	   0.39350	  -0.14042	   0.53391
598	  -1.16557	  -0.23415	  -0.93143
599	  -4.15489	  -2.29836	  -1.85653
600	  -4.30867	  -2.38439	  -1.92428
601	  -4.44493	  -2.49029	  -1.95463
602	  -4.60270	  -2.66371	  -1.93899
603	  -4.65961	  -2.80362	  -1.85599
604	  -4.54943	  -2.79031	  -1.75912
605	  -4.31916	  -2.71363	  -1.60553
606	  -4.03871	  -2.61504	  -1.42367
607	  -3.64631	  -2.41105	  -1.23527
608	  -3.28080	  -2.24392	  -1.03688
609	  -3.03458	  -2.16035	  -0.87423
610	  -2.69900	  -1.97418	  -0.72482
611	  -2.40810	  -1.78353	  -0.62457
612	  -2.21133	  -1.60841	  -0.60292
613	  -2.12274	  -1.50302	  -0.61972
614	  -1.96909	  -1.23898	  -0.73010
615	  -1.87391	  -0.94925	  -0.92466
616	  -1.97086	  -0.83367	  -1.13719
617	  -2.03998	  -0.64306	  -1.39692
618	  -2.15978	  -0.48758	  -1.67221
619	  -2.35542	  -0.44482	  -1.91059
620	  -2.60022	  -0.50259	  -2.09763
621	  -2.84385	  -0.64257	  -2.20129
622	  -3.12074	  -0.89852	  -2.22221
623	  -3.45171	  -1.30597	  -2.14574
624	  -3.30895	  -1.26232	  -2.04663
625	  -3.50689	  -1.67857	  -1.82832
626	  -3.47606	  -1.88914	  -1.58692
627	  -3.39968	  -2.10052	  -1.29916
628	  -3.18037	  -2.19681	  -0.98356
629	  -2.92933	  -2.24971	  -0.67962
630	  -2.68936	  -2.31079	  -0.37857
631	  -2.43729	  -2.34642	  -0.09088
632	  -2.13335	  -2.29628	   0.16293
633	  -1.85029	  -2.21070	   0.36041
634	  -1.53728	  -2.07100	   0.53372
635	  -1.23939	  -1.87656	   0.63717
636	  -0.88088	  -1.55913	   0.67825
637	  -0.64392	  -1.33831	   0.69439
638	  -0.25021	  -0.85449	   0.60428
639	  -0.09559	  -0.61974	   0.52415
640	  -1.56136	  -0.39634	  -1.16502
641	  -4.35840	  -2.32505	  -2.03335
642	  -4.49842	  -2.39461	  -2.10381
643	  -4.68130	  -2.54963	  -2.13166
644	  -4.81432	  -2.71510	  -2.09922
645	  -4.95801	  -2.93509	  -2.02292
646	  -4.83723	  -2.91913	  -1.91810
647	  -4.56889	  -2.79210	  -1.77680
648	  -4.27797	  -2.67252	  -1.60545
649	  -3.90734	  -2.50523	  -1.40211
650	  -3.53318	  -2.31059	  -1.22260
651	  -3.19469	  -2.13928	  -1.05541
652	  -2.88837	  -1.98341	  -0.90496
653	  -2.62451	  -1.78956	  -0.83495
654	  -2.47804	  -1.68942	  -0.78861
655	  -2.37587	  -1.55536	  -0.82051
656	  -2.24196	  -1.29967	  -0.94228
657	  -2.15163	  -1.01890	  -1.13273
658	  -2.28244	  -0.92545	  -1.35699
659	  -2.41026	  -0.79318	  -1.61708
660	  -2.52251	  -0.63633	  -1.88618
661	  -2.66685	  -0.53224	  -2.13460
662	  -2.89276	  -0.57639	  -2.31637
663	  -3.11716	  -0.69875	  -2.41842
664	  -3.37676	  -0.93879	  -2.43797
665	  -3.68924	  -1.35572	  -2.33352
666	  -3.56587	  -1.31393	  -2.25194
667	  -3.68859	  -1.63517	  -2.05342
668	  -3.75322	  -1.96524	  -1.78798
669	  -3.60097	  -2.09520	  -1.50577
670	  -3.40925	  -2.23254	  -1.17672
671	  -3.12015	  -2.25379	  -0.86636
672	  -2.85616	  -2.28945	  -0.56670
673	  -2.60736	  -2.32192	  -0.28544
674	  -2.25950	  -2.23705	  -0.02244
675	  -1.95365	  -2.14025	   0.18660
676	  -1.70970	  -2.05814	   0.34845
677	  -1.33147	  -1.79920	   0.46773
678	  -0.95615	  -1.45997	   0.50382
679	  -0.82849	  -1.37437	   0.54589
680	  -0.20792	  -0.64770	   0.43978
681	  -0.09873	  -0.47773	   0.37900
682	  -1.31614	  -0.05934	  -1.25680
683	  -1.90135	  -0.55520	  -1.34614
684	  -4.41777	  -2.27635	  -2.14142
685	  -4.58197	  -2.37630	  -2.20567
686	  -4.80679	  -2.58422	  -2.22257
687	  -5.00255	  -2.80202	  -2.20053
688	  -5.28976	  -3.18973	  -2.10002
689	  -4.90907	  -2.87321	  -2.03586
690	  -4.69721	  -2.80149	  -1.89572
691	  -4.66031	  -2.96443	  -1.69588
692	  -4.02689	  -2.49818	  -1.52871
693	  -3.63246	  -2.28465	  -1.34781
694	  -3.31610	  -2.12852	  -1.18758
695	  -2.94629	  -1.87776	  -1.06853
696	  -2.63881	  -1.67041	  -0.96840
697	  -2.45596	  -1.50057	  -0.95540
698	  -2.36974	  -1.37877	  -0.99098
699	  -2.47201	  -1.38911	  -1.08290
700	  -2.31663	  -1.03117	  -1.28546
701	  -2.37060	  -0.83321	  -1.53739
702	  -2.65493	  -0.89351	  -1.76142
703	  -2.68415	  -0.63869	  -2.04546
704	  -2.82014	  -0.53814	  -2.28200
705	  -3.01238	  -0.56607	  -2.44631
706	  -3.23929	  -0.68364	  -2.55565
707	  -3.44967	  -0.86917	  -2.58050
708	  -3.77121	  -1.28311	  -2.48811
709	  -3.78597	  -1.41569	  -2.37028
710	  -3.67091	  -1.48353	  -2.18738
711	  -3.86074	  -1.94418	  -1.91657
712	  -3.69999	  -2.05943	  -1.64056
713	  -3.51267	  -2.19934	  -1.31333
714	  -3.23490	  -2.22108	  -1.01381
715	  -2.94121	  -2.24203	  -0.69918
716	  -2.59608	  -2.19010	  -0.40598
717	  -2.27812	  -2.13226	  -0.14586
718	  -1.95177	  -2.01362	   0.06185
719	  -1.68390	  -1.92231	   0.23840
720	  -1.25572	  -1.60524	   0.34953
721	  -0.88903	  -1.29268	   0.40365
722	  -0.68310	  -1.11330	   0.43020
723	  -0.08353	  -0.42571	   0.34218
724	  -1.58598	  -0.24401	  -1.34197
725	  -2.11299	  -0.67119	  -1.44180
726	  -4.39439	  -2.23315	  -2.16124
727	  -4.85110	  -2.65435	  -2.19675
728	  -4.98643	  -2.74982	  -2.23661
729	  -4.95192	  -2.69514	  -2.25678
730	  -4.92286	  -2.71963	  -2.20323
731	  -4.75922	  -2.64104	  -2.11818
732	  -4.49338	  -2.52046	  -1.97292
733	  -4.24008	  -2.41648	  -1.82360
734	  -4.00368	  -2.36501	  -1.63866
735	  -3.53837	  -2.08612	  -1.45224
736	  -3.17928	  -1.87563	  -1.30365
737	  -2.79876	  -1.63613	  -1.16263
738	  -2.50260	  -1.40621	  -1.09638
739	  -2.27410	  -1.18142	  -1.09268
740	  -2.11539	  -0.97257	  -1.14282
741	  -2.13609	  -0.87445	  -1.26165
742	  -2.26799	  -0.85619	  -1.41180
743	  -2.27853	  -0.64308	  -1.63545
744	  -2.40674	  -0.50846	  -1.89828
745	  -2.68383	  -0.55895	  -2.12488
746	  -2.83760	  -0.47060	  -2.36700
747	  -2.99835	  -0.46461	  -2.53374
748	  -3.21721	  -0.58355	  -2.63366
749	  -3.41664	  -0.76848	  -2.64816
750	  -3.61737	  -1.03961	  -2.57776
751	  -3.87439	  -1.45749	  -2.41690
752	  -3.63133	  -1.39498	  -2.23635
753	  -3.75494	  -1.78087	  -1.97407
754	  -3.63813	  -1.94404	  -1.69409
755	  -3.48226	  -2.12148	  -1.36078
756	  -3.21233	  -2.16342	  -1.04891
757	  -2.84188	  -2.09330	  -0.74858
758	  -2.49365	  -2.04847	  -0.44518
759	  -2.16174	  -1.96181	  -0.19993
760	  -1.88875	  -1.91118	   0.02243
761	  -1.48460	  -1.68032	   0.19572
762	  -1.08405	  -1.38745	   0.30340
763	  -0.93581	  -1.32786	   0.39205
764	  -0.23817	  -0.60088	   0.36272
765	   0.13918	  -0.17662	   0.31580
766	  -1.61707	  -0.22573	  -1.39134
767	  -2.20290	  -0.72922	  -1.47368
768	  -4.45977	  -2.36490	  -2.09487
769	  -4.52477	  -2.30187	  -2.22290
770	  -4.64743	  -2.38389	  -2.26354
771	  -4.81373	  -2.54993	  -2.26380
772	  -5.01157	  -2.79946	  -2.21211
773	  -4.60238	  -2.44511	  -2.15727
774	  -4.72614	  -2.69713	  -2.02901
775	  -4.42615	  -2.54681	  -1.87934
776	  -3.69939	  -1.96458	  -1.73481
777	  -3.37268	  -1.81280	  -1.55988
778	  -2.70133	  -1.28204	  -1.41929
779	  -2.31057	  -1.01749	  -1.29309
780	  -2.01476	  -0.78245	  -1.23230
781	  -2.05190	  -0.87572	  -1.17618
782	  -1.99086	  -0.78783	  -1.20302
783	  -1.74328	  -0.39165	  -1.35163
784	  -1.77709	  -0.23611	  -1.54098
785	  -1.98560	  -0.25422	  -1.73137
786	  -2.31455	  -0.38032	  -1.93423
787	  -2.33435	  -0.13237	  -2.20198
788	  -2.66873	  -0.29121	  -2.37752
789	  -2.80558	  -0.27552	  -2.53006
790	  -3.02704	  -0.39856	  -2.62848
791	  -3.22383	  -0.59595	  -2.62788
792	  -3.42108	  -0.85606	  -2.56502
793	  -3.70712	  -1.30935	  -2.39777
794	  -3.48756	  -1.25701	  -2.23056
795	  -3.53925	  -1.58355	  -1.95570
796	  -3.54439	  -1.88585	  -1.65854
797	  -3.30934	  -1.96144	  -1.34790
798	  -3.06546	  -2.03708	  -1.02839
799	  -2.70757	  -1.98684	  -0.72073
800	  -2.26639	  -1.83328	  -0.43312
801	  -2.03706	  -1.86602	  -0.17104
802	  -1.62189	  -1.65426	   0.03237
803	  -1.18928	  -1.39222	   0.20294
804	  -1.16449	  -1.51318	   0.34870
805	  -0.40308	  -0.80565	   0.40257
806	  -0.30210	  -0.72761	   0.42551
807	  -0.08769	  -0.50013	   0.41243
808	  -1.54231	  -0.20632	  -1.33599
809	  -2.12362	  -0.72085	  -1.40277
810	  -4.28834	  -2.26360	  -2.02474
811	  -4.67462	  -2.54524	  -2.12938
812	  -4.42503	  -2.19430	  -2.23073
813	  -4.66755	  -2.41655	  -2.25101
814	  -4.38424	  -2.12157	  -2.26266
815	  -4.57549	  -2.37154	  -2.20395
816	  -4.23620	  -2.12760	  -2.10859
817	  -3.66141	  -1.68270	  -1.97872
818	  -3.35468	  -1.53324	  -1.82144
819	  -2.84658	  -1.19196	  -1.65462
820	  -2.18323	  -0.66728	  -1.51595
821	  -1.60405	  -0.20719	  -1.39686
822	  -1.38064	  -0.05404	  -1.32660
823	  -2.70002	  -0.25269	  -2.44733
824	  -2.73499	  -0.21419	  -2.52080
825	  -2.91455	  -0.38851	  -2.52605
826	  -3.28998	  -0.85200	  -2.43798
827	  -3.39257	  -1.09350	  -2.29907
828	  -3.11856	  -1.00408	  -2.11448
829	  -3.25515	  -1.40339	  -1.85176
830	  -3.12678	  -1.55816	  -1.56862
831	  -3.00812	  -1.75305	  -1.25507
832	  -2.80196	  -1.86018	  -0.94178
833	  -2.47381	  -1.83390	  -0.63991
834	  -1.98038	  -1.63522	  -0.34517
835	  -1.55579	  -1.45899	  -0.09680
836	  -1.18913	  -1.30692	   0.11779
837	  -0.80613	  -1.09577	   0.28965
838	  -0.43188	  -0.82703	   0.39515
839	  -0.45551	  -0.93225	   0.47675
840	   0.18603	  -0.29348	   0.47951
841	  -1.35101	  -0.13801	  -1.21301
842	  -1.90514	  -0.61445	  -1.29069
843	  -3.87145	  -1.91799	  -1.95346
844	  -3.98174	  -1.88663	  -2.09511
845	  -4.42566	  -2.24730	  -2.17836
846	  -4.15107	  -1.90428	  -2.24678
847	  -4.06680	  -1.78752	  -2.27928
848	  -4.12529	  -1.88354	  -2.24175
849	  -3.51704	  -1.34921	  -2.16783
850	  -2.95138	  -0.90792	  -2.04346
851	  -2.62406	  -0.71741	  -1.90665
852	  -1.75957	  -0.01592	  -1.74365
853	  -2.42972	  -0.06515	  -2.36457
854	  -2.56789	  -0.28865	  -2.27925
855	  -2.61158	  -0.47535	  -2.13623
856	  -2.76277	  -0.82447	  -1.93830
857	  -2.85216	  -1.15765	  -1.69450
858	  -2.75616	  -1.33993	  -1.41623
859	  -2.58399	  -1.47411	  -1.10988
860	  -2.21156	  -1.41430	  -0.79727
861	  -1.77120	  -1.25917	  -0.51202
862	  -1.38603	  -1.16927	  -0.21676
863	  -1.21279	  -1.22335	   0.01056
864	  -0.74696	  -0.97300	   0.22604
865	  -0.57241	  -0.95867	   0.38626
866	  -0.39552	  -0.89614	   0.50062
867	   0.33849	  -0.20658	   0.54507
868	  -1.07585	  -0.06603	  -1.00982
869	  -1.57894	  -0.47992	  -1.09902
870	  -3.62668	  -1.78668	  -1.84000
871	  -3.71869	  -1.71636	  -2.00232
872	  -3.87611	  -1.73965	  -2.13646
873	  -3.49881	  -1.27184	  -2.22698
874	  -3.79015	  -1.50021	  -2.28994
875	  -3.48969	  -1.21735	  -2.27234
876	  -2.69189	  -0.49088	  -2.20102
877	  -2.34957	  -0.21169	  -2.13789
878	  -2.20767	  -0.17045	  -2.03722
879	  -2.24375	  -0.34221	  -1.90154
880	  -2.36201	  -0.63989	  -1.72211
881	  -2.32195	  -0.83857	  -1.48338
882	  -2.18052	  -0.96389	  -1.21662
883	  -1.70743	  -0.79350	  -0.91393
884	  -1.43316	  -0.82747	  -0.60569
885	  -1.13671	  -0.81680	  -0.31991
886	  -0.92101	  -0.85654	  -0.06448
887	  -1.01241	  -1.14785	   0.13544
888	  -0.24292	  -0.60758	   0.36466
889	  -0.36042	  -0.84945	   0.48902
890	  -1.05617	  -0.20406	  -0.85211
891	  -2.91541	  -1.19702	  -1.71839
892	  -2.76931	  -0.86027	  -1.90904
893	  -3.31241	  -1.21810	  -2.09430
894	  -3.42172	  -1.19768	  -2.22405
895	  -3.20980	  -0.91116	  -2.29863
896	  -2.28329	  -0.01312	  -2.27017
897	  -1.50791	  -0.06187	  -1.44604
898	  -1.31018	  -0.10882	  -1.20136
899	  -1.14521	  -0.20608	  -0.93912
900	  -0.92996	  -0.26785	  -0.66211
901	  -0.72630	  -0.35500	  -0.37130
902	  -1.04092	  -0.86372	  -0.17721
903	  -0.19452	  -0.32710	   0.13258
904	   0.04979	  -0.28327	   0.33306
905	   0.47923	  -0.03626	   0.51549
906	  -0.79468	  -0.22594	  -0.56874
907	  -2.11704	  -0.50610	  -1.61094
908	  -2.52936	  -0.69993	  -1.82944
