L0  Nsteps           time(ps)         Etot             EKinetic        
L1  Temp             T_solute         T_solv           Pres_scal_solu  
L2  Pres_scal_solv   BoxX             BoxY             BoxZ            
L3  volume           pres_X           pres_Y           pres_Z          
L4  Pressure         EKCoM_x          EKCoM_y          EKCoM_z         
L5  EKComTot         VIRIAL_x         VIRIAL_y         VIRIAL_z        
L6  VIRIAL_tot       E_pot            E_vdw            E_el            
L7  E_hbon           E_bon            E_angle          E_dih           
L8  E_14vdw          E_14el           E_const          E_pol           
L9  AV_permMoment    AV_indMoment     AV_totMoment     Density          dV/dlambda      
L0     1000  0.2000000000E+01  -.7536060929E+04  0.1652275106E+04
L1 0.2857259003E+03  0.2857259003E+03  -.9188336035E+10  0.1000000000E+01
L2 0.1000000000E+01  0.3459432332E+02  0.3459432332E+02  0.3459432332E+02
L3 0.3187320193E+05  -.2203689328E+03  -.1499770628E+04  -.8353243981E+03
L4 -.8518213197E+03  0.2730286228E+03  0.2784186343E+03  0.2625935664E+03
L5 0.8140408234E+03  0.3235799594E+03  0.6224571920E+03  0.4542120684E+03
L6 0.1400249220E+04  -.9188336035E+04  0.1369899735E+04  -.1063392458E+05
L7 0.0000000000E+00  0.4051076203E+01  0.8863297226E+01  0.1201028186E+02
L8 0.4540014429E+01  0.4400043954E+02  0.2223697340E+01  0.0000000000E+00
L9 0.0000000000E+00  0.0000000000E+00  0.0000000000E+00  0.9095236874E+00  0.0000000000E+00
L0     2000  0.4000000000E+01  -.7496732491E+04  0.1753548584E+04
L1 0.3032389982E+03  0.3032389982E+03  -.9250281075E+10  0.1000000000E+01
L2 0.1000000000E+01  0.3401713665E+02  0.3401713665E+02  0.3401713665E+02
L3 0.3030337141E+05  -.1055798976E+03  -.8299594294E+03  -.5753519880E+03
L4 -.5036304383E+03  0.3059296196E+03  0.3007523377E+03  0.2843895720E+03
L5 0.8910715293E+03  0.3289561639E+03  0.4817630978E+03  0.4098714895E+03
L6 0.1220590751E+04  -.9250281075E+04  0.1351935599E+04  -.1067990068E+05
L7 0.0000000000E+00  0.1177914321E+01  0.9380438252E+01  0.1070786457E+02
L8 0.3980914573E+01  0.4913612671E+02  0.3300748002E+01  0.0000000000E+00
L9 0.0000000000E+00  0.0000000000E+00  0.0000000000E+00  0.9566404926E+00  0.0000000000E+00
L0     3000  0.6000000000E+01  -.7408742891E+04  0.1762079331E+04
L1 0.3047142098E+03  0.3047142098E+03  -.9170822222E+10  0.1000000000E+01
L2 0.1000000000E+01  0.3374171447E+02  0.3374171447E+02  0.3374171447E+02
L3 0.2957045695E+05  0.1301459794E+04  -.3189469817E+02  0.4013851980E+03
L4 0.5569834314E+03  0.2910208545E+03  0.3203438974E+03  0.2989304606E+03
L5 0.9102952125E+03  0.1404279269E+02  0.3271317611E+03  0.2135072346E+03
L6 0.5546817884E+03  -.9170822222E+04  0.1421289834E+04  -.1067421271E+05
L7 0.0000000000E+00  0.1456545666E+01  0.9131250930E+01  0.1094035952E+02
L8 0.5619032360E+01  0.5037172292E+02  0.4581745923E+01  0.0000000000E+00
L9 0.0000000000E+00  0.0000000000E+00  0.0000000000E+00  0.9803511728E+00  0.0000000000E+00
L0     4000  0.8000000000E+01  -.7447131930E+04  0.1711582557E+04
L1 0.2959818649E+03  0.2959818649E+03  -.9158714487E+10  0.1000000000E+01
L2 0.1000000000E+01  0.3375377720E+02  0.3375377720E+02  0.3375377720E+02
L3 0.2960399511E+05  -.9823012105E+03  0.2338383713E+03  0.3603738481E+03
L4 -.1293629971E+03  0.2717811888E+03  0.2955252583E+03  0.2738850920E+03
L5 0.8411915390E+03  0.4810726852E+03  0.2457030834E+03  0.1971029593E+03
L6 0.9238787278E+03  -.9158714487E+04  0.1353608558E+04  -.1058462902E+05
L7 0.0000000000E+00  0.2172647146E+01  0.9694935603E+01  0.1071459999E+02
L8 0.2604748505E+01  0.4053091172E+02  0.6588133790E+01  0.0000000000E+00
L9 0.0000000000E+00  0.0000000000E+00  0.0000000000E+00  0.9792405399E+00  0.0000000000E+00
L0     5000  0.1000000000E+02  -.7427322529E+04  0.1792402208E+04
L1 0.3099579075E+03  0.3099579075E+03  -.9219724736E+10  0.1000000000E+01
L2 0.1000000000E+01  0.3366962916E+02  0.3366962916E+02  0.3366962916E+02
L3 0.2938344510E+05  -.7490338759E+03  -.3143855288E+03  0.3246080806E+03
L4 -.2462704414E+03  0.2983225442E+03  0.2830065061E+03  0.2993960142E+03
L5 0.8807250645E+03  0.4567245781E+03  0.3494912256E+03  0.2307494792E+03
L6 0.1036965283E+04  -.9219724736E+04  0.1324610127E+04  -.1061755066E+05
L7 0.0000000000E+00  0.2854283334E+01  0.6841404692E+01  0.1055000081E+02
L8 0.3005632356E+01  0.4687510687E+02  0.3089371138E+01  0.0000000000E+00
L9 0.0000000000E+00  0.0000000000E+00  0.0000000000E+00  0.9865906483E+00  0.0000000000E+00
L0     6000  0.1200000000E+02  -.7513562849E+04  0.1711474008E+04
L1 0.2959630935E+03  0.2959630935E+03  -.9225036856E+10  0.1000000000E+01
L2 0.1000000000E+01  0.3368630815E+02  0.3368630815E+02  0.3368630815E+02
L3 0.2942580614E+05  -.6106146658E+03  0.2806121704E+03  0.1108761716E+04
L4 0.2595864067E+03  0.2895549075E+03  0.2768121831E+03  0.2783714467E+03
L5 0.8447385373E+03  0.4188708831E+03  0.2173841369E+03  0.4355788753E+02
L6 0.6798129075E+03  -.9225036856E+04  0.1420065566E+04  -.1072011805E+05
L7 0.0000000000E+00  0.3732857806E+01  0.9986706445E+01  0.1040288150E+02
L8 0.4439570619E+01  0.4432144082E+02  0.2132175592E+01  0.0000000000E+00
L9 0.0000000000E+00  0.0000000000E+00  0.0000000000E+00  0.9851703641E+00  0.0000000000E+00
L0     7000  0.1400000000E+02  -.7472383730E+04  0.1729235937E+04
L1 0.2990346421E+03  0.2990346421E+03  -.9201619666E+10  0.1000000000E+01
L2 0.1000000000E+01  0.3379771206E+02  0.3379771206E+02  0.3379771206E+02
L3 0.2972030548E+05  -.5787140806E+02  -.8193349453E+03  -.1442071146E+03
L4 -.3404711560E+03  0.2821638978E+03  0.2799536938E+03  0.2858515723E+03
L5 0.8479691639E+03  0.2945425654E+03  0.4552090611E+03  0.3166974076E+03
L6 0.1066449034E+04  -.9201619666E+04  0.1339578109E+04  -.1061738374E+05
L7 0.0000000000E+00  0.3181078443E+01  0.6926593509E+01  0.1300246081E+02
L8 0.4330795914E+01  0.4430831987E+02  0.4436712794E+01  0.0000000000E+00
L9 0.0000000000E+00  0.0000000000E+00  0.0000000000E+00  0.9754082835E+00  0.0000000000E+00
L0     8000  0.1600000000E+02  -.7469527139E+04  0.1740577018E+04
L1 0.3009958412E+03  0.3009958412E+03  -.9210104157E+10  0.1000000000E+01
L2 0.1000000000E+01  0.3375580023E+02  0.3375580023E+02  0.3375580023E+02
L3 0.2960854754E+05  -.5167618937E+03  0.4446732370E+03  0.5595811114E+03
L4 0.1624974849E+03  0.2953497176E+03  0.2784131691E+03  0.2793271253E+03
L5 0.8530900121E+03  0.4054692008E+03  0.1836554332E+03  0.1600830720E+03
L6 0.7492077060E+03  -.9210104157E+04  0.1399891516E+04  -.1068561503E+05
L7 0.0000000000E+00  0.6226754718E+01  0.7810725487E+01  0.1012410686E+02
L8 0.3479972466E+01  0.4624184850E+02  0.1735945021E+01  0.0000000000E+00
L9 0.0000000000E+00  0.0000000000E+00  0.0000000000E+00  0.9790899778E+00  0.0000000000E+00
L0     9000  0.1800000000E+02  -.7529397677E+04  0.1689219777E+04
L1 0.2921146967E+03  0.2921146967E+03  -.9218617453E+10  0.1000000000E+01
L2 0.1000000000E+01  0.3361600088E+02  0.3361600088E+02  0.3361600088E+02
L3 0.2924287863E+05  -.2143814910E+03  -.4675528512E+03  0.3870173175E+03
L4 -.9830567491E+02  0.2861950352E+03  0.2765805295E+03  0.2746004975E+03
L5 0.8373760621E+03  0.3313145051E+03  0.3749833194E+03  0.1931474945E+03
L6 0.8994453190E+03  -.9218617453E+04  0.1338401786E+04  -.1062755740E+05
L7 0.0000000000E+00  0.2349654951E+01  0.8145791058E+01  0.1081919401E+02
L8 0.2281131413E+01  0.4414537806E+02  0.2797015696E+01  0.0000000000E+00
L9 0.0000000000E+00  0.0000000000E+00  0.0000000000E+00  0.9913330529E+00  0.0000000000E+00
L0    10000  0.2000000000E+02  -.7460109028E+04  0.1778564471E+04
L1 0.3075649647E+03  0.3075649647E+03  -.9238673498E+10  0.1000000000E+01
L2 0.1000000000E+01  0.3367070028E+02  0.3367070028E+02  0.3367070028E+02
L3 0.2938602039E+05  0.3652937899E+03  -.8603782268E+03  0.1846443409E+02
L4 -.1588733343E+03  0.2910276230E+03  0.3004983513E+03  0.3140963589E+03
L5 0.9056223331E+03  0.2137703019E+03  0.4824628926E+03  0.3101912481E+03
L6 0.1006424443E+04  -.9238673498E+04  0.1344889007E+04  -.1065622055E+05
L7 0.0000000000E+00  0.4338709411E+01  0.3942364899E+01  0.1224889923E+02
L8 0.4179631004E+01  0.4586739116E+02  0.2081051500E+01  0.0000000000E+00
L9 0.0000000000E+00  0.0000000000E+00  0.0000000000E+00  0.9865041868E+00  0.0000000000E+00
