L0  Nsteps           time(ps)         Etot             EKinetic        
L1  Temp             T_solute         T_solv           Pres_scal_solu  
L2  Pres_scal_solv   BoxX             BoxY             BoxZ            
L3  volume           pres_X           pres_Y           pres_Z          
L4  Pressure         EKCoM_x          EKCoM_y          EKCoM_z         
L5  EKComTot         VIRIAL_x         VIRIAL_y         VIRIAL_z        
L6  VIRIAL_tot       E_pot            E_vdw            E_el            
L7  E_hbon           E_bon            E_angle          E_dih           
L8  E_14vdw          E_14el           E_const          E_pol           
L9  AV_permMoment    AV_indMoment     AV_totMoment     Density          dV/dlambda      
L0     1000  0.2000000000E+01  -.7143155688E+04  0.1595659835E+04
L1 0.2868782707E+03  0.2868782707E+03  -.8738815524E+10  0.1000000000E+01
L2 0.1000000000E+01  0.3425713674E+02  0.3425713674E+02  0.3425713674E+02
L3 0.3094873094E+05  0.1311092005E+03  -.9577186795E+02  -.9249291353E+03
L4 -.2965306009E+03  0.2755879700E+03  0.2418174339E+03  0.2772382878E+03
L5 0.7946436917E+03  0.2463846253E+03  0.2631497192E+03  0.4832575775E+03
L6 0.9927919220E+03  -.8738815524E+04  0.1364679025E+04  -.1017658867E+05
L7 0.0000000000E+00  0.2638997493E+01  0.4918239804E+01  0.1154679213E+02
L8 0.3804358060E+01  0.4679087434E+02  0.3394859115E+01  0.0000000000E+00
L9 0.0000000000E+00  0.0000000000E+00  0.0000000000E+00  0.9009258450E+00  0.0000000000E+00
L0     2000  0.4000000000E+01  -.7117717393E+04  0.1685738718E+04
L1 0.3030732475E+03  0.3030732475E+03  -.8803456111E+10  0.1000000000E+01
L2 0.1000000000E+01  0.3368613925E+02  0.3368613925E+02  0.3368613925E+02
L3 0.2942694836E+05  -.5776450019E+02  -.3481112021E+03  -.6267171124E+03
L4 -.3441976049E+03  0.2875615142E+03  0.2759739282E+03  0.2822487892E+03
L5 0.8457842317E+03  0.2997953551E+03  0.3496997812E+03  0.4149800930E+03
L6 0.1064475229E+04  -.8803456111E+04  0.1317769677E+04  -.1020642161E+05
L7 0.0000000000E+00  0.5178257049E+01  0.1082208174E+02  0.1407102009E+02
L8 0.4096691221E+01  0.4693645788E+02  0.4091312191E+01  0.0000000000E+00
L9 0.0000000000E+00  0.0000000000E+00  0.0000000000E+00  0.9475162439E+00  0.0000000000E+00
L0     3000  0.6000000000E+01  -.7083463585E+04  0.1703485842E+04
L1 0.3062639427E+03  0.3062639427E+03  -.8786949427E+10  0.1000000000E+01
L2 0.1000000000E+01  0.3343881451E+02  0.3343881451E+02  0.3343881451E+02
L3 0.2878332573E+05  0.1442275446E+03  -.6205217194E+03  -.3121698308E+03
L4 -.2628213352E+03  0.2733181870E+03  0.2943692607E+03  0.2835792949E+03
L5 0.8512667426E+03  0.2434405833E+03  0.4229140686E+03  0.3482471537E+03
L6 0.1014601806E+04  -.8786949427E+04  0.1272370504E+04  -.1013274799E+05
L7 0.0000000000E+00  0.1982544781E+01  0.8653136933E+01  0.1165008460E+02
L8 0.3146080609E+01  0.4342114844E+02  0.4575062436E+01  0.0000000000E+00
L9 0.0000000000E+00  0.0000000000E+00  0.0000000000E+00  0.9687036110E+00  0.0000000000E+00
L0     4000  0.8000000000E+01  -.7208597556E+04  0.1705402758E+04
L1 0.3066085786E+03  0.3066085786E+03  -.8914000315E+10  0.1000000000E+01
L2 0.1000000000E+01  0.3329710288E+02  0.3329710288E+02  0.3329710288E+02
L3 0.2841911521E+05  -.4799917276E+03  -.1484980726E+03  -.3809064204E+03
L4 -.3364654069E+03  0.2729249831E+03  0.2942979012E+03  0.2913802311E+03
L5 0.8586031153E+03  0.3710999775E+03  0.3246709193E+03  0.3692888356E+03
L6 0.1065059732E+04  -.8914000315E+04  0.1295543572E+04  -.1028042100E+05
L7 0.0000000000E+00  0.1425894927E+01  0.6907799061E+01  0.9871175909E+01
L8 0.2899492891E+01  0.4633862196E+02  0.3434128233E+01  0.0000000000E+00
L9 0.0000000000E+00  0.0000000000E+00  0.0000000000E+00  0.9811182146E+00  0.0000000000E+00
L0     5000  0.1000000000E+02  -.7184748447E+04  0.1676012114E+04
L1 0.3013245343E+03  0.3013245343E+03  -.8860760561E+10  0.1000000000E+01
L2 0.1000000000E+01  0.3322268303E+02  0.3322268303E+02  0.3322268303E+02
L3 0.2822640082E+05  0.6918133486E+03  0.7645295952E+03  0.6174368885E+03
L4 0.6912599441E+03  0.2903860172E+03  0.2674087729E+03  0.2922304531E+03
L5 0.8500252432E+03  0.1498456700E+03  0.1120962815E+03  0.1667995189E+03
L6 0.4287414704E+03  -.8860760561E+04  0.1369640904E+04  -.1030229345E+05
L7 0.0000000000E+00  0.1662912711E+01  0.8709993366E+01  0.1074475141E+02
L8 0.2136120239E+01  0.4637243100E+02  0.2265774812E+01  0.0000000000E+00
L9 0.0000000000E+00  0.0000000000E+00  0.0000000000E+00  0.9878167517E+00  0.0000000000E+00
L0     6000  0.1200000000E+02  -.7210998929E+04  0.1616886234E+04
L1 0.2906944930E+03  0.2906944930E+03  -.8827885164E+10  0.1000000000E+01
L2 0.1000000000E+01  0.3320409317E+02  0.3320409317E+02  0.3320409317E+02
L3 0.2818214696E+05  -.5282437341E+03  -.6921847986E+03  -.4080872288E+03
L4 -.5428385871E+03  0.2584373063E+03  0.2743899698E+03  0.2674157143E+03
L5 0.8002429904E+03  0.3655806040E+03  0.4147853162E+03  0.3501877543E+03
L6 0.1130553675E+04  -.8827885164E+04  0.1219261077E+04  -.1012062144E+05
L7 0.0000000000E+00  0.4022841661E+01  0.8359469015E+01  0.1104799501E+02
L8 0.2719900924E+01  0.4423928902E+02  0.3085702397E+01  0.0000000000E+00
L9 0.0000000000E+00  0.0000000000E+00  0.0000000000E+00  0.9893679007E+00  0.0000000000E+00
L0     7000  0.1400000000E+02  -.7113339080E+04  0.1698417818E+04
L1 0.3053527798E+03  0.3053527798E+03  -.8811756898E+10  0.1000000000E+01
L2 0.1000000000E+01  0.3332182092E+02  0.3332182092E+02  0.3332182092E+02
L3 0.2848196954E+05  -.7231368008E+03  0.3467848796E+03  -.6235946861E+02
L4 -.1462371299E+03  0.2758253733E+03  0.2759733090E+03  0.3034519179E+03
L5 0.8552506002E+03  0.4240591116E+03  0.2048868714E+03  0.3162348065E+03
L6 0.9451807894E+03  -.8811756898E+04  0.1291428240E+04  -.1018179348E+05
L7 0.0000000000E+00  0.1956588834E+01  0.7808200785E+01  0.1080536273E+02
L8 0.4398027508E+01  0.4815112922E+02  0.5489034468E+01  0.0000000000E+00
L9 0.0000000000E+00  0.0000000000E+00  0.0000000000E+00  0.9789530719E+00  0.0000000000E+00
L0     8000  0.1600000000E+02  -.7255474767E+04  0.1666241638E+04
L1 0.2995679336E+03  0.2995679336E+03  -.8921716405E+10  0.1000000000E+01
L2 0.1000000000E+01  0.3319801092E+02  0.3319801092E+02  0.3319801092E+02
L3 0.2816561600E+05  -.1063438308E+03  -.1641646454E+03  -.1081190748E+03
L4 -.1262091837E+03  0.2984566016E+03  0.2789334125E+03  0.2786056962E+03
L5 0.8559957103E+03  0.3200135923E+03  0.3122112784E+03  0.3005225471E+03
L6 0.9327474178E+03  -.8921716405E+04  0.1294848815E+04  -.1029598904E+05
L7 0.0000000000E+00  0.3250849375E+01  0.8324724042E+01  0.1352203205E+02
L8 0.3412922033E+01  0.4950870374E+02  0.1404588746E+01  0.0000000000E+00
L9 0.0000000000E+00  0.0000000000E+00  0.0000000000E+00  0.9899485803E+00  0.0000000000E+00
L0     9000  0.1800000000E+02  -.7204635430E+04  0.1634166604E+04
L1 0.2938012721E+03  0.2938012721E+03  -.8838802035E+10  0.1000000000E+01
L2 0.1000000000E+01  0.3323665783E+02  0.3323665783E+02  0.3323665783E+02
L3 0.2826462007E+05  -.1088643198E+04  0.7009585721E+03  -.6143489194E+03
L4 -.3340111817E+03  0.2798549732E+03  0.2729424651E+03  0.2646025786E+03
L5 0.8174000170E+03  0.5013098740E+03  0.1303514754E+03  0.3895751860E+03
L6 0.1021236535E+04  -.8838802035E+04  0.1258423319E+04  -.1017749188E+05
L7 0.0000000000E+00  0.4847759018E+01  0.8410594567E+01  0.1116270449E+02
L8 0.2850159125E+01  0.4722209826E+02  0.5773209948E+01  0.0000000000E+00
L9 0.0000000000E+00  0.0000000000E+00  0.0000000000E+00  0.9864810319E+00  0.0000000000E+00
L0    10000  0.2000000000E+02  -.7132009191E+04  0.1701492474E+04
L1 0.3059055618E+03  0.3059055618E+03  -.8833501665E+10  0.1000000000E+01
L2 0.1000000000E+01  0.3317365303E+02  0.3317365303E+02  0.3317365303E+02
L3 0.2810434998E+05  -.5056231129E+02  -.7508199220E+03  -.3971558182E+03
L4 -.3995126838E+03  0.2796960380E+03  0.2912313872E+03  0.2777274302E+03
L5 0.8486548554E+03  0.2899232449E+03  0.4430992609E+03  0.3580598879E+03
L6 0.1091082394E+04  -.8833501665E+04  0.1237708890E+04  -.1015496574E+05
L7 0.0000000000E+00  0.4186760103E+01  0.1092489774E+02  0.1039322021E+02
L8 0.3262134867E+01  0.5025795602E+02  0.4730216793E+01  0.0000000000E+00
L9 0.0000000000E+00  0.0000000000E+00  0.0000000000E+00  0.9921066167E+00  0.0000000000E+00
