L0  Nsteps           time(ps)         Etot             EKinetic        
L1  Temp             T_solute         T_solv           Pres_scal_solu  
L2  Pres_scal_solv   BoxX             BoxY             BoxZ            
L3  volume           pres_X           pres_Y           pres_Z          
L4  Pressure         EKCoM_x          EKCoM_y          EKCoM_z         
L5  EKComTot         VIRIAL_x         VIRIAL_y         VIRIAL_z        
L6  VIRIAL_tot       E_pot            E_vdw            E_el            
L7  E_hbon           E_bon            E_angle          E_dih           
L8  E_14vdw          E_14el           E_const          E_pol           
L9  AV_permMoment    AV_indMoment     AV_totMoment     Density          dV/dlambda      
L0     1000  0.2000000000E+01  -.7401385577E+04  0.1728155364E+04
L1 0.2982328668E+03  0.2982328668E+03  -.9129540941E+10  0.1000000000E+01
L2 0.1000000000E+01  0.3464907406E+02  0.3464907406E+02  0.3464907406E+02
L3 0.3202444456E+05  -.7171137247E+03  -.7342991444E+03  -.7580578038E+03
L4 -.7364902243E+03  0.2856137349E+03  0.3039395556E+03  0.2617497871E+03
L5 0.8513030776E+03  0.4508959865E+03  0.4731827478E+03  0.4364689373E+03
L6 0.1360547672E+04  -.9129540941E+04  0.1373081449E+04  -.1057554376E+05
L7 0.0000000000E+00  0.2160883337E+01  0.1371369821E+02  0.1307790411E+02
L8 0.1765080988E+01  0.4106631907E+02  0.1137482812E+01  0.0000000000E+00
L9 0.0000000000E+00  0.0000000000E+00  0.0000000000E+00  0.9070966287E+00  0.0000000000E+00
L0     2000  0.4000000000E+01  -.7366919521E+04  0.1710734223E+04
L1 0.2952264492E+03  0.2952264492E+03  -.9077653744E+10  0.1000000000E+01
L2 0.1000000000E+01  0.3405425740E+02  0.3405425740E+02  0.3405425740E+02
L3 0.3040235287E+05  -.5418312127E+03  -.2565184316E+03  -.3460553513E+03
L4 -.3814683319E+03  0.2821046479E+03  0.2576364066E+03  0.2888575783E+03
L5 0.8285986328E+03  0.4006618099E+03  0.3137647664E+03  0.3645773585E+03
L6 0.1079003935E+04  -.9077653744E+04  0.1316215162E+04  -.1047283525E+05
L7 0.0000000000E+00  0.4094516335E+01  0.1694114207E+02  0.9834555007E+01
L8 0.2485886065E+01  0.4306537656E+02  0.2544868773E+01  0.0000000000E+00
L9 0.0000000000E+00  0.0000000000E+00  0.0000000000E+00  0.9554939981E+00  0.0000000000E+00
L0     3000  0.6000000000E+01  -.7441462302E+04  0.1735034688E+04
L1 0.2994200521E+03  0.2994200521E+03  -.9176496991E+10  0.1000000000E+01
L2 0.1000000000E+01  0.3383274521E+02  0.3383274521E+02  0.3383274521E+02
L3 0.2981140128E+05  -.5094251454E+02  0.3892710053E+03  0.2423415612E+03
L4 0.1935566840E+03  0.2728940618E+03  0.2806383972E+03  0.2759251681E+03
L5 0.8294576271E+03  0.2838240414E+03  0.1971182931E+03  0.2239295348E+03
L6 0.7048718692E+03  -.9176496991E+04  0.1408886269E+04  -.1065939238E+05
L7 0.0000000000E+00  0.3633869918E+01  0.7651722279E+01  0.1160104511E+02
L8 0.3052048343E+01  0.4574090998E+02  0.2329521790E+01  0.0000000000E+00
L9 0.0000000000E+00  0.0000000000E+00  0.0000000000E+00  0.9744347616E+00  0.0000000000E+00
L0     4000  0.8000000000E+01  -.7472448456E+04  0.1740260990E+04
L1 0.3003219705E+03  0.3003219705E+03  -.9212709447E+10  0.1000000000E+01
L2 0.1000000000E+01  0.3374257054E+02  0.3374257054E+02  0.3374257054E+02
L3 0.2957459376E+05  0.1430927876E+03  -.1222565587E+03  -.4947737591E+03
L4 -.1579791767E+03  0.3011650244E+03  0.3069383875E+03  0.2611638393E+03
L5 0.8692672512E+03  0.2707076044E+03  0.3329607987E+03  0.3664768494E+03
L6 0.9701452525E+03  -.9212709447E+04  0.1353097861E+04  -.1064231756E+05
L7 0.0000000000E+00  0.5162994807E+01  0.6982949002E+01  0.1293651099E+02
L8 0.2227706649E+01  0.4515054042E+02  0.4049555009E+01  0.0000000000E+00
L9 0.0000000000E+00  0.0000000000E+00  0.0000000000E+00  0.9822371841E+00  0.0000000000E+00
L0     5000  0.1000000000E+02  -.7522386235E+04  0.1747434283E+04
L1 0.3015598867E+03  0.3015598867E+03  -.9269820518E+10  0.1000000000E+01
L2 0.1000000000E+01  0.3373125457E+02  0.3373125457E+02  0.3373125457E+02
L3 0.2954350106E+05  -.5916617457E+01  0.3790591985E+03  0.6875600935E+03
L4 0.3535675582E+03  0.2957866068E+03  0.2744325827E+03  0.3019749336E+03
L5 0.8721941231E+03  0.2970446398E+03  0.1938343387E+03  0.1557810503E+03
L6 0.6466600288E+03  -.9269820518E+04  0.1424369764E+04  -.1077019382E+05
L7 0.0000000000E+00  0.3645732632E+01  0.6615327337E+01  0.1119551847E+02
L8 0.3610668064E+01  0.4775026719E+02  0.3186021388E+01  0.0000000000E+00
L9 0.0000000000E+00  0.0000000000E+00  0.0000000000E+00  0.9832709277E+00  0.0000000000E+00
L0     6000  0.1200000000E+02  -.7536628600E+04  0.1679717733E+04
L1 0.2898738419E+03  0.2898738419E+03  -.9216346332E+10  0.1000000000E+01
L2 0.1000000000E+01  0.3372196398E+02  0.3372196398E+02  0.3372196398E+02
L3 0.2951901373E+05  -.1392011900E+03  0.9017165438E+03  0.3922737341E+03
L4 0.3849296960E+03  0.2762847136E+03  0.2775813538E+03  0.2529096447E+03
L5 0.8067757121E+03  0.3058581213E+03  0.8601092967E+02  0.1695707660E+03
L6 0.5614398170E+03  -.9216346332E+04  0.1430936237E+04  -.1072664471E+05
L7 0.0000000000E+00  0.8711875306E+01  0.7843660888E+01  0.1198983549E+02
L8 0.3278714463E+01  0.4436297944E+02  0.3175072230E+01  0.0000000000E+00
L9 0.0000000000E+00  0.0000000000E+00  0.0000000000E+00  0.9840865945E+00  0.0000000000E+00
L0     7000  0.1400000000E+02  -.7498661100E+04  0.1723441248E+04
L1 0.2974193380E+03  0.2974193380E+03  -.9222102348E+10  0.1000000000E+01
L2 0.1000000000E+01  0.3374172971E+02  0.3374172971E+02  0.3374172971E+02
L3 0.2957013839E+05  0.8594000799E+03  0.6028619899E+03  0.6165951831E+03
L4 0.6929524176E+03  0.2858329532E+03  0.2962365154E+03  0.2901421332E+03
L5 0.8722116018E+03  0.1029364818E+03  0.1679361658E+03  0.1589191022E+03
L6 0.4297917498E+03  -.9222102348E+04  0.1459644585E+04  -.1076308901E+05
L7 0.0000000000E+00  0.6085449087E+01  0.8717449391E+01  0.1568527592E+02
L8 0.2597151367E+01  0.4538906252E+02  0.2867684146E+01  0.0000000000E+00
L9 0.0000000000E+00  0.0000000000E+00  0.0000000000E+00  0.9823851790E+00  0.0000000000E+00
L0     8000  0.1600000000E+02  -.7476862789E+04  0.1691830434E+04
L1 0.2919641665E+03  0.2919641665E+03  -.9168693223E+10  0.1000000000E+01
L2 0.1000000000E+01  0.3376736333E+02  0.3376736333E+02  0.3376736333E+02
L3 0.2964016015E+05  0.1789257615E+03  -.8526750517E+03  -.1718493323E+03
L4 -.2818662075E+03  0.2985012713E+03  0.2608424426E+03  0.2803752928E+03
L5 0.8397190066E+03  0.2603323400E+03  0.4427374095E+03  0.3170346609E+03
L6 0.1020104410E+04  -.9168693223E+04  0.1325641307E+04  -.1057978941E+05
L7 0.0000000000E+00  0.2911485245E+01  0.1366888528E+02  0.1586743440E+02
L8 0.3383890090E+01  0.4356876745E+02  0.6054415643E+01  0.0000000000E+00
L9 0.0000000000E+00  0.0000000000E+00  0.0000000000E+00  0.9800643975E+00  0.0000000000E+00
L0     9000  0.1800000000E+02  -.7520674097E+04  0.1675614385E+04
L1 0.2891657151E+03  0.2891657151E+03  -.9196288482E+10  0.1000000000E+01
L2 0.1000000000E+01  0.3375806171E+02  0.3375806171E+02  0.3375806171E+02
L3 0.2961281336E+05  0.3989640031E+03  0.4295327549E+03  0.1573272162E+04
L4 0.8005896398E+03  0.2722570296E+03  0.2872579212E+03  0.2973276421E+03
L5 0.8568425929E+03  0.1872274636E+03  0.1957133622E+03  -.3797741813E+02
L6 0.3449634077E+03  -.9196288482E+04  0.1469268377E+04  -.1075007367E+05
L7 0.0000000000E+00  0.3443617159E+01  0.1660736603E+02  0.1185669287E+02
L8 0.3305753985E+01  0.4555111624E+02  0.3752262253E+01  0.0000000000E+00
L9 0.0000000000E+00  0.0000000000E+00  0.0000000000E+00  0.9809694655E+00  0.0000000000E+00
L0    10000  0.2000000000E+02  -.7497115482E+04  0.1736058052E+04
L1 0.2995966571E+03  0.2995966571E+03  -.9233173535E+10  0.1000000000E+01
L2 0.1000000000E+01  0.3376433123E+02  0.3376433123E+02  0.3376433123E+02
L3 0.2963254030E+05  -.4297875557E+03  -.3263356704E+03  -.5025380542E+03
L4 -.4195537601E+03  0.2882410390E+03  0.2819753934E+03  0.2892837293E+03
L5 0.8595001616E+03  0.3799009223E+03  0.3515723119E+03  0.3964589577E+03
L6 0.1127932192E+04  -.9233173535E+04  0.1329612961E+04  -.1064332605E+05
L7 0.0000000000E+00  0.2699822730E+01  0.1523896795E+02  0.1484913603E+02
L8 0.2402387802E+01  0.4379940767E+02  0.1549834282E+01  0.0000000000E+00
L9 0.0000000000E+00  0.0000000000E+00  0.0000000000E+00  0.9803164156E+00  0.0000000000E+00
