L0  Nsteps           time(ps)         Etot             EKinetic        
L1  Temp             T_solute         T_solv           Pres_scal_solu  
L2  Pres_scal_solv   BoxX             BoxY             BoxZ            
L3  volume           pres_X           pres_Y           pres_Z          
L4  Pressure         EKCoM_x          EKCoM_y          EKCoM_z         
L5  EKComTot         VIRIAL_x         VIRIAL_y         VIRIAL_z        
L6  VIRIAL_tot       E_pot            E_vdw            E_el            
L7  E_hbon           E_bon            E_angle          E_dih           
L8  E_14vdw          E_14el           E_const          E_pol           
L9  AV_permMoment    AV_indMoment     AV_totMoment     Density          dV/dlambda      
L0     1000  0.2000000000E+01  -.7919163061E+04  0.1864434066E+04
L1 0.2984178048E+03  0.2984178048E+03  -.9783597127E+10  0.1000000000E+01
L2 0.1000000000E+01  0.3542927328E+02  0.3542927328E+02  0.3542927328E+02
L3 0.3423623603E+05  -.7358067131E+03  -.8399922577E+02  -.8145509589E+03
L4 -.5447856326E+03  0.3010147837E+03  0.2903852429E+03  0.3235998466E+03
L5 0.9149998732E+03  0.4823183461E+03  0.3110827421E+03  0.5243060756E+03
L6 0.1317707164E+04  -.9783597127E+04  0.1465722595E+04  -.1132191825E+05
L7 0.0000000000E+00  0.3234207992E+01  0.1076428240E+02  0.1035618316E+02
L8 0.2468860635E+01  0.4383317673E+02  0.1941821118E+01  0.0000000000E+00
L9 0.0000000000E+00  0.0000000000E+00  0.0000000000E+00  0.9149060770E+00  0.0000000000E+00
L0     2000  0.4000000000E+01  -.8037539116E+04  0.1885757556E+04
L1 0.3018308025E+03  0.3018308025E+03  -.9923296672E+10  0.1000000000E+01
L2 0.1000000000E+01  0.3508429104E+02  0.3508429104E+02  0.3508429104E+02
L3 0.3324514639E+05  -.7516848424E+03  -.1216425091E+03  -.5288343479E+02
L4 -.3087369288E+03  0.3126465872E+03  0.3120283047E+03  0.3140343607E+03
L5 0.9387092526E+03  0.4925008031E+03  0.3411334787E+03  0.3266876805E+03
L6 0.1160321962E+04  -.9923296672E+04  0.1503003544E+04  -.1149664480E+05
L7 0.0000000000E+00  0.4811001310E+01  0.4134000160E+01  0.1066743284E+02
L8 0.2055053372E+01  0.4653112986E+02  0.2145965992E+01  0.0000000000E+00
L9 0.0000000000E+00  0.0000000000E+00  0.0000000000E+00  0.9421808535E+00  0.0000000000E+00
L0     3000  0.6000000000E+01  -.8088987723E+04  0.1836880222E+04
L1 0.2940075885E+03  0.2940075885E+03  -.9925867945E+10  0.1000000000E+01
L2 0.1000000000E+01  0.3464905380E+02  0.3464905380E+02  0.3464905380E+02
L3 0.3202342103E+05  0.7725952829E+02  -.5776732411E+03  -.6931491755E+03
L4 -.3978542961E+03  0.3156663542E+03  0.3141322934E+03  0.2903282745E+03
L5 0.9201269221E+03  0.2978599447E+03  0.4472716813E+03  0.4500820079E+03
L6 0.1195213634E+04  -.9925867945E+04  0.1432588497E+04  -.1142785113E+05
L7 0.0000000000E+00  0.1635899671E+01  0.6534548706E+01  0.1021635792E+02
L8 0.2953116212E+01  0.4607304571E+02  0.1981719373E+01  0.0000000000E+00
L9 0.0000000000E+00  0.0000000000E+00  0.0000000000E+00  0.9781259902E+00  0.0000000000E+00
L0     4000  0.8000000000E+01  -.8062097449E+04  0.1857443010E+04
L1 0.2972988296E+03  0.2972988296E+03  -.9919540459E+10  0.1000000000E+01
L2 0.1000000000E+01  0.3456397489E+02  0.3456397489E+02  0.3456397489E+02
L3 0.3178598359E+05  0.5118619184E+03  0.7034570187E+03  -.1650231265E+03
L4 0.3500986035E+03  0.3285180827E+03  0.3002357474E+03  0.3069920742E+03
L5 0.9357459044E+03  0.2114212752E+03  0.1393084188E+03  0.3447438205E+03
L6 0.6954735146E+03  -.9919540459E+04  0.1509083673E+04  -.1150208669E+05
L7 0.0000000000E+00  0.3315791527E+01  0.6363213409E+01  0.1090439124E+02
L8 0.2955848567E+01  0.4758226617E+02  0.2341045963E+01  0.0000000000E+00
L9 0.0000000000E+00  0.0000000000E+00  0.0000000000E+00  0.9854324726E+00  0.0000000000E+00
L0     5000  0.1000000000E+02  -.8033454177E+04  0.1895212293E+04
L1 0.3033441100E+03  0.3033441100E+03  -.9928666471E+10  0.1000000000E+01
L2 0.1000000000E+01  0.3456427066E+02  0.3456427066E+02  0.3456427066E+02
L3 0.3178736397E+05  0.6753285263E+03  -.5042472591E+03  0.2820789145E+03
L4 0.1510533939E+03  0.3140605152E+03  0.3067445513E+03  0.3254878439E+03
L5 0.9462929104E+03  0.1595613314E+03  0.4221043902E+03  0.2609548642E+03
L6 0.8426205858E+03  -.9928666471E+04  0.1488178963E+04  -.1149236672E+05
L7 0.0000000000E+00  0.4910789727E+01  0.7379545908E+01  0.1201261864E+02
L8 0.3131454933E+01  0.4675756650E+02  0.1329306425E+01  0.0000000000E+00
L9 0.0000000000E+00  0.0000000000E+00  0.0000000000E+00  0.9853896798E+00  0.0000000000E+00
L0     6000  0.1200000000E+02  -.8170551707E+04  0.1846037376E+04
L1 0.2954732654E+03  0.2954732654E+03  -.1001658908E+11  0.1000000000E+01
L2 0.1000000000E+01  0.3452884810E+02  0.3452884810E+02  0.3452884810E+02
L3 0.3168940818E+05  0.9073326644E+03  -.2295552865E+03  0.1211791860E+03
L4 0.2663188546E+03  0.3061671657E+03  0.3187134346E+03  0.2959169460E+03
L5 0.9207975464E+03  0.9923059181E+02  0.3710684158E+03  0.2682794470E+03
L6 0.7385784546E+03  -.1001658908E+05  0.1522998323E+04  -.1161643417E+05
L7 0.0000000000E+00  0.4085043890E+01  0.5946370811E+01  0.1286732254E+02
L8 0.2026353347E+01  0.4603466790E+02  0.5887004232E+01  0.0000000000E+00
L9 0.0000000000E+00  0.0000000000E+00  0.0000000000E+00  0.9884356382E+00  0.0000000000E+00
L0     7000  0.1400000000E+02  -.8102641247E+04  0.1902051698E+04
L1 0.3044388122E+03  0.3044388122E+03  -.1000469294E+11  0.1000000000E+01
L2 0.1000000000E+01  0.3455609791E+02  0.3455609791E+02  0.3455609791E+02
L3 0.3176510959E+05  0.5264211418E+03  -.1813453066E+03  -.1976453121E+03
L4 0.4914350770E+02  0.3108520098E+03  0.3001266369E+03  0.3109697171E+03
L5 0.9219483638E+03  0.1905036264E+03  0.3415851057E+03  0.3561546307E+03
L6 0.8882433628E+03  -.1000469294E+05  0.1513200282E+04  -.1159563963E+05
L7 0.0000000000E+00  0.2222304984E+01  0.1154454526E+02  0.9358648199E+01
L8 0.3133395368E+01  0.4830399903E+02  0.3183507833E+01  0.0000000000E+00
L9 0.0000000000E+00  0.0000000000E+00  0.0000000000E+00  0.9860800357E+00  0.0000000000E+00
L0     8000  0.1600000000E+02  -.8099610045E+04  0.1852508036E+04
L1 0.2965089470E+03  0.2965089470E+03  -.9952118081E+10  0.1000000000E+01
L2 0.1000000000E+01  0.3452501308E+02  0.3452501308E+02  0.3452501308E+02
L3 0.3167970094E+05  0.2705259401E+03  0.1650067353E+03  -.5395785407E+03
L4 -.3468195511E+02  0.3104211863E+03  0.2972042025E+03  0.3143279187E+03
L5 0.9219533075E+03  0.2487408734E+03  0.2595824238E+03  0.4373526209E+03
L6 0.9456759181E+03  -.9952118081E+04  0.1480151507E+04  -.1151068092E+05
L7 0.0000000000E+00  0.2310887517E+01  0.9616637986E+01  0.1007376032E+02
L8 0.2824920082E+01  0.4816499379E+02  0.5420135836E+01  0.0000000000E+00
L9 0.0000000000E+00  0.0000000000E+00  0.0000000000E+00  0.9887385131E+00  0.0000000000E+00
L0     9000  0.1800000000E+02  -.8099887350E+04  0.1869283450E+04
L1 0.2991939882E+03  0.2991939882E+03  -.9969170801E+10  0.1000000000E+01
L2 0.1000000000E+01  0.3457114964E+02  0.3457114964E+02  0.3457114964E+02
L3 0.3180734483E+05  -.8555402756E+03  0.7617473621E+02  0.1771038300E+03
L4 -.2007539031E+03  0.3256375471E+03  0.3046286189E+03  0.3152901071E+03
L5 0.9455562731E+03  0.5214879443E+03  0.2871906878E+03  0.2747474740E+03
L6 0.1083426106E+04  -.9969170801E+04  0.1432324297E+04  -.1147030851E+05
L7 0.0000000000E+00  0.2736987714E+01  0.6544418833E+01  0.9967267833E+01
L8 0.2595372328E+01  0.4445062839E+02  0.2518740098E+01  0.0000000000E+00
L9 0.0000000000E+00  0.0000000000E+00  0.0000000000E+00  0.9847706737E+00  0.0000000000E+00
L0    10000  0.2000000000E+02  -.8143844904E+04  0.1833089993E+04
L1 0.2934009316E+03  0.2934009316E+03  -.9976934897E+10  0.1000000000E+01
L2 0.1000000000E+01  0.3456444957E+02  0.3456444957E+02  0.3456444957E+02
L3 0.3178689041E+05  0.4170923954E+03  0.3758101003E+03  0.6835761462E+03
L4 0.4921595473E+03  0.2837371008E+03  0.3210427262E+03  0.3119107747E+03
L5 0.9166906016E+03  0.1883176535E+03  0.2350675503E+03  0.1555270604E+03
L6 0.5789122642E+03  -.9976934897E+04  0.1548378788E+04  -.1159672542E+05
L7 0.0000000000E+00  0.1980588459E+01  0.8612333841E+01  0.1027446031E+02
L8 0.2513960709E+01  0.4466625769E+02  0.3364131461E+01  0.0000000000E+00
L9 0.0000000000E+00  0.0000000000E+00  0.0000000000E+00  0.9854043599E+00  0.0000000000E+00
