L0  Nsteps           time(ps)         Etot             EKinetic        
L1  Temp             T_solute         T_solv           Pres_scal_solu  
L2  Pres_scal_solv   BoxX             BoxY             BoxZ            
L3  volume           pres_X           pres_Y           pres_Z          
L4  Pressure         EKCoM_x          EKCoM_y          EKCoM_z         
L5  EKComTot         VIRIAL_x         VIRIAL_y         VIRIAL_z        
L6  VIRIAL_tot       E_pot            E_vdw            E_el            
L7  E_hbon           E_bon            E_angle          E_dih           
L8  E_14vdw          E_14el           E_const          E_pol           
L9  AV_permMoment    AV_indMoment     AV_totMoment     Density          dV/dlambda      
L0     1000  0.2000000000E+01  -.7917712611E+04  0.1722717363E+04
L1 0.2813730976E+03  0.2813730976E+03  -.9640429974E+10  0.1000000000E+01
L2 0.1000000000E+01  0.3524487472E+02  0.3524487472E+02  0.3524487472E+02
L3 0.3370405215E+05  -.7922328478E+03  -.1285410226E+03  -.3206103401E+03
L4 -.4137947368E+03  0.2800499308E+03  0.2775056760E+03  0.2945281148E+03
L5 0.8520837216E+03  0.4722225650E+03  0.3086859875E+03  0.3722988533E+03
L6 0.1153207406E+04  -.9640429974E+04  0.1480462340E+04  -.1119613171E+05
L7 0.0000000000E+00  0.3181842964E+01  0.6690641382E+01  0.1023554067E+02
L8 0.3630517486E+01  0.4669381916E+02  0.4807039088E+01  0.0000000000E+00
L9 0.0000000000E+00  0.0000000000E+00  0.0000000000E+00  0.9107121020E+00  0.0000000000E+00
L0     2000  0.4000000000E+01  -.8010929684E+04  0.1753421284E+04
L1 0.2863879989E+03  0.2863879989E+03  -.9764350968E+10  0.1000000000E+01
L2 0.1000000000E+01  0.3475859033E+02  0.3475859033E+02  0.3475859033E+02
L3 0.3232869771E+05  -.6657528530E+03  0.2603226052E+03  -.1419909872E+04
L4 -.6084467066E+03  0.2705756984E+03  0.2945001143E+03  0.2969159372E+03
L5 0.8619917499E+03  0.4254779843E+03  0.2339302400E+03  0.6272897147E+03
L6 0.1286697939E+04  -.9764350968E+04  0.1436676908E+04  -.1127480566E+05
L7 0.0000000000E+00  0.4338662477E+01  0.5811277870E+01  0.1494843098E+02
L8 0.3604793605E+01  0.4381575158E+02  0.1258869179E+01  0.0000000000E+00
L9 0.0000000000E+00  0.0000000000E+00  0.0000000000E+00  0.9494563764E+00  0.0000000000E+00
L0     3000  0.6000000000E+01  -.7948169380E+04  0.1809727059E+04
L1 0.2955844758E+03  0.2955844758E+03  -.9757896440E+10  0.1000000000E+01
L2 0.1000000000E+01  0.3443387058E+02  0.3443387058E+02  0.3443387058E+02
L3 0.3142995838E+05  0.1747382333E+03  -.6332702747E+03  -.1689694601E+03
L4 -.2091671672E+03  0.2972160613E+03  0.3104145270E+03  0.3036293607E+03
L5 0.9112599489E+03  0.2576895643E+03  0.4536628310E+03  0.3418509377E+03
L6 0.1053203333E+04  -.9757896440E+04  0.1442349858E+04  -.1128000587E+05
L7 0.0000000000E+00  0.4294889297E+01  0.8099855019E+01  0.1089498377E+02
L8 0.4627474143E+01  0.4928071464E+02  0.2561659612E+01  0.0000000000E+00
L9 0.0000000000E+00  0.0000000000E+00  0.0000000000E+00  0.9766060715E+00  0.0000000000E+00
L0     4000  0.8000000000E+01  -.7923966200E+04  0.1855492741E+04
L1 0.3030594289E+03  0.3030594289E+03  -.9779458940E+10  0.1000000000E+01
L2 0.1000000000E+01  0.3429278816E+02  0.3429278816E+02  0.3429278816E+02
L3 0.3104481036E+05  0.3036415137E+03  -.5196588220E+03  0.2651385579E+02
L4 -.6316781753E+02  0.3161987621E+03  0.3027152621E+03  0.3013017148E+03
L5 0.9202157390E+03  0.2483554973E+03  0.4188237304E+03  0.2953776680E+03
L6 0.9625568957E+03  -.9779458940E+04  0.1448287338E+04  -.1130103268E+05
L7 0.0000000000E+00  0.1273017285E+01  0.7982561527E+01  0.9938034107E+01
L8 0.3380561324E+01  0.4761665678E+02  0.3095573162E+01  0.0000000000E+00
L9 0.0000000000E+00  0.0000000000E+00  0.0000000000E+00  0.9887220384E+00  0.0000000000E+00
L0     5000  0.1000000000E+02  -.7958548538E+04  0.1838633146E+04
L1 0.3003057350E+03  0.3003057350E+03  -.9797181684E+10  0.1000000000E+01
L2 0.1000000000E+01  0.3427842821E+02  0.3427842821E+02  0.3427842821E+02
L3 0.3100553912E+05  0.4201127772E+03  -.1303983628E+03  -.1668874202E+03
L4 0.4094233142E+02  0.3026978607E+03  0.2974913974E+03  0.2955440658E+03
L5 0.8957333239E+03  0.2089499155E+03  0.3265897235E+03  0.3327849058E+03
L6 0.8683245448E+03  -.9797181684E+04  0.1460975952E+04  -.1134148815E+05
L7 0.0000000000E+00  0.3280826940E+01  0.6797435802E+01  0.1205325782E+02
L8 0.3829376166E+01  0.5247553530E+02  0.4894080171E+01  0.0000000000E+00
L9 0.0000000000E+00  0.0000000000E+00  0.0000000000E+00  0.9899743416E+00  0.0000000000E+00
L0     6000  0.1200000000E+02  -.7962593446E+04  0.1848066582E+04
L1 0.3018465071E+03  0.3018465071E+03  -.9810660027E+10  0.1000000000E+01
L2 0.1000000000E+01  0.3431898054E+02  0.3431898054E+02  0.3431898054E+02
L3 0.3111736524E+05  -.7167818247E+03  -.4515370716E+03  -.4972271452E+03
L4 -.5551820138E+03  0.3191642140E+03  0.2886242146E+03  0.3003474057E+03
L5 0.9081358344E+03  0.4796905829E+03  0.3897478816E+03  0.4117035609E+03
L6 0.1281142025E+04  -.9810660027E+04  0.1386238178E+04  -.1127061513E+05
L7 0.0000000000E+00  0.6088392974E+01  0.4652649960E+01  0.1029956247E+02
L8 0.2977253272E+01  0.4722180784E+02  0.2477256690E+01  0.0000000000E+00
L9 0.0000000000E+00  0.0000000000E+00  0.0000000000E+00  0.9864166821E+00  0.0000000000E+00
L0     7000  0.1400000000E+02  -.8010272435E+04  0.1808407789E+04
L1 0.2953689981E+03  0.2953689981E+03  -.9818680224E+10  0.1000000000E+01
L2 0.1000000000E+01  0.3432091230E+02  0.3432091230E+02  0.3432091230E+02
L3 0.3112040687E+05  0.2534401009E+03  0.4292082396E+03  0.4363998297E+02
L4 0.2420961078E+03  0.2713909001E+03  0.3066889320E+03  0.3043170382E+03
L5 0.8823968702E+03  0.2146263527E+03  0.2105565072E+03  0.2945427212E+03
L6 0.7197255811E+03  -.9818680224E+04  0.1522762397E+04  -.1141179548E+05
L7 0.0000000000E+00  0.5518300398E+01  0.4801922623E+01  0.9464351865E+01
L8 0.3366094048E+01  0.4542282544E+02  0.1779361407E+01  0.0000000000E+00
L9 0.0000000000E+00  0.0000000000E+00  0.0000000000E+00  0.9863202724E+00  0.0000000000E+00
L0     8000  0.1600000000E+02  -.7934900247E+04  0.1835799089E+04
L1 0.2998428456E+03  0.2998428456E+03  -.9770699336E+10  0.1000000000E+01
L2 0.1000000000E+01  0.3436300122E+02  0.3436300122E+02  0.3436300122E+02
L3 0.3123520892E+05  0.4832935402E+03  0.4360154752E+03  -.3755349794E+03
L4 0.1812580120E+03  0.3273078462E+03  0.2923725058E+03  0.2990642665E+03
L5 0.9187446185E+03  0.2186622855E+03  0.1943551689E+03  0.3834854412E+03
L6 0.7965028956E+03  -.9770699336E+04  0.1477931949E+04  -.1132929508E+05
L7 0.0000000000E+00  0.5960812118E+01  0.9973194426E+01  0.1185660672E+02
L8 0.1657848007E+01  0.4404366702E+02  0.7171667760E+01  0.0000000000E+00
L9 0.0000000000E+00  0.0000000000E+00  0.0000000000E+00  0.9826951457E+00  0.0000000000E+00
L0     9000  0.1800000000E+02  -.7941808955E+04  0.1785611207E+04
L1 0.2916456103E+03  0.2916456103E+03  -.9727420162E+10  0.1000000000E+01
L2 0.1000000000E+01  0.3445225645E+02  0.3445225645E+02  0.3445225645E+02
L3 0.3147874222E+05  0.7627900994E+03  0.2812665480E+03  0.2595240167E+02
L4 0.3566696830E+03  0.2883173768E+03  0.3085198882E+03  0.2896430502E+03
L5 0.8864803153E+03  0.1155033465E+03  0.2447975014E+03  0.2837633998E+03
L6 0.6440642478E+03  -.9727420162E+04  0.1505393970E+04  -.1131224262E+05
L7 0.0000000000E+00  0.2337090117E+01  0.7687497701E+01  0.1254883753E+02
L8 0.3379828058E+01  0.4984475297E+02  0.3630480943E+01  0.0000000000E+00
L9 0.0000000000E+00  0.0000000000E+00  0.0000000000E+00  0.9750925867E+00  0.0000000000E+00
L0    10000  0.2000000000E+02  -.7997015433E+04  0.1814115484E+04
L1 0.2963012414E+03  0.2963012414E+03  -.9811130917E+10  0.1000000000E+01
L2 0.1000000000E+01  0.3432756805E+02  0.3432756805E+02  0.3432756805E+02
L3 0.3113961796E+05  -.7740271743E+03  0.2718883823E+03  0.3785475378E+02
L4 -.1547613461E+03  0.2992369360E+03  0.2849983634E+03  0.2973635113E+03
L5 0.8815988107E+03  0.4727076109E+03  0.2240642480E+03  0.2888797139E+03
L6 0.9856515729E+03  -.9811130917E+04  0.1457128937E+04  -.1134817058E+05
L7 0.0000000000E+00  0.1972861566E+01  0.1134199540E+02  0.1204585998E+02
L8 0.2949410994E+01  0.4657843332E+02  0.5022165504E+01  0.0000000000E+00
L9 0.0000000000E+00  0.0000000000E+00  0.0000000000E+00  0.9857117779E+00  0.0000000000E+00
