L0  Nsteps           time(ps)         Etot             EKinetic        
L1  Temp             T_solute         T_solv           Pres_scal_solu  
L2  Pres_scal_solv   BoxX             BoxY             BoxZ            
L3  volume           pres_X           pres_Y           pres_Z          
L4  Pressure         EKCoM_x          EKCoM_y          EKCoM_z         
L5  EKComTot         VIRIAL_x         VIRIAL_y         VIRIAL_z        
L6  VIRIAL_tot       E_pot            E_vdw            E_el            
L7  E_hbon           E_bon            E_angle          E_dih           
L8  E_14vdw          E_14el           E_const          E_pol           
L9  AV_permMoment    AV_indMoment     AV_totMoment     Density          dV/dlambda      
L0     1000  0.2000000000E+01  -.7297722985E+04  0.1652755187E+04
L1 0.2902980655E+03  0.2902980655E+03  -.8950478172E+10  0.1000000000E+01
L2 0.1000000000E+01  0.3449396938E+02  0.3449396938E+02  0.3449396938E+02
L3 0.3159725979E+05  -.8926582040E+03  -.1007688177E+04  -.1330816817E+04
L4 -.1077054399E+04  0.2588437938E+03  0.2938858770E+03  0.2803410920E+03
L5 0.8330707629E+03  0.4618415333E+03  0.5230423683E+03  0.5829796655E+03
L6 0.1567863567E+04  -.8950478172E+04  0.1292373194E+04  -.1031664913E+05
L7 0.0000000000E+00  0.2061043210E+01  0.1027107369E+02  0.1011558818E+02
L8 0.3498918568E+01  0.4408340354E+02  0.3767739038E+01  0.0000000000E+00
L9 0.0000000000E+00  0.0000000000E+00  0.0000000000E+00  0.9032644209E+00  0.0000000000E+00
L0     2000  0.4000000000E+01  -.7397271543E+04  0.1692530715E+04
L1 0.2972844352E+03  0.2972844352E+03  -.9089802258E+10  0.1000000000E+01
L2 0.1000000000E+01  0.3392199351E+02  0.3392199351E+02  0.3392199351E+02
L3 0.3005040711E+05  -.1077001087E+04  -.6170495737E+03  -.4808674941E+03
L4 -.7249727181E+03  0.2662337432E+03  0.3000064255E+03  0.2806019991E+03
L5 0.8468421679E+03  0.4991624854E+03  0.4334590124E+03  0.3846017647E+03
L6 0.1317223263E+04  -.9089802258E+04  0.1324420502E+04  -.1048574013E+05
L7 0.0000000000E+00  0.3228929647E+01  0.6957332887E+01  0.1091213176E+02
L8 0.3069159472E+01  0.4532135303E+02  0.2028459086E+01  0.0000000000E+00
L9 0.0000000000E+00  0.0000000000E+00  0.0000000000E+00  0.9497601967E+00  0.0000000000E+00
L0     3000  0.6000000000E+01  -.7294490508E+04  0.1704344185E+04
L1 0.2993594113E+03  0.2993594113E+03  -.8998834692E+10  0.1000000000E+01
L2 0.1000000000E+01  0.3369026231E+02  0.3369026231E+02  0.3369026231E+02
L3 0.2943756991E+05  -.1120311258E+04  -.5408483295E+02  0.3531693792E+03
L4 -.2737422374E+03  0.2602007169E+03  0.2750457890E+03  0.2805445227E+03
L5 0.8157910286E+03  0.4975550892E+03  0.2865044542E+03  0.2057204096E+03
L6 0.9897799530E+03  -.8998834692E+04  0.1307757001E+04  -.1038079561E+05
L7 0.0000000000E+00  0.3248585029E+01  0.9302903945E+01  0.1116782473E+02
L8 0.3829554743E+01  0.4436640148E+02  0.2288648260E+01  0.0000000000E+00
L9 0.0000000000E+00  0.0000000000E+00  0.0000000000E+00  0.9695324938E+00  0.0000000000E+00
L0     4000  0.8000000000E+01  -.7383570336E+04  0.1620223250E+04
L1 0.2845839957E+03  0.2845839957E+03  -.9003793586E+10  0.1000000000E+01
L2 0.1000000000E+01  0.3355046309E+02  0.3355046309E+02  0.3355046309E+02
L3 0.2907209896E+05  0.1626467878E+03  -.8501107269E+02  -.2833944112E+03
L4 -.6858623202E+02  0.2483817633E+03  0.2939954809E+03  0.2615949894E+03
L5 0.8039722336E+03  0.2143504696E+03  0.3117827167E+03  0.3208908327E+03
L6 0.8470240191E+03  -.9003793586E+04  0.1319954277E+04  -.1040274722E+05
L7 0.0000000000E+00  0.2909153750E+01  0.9296872977E+01  0.1280048959E+02
L8 0.4056528460E+01  0.4705046785E+02  0.2885846038E+01  0.0000000000E+00
L9 0.0000000000E+00  0.0000000000E+00  0.0000000000E+00  0.9817206733E+00  0.0000000000E+00
L0     5000  0.1000000000E+02  -.7401458576E+04  0.1677025852E+04
L1 0.2945610847E+03  0.2945610847E+03  -.9078484428E+10  0.1000000000E+01
L2 0.1000000000E+01  0.3344605300E+02  0.3344605300E+02  0.3344605300E+02
L3 0.2879989275E+05  0.6109766626E+03  0.1099774049E+03  0.9769603765E+03
L4 0.5659714813E+03  0.2571112767E+03  0.2763877700E+03  0.2792138963E+03
L5 0.8127129429E+03  0.1304709354E+03  0.2535921757E+03  0.7671418863E+02
L6 0.4607772997E+03  -.9078484428E+04  0.1420593382E+04  -.1057527387E+05
L7 0.0000000000E+00  0.2693946100E+01  0.1154271844E+02  0.1169604979E+02
L8 0.2030217591E+01  0.4355102973E+02  0.4682102173E+01  0.0000000000E+00
L9 0.0000000000E+00  0.0000000000E+00  0.0000000000E+00  0.9909995435E+00  0.0000000000E+00
L0     6000  0.1200000000E+02  -.7325019589E+04  0.1697904309E+04
L1 0.2982282797E+03  0.2982282797E+03  -.9022923897E+10  0.1000000000E+01
L2 0.1000000000E+01  0.3352307834E+02  0.3352307834E+02  0.3352307834E+02
L3 0.2900003725E+05  -.1966761538E+03  0.2407295169E+03  0.8306002248E+03
L4 0.2915511960E+03  0.2941833198E+03  0.2768860144E+03  0.2942892018E+03
L5 0.8653585359E+03  0.3352327225E+03  0.2266419828E+03  0.1209298876E+03
L6 0.6828045929E+03  -.9022923897E+04  0.1356737043E+04  -.1045342198E+05
L7 0.0000000000E+00  0.2846441801E+01  0.6517362163E+01  0.1124093713E+02
L8 0.3319646963E+01  0.4403355004E+02  0.5803101577E+01  0.0000000000E+00
L9 0.0000000000E+00  0.0000000000E+00  0.0000000000E+00  0.9841601348E+00  0.0000000000E+00
L0     7000  0.1400000000E+02  -.7371479420E+04  0.1714417353E+04
L1 0.3011287122E+03  0.3011287122E+03  -.9085896773E+10  0.1000000000E+01
L2 0.1000000000E+01  0.3354360534E+02  0.3354360534E+02  0.3354360534E+02
L3 0.2905325773E+05  0.5148318642E+03  -.2736441630E+03  0.7312397272E+03
L4 0.3241424762E+03  0.2788432530E+03  0.2563814871E+03  0.2850145523E+03
L5 0.8202392924E+03  0.1711925587E+03  0.3136001369E+03  0.1321132463E+03
L6 0.6169059419E+03  -.9085896773E+04  0.1399752168E+04  -.1056275704E+05
L7 0.0000000000E+00  0.3169684561E+01  0.5094184848E+01  0.1334368813E+02
L8 0.4963956651E+01  0.4688899425E+02  0.3647592318E+01  0.0000000000E+00
L9 0.0000000000E+00  0.0000000000E+00  0.0000000000E+00  0.9823573256E+00  0.0000000000E+00
L0     8000  0.1600000000E+02  -.7397889572E+04  0.1694757246E+04
L1 0.2976755140E+03  0.2976755140E+03  -.9092646818E+10  0.1000000000E+01
L2 0.1000000000E+01  0.3351068271E+02  0.3351068271E+02  0.3351068271E+02
L3 0.2896926058E+05  -.1187988426E+04  0.2147096395E+03  0.2446595369E+03
L4 -.2428730832E+03  0.2709836146E+03  0.2794213245E+03  0.2849397143E+03
L5 0.8353446534E+03  0.5186723181E+03  0.2346556087E+03  0.2339296184E+03
L6 0.9872575452E+03  -.9092646818E+04  0.1329405602E+04  -.1049283512E+05
L7 0.0000000000E+00  0.3003455062E+01  0.6511606842E+01  0.1138795861E+02
L8 0.2895209866E+01  0.4446546919E+02  0.2519001392E+01  0.0000000000E+00
L9 0.0000000000E+00  0.0000000000E+00  0.0000000000E+00  0.9852056971E+00  0.0000000000E+00
L0     9000  0.1800000000E+02  -.7311699146E+04  0.1751876152E+04
L1 0.3077081603E+03  0.3077081603E+03  -.9063575298E+10  0.1000000000E+01
L2 0.1000000000E+01  0.3352296090E+02  0.3352296090E+02  0.3352296090E+02
L3 0.2900024923E+05  0.4840080669E+03  -.2104443818E+02  -.1876090464E+03
L4 0.9178486077E+02  0.2774940925E+03  0.2861223834E+03  0.3063046322E+03
L5 0.8699211081E+03  0.1764732676E+03  0.2905147203E+03  0.3454618734E+03
L6 0.8124498613E+03  -.9063575298E+04  0.1349028203E+04  -.1048309158E+05
L7 0.0000000000E+00  0.9666421055E+00  0.1018279423E+02  0.1218130869E+02
L8 0.2845381518E+01  0.4122696034E+02  0.3084995687E+01  0.0000000000E+00
L9 0.0000000000E+00  0.0000000000E+00  0.0000000000E+00  0.9841529408E+00  0.0000000000E+00
L0    10000  0.2000000000E+02  -.7315567911E+04  0.1700746334E+04
L1 0.2987274671E+03  0.2987274671E+03  -.9016314245E+10  0.1000000000E+01
L2 0.1000000000E+01  0.3348715280E+02  0.3348715280E+02  0.3348715280E+02
L3 0.2890699414E+05  0.8250024870E+03  0.1483580109E+03  -.2058202308E+03
L4 0.2558467557E+03  0.2659826851E+03  0.3059357741E+03  0.2732897256E+03
L5 0.8452081848E+03  0.9434416071E+02  0.2750704731E+03  0.3161098156E+03
L6 0.6855244494E+03  -.9016314245E+04  0.1345953974E+04  -.1043512888E+05
L7 0.0000000000E+00  0.4638105207E+01  0.8077452709E+01  0.1035659756E+02
L8 0.2752818287E+01  0.4292714732E+02  0.4108541047E+01  0.0000000000E+00
L9 0.0000000000E+00  0.0000000000E+00  0.0000000000E+00  0.9873278567E+00  0.0000000000E+00
