L0  Nsteps           time(ps)         Etot             EKinetic        
L1  Temp             T_solute         T_solv           Pres_scal_solu  
L2  Pres_scal_solv   BoxX             BoxY             BoxZ            
L3  volume           pres_X           pres_Y           pres_Z          
L4  Pressure         EKCoM_x          EKCoM_y          EKCoM_z         
L5  EKComTot         VIRIAL_x         VIRIAL_y         VIRIAL_z        
L6  VIRIAL_tot       E_pot            E_vdw            E_el            
L7  E_hbon           E_bon            E_angle          E_dih           
L8  E_14vdw          E_14el           E_const          E_pol           
L9  AV_permMoment    AV_indMoment     AV_totMoment     Density          dV/dlambda      
L0     1000  0.2000000000E+01  -.7932894926E+04  0.1888087115E+04
L1 0.3027814946E+03  0.3027814946E+03  -.9820982041E+10  0.1000000000E+01
L2 0.1000000000E+01  0.3551472598E+02  0.3551472598E+02  0.3551472598E+02
L3 0.3448461223E+05  -.9513963426E+03  -.4410626829E+03  -.2932419291E+03
L4 -.5619003182E+03  0.3204280793E+03  0.3191470948E+03  0.3303261390E+03
L5 0.9699013132E+03  0.5565538587E+03  0.4286138492E+03  0.4031054592E+03
L6 0.1388273167E+04  -.9820982041E+04  0.1479012573E+04  -.1137758348E+05
L7 0.0000000000E+00  0.2271231966E+01  0.7379555777E+01  0.1187149115E+02
L8 0.4381386484E+01  0.4944951966E+02  0.2235684374E+01  0.0000000000E+00
L9 0.0000000000E+00  0.0000000000E+00  0.0000000000E+00  0.9065813659E+00  0.0000000000E+00
L0     2000  0.4000000000E+01  -.8054063620E+04  0.1848088642E+04
L1 0.2963671732E+03  0.2963671732E+03  -.9902152261E+10  0.1000000000E+01
L2 0.1000000000E+01  0.3500091714E+02  0.3500091714E+02  0.3500091714E+02
L3 0.3300911110E+05  -.8343562677E+03  -.1156733353E+04  0.6450528401E+03
L4 -.4486789268E+03  0.3117173285E+03  0.3060741817E+03  0.3197234436E+03
L5 0.9375149538E+03  0.5099348046E+03  0.5808785725E+03  0.1664786597E+03
L6 0.1257292037E+04  -.9902152261E+04  0.1481127542E+04  -.1146008420E+05
L7 0.0000000000E+00  0.2761646179E+01  0.1305693875E+02  0.1054152584E+02
L8 0.2471848657E+01  0.4503978354E+02  0.2932652947E+01  0.0000000000E+00
L9 0.0000000000E+00  0.0000000000E+00  0.0000000000E+00  0.9471053844E+00  0.0000000000E+00
L0     3000  0.6000000000E+01  -.8067999794E+04  0.1821707110E+04
L1 0.2921365212E+03  0.2921365212E+03  -.9889706904E+10  0.1000000000E+01
L2 0.1000000000E+01  0.3474187148E+02  0.3474187148E+02  0.3474187148E+02
L3 0.3228089808E+05  -.6181654021E+03  0.3960161760E+03  -.3823821900E+03
L4 -.2015104720E+03  0.2921191755E+03  0.3239108288E+03  0.3089507635E+03
L5 0.9249807678E+03  0.4357365170E+03  0.2319050481E+03  0.3977889828E+03
L6 0.1065430548E+04  -.9889706904E+04  0.1458827283E+04  -.1142116993E+05
L7 0.0000000000E+00  0.1793927272E+01  0.7745466868E+01  0.1272073839E+02
L8 0.2827107057E+01  0.4585326785E+02  0.1695237097E+01  0.0000000000E+00
L9 0.0000000000E+00  0.0000000000E+00  0.0000000000E+00  0.9684707895E+00  0.0000000000E+00
L0     4000  0.8000000000E+01  -.7838062683E+04  0.1885788132E+04
L1 0.3024128202E+03  0.3024128202E+03  -.9723850815E+10  0.1000000000E+01
L2 0.1000000000E+01  0.3461861496E+02  0.3461861496E+02  0.3461861496E+02
L3 0.3193771428E+05  -.2699859178E+03  0.3611054507E+03  0.1728071775E+03
L4 0.8797557012E+02  0.2980824555E+03  0.3143332682E+03  0.3201860554E+03
L5 0.9326017791E+03  0.3601409911E+03  0.2313301410E+03  0.2804648712E+03
L6 0.8719360033E+03  -.9723850815E+04  0.1399617979E+04  -.1119826429E+05
L7 0.0000000000E+00  0.3734010764E+01  0.1181151241E+02  0.1116145118E+02
L8 0.1498869717E+01  0.4395948785E+02  0.2630161137E+01  0.0000000000E+00
L9 0.0000000000E+00  0.0000000000E+00  0.0000000000E+00  0.9788774043E+00  0.0000000000E+00
L0     5000  0.1000000000E+02  -.8104023107E+04  0.1866065654E+04
L1 0.2992500416E+03  0.2992500416E+03  -.9970088761E+10  0.1000000000E+01
L2 0.1000000000E+01  0.3448796108E+02  0.3448796108E+02  0.3448796108E+02
L3 0.3157674280E+05  0.2734639972E+03  0.1360249290E+03  0.6285431598E+03
L4 0.3460106953E+03  0.3147949380E+03  0.3224447135E+03  0.3089045415E+03
L5 0.9461441930E+03  0.2526473801E+03  0.2915316235E+03  0.1660615246E+03
L6 0.7102405282E+03  -.9970088761E+04  0.1526883005E+04  -.1157333150E+05
L7 0.0000000000E+00  0.4311705162E+01  0.7232573230E+01  0.1317549684E+02
L8 0.2069063202E+01  0.4659847657E+02  0.2972418858E+01  0.0000000000E+00
L9 0.0000000000E+00  0.0000000000E+00  0.0000000000E+00  0.9900675015E+00  0.0000000000E+00
L0     6000  0.1200000000E+02  -.8128161332E+04  0.1813538083E+04
L1 0.2908265021E+03  0.2908265021E+03  -.9941699415E+10  0.1000000000E+01
L2 0.1000000000E+01  0.3445193632E+02  0.3445193632E+02  0.3445193632E+02
L3 0.3147909629E+05  0.4680931679E+03  -.6155710692E+02  -.6523689124E+03
L4 -.8194428380E+02  0.2796181407E+03  0.3025366946E+03  0.3058403914E+03
L5 0.8879952267E+03  0.1735680271E+03  0.3164829314E+03  0.4536395948E+03
L6 0.9436905533E+03  -.9941699415E+04  0.1458628656E+04  -.1148025419E+05
L7 0.0000000000E+00  0.5127772699E+01  0.9198006072E+01  0.9893918893E+01
L8 0.3781821775E+01  0.4493475512E+02  0.6989845981E+01  0.0000000000E+00
L9 0.0000000000E+00  0.0000000000E+00  0.0000000000E+00  0.9931386394E+00  0.0000000000E+00
L0     7000  0.1400000000E+02  -.8065032830E+04  0.1868023703E+04
L1 0.2995640425E+03  0.2995640425E+03  -.9933056532E+10  0.1000000000E+01
L2 0.1000000000E+01  0.3442574276E+02  0.3442574276E+02  0.3442574276E+02
L3 0.3140776116E+05  0.1828081594E+03  -.4009842148E+03  -.4669978717E+03
L4 -.2283913090E+03  0.3136010041E+03  0.3138985781E+03  0.3278927321E+03
L5 0.9553923143E+03  0.2722782617E+03  0.4045387741E+03  0.4334549390E+03
L6 0.1110271975E+04  -.9933056532E+04  0.1424486493E+04  -.1143166038E+05
L7 0.0000000000E+00  0.2542429347E+01  0.9750932587E+01  0.1070635744E+02
L8 0.3133825011E+01  0.4440908445E+02  0.3574730729E+01  0.0000000000E+00
L9 0.0000000000E+00  0.0000000000E+00  0.0000000000E+00  0.9953943135E+00  0.0000000000E+00
L0     8000  0.1600000000E+02  -.8117738759E+04  0.1865258676E+04
L1 0.2991206313E+03  0.2991206313E+03  -.9982997435E+10  0.1000000000E+01
L2 0.1000000000E+01  0.3448671988E+02  0.3448671988E+02  0.3448671988E+02
L3 0.3157412339E+05  0.1743737556E+03  0.2914313667E+03  -.2690498633E+03
L4 0.6558508637E+02  0.3215370053E+03  0.2958786792E+03  0.3137817659E+03
L5 0.9311974505E+03  0.2819120301E+03  0.2296533426E+03  0.3749210935E+03
L6 0.8864864662E+03  -.9982997435E+04  0.1479953635E+04  -.1154459020E+05
L7 0.0000000000E+00  0.2061302477E+01  0.1102863849E+02  0.1156589710E+02
L8 0.3373398345E+01  0.4584878142E+02  0.7761114406E+01  0.0000000000E+00
L9 0.0000000000E+00  0.0000000000E+00  0.0000000000E+00  0.9901496382E+00  0.0000000000E+00
L0     9000  0.1800000000E+02  -.8065748261E+04  0.1865346775E+04
L1 0.2991347592E+03  0.2991347592E+03  -.9931095036E+10  0.1000000000E+01
L2 0.1000000000E+01  0.3461122440E+02  0.3461122440E+02  0.3461122440E+02
L3 0.3191785568E+05  -.1697821040E+03  0.4580407046E+03  -.6478395450E+03
L4 -.1198603148E+03  0.3138527942E+03  0.2920975638E+03  0.3059677207E+03
L5 0.9119180786E+03  0.3528543739E+03  0.1868785176E+03  0.4547865011E+03
L6 0.9945193925E+03  -.9931095036E+04  0.1459457896E+04  -.1147017090E+05
L7 0.0000000000E+00  0.3732328332E+01  0.8703307005E+01  0.1198801751E+02
L8 0.2679533295E+01  0.4933387620E+02  0.3180904423E+01  0.0000000000E+00
L9 0.0000000000E+00  0.0000000000E+00  0.0000000000E+00  0.9794864407E+00  0.0000000000E+00
L0    10000  0.2000000000E+02  -.8112116697E+04  0.1823139280E+04
L1 0.2923661899E+03  0.2923661899E+03  -.9935255976E+10  0.1000000000E+01
L2 0.1000000000E+01  0.3458866997E+02  0.3458866997E+02  0.3458866997E+02
L3 0.3185574106E+05  0.2999616403E+03  -.5066469017E+03  -.4090157958E+03
L4 -.2052336857E+03  0.2789360101E+03  0.3186246185E+03  0.2998824040E+03
L5 0.8974430326E+03  0.2101642701E+03  0.4347827678E+03  0.3936568211E+03
L6 0.1038603859E+04  -.9935255976E+04  0.1475139008E+04  -.1148893458E+05
L7 0.0000000000E+00  0.1893628216E+01  0.1040757186E+02  0.1289939638E+02
L8 0.3788829562E+01  0.4640726833E+02  0.3142897665E+01  0.0000000000E+00
L9 0.0000000000E+00  0.0000000000E+00  0.0000000000E+00  0.9813963139E+00  0.0000000000E+00
