L0  Nsteps           time(ps)         Etot             EKinetic        
L1  Temp             T_solute         T_solv           Pres_scal_solu  
L2  Pres_scal_solv   BoxX             BoxY             BoxZ            
L3  volume           pres_X           pres_Y           pres_Z          
L4  Pressure         EKCoM_x          EKCoM_y          EKCoM_z         
L5  EKComTot         VIRIAL_x         VIRIAL_y         VIRIAL_z        
L6  VIRIAL_tot       E_pot            E_vdw            E_el            
L7  E_hbon           E_bon            E_angle          E_dih           
L8  E_14vdw          E_14el           E_const          E_pol           
L9  AV_permMoment    AV_indMoment     AV_totMoment     Density          dV/dlambda      
L0     1000  0.2000000000E+01  -.8072622267E+04  0.1892228130E+04
L1 0.3002876641E+03  0.3002876641E+03  -.9964850397E+10  0.1000000000E+01
L2 0.1000000000E+01  0.3555899108E+02  0.3555899108E+02  0.3555899108E+02
L3 0.3461537260E+05  -.2987775252E+03  -.1901808519E+04  -.1094060587E+04
L4 -.1098215544E+04  0.3373170685E+03  0.2998461264E+03  0.3226693048E+03
L5 0.9598324998E+03  0.4117514385E+03  0.7736432058E+03  0.5952323445E+03
L6 0.1780626989E+04  -.9964850397E+04  0.1438495078E+04  -.1147520278E+05
L7 0.0000000000E+00  0.1359434263E+01  0.8593322853E+01  0.1369772054E+02
L8 0.3277739056E+01  0.4371830187E+02  0.1210790776E+01  0.0000000000E+00
L9 0.0000000000E+00  0.0000000000E+00  0.0000000000E+00  0.9126636224E+00  0.0000000000E+00
L0     2000  0.4000000000E+01  -.8194150957E+04  0.1838806019E+04
L1 0.2918098275E+03  0.2918098275E+03  -.1003295698E+11  0.1000000000E+01
L2 0.1000000000E+01  0.3499502593E+02  0.3499502593E+02  0.3499502593E+02
L3 0.3299268524E+05  -.2471915636E+02  -.1005070777E+04  -.5600739705E+03
L4 -.5299546345E+03  0.3294451690E+03  0.2851320429E+03  0.2734060982E+03
L5 0.8879833101E+03  0.3353147606E+03  0.5237872362E+03  0.4063962964E+03
L6 0.1265498293E+04  -.1003295698E+05  0.1483308621E+04  -.1159515415E+05
L7 0.0000000000E+00  0.4570328007E+01  0.9761267745E+01  0.1300698531E+02
L8 0.3200610746E+01  0.4516481149E+02  0.3184548046E+01  0.0000000000E+00
L9 0.0000000000E+00  0.0000000000E+00  0.0000000000E+00  0.9575513822E+00  0.0000000000E+00
L0     3000  0.6000000000E+01  -.8109316379E+04  0.1924185350E+04
L1 0.3053591239E+03  0.3053591239E+03  -.1003350173E+11  0.1000000000E+01
L2 0.1000000000E+01  0.3476655008E+02  0.3476655008E+02  0.3476655008E+02
L3 0.3234973276E+05  0.8834149833E+02  -.8937535854E+03  0.2067122607E+03
L4 -.1995666088E+03  0.3251206419E+03  0.3197195137E+03  0.3142169376E+03
L5 0.9590570933E+03  0.3045526431E+03  0.5278065738E+03  0.2660894142E+03
L6 0.1098448631E+04  -.1003350173E+05  0.1473284403E+04  -.1158116634E+05
L7 0.0000000000E+00  0.3939061172E+01  0.6917713721E+01  0.1146986459E+02
L8 0.3477679237E+01  0.4687752351E+02  0.1698367174E+01  0.0000000000E+00
L9 0.0000000000E+00  0.0000000000E+00  0.0000000000E+00  0.9765827614E+00  0.0000000000E+00
L0     4000  0.8000000000E+01  -.8197804408E+04  0.1854259505E+04
L1 0.2942622228E+03  0.2942622228E+03  -.1005206391E+11  0.1000000000E+01
L2 0.1000000000E+01  0.3466079799E+02  0.3466079799E+02  0.3466079799E+02
L3 0.3205588673E+05  -.2898325560E+03  -.1638756361E+03  -.6265019656E+03
L4 -.3600700526E+03  0.2750529771E+03  0.3335909556E+03  0.2905565592E+03
L5 0.8992004919E+03  0.3419199313E+03  0.3713985256E+03  0.4350961473E+03
L6 0.1148414604E+04  -.1005206391E+05  0.1446398283E+04  -.1157462373E+05
L7 0.0000000000E+00  0.3678229858E+01  0.1140738760E+02  0.1016873076E+02
L8 0.4110239637E+01  0.4325787179E+02  0.3539073827E+01  0.0000000000E+00
L9 0.0000000000E+00  0.0000000000E+00  0.0000000000E+00  0.9855347825E+00  0.0000000000E+00
L0     5000  0.1000000000E+02  -.8112407474E+04  0.1863072616E+04
L1 0.2956608218E+03  0.2956608218E+03  -.9975480090E+10  0.1000000000E+01
L2 0.1000000000E+01  0.3460515663E+02  0.3460515663E+02  0.3460515663E+02
L3 0.3190132921E+05  -.6313945291E+03  -.3745018917E+03  0.3750093451E+03
L4 -.2102956919E+03  0.3075521318E+03  0.3116709875E+03  0.3180026385E+03
L5 0.9372257578E+03  0.4525181377E+03  0.3976553300E+03  0.2319017864E+03
L6 0.1082075254E+04  -.9975480090E+04  0.1424608185E+04  -.1147719366E+05
L7 0.0000000000E+00  0.2775120427E+01  0.9069009696E+01  0.1154560370E+02
L8 0.3695728438E+01  0.4547401576E+02  0.4545910765E+01  0.0000000000E+00
L9 0.0000000000E+00  0.0000000000E+00  0.0000000000E+00  0.9903095617E+00  0.0000000000E+00
L0     6000  0.1200000000E+02  -.8122862216E+04  0.1882618192E+04
L1 0.2987626124E+03  0.2987626124E+03  -.1000548041E+11  0.1000000000E+01
L2 0.1000000000E+01  0.3464498803E+02  0.3464498803E+02  0.3464498803E+02
L3 0.3201217063E+05  0.4972179835E+02  -.5326338335E+03  -.7330398002E+03
L4 -.4053172785E+03  0.3147094159E+03  0.3177719592E+03  0.3132052862E+03
L5 0.9456866613E+03  0.3032537976E+03  0.4404877508E+03  0.4820934673E+03
L6 0.1225835016E+04  -.1000548041E+05  0.1419557143E+04  -.1150125443E+05
L7 0.0000000000E+00  0.4235131048E+01  0.7127583674E+01  0.1107238769E+02
L8 0.3993094407E+01  0.4688559571E+02  0.2903090360E+01  0.0000000000E+00
L9 0.0000000000E+00  0.0000000000E+00  0.0000000000E+00  0.9868806372E+00  0.0000000000E+00
L0     7000  0.1400000000E+02  -.8188324635E+04  0.1828508213E+04
L1 0.2901756143E+03  0.2901756143E+03  -.1001683285E+11  0.1000000000E+01
L2 0.1000000000E+01  0.3468250845E+02  0.3468250845E+02  0.3468250845E+02
L3 0.3211596249E+05  -.2584404905E+03  -.3872393379E+03  -.2267133544E+03
L4 -.2907977276E+03  0.3121080172E+03  0.3194058549E+03  0.2868535575E+03
L5 0.9183674296E+03  0.3718442841E+03  0.4089128528E+03  0.3392563734E+03
L6 0.1120013510E+04  -.1001683285E+05  0.1448587821E+04  -.1154423072E+05
L7 0.0000000000E+00  0.6984873339E+01  0.9489253449E+01  0.1109072227E+02
L8 0.4013297094E+01  0.4377457416E+02  0.3457327615E+01  0.0000000000E+00
L9 0.0000000000E+00  0.0000000000E+00  0.0000000000E+00  0.9836912520E+00  0.0000000000E+00
L0     8000  0.1600000000E+02  -.8171476943E+04  0.1892761898E+04
L1 0.3003723705E+03  0.3003723705E+03  -.1006423884E+11  0.1000000000E+01
L2 0.1000000000E+01  0.3465326206E+02  0.3465326206E+02  0.3465326206E+02
L3 0.3203479835E+05  -.3868301275E+03  0.2353082173E+03  -.7352908697E+03
L4 -.2956042600E+03  0.2905523753E+03  0.3227748418E+03  0.3071947138E+03
L5 0.9205219308E+03  0.3797388228E+03  0.2685228524E+03  0.4767212731E+03
L6 0.1124982948E+04  -.1006423884E+05  0.1441459617E+04  -.1158688632E+05
L7 0.0000000000E+00  0.2848766131E+01  0.1075504514E+02  0.1119859882E+02
L8 0.4229697971E+01  0.4782752556E+02  0.4328227092E+01  0.0000000000E+00
L9 0.0000000000E+00  0.0000000000E+00  0.0000000000E+00  0.9861835561E+00  0.0000000000E+00
L0     9000  0.1800000000E+02  -.8151632867E+04  0.1885226247E+04
L1 0.2991764984E+03  0.2991764984E+03  -.1003685911E+11  0.1000000000E+01
L2 0.1000000000E+01  0.3464492677E+02  0.3464492677E+02  0.3464492677E+02
L3 0.3201041704E+05  0.3337625539E+03  -.3573876200E+02  0.1499823462E+03
L4 0.1493353794E+03  0.3059354391E+03  0.3195315487E+03  0.3098154884E+03
L5 0.9352824762E+03  0.2290426663E+03  0.3277651042E+03  0.2752623058E+03
L6 0.8320700763E+03  -.1003685911E+05  0.1490713071E+04  -.1159922477E+05
L7 0.0000000000E+00  0.2644323512E+01  0.1125843796E+02  0.1159063482E+02
L8 0.2731723902E+01  0.4123450204E+02  0.2192961294E+01  0.0000000000E+00
L9 0.0000000000E+00  0.0000000000E+00  0.0000000000E+00  0.9869347003E+00  0.0000000000E+00
L0    10000  0.2000000000E+02  -.8150485965E+04  0.1887903811E+04
L1 0.2996014152E+03  0.2996014152E+03  -.1003838978E+11  0.1000000000E+01
L2 0.1000000000E+01  0.3460796228E+02  0.3460796228E+02  0.3460796228E+02
L3 0.3190878307E+05  -.6688264488E+02  0.9508192630E+02  -.3364780406E+03
L4 -.1027595864E+03  0.3175881858E+03  0.3167062124E+03  0.3153350423E+03
L5 0.9496294404E+03  0.3329477984E+03  0.2948706293E+03  0.3926072904E+03
L6 0.1020425718E+04  -.1003838978E+05  0.1445611172E+04  -.1155971788E+05
L7 0.0000000000E+00  0.1681011557E+01  0.7655428927E+01  0.1221435818E+02
L8 0.4210320420E+01  0.4578460083E+02  0.4171214326E+01  0.0000000000E+00
L9 0.0000000000E+00  0.0000000000E+00  0.0000000000E+00  0.9900782264E+00  0.0000000000E+00
