L0  Nsteps           time(ps)         Etot             EKinetic        
L1  Temp             T_solute         T_solv           Pres_scal_solu  
L2  Pres_scal_solv   BoxX             BoxY             BoxZ            
L3  volume           pres_X           pres_Y           pres_Z          
L4  Pressure         EKCoM_x          EKCoM_y          EKCoM_z         
L5  EKComTot         VIRIAL_x         VIRIAL_y         VIRIAL_z        
L6  VIRIAL_tot       E_pot            E_vdw            E_el            
L7  E_hbon           E_bon            E_angle          E_dih           
L8  E_14vdw          E_14el           E_const          E_pol           
L9  AV_permMoment    AV_indMoment     AV_totMoment     Density          dV/dlambda      
L0     1000  0.2000000000E+01  -.7651676258E+04  0.1777005022E+04
L1 0.2974814695E+03  0.2974814695E+03  -.9428681280E+10  0.1000000000E+01
L2 0.1000000000E+01  0.3503946464E+02  0.3503946464E+02  0.3503946464E+02
L3 0.3311916865E+05  -.1164741577E+04  -.4309056216E+03  -.6397070966E+03
L4 -.7451180984E+03  0.3016069348E+03  0.2843597601E+03  0.3026199907E+03
L5 0.8885866856E+03  0.5792364184E+03  0.3870710460E+03  0.4551014976E+03
L6 0.1421408962E+04  -.9428681280E+04  0.1405107532E+04  -.1090543617E+05
L7 0.0000000000E+00  0.1093548085E+01  0.9362700167E+01  0.1122712459E+02
L8 0.2699888124E+01  0.4346191528E+02  0.3802181135E+01  0.0000000000E+00
L9 0.0000000000E+00  0.0000000000E+00  0.0000000000E+00  0.9042125780E+00  0.0000000000E+00
L0     2000  0.4000000000E+01  -.7569384981E+04  0.1820623886E+04
L1 0.3047835331E+03  0.3047835331E+03  -.9390008867E+10  0.1000000000E+01
L2 0.1000000000E+01  0.3458136027E+02  0.3458136027E+02  0.3458136027E+02
L3 0.3183582758E+05  -.6456577952E+03  -.4351694050E+03  0.1707028942E+03
L4 -.3033747687E+03  0.2838314391E+03  0.2938427549E+03  0.3064028448E+03
L5 0.8840770388E+03  0.4317678653E+03  0.3935510013E+03  0.2672905220E+03
L6 0.1092609389E+04  -.9390008867E+04  0.1407663365E+04  -.1086874775E+05
L7 0.0000000000E+00  0.2539090082E+01  0.6109337751E+01  0.1003556459E+02
L8 0.2799789485E+01  0.4518423975E+02  0.4407498318E+01  0.0000000000E+00
L9 0.0000000000E+00  0.0000000000E+00  0.0000000000E+00  0.9406624909E+00  0.0000000000E+00
L0     3000  0.6000000000E+01  -.7675281501E+04  0.1771262590E+04
L1 0.2965201514E+03  0.2965201514E+03  -.9446544091E+10  0.1000000000E+01
L2 0.1000000000E+01  0.3425184917E+02  0.3425184917E+02  0.3425184917E+02
L3 0.3093345525E+05  -.2722762672E+03  0.4731840969E+03  -.6076228751E+02
L4 0.4671518073E+02  0.2923912917E+03  0.3000560148E+03  0.2984602271E+03
L5 0.8909075336E+03  0.3530083423E+03  0.1947107175E+03  0.3119877765E+03
L6 0.8597068362E+03  -.9446544091E+04  0.1410758108E+04  -.1092956711E+05
L7 0.0000000000E+00  0.3623241823E+01  0.7095296669E+01  0.9484048630E+01
L8 0.3010412617E+01  0.4642212651E+02  0.2629786316E+01  0.0000000000E+00
L9 0.0000000000E+00  0.0000000000E+00  0.0000000000E+00  0.9681029367E+00  0.0000000000E+00
L0     4000  0.8000000000E+01  -.7730760030E+04  0.1817700922E+04
L1 0.3042942111E+03  0.3042942111E+03  -.9548460951E+10  0.1000000000E+01
L2 0.1000000000E+01  0.3409380767E+02  0.3409380767E+02  0.3409380767E+02
L3 0.3050781741E+05  -.9376200322E+03  0.2056491436E+03  0.2329936192E+03
L4 -.1663257565E+03  0.3003162095E+03  0.2928589348E+03  0.3021661276E+03
L5 0.8953412719E+03  0.5061869355E+03  0.2477051017E+03  0.2510083410E+03
L6 0.1004900378E+04  -.9548460951E+04  0.1396490226E+04  -.1102113402E+05
L7 0.0000000000E+00  0.1580855012E+01  0.1026342492E+02  0.1084767672E+02
L8 0.3599412279E+01  0.4831089585E+02  0.1580582339E+01  0.0000000000E+00
L9 0.0000000000E+00  0.0000000000E+00  0.0000000000E+00  0.9816096795E+00  0.0000000000E+00
L0     5000  0.1000000000E+02  -.7739386574E+04  0.1744311763E+04
L1 0.2920084187E+03  0.2920084187E+03  -.9483698337E+10  0.1000000000E+01
L2 0.1000000000E+01  0.3406404815E+02  0.3406404815E+02  0.3406404815E+02
L3 0.3042646765E+05  0.2461423938E+03  0.3180027646E+03  0.6294074646E+03
L4 0.3978508743E+03  0.3037059205E+03  0.2919550138E+03  0.2806822171E+03
L5 0.8763431514E+03  0.2498052043E+03  0.2223181808E+03  0.1428534075E+03
L6 0.6149767926E+03  -.9483698337E+04  0.1449234429E+04  -.1100900462E+05
L7 0.0000000000E+00  0.3864022430E+01  0.5524049317E+01  0.1100642937E+02
L8 0.4607982628E+01  0.4742288085E+02  0.3646489857E+01  0.0000000000E+00
L9 0.0000000000E+00  0.0000000000E+00  0.0000000000E+00  0.9842341614E+00  0.0000000000E+00
L0     6000  0.1200000000E+02  -.7709864299E+04  0.1822421480E+04
L1 0.3050844613E+03  0.3050844613E+03  -.9532285779E+10  0.1000000000E+01
L2 0.1000000000E+01  0.3407801770E+02  0.3407801770E+02  0.3407801770E+02
L3 0.3046545939E+05  -.4795214426E+03  0.3425277628E+02  -.6465144369E+02
L4 -.1699733700E+03  0.3083080703E+03  0.2856907183E+03  0.3161101469E+03
L5 0.9101089355E+03  0.4134491285E+03  0.2781803698E+03  0.3302857824E+03
L6 0.1021915281E+04  -.9532285779E+04  0.1391267672E+04  -.1100298302E+05
L7 0.0000000000E+00  0.2572849903E+01  0.1397045786E+02  0.1070839598E+02
L8 0.2180148338E+01  0.4661229510E+02  0.3385424783E+01  0.0000000000E+00
L9 0.0000000000E+00  0.0000000000E+00  0.0000000000E+00  0.9829744724E+00  0.0000000000E+00
L0     7000  0.1400000000E+02  -.7818036761E+04  0.1776477565E+04
L1 0.2973931699E+03  0.2973931699E+03  -.9594514325E+10  0.1000000000E+01
L2 0.1000000000E+01  0.3397479978E+02  0.3397479978E+02  0.3397479978E+02
L3 0.3019024785E+05  0.5522026652E+03  -.1184871856E+04  -.7446646166E+03
L4 -.4591112692E+03  0.3050346408E+03  0.2895662966E+03  0.3120550893E+03
L5 0.9066560267E+03  0.1850510772E+03  0.5470173317E+03  0.4738571233E+03
L6 0.1205925532E+04  -.9594514325E+04  0.1371698087E+04  -.1103907897E+05
L7 0.0000000000E+00  0.1569830539E+01  0.9576001270E+01  0.8826473961E+01
L8 0.3423360539E+01  0.4498774985E+02  0.4483141478E+01  0.0000000000E+00
L9 0.0000000000E+00  0.0000000000E+00  0.0000000000E+00  0.9919351779E+00  0.0000000000E+00
L0     8000  0.1600000000E+02  -.7752597316E+04  0.1828394461E+04
L1 0.3060843747E+03  0.3060843747E+03  -.9580991777E+10  0.1000000000E+01
L2 0.1000000000E+01  0.3399755281E+02  0.3399755281E+02  0.3399755281E+02
L3 0.3025051309E+05  0.3608752951E+02  -.7513931647E+03  -.1829829133E+03
L4 -.2994295162E+03  0.2916434545E+03  0.3050693278E+03  0.2999268867E+03
L5 0.8966396690E+03  0.2837866404E+03  0.4686592574E+03  0.3397651010E+03
L6 0.1092210999E+04  -.9580991777E+04  0.1382875069E+04  -.1103841337E+05
L7 0.0000000000E+00  0.3390038797E+01  0.7616227954E+01  0.9562997373E+01
L8 0.3632083169E+01  0.4770835447E+02  0.2636819325E+01  0.0000000000E+00
L9 0.0000000000E+00  0.0000000000E+00  0.0000000000E+00  0.9899590392E+00  0.0000000000E+00
L0     9000  0.1800000000E+02  -.7785831850E+04  0.1757013235E+04
L1 0.2941347226E+03  0.2941347226E+03  -.9542845085E+10  0.1000000000E+01
L2 0.1000000000E+01  0.3395996889E+02  0.3395996889E+02  0.3395996889E+02
L3 0.3014982392E+05  -.1140329533E+03  0.1200796022E+03  -.3742604444E+03
L4 -.1227379318E+03  0.2989325050E+03  0.2827531234E+03  0.2856696568E+03
L5 0.8673552852E+03  0.3236766090E+03  0.2566969521E+03  0.3668807373E+03
L6 0.9472542984E+03  -.9542845085E+04  0.1407398876E+04  -.1101984642E+05
L7 0.0000000000E+00  0.3773788314E+01  0.7064540448E+01  0.9604837315E+01
L8 0.2780358137E+01  0.4487267923E+02  0.1506252383E+01  0.0000000000E+00
L9 0.0000000000E+00  0.0000000000E+00  0.0000000000E+00  0.9932651332E+00  0.0000000000E+00
L0    10000  0.2000000000E+02  -.7727494265E+04  0.1804715587E+04
L1 0.3021203869E+03  0.3021203869E+03  -.9532209852E+10  0.1000000000E+01
L2 0.1000000000E+01  0.3402041610E+02  0.3402041610E+02  0.3402041610E+02
L3 0.3031074336E+05  -.6019935451E+03  0.2214446429E+03  0.4153973016E+03
L4 0.1161613310E+02  0.2869236620E+03  0.3188032677E+03  0.2876693108E+03
L5 0.8933962404E+03  0.4182479340E+03  0.2704953468E+03  0.1970508171E+03
L6 0.8857940980E+03  -.9532209852E+04  0.1415604052E+04  -.1102261585E+05
L7 0.0000000000E+00  0.2817145641E+01  0.4814160772E+01  0.1270072969E+02
L8 0.3302839713E+01  0.4769058899E+02  0.3476483931E+01  0.0000000000E+00
L9 0.0000000000E+00  0.0000000000E+00  0.0000000000E+00  0.9879918982E+00  0.0000000000E+00
