L0  Nsteps           time(ps)         Etot             EKinetic        
L1  Temp             T_solute         T_solv           Pres_scal_solu  
L2  Pres_scal_solv   BoxX             BoxY             BoxZ            
L3  volume           pres_X           pres_Y           pres_Z          
L4  Pressure         EKCoM_x          EKCoM_y          EKCoM_z         
L5  EKComTot         VIRIAL_x         VIRIAL_y         VIRIAL_z        
L6  VIRIAL_tot       E_pot            E_vdw            E_el            
L7  E_hbon           E_bon            E_angle          E_dih           
L8  E_14vdw          E_14el           E_const          E_pol           
L9  AV_permMoment    AV_indMoment     AV_totMoment     Density          dV/dlambda      
L0     1000  0.2000000000E+01  -.7919833613E+04  0.1795007089E+04
L1 0.2897941439E+03  0.2897941439E+03  -.9714840702E+10  0.1000000000E+01
L2 0.1000000000E+01  0.3535890916E+02  0.3535890916E+02  0.3535890916E+02
L3 0.3403422419E+05  -.8280774353E+03  -.9208133451E+03  -.1434244387E+04
L4 -.1061045056E+04  0.2973333511E+03  0.2951382173E+03  0.3197037599E+03
L5 0.9121753283E+03  0.5001685797E+03  0.5206888450E+03  0.6710178709E+03
L6 0.1691875296E+04  -.9714840702E+04  0.1391226364E+04  -.1117665745E+05
L7 0.0000000000E+00  0.3918499111E+01  0.6725308703E+01  0.9951237396E+01
L8 0.2378859974E+01  0.4461055392E+02  0.3005928989E+01  0.0000000000E+00
L9 0.0000000000E+00  0.0000000000E+00  0.0000000000E+00  0.9124253657E+00  0.0000000000E+00
L0     2000  0.4000000000E+01  -.8007288661E+04  0.1837330391E+04
L1 0.2966270110E+03  0.2966270110E+03  -.9844619052E+10  0.1000000000E+01
L2 0.1000000000E+01  0.3475771402E+02  0.3475771402E+02  0.3475771402E+02
L3 0.3232568863E+05  -.4739714245E+03  -.3289781261E+03  -.4356319983E+03
L4 -.4128605163E+03  0.3014207227E+03  0.3013305679E+03  0.3059610123E+03
L5 0.9087123029E+03  0.4116905069E+03  0.3778675595E+03  0.4073111021E+03
L6 0.1196869169E+04  -.9844619052E+04  0.1455392752E+04  -.1137650369E+05
L7 0.0000000000E+00  0.2234488930E+01  0.8468357227E+01  0.9153382302E+01
L8 0.3611380701E+01  0.5052533718E+02  0.2498936211E+01  0.0000000000E+00
L9 0.0000000000E+00  0.0000000000E+00  0.0000000000E+00  0.9606505155E+00  0.0000000000E+00
L0     3000  0.6000000000E+01  -.7955283802E+04  0.1848170519E+04
L1 0.2983770909E+03  0.2983770909E+03  -.9803454321E+10  0.1000000000E+01
L2 0.1000000000E+01  0.3456428421E+02  0.3456428421E+02  0.3456428421E+02
L3 0.3178637525E+05  0.4912390760E+03  -.8853205024E+01  0.1056459180E+04
L4 0.5129483503E+03  0.2926139852E+03  0.3292199858E+03  0.3174093271E+03
L5 0.9392432981E+03  0.1802336064E+03  0.3312453266E+03  0.7572398752E+02
L6 0.5872029205E+03  -.9803454321E+04  0.1528163404E+04  -.1141041079E+05
L7 0.0000000000E+00  0.3348623516E+01  0.1206394986E+02  0.8985482095E+01
L8 0.3377401977E+01  0.4619637699E+02  0.4821231642E+01  0.0000000000E+00
L9 0.0000000000E+00  0.0000000000E+00  0.0000000000E+00  0.9769496902E+00  0.0000000000E+00
L0     4000  0.8000000000E+01  -.8060076523E+04  0.1850819294E+04
L1 0.2988047211E+03  0.2988047211E+03  -.9910895816E+10  0.1000000000E+01
L2 0.1000000000E+01  0.3454291226E+02  0.3454291226E+02  0.3454291226E+02
L3 0.3172813056E+05  -.5193702269E+02  0.6450377659E+03  0.2230245491E+03
L4 0.2720417641E+03  0.3094608063E+03  0.3208823930E+03  0.2956825148E+03
L5 0.9260257141E+03  0.3213206267E+03  0.1735880029E+03  0.2447548534E+03
L6 0.7396634829E+03  -.9910895816E+04  0.1529459729E+04  -.1151823374E+05
L7 0.0000000000E+00  0.2031924151E+01  0.1236716565E+02  0.1128996651E+02
L8 0.2719797499E+01  0.4358249394E+02  0.5886851545E+01  0.0000000000E+00
L9 0.0000000000E+00  0.0000000000E+00  0.0000000000E+00  0.9787431183E+00  0.0000000000E+00
L0     5000  0.1000000000E+02  -.8049943661E+04  0.1857158951E+04
L1 0.2998282244E+03  0.2998282244E+03  -.9907102612E+10  0.1000000000E+01
L2 0.1000000000E+01  0.3453439507E+02  0.3453439507E+02  0.3453439507E+02
L3 0.3170547753E+05  0.1680472320E+03  -.4248276581E+03  0.2129967181E+03
L4 -.1459456934E+02  0.3162358309E+03  0.3064396245E+03  0.3013505508E+03
L5 0.9240260061E+03  0.2778896389E+03  0.4033797688E+03  0.2527474709E+03
L6 0.9340168787E+03  -.9907102612E+04  0.1483410070E+04  -.1146564024E+05
L7 0.0000000000E+00  0.4855481757E+01  0.8281363579E+01  0.1202571753E+02
L8 0.2597438395E+01  0.4392391747E+02  0.3443640256E+01  0.0000000000E+00
L9 0.0000000000E+00  0.0000000000E+00  0.0000000000E+00  0.9794424139E+00  0.0000000000E+00
L0     6000  0.1200000000E+02  -.8111366289E+04  0.1839555743E+04
L1 0.2969862821E+03  0.2969862821E+03  -.9950922032E+10  0.1000000000E+01
L2 0.1000000000E+01  0.3437999860E+02  0.3437999860E+02  0.3437999860E+02
L3 0.3128241109E+05  -.2242065366E+02  0.1592737945E+03  -.4838282988E+03
L4 -.1156583860E+03  0.2868223725E+03  0.3049596824E+03  0.3026409019E+03
L5 0.8944229568E+03  0.2918702065E+03  0.2691004387E+03  0.4115710428E+03
L6 0.9725416881E+03  -.9950922032E+04  0.1467960277E+04  -.1149438335E+05
L7 0.0000000000E+00  0.3697798331E+01  0.8961174145E+01  0.1097423474E+02
L8 0.3887190258E+01  0.4407329622E+02  0.3907343198E+01  0.0000000000E+00
L9 0.0000000000E+00  0.0000000000E+00  0.0000000000E+00  0.9926884905E+00  0.0000000000E+00
L0     7000  0.1400000000E+02  -.8127333239E+04  0.1818530034E+04
L1 0.2935917955E+03  0.2935917955E+03  -.9945863272E+10  0.1000000000E+01
L2 0.1000000000E+01  0.3436374983E+02  0.3436374983E+02  0.3436374983E+02
L3 0.3123782400E+05  0.6912870381E+03  -.7108660497E+03  -.5425797105E+02
L4 -.2461232753E+02  0.3116833864E+03  0.3035608142E+03  0.3062022801E+03
L5 0.9214464806E+03  0.1562673720E+03  0.4633786064E+03  0.3184006248E+03
L6 0.9380466032E+03  -.9945863272E+04  0.1459900615E+04  -.1147743693E+05
L7 0.0000000000E+00  0.2808026469E+01  0.5029950519E+01  0.1321624558E+02
L8 0.4106050740E+01  0.4533178707E+02  0.1180985868E+01  0.0000000000E+00
L9 0.0000000000E+00  0.0000000000E+00  0.0000000000E+00  0.9941053976E+00  0.0000000000E+00
L0     8000  0.1600000000E+02  -.8086572811E+04  0.1828902031E+04
L1 0.2952662981E+03  0.2952662981E+03  -.9915474842E+10  0.1000000000E+01
L2 0.1000000000E+01  0.3436530322E+02  0.3436530322E+02  0.3436530322E+02
L3 0.3124144319E+05  0.4662054792E+03  -.4368770164E+02  0.1681597022E+03
L4 0.1968924932E+03  0.2905893564E+03  0.2933250003E+03  0.2920798678E+03
L5 0.8759942245E+03  0.1857643153E+03  0.3031480619E+03  0.2542696136E+03
L6 0.7431819908E+03  -.9915474842E+04  0.1488206935E+04  -.1147733074E+05
L7 0.0000000000E+00  0.2991877220E+01  0.1066726881E+02  0.1057464954E+02
L8 0.2927617487E+01  0.4197437910E+02  0.4513170941E+01  0.0000000000E+00
L9 0.0000000000E+00  0.0000000000E+00  0.0000000000E+00  0.9939902347E+00  0.0000000000E+00
L0     9000  0.1800000000E+02  -.8063886651E+04  0.1792370735E+04
L1 0.2893685188E+03  0.2893685188E+03  -.9856257386E+10  0.1000000000E+01
L2 0.1000000000E+01  0.3440411809E+02  0.3440411809E+02  0.3440411809E+02
L3 0.3134724459E+05  -.2248324210E+03  0.5032786964E+03  0.5030077427E+03
L4 0.2604846727E+03  0.2852065963E+03  0.2904873994E+03  0.3082131936E+03
L5 0.8839071893E+03  0.3359307593E+03  0.1769433183E+03  0.1947302420E+03
L6 0.7076043197E+03  -.9856257386E+04  0.1482922029E+04  -.1140910302E+05
L7 0.0000000000E+00  0.1339947864E+01  0.7663310523E+01  0.1083137620E+02
L8 0.2870719388E+01  0.4519438725E+02  0.2023863638E+01  0.0000000000E+00
L9 0.0000000000E+00  0.0000000000E+00  0.0000000000E+00  0.9906353765E+00  0.0000000000E+00
L0    10000  0.2000000000E+02  -.8040294412E+04  0.1807211635E+04
L1 0.2917645015E+03  0.2917645015E+03  -.9847506047E+10  0.1000000000E+01
L2 0.1000000000E+01  0.3429450737E+02  0.3429450737E+02  0.3429450737E+02
L3 0.3104911410E+05  -.4366291272E+03  0.6544716327E+02  0.5777364001E+03
L4 0.6885147874E+02  0.2960516826E+03  0.2990283221E+03  0.3084452744E+03
L5 0.9035252791E+03  0.3936221751E+03  0.2844032970E+03  0.1793425151E+03
L6 0.8573679872E+03  -.9847506047E+04  0.1430025857E+04  -.1135437607E+05
L7 0.0000000000E+00  0.3378921746E+01  0.8079814865E+01  0.1148772579E+02
L8 0.4109196465E+01  0.4608184506E+02  0.3706662475E+01  0.0000000000E+00
L9 0.0000000000E+00  0.0000000000E+00  0.0000000000E+00  0.1000147358E+01  0.0000000000E+00
