L0  Nsteps           time(ps)         Etot             EKinetic        
L1  Temp             T_solute         T_solv           Pres_scal_solu  
L2  Pres_scal_solv   BoxX             BoxY             BoxZ            
L3  volume           pres_X           pres_Y           pres_Z          
L4  Pressure         EKCoM_x          EKCoM_y          EKCoM_z         
L5  EKComTot         VIRIAL_x         VIRIAL_y         VIRIAL_z        
L6  VIRIAL_tot       E_pot            E_vdw            E_el            
L7  E_hbon           E_bon            E_angle          E_dih           
L8  E_14vdw          E_14el           E_const          E_pol           
L9  AV_permMoment    AV_indMoment     AV_totMoment     Density          dV/dlambda      
L0     1000  0.2000000000E+01  -.7206330876E+04  0.1714986709E+04
L1 0.3047387971E+03  0.3047387971E+03  -.8921317585E+10  0.1000000000E+01
L2 0.1000000000E+01  0.3421864814E+02  0.3421864814E+02  0.3421864814E+02
L3 0.3084598127E+05  -.8674236657E+03  -.8045761664E+03  -.7961220805E+03
L4 -.8227073042E+03  0.2923588836E+03  0.2773000016E+03  0.2826817286E+03
L5 0.8523406138E+03  0.4849279112E+03  0.4559168138E+03  0.4594217242E+03
L6 0.1400266449E+04  -.8921317585E+04  0.1323649395E+04  -.1032042677E+05
L7 0.0000000000E+00  0.3591291781E+01  0.1017661877E+02  0.1052205630E+02
L8 0.2748642443E+01  0.4503661908E+02  0.3384560142E+01  0.0000000000E+00
L9 0.0000000000E+00  0.0000000000E+00  0.0000000000E+00  0.9145955131E+00  0.0000000000E+00
L0     2000  0.4000000000E+01  -.7273195718E+04  0.1672114128E+04
L1 0.2971206979E+03  0.2971206979E+03  -.8945309846E+10  0.1000000000E+01
L2 0.1000000000E+01  0.3372732747E+02  0.3372732747E+02  0.3372732747E+02
L3 0.2953448608E+05  -.1397758372E+03  0.4154233179E+03  -.6981555019E+03
L4 -.1408360071E+03  0.2849163763E+03  0.2690783437E+03  0.2629728877E+03
L5 0.8169676077E+03  0.3146274331E+03  0.1807750570E+03  0.4113743441E+03
L6 0.9067768343E+03  -.8945309846E+04  0.1365029765E+04  -.1038757926E+05
L7 0.0000000000E+00  0.2696610220E+01  0.1042135928E+02  0.1179827593E+02
L8 0.4526252357E+01  0.4611079255E+02  0.1686357556E+01  0.0000000000E+00
L9 0.0000000000E+00  0.0000000000E+00  0.0000000000E+00  0.9552086329E+00  0.0000000000E+00
L0     3000  0.6000000000E+01  -.7252659038E+04  0.1690540598E+04
L1 0.3003949275E+03  0.3003949275E+03  -.8943199635E+10  0.1000000000E+01
L2 0.1000000000E+01  0.3351680781E+02  0.3351680781E+02  0.3351680781E+02
L3 0.2898475193E+05  -.3696733553E+03  -.9058918001E+01  0.1103216570E+03
L4 -.8947020543E+02  0.2899538602E+03  0.2765902399E+03  0.2821177368E+03
L5 0.8486618369E+03  0.3670698286E+03  0.2784799818E+03  0.2591040105E+03
L6 0.9046538210E+03  -.8943199635E+04  0.1345160228E+04  -.1036454567E+05
L7 0.0000000000E+00  0.1578194436E+01  0.9838214671E+01  0.1263878514E+02
L8 0.4062425523E+01  0.4533659544E+02  0.2731592331E+01  0.0000000000E+00
L9 0.0000000000E+00  0.0000000000E+00  0.0000000000E+00  0.9733254279E+00  0.0000000000E+00
L0     4000  0.8000000000E+01  -.7344664826E+04  0.1706232942E+04
L1 0.3031833259E+03  0.3031833259E+03  -.9050897768E+10  0.1000000000E+01
L2 0.1000000000E+01  0.3333212768E+02  0.3333212768E+02  0.3333212768E+02
L3 0.2850877301E+05  0.1712312382E+03  -.8493996552E+03  -.1923827849E+03
L4 -.2901837340E+03  0.2677838043E+03  0.2778463377E+03  0.2776101259E+03
L5 0.8232402679E+03  0.2326505723E+03  0.4521261913E+03  0.3170832330E+03
L6 0.1001859997E+04  -.9050897768E+04  0.1321131930E+04  -.1044318955E+05
L7 0.0000000000E+00  0.2209976381E+01  0.7651812856E+01  0.1015429039E+02
L8 0.3480654782E+01  0.4430714364E+02  0.3355969046E+01  0.0000000000E+00
L9 0.0000000000E+00  0.0000000000E+00  0.0000000000E+00  0.9895759479E+00  0.0000000000E+00
L0     5000  0.1000000000E+02  -.7348442983E+04  0.1599891439E+04
L1 0.2842873301E+03  0.2842873301E+03  -.8948334422E+10  0.1000000000E+01
L2 0.1000000000E+01  0.3327680641E+02  0.3327680641E+02  0.3327680641E+02
L3 0.2836666816E+05  0.3441916671E+03  -.7139768349E+02  -.6780818541E+03
L4 -.1350959568E+03  0.2706320340E+03  0.2571590352E+03  0.2702962256E+03
L5 0.7980872948E+03  0.2003627934E+03  0.2717353933E+03  0.4087315844E+03
L6 0.8808297711E+03  -.8948334422E+04  0.1297881858E+04  -.1032381357E+05
L7 0.0000000000E+00  0.3459424424E+01  0.6507443050E+01  0.1466511893E+02
L8 0.2879269439E+01  0.4665268184E+02  0.3433354896E+01  0.0000000000E+00
L9 0.0000000000E+00  0.0000000000E+00  0.0000000000E+00  0.9945332993E+00  0.0000000000E+00
L0     6000  0.1200000000E+02  -.7298478845E+04  0.1665717707E+04
L1 0.2959841074E+03  0.2959841074E+03  -.8964196552E+10  0.1000000000E+01
L2 0.1000000000E+01  0.3342173662E+02  0.3342173662E+02  0.3342173662E+02
L3 0.2873867528E+05  0.8280833139E+02  0.1361056238E+03  -.3376787171E+03
L4 -.3958825400E+02  0.2732644591E+03  0.2713650892E+03  0.2879612946E+03
L5 0.8325908428E+03  0.2561368256E+03  0.2432137282E+03  0.3578049586E+03
L6 0.8571555125E+03  -.8964196552E+04  0.1330927613E+04  -.1037413980E+05
L7 0.0000000000E+00  0.4204525226E+01  0.7841401745E+01  0.1386152267E+02
L8 0.1956116883E+01  0.4354395422E+02  0.7608109760E+01  0.0000000000E+00
L9 0.0000000000E+00  0.0000000000E+00  0.0000000000E+00  0.9816595858E+00  0.0000000000E+00
L0     7000  0.1400000000E+02  -.7248091616E+04  0.1742378580E+04
L1 0.3096061036E+03  0.3096061036E+03  -.8990470196E+10  0.1000000000E+01
L2 0.1000000000E+01  0.3330658452E+02  0.3330658452E+02  0.3330658452E+02
L3 0.2844327818E+05  -.6789421354E+03  -.5006511739E+03  0.3141194432E+03
L4 -.2884912887E+03  0.2715296286E+03  0.2719467724E+03  0.3253697581E+03
L5 0.8688461591E+03  0.4105149676E+03  0.3744344065E+03  0.2610667858E+03
L6 0.1046016160E+04  -.8990470196E+04  0.1285203768E+04  -.1035056698E+05
L7 0.0000000000E+00  0.3133584557E+01  0.9388066260E+01  0.1202991933E+02
L8 0.3478927430E+01  0.4330810413E+02  0.3554412678E+01  0.0000000000E+00
L9 0.0000000000E+00  0.0000000000E+00  0.0000000000E+00  0.9918545917E+00  0.0000000000E+00
L0     8000  0.1600000000E+02  -.7311222385E+04  0.1667410318E+04
L1 0.2962848703E+03  0.2962848703E+03  -.8978632703E+10  0.1000000000E+01
L2 0.1000000000E+01  0.3333375265E+02  0.3333375265E+02  0.3333375265E+02
L3 0.2851296984E+05  -.1738585552E+03  -.8926074253E+03  0.1638927118E+03
L4 -.3008577562E+03  0.2706024982E+03  0.2618759079E+03  0.2970999966E+03
L5 0.8295784027E+03  0.3062800546E+03  0.4450480946E+03  0.2634675333E+03
L6 0.1014795682E+04  -.8978632703E+04  0.1289249307E+04  -.1033916547E+05
L7 0.0000000000E+00  0.2555774166E+01  0.9201328870E+01  0.1077358175E+02
L8 0.3264994624E+01  0.4289708223E+02  0.2590703057E+01  0.0000000000E+00
L9 0.0000000000E+00  0.0000000000E+00  0.0000000000E+00  0.9894302919E+00  0.0000000000E+00
L0     9000  0.1800000000E+02  -.7319828374E+04  0.1658692590E+04
L1 0.2947358028E+03  0.2947358028E+03  -.8978520963E+10  0.1000000000E+01
L2 0.1000000000E+01  0.3337571666E+02  0.3337571666E+02  0.3337571666E+02
L3 0.2862069015E+05  -.1489061468E+03  -.3316651077E+03  -.3037631946E+03
L4 -.2614448164E+03  0.2734240849E+03  0.2731280499E+03  0.2799247502E+03
L5 0.8264768850E+03  0.3040965943E+03  0.3414462580E+03  0.3424955684E+03
L6 0.9880384206E+03  -.8978520963E+04  0.1306030480E+04  -.1035998534E+05
L7 0.0000000000E+00  0.2702314893E+01  0.7667078149E+01  0.9182219308E+01
L8 0.4430891445E+01  0.4536141672E+02  0.6089979699E+01  0.0000000000E+00
L9 0.0000000000E+00  0.0000000000E+00  0.0000000000E+00  0.9857063516E+00  0.0000000000E+00
L0    10000  0.2000000000E+02  -.7258564641E+04  0.1681348704E+04
L1 0.2987616050E+03  0.2987616050E+03  -.8939913346E+10  0.1000000000E+01
L2 0.1000000000E+01  0.3332916579E+02  0.3332916579E+02  0.3332916579E+02
L3 0.2850045348E+05  -.4894875494E+03  0.3030037642E+03  0.1659601031E+03
L4 -.6841227367E+01  0.2793981549E+03  0.2905033779E+03  0.2655858666E+03
L5 0.8354873994E+03  0.3798019203E+03  0.2283511967E+03  0.2315441034E+03
L6 0.8396972204E+03  -.8939913346E+04  0.1301153432E+04  -.1031750542E+05
L7 0.0000000000E+00  0.5635990711E+01  0.7709210892E+01  0.1344506958E+02
L8 0.2947150385E+01  0.4313969885E+02  0.3561521203E+01  0.0000000000E+00
L9 0.0000000000E+00  0.0000000000E+00  0.0000000000E+00  0.9898648135E+00  0.0000000000E+00
