L0  Nsteps           time(ps)         Etot             EKinetic        
L1  Temp             T_solute         T_solv           Pres_scal_solu  
L2  Pres_scal_solv   BoxX             BoxY             BoxZ            
L3  volume           pres_X           pres_Y           pres_Z          
L4  Pressure         EKCoM_x          EKCoM_y          EKCoM_z         
L5  EKComTot         VIRIAL_x         VIRIAL_y         VIRIAL_z        
L6  VIRIAL_tot       E_pot            E_vdw            E_el            
L7  E_hbon           E_bon            E_angle          E_dih           
L8  E_14vdw          E_14el           E_const          E_pol           
L9  AV_permMoment    AV_indMoment     AV_totMoment     Density          dV/dlambda      
L0     1000  0.2000000000E+01  -.7824672272E+04  0.1819284455E+04
L1 0.2974351100E+03  0.2974351100E+03  -.9643956727E+10  0.1000000000E+01
L2 0.1000000000E+01  0.3529528319E+02  0.3529528319E+02  0.3529528319E+02
L3 0.3385021607E+05  -.3741838473E+03  -.1564435686E+04  -.6368608436E+03
L4 -.8584934589E+03  0.3344290193E+03  0.2981149393E+03  0.2829504406E+03
L5 0.9154943993E+03  0.4255887558E+03  0.6792472248E+03  0.4381042964E+03
L6 0.1542940277E+04  -.9643956727E+04  0.1433196449E+04  -.1115019776E+05
L7 0.0000000000E+00  0.1911987414E+01  0.4461343292E+01  0.1053843092E+02
L8 0.3132153603E+01  0.4904436046E+02  0.3956307447E+01  0.0000000000E+00
L9 0.0000000000E+00  0.0000000000E+00  0.0000000000E+00  0.9058958840E+00  0.0000000000E+00
L0     2000  0.4000000000E+01  -.7820404291E+04  0.1855538205E+04
L1 0.3033622415E+03  0.3033622415E+03  -.9675942496E+10  0.1000000000E+01
L2 0.1000000000E+01  0.3474919681E+02  0.3474919681E+02  0.3474919681E+02
L3 0.3230183550E+05  -.6770100037E+03  -.3532269842E+03  -.1092341449E+03
L4 -.3798237109E+03  0.2884150988E+03  0.3069405707E+03  0.3134121863E+03
L5 0.9087678558E+03  0.4458057264E+03  0.3890584366E+03  0.3388068342E+03
L6 0.1173670997E+04  -.9675942496E+04  0.1430550531E+04  -.1117300285E+05
L7 0.0000000000E+00  0.1807682996E+01  0.4519941529E+01  0.1005256226E+02
L8 0.3028161138E+01  0.4460222403E+02  0.2499254695E+01  0.0000000000E+00
L9 0.0000000000E+00  0.0000000000E+00  0.0000000000E+00  0.9493197811E+00  0.0000000000E+00
L0     3000  0.6000000000E+01  -.7795016289E+04  0.1851016080E+04
L1 0.3026229185E+03  0.3026229185E+03  -.9646032370E+10  0.1000000000E+01
L2 0.1000000000E+01  0.3451994706E+02  0.3451994706E+02  0.3451994706E+02
L3 0.3166624810E+05  -.4274756368E+03  -.7119193789E+03  0.5142233941E+03
L4 -.2083905405E+03  0.2893591155E+03  0.2993671471E+03  0.3255239499E+03
L5 0.9142502125E+03  0.3867828018E+03  0.4616168854E+03  0.2083300463E+03
L6 0.1056729733E+04  -.9646032370E+04  0.1427629719E+04  -.1115151992E+05
L7 0.0000000000E+00  0.4325692746E+01  0.7779909024E+01  0.1210887107E+02
L8 0.3321387842E+01  0.4501741213E+02  0.5304562913E+01  0.0000000000E+00
L9 0.0000000000E+00  0.0000000000E+00  0.0000000000E+00  0.9683740021E+00  0.0000000000E+00
L0     4000  0.8000000000E+01  -.7860778028E+04  0.1833702848E+04
L1 0.2997923754E+03  0.2997923754E+03  -.9694480876E+10  0.1000000000E+01
L2 0.1000000000E+01  0.3441047896E+02  0.3441047896E+02  0.3441047896E+02
L3 0.3136639275E+05  -.4932682772E+03  -.4062525152E+03  -.2039290717E+03
L4 -.3678166214E+03  0.3032519924E+03  0.2841328164E+03  0.3195717254E+03
L5 0.9069565342E+03  0.4146056129E+03  0.3758429274E+03  0.3656080134E+03
L6 0.1156056554E+04  -.9694480876E+04  0.1371700983E+04  -.1113611841E+05
L7 0.0000000000E+00  0.3233452319E+01  0.4612417613E+01  0.1046037846E+02
L8 0.2722633945E+01  0.4679555910E+02  0.2112111922E+01  0.0000000000E+00
L9 0.0000000000E+00  0.0000000000E+00  0.0000000000E+00  0.9776314302E+00  0.0000000000E+00
L0     5000  0.1000000000E+02  -.7941311368E+04  0.1820910688E+04
L1 0.2977009831E+03  0.2977009831E+03  -.9762222056E+10  0.1000000000E+01
L2 0.1000000000E+01  0.3433969502E+02  0.3433969502E+02  0.3433969502E+02
L3 0.3117308253E+05  -.6505583365E+02  -.8863138124E+03  0.8827640493E+00
L4 -.3168289607E+03  0.3108296168E+03  0.2986041355E+03  0.2996240283E+03
L5 0.9090577806E+03  0.3254252377E+03  0.4974533350E+03  0.2994259755E+03
L6 0.1122304548E+04  -.9762222056E+04  0.1420581857E+04  -.1125670084E+05
L7 0.0000000000E+00  0.1502159856E+01  0.1041359585E+02  0.9718706784E+01
L8 0.2715335719E+01  0.4750847800E+02  0.2038654720E+01  0.0000000000E+00
L9 0.0000000000E+00  0.0000000000E+00  0.0000000000E+00  0.9836939089E+00  0.0000000000E+00
L0     6000  0.1200000000E+02  -.7995532734E+04  0.1783492150E+04
L1 0.2915834203E+03  0.2915834203E+03  -.9779024885E+10  0.1000000000E+01
L2 0.1000000000E+01  0.3432404291E+02  0.3432404291E+02  0.3432404291E+02
L3 0.3112935496E+05  0.3748722965E+03  0.9438896007E+01  -.1240076334E+03
L4 0.8676785303E+02  0.3059513423E+03  0.2850503605E+03  0.3050732391E+03
L5 0.8960749420E+03  0.2219647330E+03  0.2829356647E+03  0.3328559821E+03
L6 0.8377563798E+03  -.9779024885E+04  0.1474845283E+04  -.1133644448E+05
L7 0.0000000000E+00  0.3670688977E+01  0.8245325196E+01  0.1222724764E+02
L8 0.2783819595E+01  0.4978293895E+02  0.5864288747E+01  0.0000000000E+00
L9 0.0000000000E+00  0.0000000000E+00  0.0000000000E+00  0.9850757089E+00  0.0000000000E+00
L0     7000  0.1400000000E+02  -.7887647525E+04  0.1831373896E+04
L1 0.2994116147E+03  0.2994116147E+03  -.9719021421E+10  0.1000000000E+01
L2 0.1000000000E+01  0.3436116032E+02  0.3436116032E+02  0.3436116032E+02
L3 0.3123096743E+05  -.5283475539E+02  -.3375210129E+03  0.9601092833E+02
L4 -.9811494666E+02  0.3261665443E+03  0.3249744322E+03  0.2841299282E+03
L5 0.9352709047E+03  0.3380423127E+03  0.4008396717E+03  0.2625493694E+03
L6 0.1001431354E+04  -.9719021421E+04  0.1418142168E+04  -.1121523777E+05
L7 0.0000000000E+00  0.3267172762E+01  0.7999833003E+01  0.1150278208E+02
L8 0.3937781206E+01  0.4715189527E+02  0.4214717633E+01  0.0000000000E+00
L9 0.0000000000E+00  0.0000000000E+00  0.0000000000E+00  0.9818706856E+00  0.0000000000E+00
L0     8000  0.1600000000E+02  -.7831951130E+04  0.1883868246E+04
L1 0.3079939245E+03  0.3079939245E+03  -.9715819377E+10  0.1000000000E+01
L2 0.1000000000E+01  0.3430861992E+02  0.3430861992E+02  0.3430861992E+02
L3 0.3108847666E+05  -.2583398028E+03  -.3661544169E+02  -.5972931394E+03
L4 -.2974161280E+03  0.2952842444E+03  0.2984469447E+03  0.3169684313E+03
L5 0.9106996204E+03  0.3530868407E+03  0.3066395173E+03  0.4506106105E+03
L6 0.1110336968E+04  -.9715819377E+04  0.1390682215E+04  -.1118291757E+05
L7 0.0000000000E+00  0.3447437652E+01  0.9872353595E+01  0.1104428032E+02
L8 0.1951797432E+01  0.4773816318E+02  0.2361949001E+01  0.0000000000E+00
L9 0.0000000000E+00  0.0000000000E+00  0.0000000000E+00  0.9863709869E+00  0.0000000000E+00
L0     9000  0.1800000000E+02  -.7965261824E+04  0.1797519753E+04
L1 0.2938767954E+03  0.2938767954E+03  -.9762781577E+10  0.1000000000E+01
L2 0.1000000000E+01  0.3428112828E+02  0.3428112828E+02  0.3428112828E+02
L3 0.3101238007E+05  0.1116564871E+04  -.3442719697E+03  -.1219345001E+03
L4 0.2167861338E+03  0.3080381017E+03  0.3054344484E+03  0.2998364662E+03
L5 0.9133090163E+03  0.5882226416E+02  0.3822755075E+03  0.3270520892E+03
L6 0.7681498609E+03  -.9762781577E+04  0.1482895742E+04  -.1132324217E+05
L7 0.0000000000E+00  0.5137212550E+01  0.7841099027E+01  0.1242575717E+02
L8 0.2774383814E+01  0.4740626232E+02  0.1980138782E+01  0.0000000000E+00
L9 0.0000000000E+00  0.0000000000E+00  0.0000000000E+00  0.9887912935E+00  0.0000000000E+00
L0    10000  0.2000000000E+02  -.7941853890E+04  0.1861654656E+04
L1 0.3043622210E+03  0.3043622210E+03  -.9803508546E+10  0.1000000000E+01
L2 0.1000000000E+01  0.3425927197E+02  0.3425927197E+02  0.3425927197E+02
L3 0.3095517023E+05  -.8454505293E+03  -.7582592332E+02  -.6765501384E+03
L4 -.5326088636E+03  0.3124697265E+03  0.2726039157E+03  0.3029349894E+03
L5 0.8880086315E+03  0.5008250837E+03  0.2894969430E+03  0.4536615412E+03
L6 0.1243983568E+04  -.9803508546E+04  0.1387919084E+04  -.1126649958E+05
L7 0.0000000000E+00  0.3166523690E+01  0.8893606024E+01  0.1106769512E+02
L8 0.2457651115E+01  0.4596677506E+02  0.3519699197E+01  0.0000000000E+00
L9 0.0000000000E+00  0.0000000000E+00  0.0000000000E+00  0.9906187295E+00  0.0000000000E+00
