L0  Nsteps           time(ps)         Etot             EKinetic        
L1  Temp             T_solute         T_solv           Pres_scal_solu  
L2  Pres_scal_solv   BoxX             BoxY             BoxZ            
L3  volume           pres_X           pres_Y           pres_Z          
L4  Pressure         EKCoM_x          EKCoM_y          EKCoM_z         
L5  EKComTot         VIRIAL_x         VIRIAL_y         VIRIAL_z        
L6  VIRIAL_tot       E_pot            E_vdw            E_el            
L7  E_hbon           E_bon            E_angle          E_dih           
L8  E_14vdw          E_14el           E_const          E_pol           
L9  AV_permMoment    AV_indMoment     AV_totMoment     Density          dV/dlambda      
L0     1000  0.2000000000E+01  -.7150765480E+04  0.1740647044E+04
L1 0.3063774525E+03  0.3063774525E+03  -.8891412523E+10  0.1000000000E+01
L2 0.1000000000E+01  0.3457592626E+02  0.3457592626E+02  0.3457592626E+02
L3 0.3182211375E+05  -.1194785677E+04  -.6295221624E+03  -.4508125350E+03
L4 -.7583734583E+03  0.3012865691E+03  0.2687914756E+03  0.2748092822E+03
L5 0.8448873269E+03  0.5749240676E+03  0.4129686892E+03  0.3780572678E+03
L6 0.1365950025E+04  -.8891412523E+04  0.1312607847E+04  -.1028185133E+05
L7 0.0000000000E+00  0.2282034783E+01  0.8132989367E+01  0.1471751302E+02
L8 0.2674689114E+01  0.4776545235E+02  0.2258277900E+01  0.0000000000E+00
L9 0.0000000000E+00  0.0000000000E+00  0.0000000000E+00  0.8950017352E+00  0.0000000000E+00
L0     2000  0.4000000000E+01  -.7416076035E+04  0.1703942342E+04
L1 0.2999169279E+03  0.2999169279E+03  -.9120018377E+10  0.1000000000E+01
L2 0.1000000000E+01  0.3400855514E+02  0.3400855514E+02  0.3400855514E+02
L3 0.3028066445E+05  -.1382275361E+03  -.1049868354E+04  -.5684393505E+03
L4 -.5855117468E+03  0.3058012569E+03  0.2881298990E+03  0.2596664381E+03
L5 0.8535975940E+03  0.3359255281E+03  0.5169303234E+03  0.3835478411E+03
L6 0.1236403693E+04  -.9120018377E+04  0.1371867896E+04  -.1056422122E+05
L7 0.0000000000E+00  0.3287712871E+01  0.5218348683E+01  0.1040597783E+02
L8 0.2869119068E+01  0.4648085464E+02  0.4072938256E+01  0.0000000000E+00
L9 0.0000000000E+00  0.0000000000E+00  0.0000000000E+00  0.9405621553E+00  0.0000000000E+00
L0     3000  0.6000000000E+01  -.7314655407E+04  0.1688414604E+04
L1 0.2971838357E+03  0.2971838357E+03  -.9003070011E+10  0.1000000000E+01
L2 0.1000000000E+01  0.3366999278E+02  0.3366999278E+02  0.3366999278E+02
L3 0.2938433080E+05  -.7263806336E+03  -.3278943012E+03  0.3913352742E+03
L4 -.2209798869E+03  0.2718845952E+03  0.2937155316E+03  0.2944743026E+03
L5 0.8600744294E+03  0.4255006620E+03  0.3630591106E+03  0.2117141314E+03
L6 0.1000273904E+04  -.9003070011E+04  0.1323097615E+04  -.1039518928E+05
L7 0.0000000000E+00  0.2920172281E+01  0.8987195131E+01  0.9185077286E+01
L8 0.2123639087E+01  0.4459294968E+02  0.1212623903E+01  0.0000000000E+00
L9 0.0000000000E+00  0.0000000000E+00  0.0000000000E+00  0.9692528721E+00  0.0000000000E+00
L0     4000  0.8000000000E+01  -.7326753234E+04  0.1693218268E+04
L1 0.2980293457E+03  0.2980293457E+03  -.9019971502E+10  0.1000000000E+01
L2 0.1000000000E+01  0.3354580400E+02  0.3354580400E+02  0.3354580400E+02
L3 0.2906014860E+05  0.1176496442E+03  0.5127624726E+02  -.5592989307E+03
L4 -.1301243464E+03  0.2802730413E+03  0.3082484969E+03  0.2682865795E+03
L5 0.8568081177E+03  0.2556668142E+03  0.2975241551E+03  0.3852630194E+03
L6 0.9384539888E+03  -.9019971502E+04  0.1311908800E+04  -.1041152630E+05
L7 0.0000000000E+00  0.2845622345E+01  0.8448295219E+01  0.1052671475E+02
L8 0.4038163472E+01  0.4905848335E+02  0.4728719086E+01  0.0000000000E+00
L9 0.0000000000E+00  0.0000000000E+00  0.0000000000E+00  0.9800654297E+00  0.0000000000E+00
L0     5000  0.1000000000E+02  -.7416757945E+04  0.1664951639E+04
L1 0.2930540362E+03  0.2930540362E+03  -.9081709584E+10  0.1000000000E+01
L2 0.1000000000E+01  0.3355408448E+02  0.3355408448E+02  0.3355408448E+02
L3 0.2908319959E+05  -.9059905737E+03  -.1106538327E+04  -.1424889138E+03
L4 -.7183392714E+03  0.2775930395E+03  0.2681999532E+03  0.2788101197E+03
L5 0.8246031124E+03  0.4672297629E+03  0.4998141760E+03  0.3086350776E+03
L6 0.1275679017E+04  -.9081709584E+04  0.1281711226E+04  -.1043900379E+05
L7 0.0000000000E+00  0.3035306173E+01  0.9498208992E+01  0.1180164849E+02
L8 0.2981770349E+01  0.4404220610E+02  0.4223838033E+01  0.0000000000E+00
L9 0.0000000000E+00  0.0000000000E+00  0.0000000000E+00  0.9792886417E+00  0.0000000000E+00
L0     6000  0.1200000000E+02  -.7350655677E+04  0.1687054846E+04
L1 0.2969444999E+03  0.2969444999E+03  -.9037710523E+10  0.1000000000E+01
L2 0.1000000000E+01  0.3347483222E+02  0.3347483222E+02  0.3347483222E+02
L3 0.2887578986E+05  0.7175982355E+02  -.2013851468E+03  0.9311913048E+02
L4 -.1216873092E+02  0.2859889250E+03  0.2939147663E+03  0.2567376569E+03
L5 0.8366413483E+03  0.2710756916E+03  0.3357669274E+03  0.2373855006E+03
L6 0.8442281196E+03  -.9037710523E+04  0.1342603751E+04  -.1045480632E+05
L7 0.0000000000E+00  0.3105110010E+01  0.8263522976E+01  0.1101448827E+02
L8 0.2968882522E+01  0.4420471475E+02  0.4935330002E+01  0.0000000000E+00
L9 0.0000000000E+00  0.0000000000E+00  0.0000000000E+00  0.9863227002E+00  0.0000000000E+00
L0     7000  0.1400000000E+02  -.7405841513E+04  0.1649819494E+04
L1 0.2903905737E+03  0.2903905737E+03  -.9055661007E+10  0.1000000000E+01
L2 0.1000000000E+01  0.3345060217E+02  0.3345060217E+02  0.3345060217E+02
L3 0.2881235535E+05  0.2188855409E+03  0.4547819131E+03  0.1962189098E+03
L4 0.2899621212E+03  0.2915845295E+03  0.2482164831E+03  0.2691311149E+03
L5 0.8089321275E+03  0.2461953411E+03  0.1539106564E+03  0.2284421913E+03
L6 0.6285481888E+03  -.9055661007E+04  0.1383856899E+04  -.1051162341E+05
L7 0.0000000000E+00  0.2664016783E+01  0.5939560265E+01  0.1098870233E+02
L8 0.2375694300E+01  0.4758433443E+02  0.2553192551E+01  0.0000000000E+00
L9 0.0000000000E+00  0.0000000000E+00  0.0000000000E+00  0.9884942301E+00  0.0000000000E+00
L0     8000  0.1600000000E+02  -.7398744734E+04  0.1672492152E+04
L1 0.2943812686E+03  0.2943812686E+03  -.9071236886E+10  0.1000000000E+01
L2 0.1000000000E+01  0.3347435650E+02  0.3347435650E+02  0.3347435650E+02
L3 0.2887449654E+05  0.5611189893E+03  -.2524857190E+03  -.2726294738E+03
L4 0.1200126553E+02  0.2968640912E+03  0.2756064283E+03  0.2739180181E+03
L5 0.8463885375E+03  0.1802567301E+03  0.3280760362E+03  0.3305737436E+03
L6 0.8389065100E+03  -.9071236886E+04  0.1352056198E+04  -.1049509080E+05
L7 0.0000000000E+00  0.1571553298E+01  0.1028571658E+02  0.1139642015E+02
L8 0.1810329324E+01  0.4427572590E+02  0.2457965301E+01  0.0000000000E+00
L9 0.0000000000E+00  0.0000000000E+00  0.0000000000E+00  0.9863668785E+00  0.0000000000E+00
L0     9000  0.1800000000E+02  -.7339892197E+04  0.1696719647E+04
L1 0.2986456358E+03  0.2986456358E+03  -.9036611844E+10  0.1000000000E+01
L2 0.1000000000E+01  0.3345657235E+02  0.3345657235E+02  0.3345657235E+02
L3 0.2882907223E+05  0.1879709983E+02  -.5691008444E+02  -.5935421367E+03
L4 -.2105517071E+03  0.2954757985E+03  0.2678558822E+03  0.2894018999E+03
L5 0.8527335806E+03  0.2915756774E+03  0.2796638858E+03  0.4125531436E+03
L6 0.9837927067E+03  -.9036611844E+04  0.1299462370E+04  -.1041299909E+05
L7 0.0000000000E+00  0.2470028375E+01  0.7021201735E+01  0.1144815404E+02
L8 0.3976732974E+01  0.4830041435E+02  0.3708343604E+01  0.0000000000E+00
L9 0.0000000000E+00  0.0000000000E+00  0.0000000000E+00  0.9879210402E+00  0.0000000000E+00
L0    10000  0.2000000000E+02  -.7274480747E+04  0.1722678454E+04
L1 0.3032147374E+03  0.3032147374E+03  -.8997159201E+10  0.1000000000E+01
L2 0.1000000000E+01  0.3353326132E+02  0.3353326132E+02  0.3353326132E+02
L3 0.2902533744E+05  0.8479808331E+03  0.3945137010E+03  0.9473786471E+03
L4 0.7299577271E+03  0.2753946568E+03  0.2810938097E+03  0.2751380001E+03
L5 0.8316264666E+03  0.9825332994E+02  0.1986807671E+03  0.7723268897E+02
L6 0.3741667860E+03  -.8997159201E+04  0.1420631025E+04  -.1049242707E+05
L7 0.0000000000E+00  0.2163695983E+01  0.8592355316E+01  0.9941175177E+01
L8 0.3161604735E+01  0.4753636405E+02  0.3241653520E+01  0.0000000000E+00
L9 0.0000000000E+00  0.0000000000E+00  0.0000000000E+00  0.9812408584E+00  0.0000000000E+00
