43.060880
43.556582
42.031159
43.239440
49.501327
57.577573
55.533451
48.061400
44.454994
42.723611
42.370373
38.859867
44.312784
48.734197
47.330392
44.127525
44.985229
45.819279
44.937226
43.171498
43.898711
43.181027
39.968935
39.350938
45.972541
45.048323
43.406081
42.046960
41.118856
41.463036
41.638812
41.173945
42.498419
41.884739
38.519248
36.569856
34.789664
36.007395
36.068192
32.656348
31.010664
32.128785
34.271739
35.531849
36.185941
34.864499
32.605419
30.106380
29.727547
32.497727
32.171252
28.811192
27.966323
30.374556
32.590445
33.121276
33.937087
32.765113
35.300734
26.693235
29.202365
31.874817
31.574583
29.215520
29.783303
32.642730
33.763171
33.540291
35.057121
34.090622
32.558914
23.956733
25.753845
28.124826
28.328789
27.671971
29.006430
31.387446
33.320155
34.167653
34.958482
34.063218
26.811612
32.851491
34.206836
37.958591
40.763410
44.110187
50.413065
50.052323
43.970967
38.799737
38.200772
39.620392
35.694136
24.106165
26.654166
29.439479
28.926339
27.491808
28.885177
34.089045
38.669040
39.286033
37.449279
35.290110
26.850404
34.349835
33.644965
39.126882
37.019948
34.772296
38.780034
47.072098
52.412155
48.765312
43.546297
39.361918
33.167836
24.990405
28.649724
35.101146
38.015933
39.584537
39.581748
38.048374
35.137776
32.365133
32.807410
30.189025
21.310033
30.708926
35.681467
40.360560
42.098586
40.088749
39.581771
40.500531
39.876442
37.374064
36.546945
33.660689
30.955955
