L0  Nsteps           time(ps)         Etot             EKinetic        
L1  Temp             T_solute         T_solv           Pres_scal_solu  
L2  Pres_scal_solv   BoxX             BoxY             BoxZ            
L3  volume           pres_X           pres_Y           pres_Z          
L4  Pressure         EKCoM_x          EKCoM_y          EKCoM_z         
L5  EKComTot         VIRIAL_x         VIRIAL_y         VIRIAL_z        
L6  VIRIAL_tot       E_pot            E_vdw            E_el            
L7  E_hbon           E_bon            E_angle          E_dih           
L8  E_14vdw          E_14el           E_const          E_pol           
L9  AV_permMoment    AV_indMoment     AV_totMoment     Density          dV/dlambda      
L0     1000  0.2000000000E+01  -.8069026244E+04  0.1788403841E+04
L1 0.2870703164E+03  0.2870703164E+03  -.9857430086E+10  0.1000000000E+01
L2 0.1000000000E+01  0.3541372869E+02  0.3541372869E+02  0.3541372869E+02
L3 0.3419051012E+05  -.4462497912E+03  0.1165766346E+03  -.6335905813E+03
L4 -.3210879126E+03  0.2919204936E+03  0.3329137024E+03  0.2996495419E+03
L5 0.9244837380E+03  0.4017300625E+03  0.3042274593E+03  0.4555584296E+03
L6 0.1161515951E+04  -.9857430086E+04  0.1544684629E+04  -.1147173955E+05
L7 0.0000000000E+00  0.2541672147E+01  0.8423125071E+01  0.1035403716E+02
L8 0.1638989769E+01  0.4436492817E+02  0.2302081721E+01  0.0000000000E+00
L9 0.0000000000E+00  0.0000000000E+00  0.0000000000E+00  0.9135046529E+00  0.0000000000E+00
L0     2000  0.4000000000E+01  -.7989316997E+04  0.1881634718E+04
L1 0.3020355143E+03  0.3020355143E+03  -.9870951715E+10  0.1000000000E+01
L2 0.1000000000E+01  0.3485166046E+02  0.3485166046E+02  0.3485166046E+02
L3 0.3258708195E+05  0.4678903992E+03  0.1039741130E+03  -.3299040111E+03
L4 0.8065350036E+02  0.3340490723E+03  0.3091572557E+03  0.3106610949E+03
L5 0.9538674229E+03  0.2243138149E+03  0.2847720021E+03  0.3880341328E+03
L6 0.8971199498E+03  -.9870951715E+04  0.1508112723E+04  -.1145461061E+05
L7 0.0000000000E+00  0.1855110851E+01  0.8594841592E+01  0.1194585454E+02
L8 0.3400794162E+01  0.4709557666E+02  0.2653995414E+01  0.0000000000E+00
L9 0.0000000000E+00  0.0000000000E+00  0.0000000000E+00  0.9584531113E+00  0.0000000000E+00
L0     3000  0.6000000000E+01  -.8115055433E+04  0.1808097266E+04
L1 0.2902314580E+03  0.2902314580E+03  -.9923152699E+10  0.1000000000E+01
L2 0.1000000000E+01  0.3467162276E+02  0.3467162276E+02  0.3467162276E+02
L3 0.3208486770E+05  0.8314120343E+03  -.3326040563E+03  -.4656922638E+03
L4 0.1103857142E+02  0.2985827620E+03  0.3143123694E+03  0.2922931488E+03
L5 0.9051882802E+03  0.1065951798E+03  0.3911164641E+03  0.3998296386E+03
L6 0.8975412825E+03  -.9923152699E+04  0.1494118288E+04  -.1150340986E+05
L7 0.0000000000E+00  0.3497048686E+01  0.8683995158E+01  0.1206162847E+02
L8 0.4577170655E+01  0.4963677606E+02  0.7682255199E+01  0.0000000000E+00
L9 0.0000000000E+00  0.0000000000E+00  0.0000000000E+00  0.9734554735E+00  0.0000000000E+00
L0     4000  0.8000000000E+01  -.8131577761E+04  0.1845552862E+04
L1 0.2962437409E+03  0.2962437409E+03  -.9977130623E+10  0.1000000000E+01
L2 0.1000000000E+01  0.3460588882E+02  0.3460588882E+02  0.3460588882E+02
L3 0.3190382297E+05  -.6188923541E+03  -.3148666832E+03  -.1912958089E+03
L4 -.3750182821E+03  0.3051867386E+03  0.2921524022E+03  0.2995816201E+03
L5 0.8969207610E+03  0.4472933961E+03  0.3644503577E+03  0.3435059113E+03
L6 0.1155249665E+04  -.9977130623E+04  0.1478701570E+04  -.1153470584E+05
L7 0.0000000000E+00  0.4853041540E+01  0.7999135134E+01  0.1167907293E+02
L8 0.2370416534E+01  0.4742416624E+02  0.4547817114E+01  0.0000000000E+00
L9 0.0000000000E+00  0.0000000000E+00  0.0000000000E+00  0.9789795446E+00  0.0000000000E+00
L0     5000  0.1000000000E+02  -.8096478038E+04  0.1860127882E+04
L1 0.2985832883E+03  0.2985832883E+03  -.9956605920E+10  0.1000000000E+01
L2 0.1000000000E+01  0.3461346947E+02  0.3461346947E+02  0.3461346947E+02
L3 0.3192298491E+05  0.2822888772E+03  0.9633924000E+02  0.4019868759E+03
L4 0.2602049977E+03  0.3303586095E+03  0.2982162334E+03  0.3043456356E+03
L5 0.9329204785E+03  0.2655020601E+03  0.2760820610E+03  0.2119881827E+03
L6 0.7535723037E+03  -.9956605920E+04  0.1536618408E+04  -.1157130709E+05
L7 0.0000000000E+00  0.2680850208E+01  0.7300230091E+01  0.1020623410E+02
L8 0.3855694312E+01  0.4929525589E+02  0.4744498818E+01  0.0000000000E+00
L9 0.0000000000E+00  0.0000000000E+00  0.0000000000E+00  0.9783919068E+00  0.0000000000E+00
L0     6000  0.1200000000E+02  -.8016222127E+04  0.1864668098E+04
L1 0.2993120729E+03  0.2993120729E+03  -.9880890224E+10  0.1000000000E+01
L2 0.1000000000E+01  0.3449407603E+02  0.3449407603E+02  0.3449407603E+02
L3 0.3159719253E+05  -.7591388342E+03  -.9229957566E+03  -.1165508494E+04
L4 -.9492143616E+03  0.3110439490E+03  0.3112380155E+03  0.2962500838E+03
L5 0.9185320483E+03  0.4836779298E+03  0.5211343144E+03  0.5612956352E+03
L6 0.1566107879E+04  -.9880890224E+04  0.1320866373E+04  -.1128627605E+05
L7 0.0000000000E+00  0.4019450910E+01  0.1377765744E+02  0.1565214783E+02
L8 0.2445219138E+01  0.4630137720E+02  0.2323596794E+01  0.0000000000E+00
L9 0.0000000000E+00  0.0000000000E+00  0.0000000000E+00  0.9884799118E+00  0.0000000000E+00
L0     7000  0.1400000000E+02  -.8060783309E+04  0.1860007879E+04
L1 0.2985640257E+03  0.2985640257E+03  -.9920791187E+10  0.1000000000E+01
L2 0.1000000000E+01  0.3461229778E+02  0.3461229778E+02  0.3461229778E+02
L3 0.3191927543E+05  0.5339501386E+03  0.5624573450E+03  0.1770838925E+03
L4 0.4244971254E+03  0.2868421724E+03  0.3169099185E+03  0.3105840712E+03
L5 0.9143361621E+03  0.1641800971E+03  0.1876990051E+03  0.2699033481E+03
L6 0.6217824503E+03  -.9920791187E+04  0.1553646183E+04  -.1155026137E+05
L7 0.0000000000E+00  0.1534879812E+01  0.4636273698E+01  0.1093937145E+02
L8 0.3508049124E+01  0.5097355987E+02  0.4231865937E+01  0.0000000000E+00
L9 0.0000000000E+00  0.0000000000E+00  0.0000000000E+00  0.9785056103E+00  0.0000000000E+00
L0     8000  0.1600000000E+02  -.8096239923E+04  0.1863622658E+04
L1 0.2991442615E+03  0.2991442615E+03  -.9959862581E+10  0.1000000000E+01
L2 0.1000000000E+01  0.3464825484E+02  0.3464825484E+02  0.3464825484E+02
L3 0.3202108332E+05  -.3191937051E+03  -.3511195945E+03  -.3945952679E+03
L4 -.3549695225E+03  0.3129102500E+03  0.3026054883E+03  0.3337189376E+03
L5 0.9492346759E+03  0.3864711304E+03  0.3835239592E+03  0.4246567439E+03
L6 0.1194651833E+04  -.9959862581E+04  0.1470869493E+04  -.1151451617E+05
L7 0.0000000000E+00  0.4875110799E+01  0.9700273355E+01  0.1225959364E+02
L8 0.4888089479E+01  0.4899678238E+02  0.3064242405E+01  0.0000000000E+00
L9 0.0000000000E+00  0.0000000000E+00  0.0000000000E+00  0.9753945476E+00  0.0000000000E+00
L0     9000  0.1800000000E+02  -.8150354661E+04  0.1841844407E+04
L1 0.2956484685E+03  0.2956484685E+03  -.9992199067E+10  0.1000000000E+01
L2 0.1000000000E+01  0.3450775397E+02  0.3450775397E+02  0.3450775397E+02
L3 0.3163151879E+05  0.1330620827E+03  0.2814764084E+03  0.2211225881E+03
L4 0.2118870264E+03  0.2931370039E+03  0.3046135933E+03  0.3098760062E+03
L5 0.9076266034E+03  0.2628447950E+03  0.2405341654E+03  0.2595364093E+03
L6 0.7629153697E+03  -.9992199067E+04  0.1526730832E+04  -.1160187681E+05
L7 0.0000000000E+00  0.4313167930E+01  0.9290051060E+01  0.1639564010E+02
L8 0.2340685388E+01  0.4473660310E+02  0.5870767311E+01  0.0000000000E+00
L9 0.0000000000E+00  0.0000000000E+00  0.0000000000E+00  0.9874072215E+00  0.0000000000E+00
L0    10000  0.2000000000E+02  -.8072660839E+04  0.1836514977E+04
L1 0.2947930012E+03  0.2947930012E+03  -.9909175816E+10  0.1000000000E+01
L2 0.1000000000E+01  0.3455888023E+02  0.3455888023E+02  0.3455888023E+02
L3 0.3177264182E+05  0.2287385794E+03  0.5108030391E+03  -.4426637246E+03
L4 0.9895929796E+02  0.3038401838E+03  0.3144854229E+03  0.3138349846E+03
L5 0.9321605914E+03  0.2515344467E+03  0.1976798996E+03  0.4150590652E+03
L6 0.8642734116E+03  -.9909175816E+04  0.1478270009E+04  -.1146257945E+05
L7 0.0000000000E+00  0.2573450902E+01  0.8562069078E+01  0.1213181829E+02
L8 0.2894756562E+01  0.4611306145E+02  0.2858472201E+01  0.0000000000E+00
L9 0.0000000000E+00  0.0000000000E+00  0.0000000000E+00  0.9830215020E+00  0.0000000000E+00
