L0  Nsteps           time(ps)         Etot             EKinetic        
L1  Temp             T_solute         T_solv           Pres_scal_solu  
L2  Pres_scal_solv   BoxX             BoxY             BoxZ            
L3  volume           pres_X           pres_Y           pres_Z          
L4  Pressure         EKCoM_x          EKCoM_y          EKCoM_z         
L5  EKComTot         VIRIAL_x         VIRIAL_y         VIRIAL_z        
L6  VIRIAL_tot       E_pot            E_vdw            E_el            
L7  E_hbon           E_bon            E_angle          E_dih           
L8  E_14vdw          E_14el           E_const          E_pol           
L9  AV_permMoment    AV_indMoment     AV_totMoment     Density          dV/dlambda      
L0     1000  0.2000000000E+01  -.7226382649E+04  0.1686907150E+04
L1 0.2972303927E+03  0.2972303927E+03  -.8913289799E+10  0.1000000000E+01
L2 0.1000000000E+01  0.3449923550E+02  0.3449923550E+02  0.3449923550E+02
L3 0.3161016088E+05  -.4613554858E+03  -.2386447386E+02  -.1072718351E+04
L4 -.5193127702E+03  0.2582351108E+03  0.2776163241E+03  0.2841657406E+03
L5 0.8200171755E+03  0.3631939395E+03  0.2830455154E+03  0.5282102249E+03
L6 0.1174449680E+04  -.8913289799E+04  0.1371058909E+04  -.1036034253E+05
L7 0.0000000000E+00  0.1027356939E+01  0.1258566775E+02  0.1265455292E+02
L8 0.2891044384E+01  0.4396947391E+02  0.2865728906E+01  0.0000000000E+00
L9 0.0000000000E+00  0.0000000000E+00  0.0000000000E+00  0.9000564835E+00  0.0000000000E+00
L0     2000  0.4000000000E+01  -.7181778276E+04  0.1703401966E+04
L1 0.3001367533E+03  0.3001367533E+03  -.8885180241E+10  0.1000000000E+01
L2 0.1000000000E+01  0.3395222061E+02  0.3395222061E+02  0.3395222061E+02
L3 0.3013117404E+05  -.1460567539E+04  -.3667680967E+03  -.7534679803E+03
L4 -.8602678722E+03  0.2909422510E+03  0.2890538832E+03  0.2834917300E+03
L5 0.8634878641E+03  0.6076759541E+03  0.3685899637E+03  0.4468862305E+03
L6 0.1423152148E+04  -.8885180241E+04  0.1233226948E+04  -.1018849475E+05
L7 0.0000000000E+00  0.2680714060E+01  0.9291937206E+01  0.1258658201E+02
L8 0.3382365100E+01  0.3928252255E+02  0.2863443783E+01  0.0000000000E+00
L9 0.0000000000E+00  0.0000000000E+00  0.0000000000E+00  0.9442357012E+00  0.0000000000E+00
L0     3000  0.6000000000E+01  -.7290461764E+04  0.1725207262E+04
L1 0.3039788122E+03  0.3039788122E+03  -.9015669026E+10  0.1000000000E+01
L2 0.1000000000E+01  0.3375324151E+02  0.3375324151E+02  0.3375324151E+02
L3 0.2960184983E+05  0.7500860135E+03  -.7797580365E+02  -.2241905306E+03
L4 0.1493065597E+03  0.3046014691E+03  0.2864246457E+03  0.2859822126E+03
L5 0.8770083274E+03  0.1447978913E+03  0.3030371570E+03  0.3337453335E+03
L6 0.7815803817E+03  -.9015669026E+04  0.1384875364E+04  -.1047463578E+05
L7 0.0000000000E+00  0.3122245187E+01  0.8127708451E+01  0.1015471304E+02
L8 0.3806875799E+01  0.4659476690E+02  0.2285084423E+01  0.0000000000E+00
L9 0.0000000000E+00  0.0000000000E+00  0.0000000000E+00  0.9611200117E+00  0.0000000000E+00
L0     4000  0.8000000000E+01  -.7448278600E+04  0.1701091599E+04
L1 0.2997296702E+03  0.2997296702E+03  -.9149370199E+10  0.1000000000E+01
L2 0.1000000000E+01  0.3350394990E+02  0.3350394990E+02  0.3350394990E+02
L3 0.2895252699E+05  -.9977106019E+03  -.5770486289E+03  0.5138762534E+01
L4 -.5232068228E+03  0.2801815227E+03  0.2975955795E+03  0.2720455382E+03
L5 0.8498226405E+03  0.4880782450E+03  0.4178373794E+03  0.2709747549E+03
L6 0.1176890379E+04  -.9149370199E+04  0.1334429017E+04  -.1055645115E+05
L7 0.0000000000E+00  0.2251264342E+01  0.1492944240E+02  0.9362718605E+01
L8 0.2784052662E+01  0.4205021789E+02  0.1274235664E+01  0.0000000000E+00
L9 0.0000000000E+00  0.0000000000E+00  0.0000000000E+00  0.9826752000E+00  0.0000000000E+00
L0     5000  0.1000000000E+02  -.7394568180E+04  0.1658145474E+04
L1 0.2921626305E+03  0.2921626305E+03  -.9052713654E+10  0.1000000000E+01
L2 0.1000000000E+01  0.3337116694E+02  0.3337116694E+02  0.3337116694E+02
L3 0.2860740277E+05  0.4843487559E+03  0.3629313284E+02  0.5576975159E+03
L4 0.3594464682E+03  0.2816617397E+03  0.2563235465E+03  0.2780955719E+03
L5 0.8160808581E+03  0.1819392301E+03  0.2488511575E+03  0.1632712946E+03
L6 0.5940616823E+03  -.9052713654E+04  0.1381491362E+04  -.1050775684E+05
L7 0.0000000000E+00  0.6359056737E+01  0.7354372444E+01  0.9498718277E+01
L8 0.2872436715E+01  0.4408149646E+02  0.3385744333E+01  0.0000000000E+00
L9 0.0000000000E+00  0.0000000000E+00  0.0000000000E+00  0.9945303486E+00  0.0000000000E+00
L0     6000  0.1200000000E+02  -.7429975249E+04  0.1683062296E+04
L1 0.2965529353E+03  0.2965529353E+03  -.9113037545E+10  0.1000000000E+01
L2 0.1000000000E+01  0.3344821364E+02  0.3344821364E+02  0.3344821364E+02
L3 0.2880551900E+05  0.9526715208E+03  0.6629818410E+03  0.3041160206E+02
L4 0.5486883213E+03  0.2986691974E+03  0.2791921397E+03  0.2727433700E+03
L5 0.8506047071E+03  0.1011653923E+03  0.1417455661E+03  0.2664385661E+03
L6 0.5093495246E+03  -.9113037545E+04  0.1441394568E+04  -.1062751004E+05
L7 0.0000000000E+00  0.1296919642E+01  0.9465897047E+01  0.1140743513E+02
L8 0.2844126598E+01  0.4407975280E+02  0.3983799963E+01  0.0000000000E+00
L9 0.0000000000E+00  0.0000000000E+00  0.0000000000E+00  0.9876902496E+00  0.0000000000E+00
L0     7000  0.1400000000E+02  -.7349175905E+04  0.1688098021E+04
L1 0.2974402221E+03  0.2974402221E+03  -.9037273925E+10  0.1000000000E+01
L2 0.1000000000E+01  0.3350610993E+02  0.3350610993E+02  0.3350610993E+02
L3 0.2895707279E+05  -.3397940852E+03  0.1395294269E+02  -.1927636830E+02
L4 -.1150391703E+03  0.2669417972E+03  0.2807998525E+03  0.2818715477E+03
L5 0.8296131974E+03  0.3377570896E+03  0.2778919687E+03  0.2858888680E+03
L6 0.9015379263E+03  -.9037273925E+04  0.1333649607E+04  -.1045014494E+05
L7 0.0000000000E+00  0.3881504017E+01  0.1310937462E+02  0.1047531136E+02
L8 0.2854200632E+01  0.4198355719E+02  0.6917457649E+01  0.0000000000E+00
L9 0.0000000000E+00  0.0000000000E+00  0.0000000000E+00  0.9825209355E+00  0.0000000000E+00
L0     8000  0.1600000000E+02  -.7368302658E+04  0.1669281910E+04
L1 0.2941248530E+03  0.2941248530E+03  -.9037584568E+10  0.1000000000E+01
L2 0.1000000000E+01  0.3347106294E+02  0.3347106294E+02  0.3347106294E+02
L3 0.2886638723E+05  0.9906533454E+02  -.9358987022E+03  0.3918920714E+03
L4 -.1483137655E+03  0.2659487175E+03  0.2756014226E+03  0.3120484818E+03
L5 0.8535986219E+03  0.2453675161E+03  0.4700379510E+03  0.2306314078E+03
L6 0.9460368749E+03  -.9037584568E+04  0.1312243166E+04  -.1042616906E+05
L7 0.0000000000E+00  0.2088210733E+01  0.9937145199E+01  0.1123629220E+02
L8 0.2711470069E+01  0.4704945785E+02  0.3318752496E+01  0.0000000000E+00
L9 0.0000000000E+00  0.0000000000E+00  0.0000000000E+00  0.9856075865E+00  0.0000000000E+00
L0     9000  0.1800000000E+02  -.7350986154E+04  0.1738012652E+04
L1 0.3062351019E+03  0.3062351019E+03  -.9088998806E+10  0.1000000000E+01
L2 0.1000000000E+01  0.3343096821E+02  0.3343096821E+02  0.3343096821E+02
L3 0.2876355761E+05  0.1567685517E+03  -.1040154313E+04  -.4766525477E+03
L4 -.4533461032E+03  0.2731912346E+03  0.2819649557E+03  0.2969556776E+03
L5 0.8521118679E+03  0.2407379897E+03  0.4972911947E+03  0.3956293062E+03
L6 0.1133658491E+04  -.9088998806E+04  0.1301618864E+04  -.1046200141E+05
L7 0.0000000000E+00  0.3842570718E+01  0.9646514300E+01  0.1127318392E+02
L8 0.2243320772E+01  0.4227880992E+02  0.2099339030E+01  0.0000000000E+00
L9 0.0000000000E+00  0.0000000000E+00  0.0000000000E+00  0.9891311304E+00  0.0000000000E+00
L0    10000  0.2000000000E+02  -.7424037836E+04  0.1655788960E+04
L1 0.2917474164E+03  0.2917474164E+03  -.9079826796E+10  0.1000000000E+01
L2 0.1000000000E+01  0.3355173178E+02  0.3355173178E+02  0.3355173178E+02
L3 0.2907509053E+05  0.1396754580E+03  0.5443325958E+03  -.5351399164E+03
L4 0.4962271246E+02  0.2862266311E+03  0.2632876863E+03  0.2738768596E+03
L5 0.8233911769E+03  0.2569987212E+03  0.1493828938E+03  0.3858580300E+03
L6 0.7922396449E+03  -.9079826796E+04  0.1359919729E+04  -.1050931797E+05
L7 0.0000000000E+00  0.3569438931E+01  0.9358469500E+01  0.8912839544E+01
L8 0.3109176003E+01  0.4218433164E+02  0.2437191381E+01  0.0000000000E+00
L9 0.0000000000E+00  0.0000000000E+00  0.0000000000E+00  0.9785328173E+00  0.0000000000E+00
