L0  Nsteps           time(ps)         Etot             EKinetic        
L1  Temp             T_solute         T_solv           Pres_scal_solu  
L2  Pres_scal_solv   BoxX             BoxY             BoxZ            
L3  volume           pres_X           pres_Y           pres_Z          
L4  Pressure         EKCoM_x          EKCoM_y          EKCoM_z         
L5  EKComTot         VIRIAL_x         VIRIAL_y         VIRIAL_z        
L6  VIRIAL_tot       E_pot            E_vdw            E_el            
L7  E_hbon           E_bon            E_angle          E_dih           
L8  E_14vdw          E_14el           E_const          E_pol           
L9  AV_permMoment    AV_indMoment     AV_totMoment     Density          dV/dlambda      
L0     1000  0.2000000000E+01  -.6968329992E+04  0.1629843478E+04
L1 0.2968419346E+03  0.2968419346E+03  -.8598173470E+10  0.1000000000E+01
L2 0.1000000000E+01  0.3407231650E+02  0.3407231650E+02  0.3407231650E+02
L3 0.3045212446E+05  -.1533735390E+04  -.4866144890E+03  -.6464777418E+03
L4 -.8889425401E+03  0.2750296024E+03  0.2547705344E+03  0.2545588384E+03
L5 0.7843589752E+03  0.6111730228E+03  0.3614201298E+03  0.3962451037E+03
L6 0.1368838256E+04  -.8598173470E+04  0.1264153952E+04  -.9933659207E+04
L7 0.0000000000E+00  0.3680159311E+01  0.9026059857E+01  0.1183757631E+02
L8 0.1998168363E+01  0.4362549791E+02  0.1164323346E+01  0.0000000000E+00
L9 0.0000000000E+00  0.0000000000E+00  0.0000000000E+00  0.9038289049E+00  0.0000000000E+00
L0     2000  0.4000000000E+01  -.6987028276E+04  0.1631950405E+04
L1 0.2972256672E+03  0.2972256672E+03  -.8618978681E+10  0.1000000000E+01
L2 0.1000000000E+01  0.3353129142E+02  0.3353129142E+02  0.3353129142E+02
L3 0.2902295813E+05  -.9018193012E+03  -.1583351411E+03  0.7970188855E+02
L4 -.3268175179E+03  0.2687396053E+03  0.2766302510E+03  0.2775573173E+03
L5 0.8229271736E+03  0.4571122267E+03  0.3097034017E+03  0.2609091333E+03
L6 0.1027724762E+04  -.8618978681E+04  0.1279242206E+04  -.9980019061E+04
L7 0.0000000000E+00  0.3533876787E+01  0.1639637513E+02  0.1220336123E+02
L8 0.3143332635E+01  0.4215587016E+02  0.4365358339E+01  0.0000000000E+00
L9 0.0000000000E+00  0.0000000000E+00  0.0000000000E+00  0.9483358031E+00  0.0000000000E+00
L0     3000  0.6000000000E+01  -.7079806094E+04  0.1633006087E+04
L1 0.2974179377E+03  0.2974179377E+03  -.8712812181E+10  0.1000000000E+01
L2 0.1000000000E+01  0.3323717819E+02  0.3323717819E+02  0.3323717819E+02
L3 0.2826568326E+05  -.1497773061E+03  -.3019393103E+02  -.5075201054E+03
L4 -.2291637808E+03  0.2572609992E+03  0.2763091369E+03  0.2746894150E+03
L5 0.8082595510E+03  0.2877302715E+03  0.2824515034E+03  0.3779344842E+03
L6 0.9481162591E+03  -.8712812181E+04  0.1259482796E+04  -.1004337457E+05
L7 0.0000000000E+00  0.3712819830E+01  0.7223834600E+01  0.9985680294E+01
L8 0.3012167485E+01  0.4602703435E+02  0.1118054144E+01  0.0000000000E+00
L9 0.0000000000E+00  0.0000000000E+00  0.0000000000E+00  0.9737429677E+00  0.0000000000E+00
L0     4000  0.8000000000E+01  -.7111820897E+04  0.1643352835E+04
L1 0.2993023816E+03  0.2993023816E+03  -.8755173732E+10  0.1000000000E+01
L2 0.1000000000E+01  0.3314168645E+02  0.3314168645E+02  0.3314168645E+02
L3 0.2802303344E+05  0.1204714255E+04  -.9587988057E+03  -.1264879885E+04
L4 -.3396548121E+03  0.2987914678E+03  0.2644011431E+03  0.2678206327E+03
L5 0.8310132435E+03  0.5581972198E+02  0.4577756456E+03  0.5229268313E+03
L6 0.1036522199E+04  -.8755173732E+04  0.1244352429E+04  -.1007381194E+05
L7 0.0000000000E+00  0.2113439806E+01  0.6745296556E+01  0.1408956493E+02
L8 0.3223829698E+01  0.4572928171E+02  0.2384363816E+01  0.0000000000E+00
L9 0.0000000000E+00  0.0000000000E+00  0.0000000000E+00  0.9821745517E+00  0.0000000000E+00
L0     5000  0.1000000000E+02  -.7168902470E+04  0.1634758150E+04
L1 0.2977370394E+03  0.2977370394E+03  -.8803660620E+10  0.1000000000E+01
L2 0.1000000000E+01  0.3312515655E+02  0.3312515655E+02  0.3312515655E+02
L3 0.2798130298E+05  0.5971210669E+03  -.1246328097E+04  -.5853037439E+03
L4 -.4115035915E+03  0.2719137478E+03  0.2473157948E+03  0.2730261687E+03
L5 0.7922557112E+03  0.1516632431E+03  0.4983060730E+03  0.3908968560E+03
L6 0.1040866172E+04  -.8803660620E+04  0.1272083717E+04  -.1014727454E+05
L7 0.0000000000E+00  0.3676886737E+01  0.9090208716E+01  0.1157498811E+02
L8 0.2804422374E+01  0.4106917325E+02  0.3314526614E+01  0.0000000000E+00
L9 0.0000000000E+00  0.0000000000E+00  0.0000000000E+00  0.9836393369E+00  0.0000000000E+00
L0     6000  0.1200000000E+02  -.7150485861E+04  0.1625195257E+04
L1 0.2959953583E+03  0.2959953583E+03  -.8775681119E+10  0.1000000000E+01
L2 0.1000000000E+01  0.3311656169E+02  0.3311656169E+02  0.3311656169E+02
L3 0.2795854848E+05  -.1571931201E+03  -.2588443023E+02  0.1268421437E+03
L4 -.1874513555E+02  0.2814385768E+03  0.2557832792E+03  0.2800451535E+03
L5 0.8172670096E+03  0.3130689805E+03  0.2609917449E+03  0.2545219741E+03
L6 0.8285826995E+03  -.8775681119E+04  0.1296115155E+04  -.1014402496E+05
L7 0.0000000000E+00  0.6164097626E+01  0.8151001821E+01  0.1017535621E+02
L8 0.2817370222E+01  0.3996686033E+02  0.4953997862E+01  0.0000000000E+00
L9 0.0000000000E+00  0.0000000000E+00  0.0000000000E+00  0.9844398870E+00  0.0000000000E+00
L0     7000  0.1400000000E+02  -.7137323134E+04  0.1632841151E+04
L1 0.2973878981E+03  0.2973878981E+03  -.8770164286E+10  0.1000000000E+01
L2 0.1000000000E+01  0.3324884715E+02  0.3324884715E+02  0.3324884715E+02
L3 0.2829551548E+05  -.6833378226E+03  -.1048282635E+03  0.3995547299E+02
L4 -.2494035377E+03  0.2892627624E+03  0.2756788324E+03  0.2547678269E+03
L5 0.8197094217E+03  0.4284212339E+03  0.2970266057E+03  0.2466310864E+03
L6 0.9720789260E+03  -.8770164286E+04  0.1280120595E+04  -.1012140215E+05
L7 0.0000000000E+00  0.3405101175E+01  0.1062137428E+02  0.1060765604E+02
L8 0.4034084981E+01  0.4023235467E+02  0.2216693927E+01  0.0000000000E+00
L9 0.0000000000E+00  0.0000000000E+00  0.0000000000E+00  0.9727163417E+00  0.0000000000E+00
L0     8000  0.1600000000E+02  -.7007228457E+04  0.1692264661E+04
L1 0.3082106488E+03  0.3082106488E+03  -.8699493118E+10  0.1000000000E+01
L2 0.1000000000E+01  0.3326275089E+02  0.3326275089E+02  0.3326275089E+02
L3 0.2833129054E+05  -.4058094221E+03  -.1135988604E+03  -.5410312762E+03
L4 -.3534798529E+03  0.2927316626E+03  0.2788570714E+03  0.2862196101E+03
L5 0.8578083441E+03  0.3754772921E+03  0.3020201837E+03  0.3965373383E+03
L6 0.1074034814E+04  -.8699493118E+04  0.1243663363E+04  -.1001610245E+05
L7 0.0000000000E+00  0.2937015512E+01  0.1044021175E+02  0.9807045968E+01
L8 0.2665028534E+01  0.4446951245E+02  0.2627152394E+01  0.0000000000E+00
L9 0.0000000000E+00  0.0000000000E+00  0.0000000000E+00  0.9714880537E+00  0.0000000000E+00
L0     9000  0.1800000000E+02  -.7183337013E+04  0.1612807558E+04
L1 0.2937391977E+03  0.2937391977E+03  -.8796144571E+10  0.1000000000E+01
L2 0.1000000000E+01  0.3313101578E+02  0.3313101578E+02  0.3313101578E+02
L3 0.2799654685E+05  -.3143860121E+03  -.6538286070E+03  -.7385119243E+03
L4 -.5689088478E+03  0.2851622017E+03  0.2686693731E+03  0.2558030763E+03
L5 0.8096346511E+03  0.3485089406E+03  0.4004115897E+03  0.4046084312E+03
L6 0.1153528962E+04  -.8796144571E+04  0.1256835689E+04  -.1012856357E+05
L7 0.0000000000E+00  0.3823530240E+01  0.1180776569E+02  0.1079544906E+02
L8 0.3484580431E+01  0.4276523494E+02  0.2906751018E+01  0.0000000000E+00
L9 0.0000000000E+00  0.0000000000E+00  0.0000000000E+00  0.9831037539E+00  0.0000000000E+00
L0    10000  0.2000000000E+02  -.7130108789E+04  0.1643670870E+04
L1 0.2993603051E+03  0.2993603051E+03  -.8773779659E+10  0.1000000000E+01
L2 0.1000000000E+01  0.3306329782E+02  0.3306329782E+02  0.3306329782E+02
L3 0.2782314900E+05  0.7468776920E+03  -.6172225421E+02  0.1202347576E+03
L4 0.2684633985E+03  0.2763087569E+03  0.2771009157E+03  0.2773750778E+03
L5 0.8307847504E+03  0.1267498269E+03  0.2894605221E+03  0.2532986033E+03
L6 0.6695089523E+03  -.8773779659E+04  0.1329567645E+04  -.1017556853E+05
L7 0.0000000000E+00  0.2671235582E+01  0.1020769918E+02  0.9687405229E+01
L8 0.2993059426E+01  0.4350421784E+02  0.3157610815E+01  0.0000000000E+00
L9 0.0000000000E+00  0.0000000000E+00  0.0000000000E+00  0.9892305973E+00  0.0000000000E+00
