L0  Nsteps           time(ps)         Etot             EKinetic        
L1  Temp             T_solute         T_solv           Pres_scal_solu  
L2  Pres_scal_solv   BoxX             BoxY             BoxZ            
L3  volume           pres_X           pres_Y           pres_Z          
L4  Pressure         EKCoM_x          EKCoM_y          EKCoM_z         
L5  EKComTot         VIRIAL_x         VIRIAL_y         VIRIAL_z        
L6  VIRIAL_tot       E_pot            E_vdw            E_el            
L7  E_hbon           E_bon            E_angle          E_dih           
L8  E_14vdw          E_14el           E_const          E_pol           
L9  AV_permMoment    AV_indMoment     AV_totMoment     Density          dV/dlambda      
L0     1000  0.2000000000E+01  -.7166251874E+04  0.1643132511E+04
L1 0.2932133364E+03  0.2932133364E+03  -.8809384386E+10  0.1000000000E+01
L2 0.1000000000E+01  0.3426223635E+02  0.3426223635E+02  0.3426223635E+02
L3 0.3096335943E+05  -.2164494635E+03  -.7676607540E+03  -.7799594527E+03
L4 -.5880232234E+03  0.2891178694E+03  0.2809468934E+03  0.2453760643E+03
L5 0.8154408271E+03  0.3373527456E+03  0.4520169474E+03  0.4191868329E+03
L6 0.1208556526E+04  -.8809384386E+04  0.1330361854E+04  -.1021254795E+05
L7 0.0000000000E+00  0.2443514558E+01  0.6943138262E+01  0.1126250282E+02
L8 0.2779206416E+01  0.4634877813E+02  0.3024574416E+01  0.0000000000E+00
L9 0.0000000000E+00  0.0000000000E+00  0.0000000000E+00  0.9072636011E+00  0.0000000000E+00
L0     2000  0.4000000000E+01  -.7184348443E+04  0.1625071828E+04
L1 0.2899904476E+03  0.2899904476E+03  -.8809420271E+10  0.1000000000E+01
L2 0.1000000000E+01  0.3372414841E+02  0.3372414841E+02  0.3372414841E+02
L3 0.2952680064E+05  -.4844987484E+03  -.1583398608E+03  -.5374913891E+03
L4 -.3934433327E+03  0.2750803074E+03  0.2825568917E+03  0.2698170957E+03
L5 0.8274542949E+03  0.3780396193E+03  0.3162051997E+03  0.3840377077E+03
L6 0.1078282527E+04  -.8809420271E+04  0.1288623291E+04  -.1017963631E+05
L7 0.0000000000E+00  0.6691676294E+01  0.1294581118E+02  0.1267763605E+02
L8 0.9466610644E+00  0.4511586276E+02  0.3215102936E+01  0.0000000000E+00
L9 0.0000000000E+00  0.0000000000E+00  0.0000000000E+00  0.9514044317E+00  0.0000000000E+00
L0     3000  0.6000000000E+01  -.7205308312E+04  0.1668331016E+04
L1 0.2977099533E+03  0.2977099533E+03  -.8873639328E+10  0.1000000000E+01
L2 0.1000000000E+01  0.3346357299E+02  0.3346357299E+02  0.3346357299E+02
L3 0.2884768560E+05  -.6031749149E+03  -.2475970842E+03  -.3784034523E+03
L4 -.4097251504E+03  0.2737539720E+03  0.2968727531E+03  0.2679094791E+03
L5 0.8385362041E+03  0.3989846776E+03  0.3482786667E+03  0.3464733089E+03
L6 0.1093736653E+04  -.8873639328E+04  0.1270273660E+04  -.1022254651E+05
L7 0.0000000000E+00  0.3664656870E+01  0.6257699280E+01  0.1390152609E+02
L8 0.3548257224E+01  0.5005402497E+02  0.1207354585E+01  0.0000000000E+00
L9 0.0000000000E+00  0.0000000000E+00  0.0000000000E+00  0.9738018283E+00  0.0000000000E+00
L0     4000  0.8000000000E+01  -.7186350646E+04  0.1712539259E+04
L1 0.3055988158E+03  0.3055988158E+03  -.8898889904E+10  0.1000000000E+01
L2 0.1000000000E+01  0.3339723154E+02  0.3339723154E+02  0.3339723154E+02
L3 0.2867537934E+05  -.3736446912E+03  0.3054394593E+03  0.9957517574E+02
L4 0.1045664794E+02  0.2730964853E+03  0.2735293633E+03  0.2808039613E+03
L5 0.8274298100E+03  0.3502089471E+03  0.2104930371E+03  0.2602537244E+03
L6 0.8209557086E+03  -.8898889904E+04  0.1323114209E+04  -.1029192063E+05
L7 0.0000000000E+00  0.2106024837E+01  0.5536413355E+01  0.1107218975E+02
L8 0.3116200233E+01  0.4641974217E+02  0.1665947326E+01  0.0000000000E+00
L9 0.0000000000E+00  0.0000000000E+00  0.0000000000E+00  0.9796532646E+00  0.0000000000E+00
L0     5000  0.1000000000E+02  -.7247814576E+04  0.1710124652E+04
L1 0.3051679346E+03  0.3051679346E+03  -.8957939228E+10  0.1000000000E+01
L2 0.1000000000E+01  0.3334064602E+02  0.3334064602E+02  0.3334064602E+02
L3 0.2852951170E+05  -.3332011935E+03  0.3843822286E+03  0.4032123450E+03
L4 0.1514644600E+03  0.2665687349E+03  0.2842427451E+03  0.2776401570E+03
L5 0.8284516370E+03  0.3349847014E+03  0.2053178127E+03  0.1948488500E+03
L6 0.7351513641E+03  -.8957939228E+04  0.1352254758E+04  -.1038535533E+05
L7 0.0000000000E+00  0.1874146513E+01  0.6479265225E+01  0.1209333188E+02
L8 0.3281097207E+01  0.4991001715E+02  0.1523484943E+01  0.0000000000E+00
L9 0.0000000000E+00  0.0000000000E+00  0.0000000000E+00  0.9846621027E+00  0.0000000000E+00
L0     6000  0.1200000000E+02  -.7295608483E+04  0.1671571238E+04
L1 0.2982881638E+03  0.2982881638E+03  -.8967179720E+10  0.1000000000E+01
L2 0.1000000000E+01  0.3332927580E+02  0.3332927580E+02  0.3332927580E+02
L3 0.2850064661E+05  -.6001128678E+03  0.1000902206E+03  0.5846203496E+03
L4 0.2819923412E+02  0.2652962679E+03  0.2743917760E+03  0.2835767025E+03
L5 0.8232647463E+03  0.3883923505E+03  0.2538611146E+03  0.1636584692E+03
L6 0.8059119343E+03  -.8967179720E+04  0.1348967054E+04  -.1040362619E+05
L7 0.0000000000E+00  0.5805742778E+01  0.1613362815E+02  0.1156797156E+02
L8 0.3550491247E+01  0.4521919024E+02  0.5202388339E+01  0.0000000000E+00
L9 0.0000000000E+00  0.0000000000E+00  0.0000000000E+00  0.9856593560E+00  0.0000000000E+00
L0     7000  0.1400000000E+02  -.7328398689E+04  0.1697584390E+04
L1 0.3029301528E+03  0.3029301528E+03  -.9025983079E+10  0.1000000000E+01
L2 0.1000000000E+01  0.3327815310E+02  0.3327815310E+02  0.3327815310E+02
L3 0.2836980594E+05  -.5542707022E+03  0.5010793333E+03  0.1101678597E+02
L4 -.1405819431E+02  0.2737300824E+03  0.2773182510E+03  0.2910850628E+03
L5 0.8421333961E+03  0.3869010081E+03  0.1750079326E+03  0.2888356568E+03
L6 0.8507445974E+03  -.9025983079E+04  0.1364072568E+04  -.1045948153E+05
L7 0.0000000000E+00  0.1408408420E+01  0.4742910156E+01  0.1086232843E+02
L8 0.2643595716E+01  0.4592168261E+02  0.3846962102E+01  0.0000000000E+00
L9 0.0000000000E+00  0.0000000000E+00  0.0000000000E+00  0.9902051865E+00  0.0000000000E+00
L0     8000  0.1600000000E+02  -.7276578191E+04  0.1677983952E+04
L1 0.2994324984E+03  0.2994324984E+03  -.8954562143E+10  0.1000000000E+01
L2 0.1000000000E+01  0.3336681900E+02  0.3336681900E+02  0.3336681900E+02
L3 0.2859641991E+05  0.4602027266E+03  0.4499918873E+03  -.6414238640E+02
L4 0.2820174092E+03  0.2834071004E+03  0.2820761841E+03  0.2682976685E+03
L5 0.8337809530E+03  0.1886923905E+03  0.1894629757E+03  0.2814988670E+03
L6 0.6596542332E+03  -.8954562143E+04  0.1376355983E+04  -.1041224629E+05
L7 0.0000000000E+00  0.3590842506E+01  0.1247114045E+02  0.1718005255E+02
L8 0.2717870743E+01  0.4136135366E+02  0.4006906251E+01  0.0000000000E+00
L9 0.0000000000E+00  0.0000000000E+00  0.0000000000E+00  0.9823582486E+00  0.0000000000E+00
L0     9000  0.1800000000E+02  -.7233310824E+04  0.1718091869E+04
L1 0.3065896667E+03  0.3065896667E+03  -.8951402692E+10  0.1000000000E+01
L2 0.1000000000E+01  0.3339914303E+02  0.3339914303E+02  0.3339914303E+02
L3 0.2868130978E+05  -.3847834045E+02  -.7099085617E+03  -.4004305703E+03
L4 -.3829391575E+03  0.3237498070E+03  0.2768041072E+03  0.2741141570E+03
L5 0.8746680712E+03  0.3316925753E+03  0.4233447102E+03  0.3567717561E+03
L6 0.1111809042E+04  -.8951402692E+04  0.1290315085E+04  -.1032125421E+05
L7 0.0000000000E+00  0.3145367942E+01  0.7396671038E+01  0.9631652892E+01
L8 0.4965729098E+01  0.5120083312E+02  0.3196176946E+01  0.0000000000E+00
L9 0.0000000000E+00  0.0000000000E+00  0.0000000000E+00  0.9794507013E+00  0.0000000000E+00
L0    10000  0.2000000000E+02  -.7176145700E+04  0.1707703154E+04
L1 0.3047358237E+03  0.3047358237E+03  -.8883848854E+10  0.1000000000E+01
L2 0.1000000000E+01  0.3336357406E+02  0.3336357406E+02  0.3336357406E+02
L3 0.2859046192E+05  -.6136663237E+03  -.3998976712E+03  -.9451323401E+03
L4 -.6528987783E+03  0.2608849613E+03  0.3024146730E+03  0.3002482412E+03
L5 0.8635478755E+03  0.3871578288E+03  0.3847008010E+03  0.4947261948E+03
L6 0.1266584825E+04  -.8883848854E+04  0.1214378134E+04  -.1017673294E+05
L7 0.0000000000E+00  0.6251844490E+01  0.9515153071E+01  0.1017516536E+02
L8 0.4233712238E+01  0.4660386161E+02  0.1726217102E+01  0.0000000000E+00
L9 0.0000000000E+00  0.0000000000E+00  0.0000000000E+00  0.9825629632E+00  0.0000000000E+00
