L0  Nsteps           time(ps)         Etot             EKinetic        
L1  Temp             T_solute         T_solv           Pres_scal_solu  
L2  Pres_scal_solv   BoxX             BoxY             BoxZ            
L3  volume           pres_X           pres_Y           pres_Z          
L4  Pressure         EKCoM_x          EKCoM_y          EKCoM_z         
L5  EKComTot         VIRIAL_x         VIRIAL_y         VIRIAL_z        
L6  VIRIAL_tot       E_pot            E_vdw            E_el            
L7  E_hbon           E_bon            E_angle          E_dih           
L8  E_14vdw          E_14el           E_const          E_pol           
L9  AV_permMoment    AV_indMoment     AV_totMoment     Density          dV/dlambda      
L0     1000  0.2000000000E+01  -.7399884778E+04  0.1767572058E+04
L1 0.3019288580E+03  0.3019288580E+03  -.9167456836E+10  0.1000000000E+01
L2 0.1000000000E+01  0.3480498996E+02  0.3480498996E+02  0.3480498996E+02
L3 0.3245983227E+05  -.8869943172E+03  -.1515315863E+04  -.9707644560E+03
L4 -.1124358212E+04  0.2792749015E+03  0.2887649067E+03  0.2949572503E+03
L5 0.8629970584E+03  0.4864910936E+03  0.6427671555E+03  0.5217434992E+03
L6 0.1651001748E+04  -.9167456836E+04  0.1279982960E+04  -.1052269545E+05
L7 0.0000000000E+00  0.3068963574E+01  0.1319584128E+02  0.9794280515E+01
L8 0.1955508119E+01  0.4489662335E+02  0.2344436049E+01  0.0000000000E+00
L9 0.0000000000E+00  0.0000000000E+00  0.0000000000E+00  0.9041461822E+00  0.0000000000E+00
L0     2000  0.4000000000E+01  -.7597233323E+04  0.1718506253E+04
L1 0.2935476537E+03  0.2935476537E+03  -.9315739576E+10  0.1000000000E+01
L2 0.1000000000E+01  0.3418653706E+02  0.3418653706E+02  0.3418653706E+02
L3 0.3075933139E+05  -.3856148663E+03  -.1333162700E+04  -.8664008826E+03
L4 -.8617261497E+03  0.2820025601E+03  0.2774497587E+03  0.3088633654E+03
L5 0.8683156842E+03  0.3673690136E+03  0.5725819792E+03  0.5006650234E+03
L6 0.1440616016E+04  -.9315739576E+04  0.1319508916E+04  -.1070559159E+05
L7 0.0000000000E+00  0.3310728114E+01  0.9683179292E+01  0.1194108808E+02
L8 0.2088924100E+01  0.4133021962E+02  0.1988962550E+01  0.0000000000E+00
L9 0.0000000000E+00  0.0000000000E+00  0.0000000000E+00  0.9541310587E+00  0.0000000000E+00
L0     3000  0.6000000000E+01  -.7588103255E+04  0.1704603293E+04
L1 0.2911728114E+03  0.2911728114E+03  -.9292706548E+10  0.1000000000E+01
L2 0.1000000000E+01  0.3393006748E+02  0.3393006748E+02  0.3393006748E+02
L3 0.3007148070E+05  -.3348816563E+03  -.1014336783E+04  -.3907277394E+03
L4 -.5799820597E+03  0.2769948023E+03  0.2723415904E+03  0.2755198287E+03
L5 0.8248562214E+03  0.3494722268E+03  0.4918714339E+03  0.3600838521E+03
L6 0.1201427513E+04  -.9292706548E+04  0.1318374535E+04  -.1068772790E+05
L7 0.0000000000E+00  0.1208143162E+01  0.1039794728E+02  0.1032723834E+02
L8 0.4036002228E+01  0.4643765668E+02  0.4239830366E+01  0.0000000000E+00
L9 0.0000000000E+00  0.0000000000E+00  0.0000000000E+00  0.9759557141E+00  0.0000000000E+00
L0     4000  0.8000000000E+01  -.7617686698E+04  0.1707011144E+04
L1 0.2915841099E+03  0.2915841099E+03  -.9324697842E+10  0.1000000000E+01
L2 0.1000000000E+01  0.3387216137E+02  0.3387216137E+02  0.3387216137E+02
L3 0.2991717960E+05  -.8278884523E+03  0.5040537024E+02  -.2869585646E+03
L4 -.3548138822E+03  0.2590935566E+03  0.2899582304E+03  0.3085730493E+03
L5 0.8576248363E+03  0.4373515665E+03  0.2791051246E+03  0.3703599513E+03
L6 0.1086816642E+04  -.9324697842E+04  0.1344011535E+04  -.1074926470E+05
L7 0.0000000000E+00  0.2246284431E+01  0.1291807319E+02  0.1170615318E+02
L8 0.3022027935E+01  0.4845935457E+02  0.2203428056E+01  0.0000000000E+00
L9 0.0000000000E+00  0.0000000000E+00  0.0000000000E+00  0.9809893115E+00  0.0000000000E+00
L0     5000  0.1000000000E+02  -.7630372557E+04  0.1704083710E+04
L1 0.2910840585E+03  0.2910840585E+03  -.9334456267E+10  0.1000000000E+01
L2 0.1000000000E+01  0.3378293851E+02  0.3378293851E+02  0.3378293851E+02
L3 0.2968114531E+05  -.2624456176E+03  -.8999767215E+02  -.4384350295E+03
L4 -.2636261064E+03  0.2991535315E+03  0.2880627801E+03  0.2971307517E+03
L5 0.8843470633E+03  0.3552165607E+03  0.3072878759E+03  0.3907882344E+03
L6 0.1053292671E+04  -.9334456267E+04  0.1345874422E+04  -.1075614247E+05
L7 0.0000000000E+00  0.3894397876E+01  0.9497206673E+01  0.1220713019E+02
L8 0.2818693433E+01  0.4420363085E+02  0.3190724105E+01  0.0000000000E+00
L9 0.0000000000E+00  0.0000000000E+00  0.0000000000E+00  0.9887904633E+00  0.0000000000E+00
L0     6000  0.1200000000E+02  -.7586525179E+04  0.1712002350E+04
L1 0.2924366857E+03  0.2924366857E+03  -.9298527529E+10  0.1000000000E+01
L2 0.1000000000E+01  0.3379483582E+02  0.3379483582E+02  0.3379483582E+02
L3 0.2971206540E+05  -.3188178278E+03  -.1313464220E+03  0.1678527188E+03
L4 -.9410384368E+02  0.2894631936E+03  0.2742488715E+03  0.2940373458E+03
L5 0.8577494109E+03  0.3576392727E+03  0.3023360212E+03  0.2581436810E+03
L6 0.9181189750E+03  -.9298527529E+04  0.1355006231E+04  -.1072712178E+05
L7 0.0000000000E+00  0.8439441470E+00  0.1089539437E+02  0.1082446344E+02
L8 0.2796989269E+01  0.4471879904E+02  0.3508427256E+01  0.0000000000E+00
L9 0.0000000000E+00  0.0000000000E+00  0.0000000000E+00  0.9877614707E+00  0.0000000000E+00
L0     7000  0.1400000000E+02  -.7632978676E+04  0.1698093271E+04
L1 0.2900607981E+03  0.2900607981E+03  -.9331071947E+10  0.1000000000E+01
L2 0.1000000000E+01  0.3384025685E+02  0.3384025685E+02  0.3384025685E+02
L3 0.2983242819E+05  -.2985197320E+03  -.4092023701E+03  -.2620525339E+02
L4 -.2446424518E+03  0.2841526967E+03  0.2950742875E+03  0.2807290319E+03
L5 0.8599560162E+03  0.3482468223E+03  0.3829326945E+03  0.2863554700E+03
L6 0.1017534987E+04  -.9331071947E+04  0.1355413821E+04  -.1076148981E+05
L7 0.0000000000E+00  0.8357713949E+01  0.7812196727E+01  0.1261458406E+02
L8 0.2220984080E+01  0.4188376954E+02  0.2114794015E+01  0.0000000000E+00
L9 0.0000000000E+00  0.0000000000E+00  0.0000000000E+00  0.9837762195E+00  0.0000000000E+00
L0     8000  0.1600000000E+02  -.7632147030E+04  0.1742087976E+04
L1 0.2975757796E+03  0.2975757796E+03  -.9374235006E+10  0.1000000000E+01
L2 0.1000000000E+01  0.3381369414E+02  0.3381369414E+02  0.3381369414E+02
L3 0.2976189606E+05  0.4675365905E+03  -.7022947369E+03  -.1185061730E+03
L4 -.1177547731E+03  0.2823758743E+03  0.2733602581E+03  0.2769607747E+03
L5 0.8326969071E+03  0.1822300649E+03  0.4237909973E+03  0.3023446630E+03
L6 0.9083657252E+03  -.9374235006E+04  0.1383560350E+04  -.1083017092E+05
L7 0.0000000000E+00  0.5836811827E+01  0.5860446770E+01  0.1214342250E+02
L8 0.2767779189E+01  0.4487470784E+02  0.8923965834E+00  0.0000000000E+00
L9 0.0000000000E+00  0.0000000000E+00  0.0000000000E+00  0.9861076511E+00  0.0000000000E+00
L0     9000  0.1800000000E+02  -.7566879397E+04  0.1703994304E+04
L1 0.2910687866E+03  0.2910687866E+03  -.9270873702E+10  0.1000000000E+01
L2 0.1000000000E+01  0.3384889602E+02  0.3384889602E+02  0.3384889602E+02
L3 0.2985551766E+05  -.3388497359E+03  -.2472252234E+03  -.4132916410E+03
L4 -.3331222001E+03  0.2890677418E+03  0.2402517806E+03  0.2848858226E+03
L5 0.8142053449E+03  0.3618772902E+03  0.2933737251E+03  0.3736909021E+03
L6 0.1028941917E+04  -.9270873702E+04  0.1336235415E+04  -.1068218740E+05
L7 0.0000000000E+00  0.4014333685E+00  0.1103365247E+02  0.9646184172E+01
L8 0.3461763684E+01  0.4429334774E+02  0.6241900138E+01  0.0000000000E+00
L9 0.0000000000E+00  0.0000000000E+00  0.0000000000E+00  0.9830153930E+00  0.0000000000E+00
L0    10000  0.2000000000E+02  -.7775829122E+04  0.1659358711E+04
L1 0.2834443317E+03  0.2834443317E+03  -.9435187833E+10  0.1000000000E+01
L2 0.1000000000E+01  0.3380419792E+02  0.3380419792E+02  0.3380419792E+02
L3 0.2973516390E+05  0.9143293568E+03  0.8098128714E+03  -.1950248661E+03
L4 0.5097057874E+03  0.2868301199E+03  0.2799199557E+03  0.2699938598E+03
L5 0.8367439354E+03  0.9115771585E+02  0.1066147564E+03  0.3117304442E+03
L6 0.5095029165E+03  -.9435187833E+04  0.1502954588E+04  -.1101668513E+05
L7 0.0000000000E+00  0.1392209386E+01  0.9215550731E+01  0.1437716712E+02
L8 0.4893717130E+01  0.4711686118E+02  0.1547207731E+01  0.0000000000E+00
L9 0.0000000000E+00  0.0000000000E+00  0.0000000000E+00  0.9869941702E+00  0.0000000000E+00
