L0  Nsteps           time(ps)         Etot             EKinetic        
L1  Temp             T_solute         T_solv           Pres_scal_solu  
L2  Pres_scal_solv   BoxX             BoxY             BoxZ            
L3  volume           pres_X           pres_Y           pres_Z          
L4  Pressure         EKCoM_x          EKCoM_y          EKCoM_z         
L5  EKComTot         VIRIAL_x         VIRIAL_y         VIRIAL_z        
L6  VIRIAL_tot       E_pot            E_vdw            E_el            
L7  E_hbon           E_bon            E_angle          E_dih           
L8  E_14vdw          E_14el           E_const          E_pol           
L9  AV_permMoment    AV_indMoment     AV_totMoment     Density          dV/dlambda      
L0     1000  0.2000000000E+01  -.7425331638E+04  0.1704937705E+04
L1 0.2933208158E+03  0.2933208158E+03  -.9130269343E+10  0.1000000000E+01
L2 0.1000000000E+01  0.3479264250E+02  0.3479264250E+02  0.3479264250E+02
L3 0.3242536989E+05  -.1232136588E+04  -.1756730970E+04  -.4586930386E+03
L4 -.1149186865E+04  0.2710623541E+03  0.2808080501E+03  0.3054666048E+03
L5 0.8573370089E+03  0.5586037475E+03  0.6907730457E+03  0.4125109347E+03
L6 0.1661887728E+04  -.9130269343E+04  0.1301922495E+04  -.1050668370E+05
L7 0.0000000000E+00  0.5286946185E+01  0.4629062021E+01  0.1182423287E+02
L8 0.2121957947E+01  0.4645853275E+02  0.4171129859E+01  0.0000000000E+00
L9 0.0000000000E+00  0.0000000000E+00  0.0000000000E+00  0.8986486852E+00  0.0000000000E+00
L0     2000  0.4000000000E+01  -.7519021732E+04  0.1709088825E+04
L1 0.2940349826E+03  0.2940349826E+03  -.9228110558E+10  0.1000000000E+01
L2 0.1000000000E+01  0.3412994536E+02  0.3412994536E+02  0.3412994536E+02
L3 0.3060485575E+05  0.5535670262E+03  -.7597469272E+02  -.8944955746E+03
L4 -.1389677470E+03  0.3071451584E+03  0.2872739986E+03  0.2860205936E+03
L5 0.8804397506E+03  0.1852133177E+03  0.3040086192E+03  0.4830473071E+03
L6 0.9722692440E+03  -.9228110558E+04  0.1396921151E+04  -.1069979632E+05
L7 0.0000000000E+00  0.5291697329E+01  0.8184858588E+01  0.1029798279E+02
L8 0.2934310275E+01  0.4505451988E+02  0.3001240200E+01  0.0000000000E+00
L9 0.0000000000E+00  0.0000000000E+00  0.0000000000E+00  0.9521043410E+00  0.0000000000E+00
L0     3000  0.6000000000E+01  -.7508746994E+04  0.1745117126E+04
L1 0.3002333619E+03  0.3002333619E+03  -.9253864120E+10  0.1000000000E+01
L2 0.1000000000E+01  0.3386637698E+02  0.3386637698E+02  0.3386637698E+02
L3 0.2990104315E+05  -.4036275835E+03  -.5341212951E+03  0.7867133460E+03
L4 -.5034517753E+02  0.3064704322E+03  0.3072830877E+03  0.3011328137E+03
L5 0.9148863336E+03  0.3933312187E+03  0.4222261632E+03  0.1318318471E+03
L6 0.9473892290E+03  -.9253864120E+04  0.1373241079E+04  -.1070540263E+05
L7 0.0000000000E+00  0.2704190980E+01  0.9036590013E+01  0.1321335043E+02
L8 0.2131810689E+01  0.4708384368E+02  0.4127648371E+01  0.0000000000E+00
L9 0.0000000000E+00  0.0000000000E+00  0.0000000000E+00  0.9745150316E+00  0.0000000000E+00
L0     4000  0.8000000000E+01  -.7584026484E+04  0.1747060274E+04
L1 0.3005676649E+03  0.3005676649E+03  -.9331086758E+10  0.1000000000E+01
L2 0.1000000000E+01  0.3379262922E+02  0.3379262922E+02  0.3379262922E+02
L3 0.2970593640E+05  0.1612221700E+03  0.2680943075E+03  -.3614158035E+03
L4 0.2263355801E+02  0.3005723514E+03  0.2883586280E+03  0.3002604269E+03
L5 0.8891914062E+03  0.2661036764E+03  0.2310411042E+03  0.3775297247E+03
L6 0.8746745053E+03  -.9331086758E+04  0.1414578975E+04  -.1082299711E+05
L7 0.0000000000E+00  0.4881819855E+01  0.7394381293E+01  0.1040168637E+02
L8 0.4716716391E+01  0.4736674111E+02  0.2570030308E+01  0.0000000000E+00
L9 0.0000000000E+00  0.0000000000E+00  0.0000000000E+00  0.9809155861E+00  0.0000000000E+00
L0     5000  0.1000000000E+02  -.7603297289E+04  0.1668006726E+04
L1 0.2869671380E+03  0.2869671380E+03  -.9271304015E+10  0.1000000000E+01
L2 0.1000000000E+01  0.3373268246E+02  0.3373268246E+02  0.3373268246E+02
L3 0.2954834396E+05  -.5828134444E+03  0.1778100088E+03  0.2240223160E+03
L4 -.6032703983E+02  0.2836296549E+03  0.2610471214E+03  0.2650490864E+03
L5 0.8097258627E+03  0.4075718797E+03  0.2232337040E+03  0.2174080710E+03
L6 0.8482136547E+03  -.9271304015E+04  0.1379951202E+04  -.1072655426E+05
L7 0.0000000000E+00  0.2154046230E+01  0.6148178087E+01  0.1029012156E+02
L8 0.3542057631E+01  0.5027431064E+02  0.2890328160E+01  0.0000000000E+00
L9 0.0000000000E+00  0.0000000000E+00  0.0000000000E+00  0.9861471782E+00  0.0000000000E+00
L0     6000  0.1200000000E+02  -.7615026410E+04  0.1683089605E+04
L1 0.2895620259E+03  0.2895620259E+03  -.9298116014E+10  0.1000000000E+01
L2 0.1000000000E+01  0.3374257180E+02  0.3374257180E+02  0.3374257180E+02
L3 0.2957374849E+05  0.6111945152E+03  -.6919205480E+03  0.5718110548E+03
L4 0.1636950073E+03  0.2797856740E+03  0.2851046005E+03  0.2882966165E+03
L5 0.8531868910E+03  0.1496961264E+03  0.4323762609E+03  0.1665896319E+03
L6 0.7486620192E+03  -.9298116014E+04  0.1405518746E+04  -.1078868316E+05
L7 0.0000000000E+00  0.5539621063E+01  0.1113217395E+02  0.1070352684E+02
L8 0.4047432382E+01  0.4620350689E+02  0.7422136409E+01  0.0000000000E+00
L9 0.0000000000E+00  0.0000000000E+00  0.0000000000E+00  0.9853000549E+00  0.0000000000E+00
L0     7000  0.1400000000E+02  -.7517037719E+04  0.1731248759E+04
L1 0.2978474210E+03  0.2978474210E+03  -.9248286478E+10  0.1000000000E+01
L2 0.1000000000E+01  0.3369919080E+02  0.3369919080E+02  0.3369919080E+02
L3 0.2946163712E+05  -.1251517472E+04  -.1646514699E+03  -.1546180805E+03
L4 -.5235956740E+03  0.2759473715E+03  0.3022543758E+03  0.2992598594E+03
L5 0.8774616068E+03  0.5413164845E+03  0.3371667247E+03  0.3320447496E+03
L6 0.1210527959E+04  -.9248286478E+04  0.1282910599E+04  -.1060347689E+05
L7 0.0000000000E+00  0.2227870247E+01  0.6205726319E+01  0.1087601838E+02
L8 0.2311848474E+01  0.4607585193E+02  0.4582493909E+01  0.0000000000E+00
L9 0.0000000000E+00  0.0000000000E+00  0.0000000000E+00  0.9890494510E+00  0.0000000000E+00
L0     8000  0.1600000000E+02  -.7546278749E+04  0.1725276860E+04
L1 0.2968200038E+03  0.2968200038E+03  -.9271555609E+10  0.1000000000E+01
L2 0.1000000000E+01  0.3368642713E+02  0.3368642713E+02  0.3368642713E+02
L3 0.2942821217E+05  -.9806907129E+03  0.3947929913E+02  -.6734917305E+03
L4 -.5382343815E+03  0.2922325994E+03  0.2974325172E+03  0.2591231353E+03
L5 0.8487882520E+03  0.4999402633E+03  0.2890709075E+03  0.4017668783E+03
L6 0.1190778049E+04  -.9271555609E+04  0.1303495139E+04  -.1065212627E+05
L7 0.0000000000E+00  0.2312036536E+01  0.1272210250E+02  0.1057914548E+02
L8 0.2510444729E+01  0.4475279929E+02  0.4198990072E+01  0.0000000000E+00
L9 0.0000000000E+00  0.0000000000E+00  0.0000000000E+00  0.9901728262E+00  0.0000000000E+00
L0     9000  0.1800000000E+02  -.7470302939E+04  0.1736715754E+04
L1 0.2987879735E+03  0.2987879735E+03  -.9207018693E+10  0.1000000000E+01
L2 0.1000000000E+01  0.3375484012E+02  0.3375484012E+02  0.3375484012E+02
L3 0.2960665579E+05  -.8359266356E+02  0.7307160739E+02  -.2229315415E+03
L4 -.7781753255E+02  0.2962747292E+03  0.2758462731E+03  0.2796528027E+03
L5 0.8517738051E+03  0.3140867871E+03  0.2602760586E+03  0.3271554107E+03
L6 0.9015182564E+03  -.9207018693E+04  0.1343438625E+04  -.1062526663E+05
L7 0.0000000000E+00  0.1980227062E+01  0.7636958258E+01  0.1059093771E+02
L8 0.3477920514E+01  0.4935177001E+02  0.1771502018E+01  0.0000000000E+00
L9 0.0000000000E+00  0.0000000000E+00  0.0000000000E+00  0.9842049106E+00  0.0000000000E+00
L0    10000  0.2000000000E+02  -.7569145643E+04  0.1728483429E+04
L1 0.2973716681E+03  0.2973716681E+03  -.9297629071E+10  0.1000000000E+01
L2 0.1000000000E+01  0.3377852574E+02  0.3377852574E+02  0.3377852574E+02
L3 0.2966932200E+05  -.1519930656E+03  -.2977502324E+03  -.1213790557E+03
L4 -.1903741179E+03  0.2810213036E+03  0.2917470569E+03  0.2818450279E+03
L5 0.8546133884E+03  0.3134767791E+03  0.3553264402E+03  0.3077634141E+03
L6 0.9765666334E+03  -.9297629071E+04  0.1372422483E+04  -.1074664460E+05
L7 0.0000000000E+00  0.2589671120E+01  0.9682974478E+01  0.1142262910E+02
L8 0.3125784746E+01  0.4555804857E+02  0.4213939964E+01  0.0000000000E+00
L9 0.0000000000E+00  0.0000000000E+00  0.0000000000E+00  0.9821261173E+00  0.0000000000E+00
