L0  Nsteps           time(ps)         Etot             EKinetic        
L1  Temp             T_solute         T_solv           Pres_scal_solu  
L2  Pres_scal_solv   BoxX             BoxY             BoxZ            
L3  volume           pres_X           pres_Y           pres_Z          
L4  Pressure         EKCoM_x          EKCoM_y          EKCoM_z         
L5  EKComTot         VIRIAL_x         VIRIAL_y         VIRIAL_z        
L6  VIRIAL_tot       E_pot            E_vdw            E_el            
L7  E_hbon           E_bon            E_angle          E_dih           
L8  E_14vdw          E_14el           E_const          E_pol           
L9  AV_permMoment    AV_indMoment     AV_totMoment     Density          dV/dlambda      
L0     1000  0.2000000000E+01  -.7458477756E+04  0.1717607866E+04
L1 0.2925006089E+03  0.2925006089E+03  -.9176085623E+10  0.1000000000E+01
L2 0.1000000000E+01  0.3480071969E+02  0.3480071969E+02  0.3480071969E+02
L3 0.3244606416E+05  -.1131977678E+04  -.2210993606E+02  -.3306079936E+03
L4 -.4948985358E+03  0.2824728790E+03  0.2935579019E+03  0.2966464697E+03
L5 0.8726772506E+03  0.5468089714E+03  0.2987209490E+03  0.3738490743E+03
L6 0.1219378995E+04  -.9176085623E+04  0.1398751207E+04  -.1065651088E+05
L7 0.0000000000E+00  0.2461318713E+01  0.1162777641E+02  0.1220272018E+02
L8 0.3560972207E+01  0.4840312367E+02  0.3418139088E+01  0.0000000000E+00
L9 0.0000000000E+00  0.0000000000E+00  0.0000000000E+00  0.9072959848E+00  0.0000000000E+00
L0     2000  0.4000000000E+01  -.7617999876E+04  0.1728144970E+04
L1 0.2942950284E+03  0.2942950284E+03  -.9346144846E+10  0.1000000000E+01
L2 0.1000000000E+01  0.3421613389E+02  0.3421613389E+02  0.3421613389E+02
L3 0.3083911824E+05  -.4228921078E+03  -.9893378432E+03  -.9858517767E+03
L4 -.7993605759E+03  0.2916402745E+03  0.2617881674E+03  0.2939539067E+03
L5 0.8473823486E+03  0.3855019089E+03  0.4813734121E+03  0.5127654128E+03
L6 0.1379640734E+04  -.9346144846E+04  0.1356901180E+04  -.1078567283E+05
L7 0.0000000000E+00  0.3192459347E+01  0.7655396280E+01  0.1508939581E+02
L8 0.3237039080E+01  0.4748403747E+02  0.5968476806E+01  0.0000000000E+00
L9 0.0000000000E+00  0.0000000000E+00  0.0000000000E+00  0.9545728095E+00  0.0000000000E+00
L0     3000  0.6000000000E+01  -.7589661253E+04  0.1753664099E+04
L1 0.2986408171E+03  0.2986408171E+03  -.9343325352E+10  0.1000000000E+01
L2 0.1000000000E+01  0.3393816771E+02  0.3393816771E+02  0.3393816771E+02
L3 0.3009198385E+05  -.6920668080E+02  0.3982643388E+02  -.5492076444E+03
L4 -.1928626304E+03  0.2750543092E+03  0.2660904180E+03  0.3069800862E+03
L5 0.8481248135E+03  0.2900427143E+03  0.2574650264E+03  0.4259244790E+03
L6 0.9734322197E+03  -.9343325352E+04  0.1374359744E+04  -.1079242158E+05
L7 0.0000000000E+00  0.2718189694E+01  0.6174866506E+01  0.1294378575E+02
L8 0.2983493905E+01  0.4700019803E+02  0.2915953140E+01  0.0000000000E+00
L9 0.0000000000E+00  0.0000000000E+00  0.0000000000E+00  0.9782732799E+00  0.0000000000E+00
L0     4000  0.8000000000E+01  -.7593523979E+04  0.1758406952E+04
L1 0.2994485029E+03  0.2994485029E+03  -.9351930932E+10  0.1000000000E+01
L2 0.1000000000E+01  0.3388710430E+02  0.3388710430E+02  0.3388710430E+02
L3 0.2995707733E+05  -.3139478624E+03  -.5796945015E+03  -.4916224421E+03
L4 -.4617549353E+03  0.2953840454E+03  0.2845361773E+03  0.3079198234E+03
L5 0.8878400461E+03  0.3630723367E+03  0.4095204023E+03  0.4139153948E+03
L6 0.1186508134E+04  -.9351930932E+04  0.1312429627E+04  -.1074071118E+05
L7 0.0000000000E+00  0.8851792411E+00  0.7788159503E+01  0.1136087660E+02
L8 0.4406788091E+01  0.5090225260E+02  0.1007365439E+01  0.0000000000E+00
L9 0.0000000000E+00  0.0000000000E+00  0.0000000000E+00  0.9826787645E+00  0.0000000000E+00
L0     5000  0.1000000000E+02  -.7659999509E+04  0.1738793065E+04
L1 0.2961083493E+03  0.2961083493E+03  -.9398792574E+10  0.1000000000E+01
L2 0.1000000000E+01  0.3386428400E+02  0.3386428400E+02  0.3386428400E+02
L3 0.2989524400E+05  -.7167428196E+03  0.6073579049E+03  0.2460439652E+03
L4 0.4555301683E+02  0.2903245609E+03  0.2940842213E+03  0.2933923732E+03
L5 0.8778011555E+03  0.4445379329E+03  0.1634059530E+03  0.2404539015E+03
L6 0.8483977874E+03  -.9398792574E+04  0.1404623559E+04  -.1087621847E+05
L7 0.0000000000E+00  0.3537386528E+01  0.6322531321E+01  0.1096441088E+02
L8 0.2936000524E+01  0.4643751771E+02  0.2604493956E+01  0.0000000000E+00
L9 0.0000000000E+00  0.0000000000E+00  0.0000000000E+00  0.9847112718E+00  0.0000000000E+00
L0     6000  0.1200000000E+02  -.7611234996E+04  0.1772661907E+04
L1 0.3018760552E+03  0.3018760552E+03  -.9383896903E+10  0.1000000000E+01
L2 0.1000000000E+01  0.3382524814E+02  0.3382524814E+02  0.3382524814E+02
L3 0.2979264261E+05  -.8392334655E+02  -.3857020748E+03  -.1405130745E+03
L4 -.2033794986E+03  0.3033098465E+03  0.3048233662E+03  0.2810006694E+03
L5 0.8891338821E+03  0.3213047036E+03  0.3875256651E+03  0.3111295047E+03
L6 0.1019959873E+04  -.9383896903E+04  0.1356697367E+04  -.1081643541E+05
L7 0.0000000000E+00  0.2492520180E+01  0.7781519365E+01  0.1186255343E+02
L8 0.3338798436E+01  0.4765825474E+02  0.2707497599E+01  0.0000000000E+00
L9 0.0000000000E+00  0.0000000000E+00  0.0000000000E+00  0.9881024694E+00  0.0000000000E+00
L0     7000  0.1400000000E+02  -.7597241119E+04  0.1718295698E+04
L1 0.2926177434E+03  0.2926177434E+03  -.9315536817E+10  0.1000000000E+01
L2 0.1000000000E+01  0.3376991513E+02  0.3376991513E+02  0.3376991513E+02
L3 0.2964660338E+05  -.3708800938E+03  0.1377617209E+03  -.2982259607E+03
L4 -.1771147779E+03  0.2808449957E+03  0.2751731658E+03  0.2796423619E+03
L5 0.8356605234E+03  0.3599793472E+03  0.2457790715E+03  0.3432745664E+03
L6 0.9490329851E+03  -.9315536817E+04  0.1351207650E+04  -.1076199346E+05
L7 0.0000000000E+00  0.1151977489E+02  0.1296012087E+02  0.1559216527E+02
L8 0.2781084823E+01  0.4565740228E+02  0.6738447589E+01  0.0000000000E+00
L9 0.0000000000E+00  0.0000000000E+00  0.0000000000E+00  0.9929698644E+00  0.0000000000E+00
L0     8000  0.1600000000E+02  -.7516660449E+04  0.1746652241E+04
L1 0.2974467304E+03  0.2974467304E+03  -.9263312690E+10  0.1000000000E+01
L2 0.1000000000E+01  0.3383614383E+02  0.3383614383E+02  0.3383614383E+02
L3 0.2982021008E+05  0.4370898567E+03  0.6985212036E+02  0.2723342803E+03
L4 0.2597587525E+03  0.2631867750E+03  0.3035783421E+03  0.2874823940E+03
L5 0.8542475112E+03  0.1693791789E+03  0.2885867805E+03  0.2290344027E+03
L6 0.6870003621E+03  -.9263312690E+04  0.1389333088E+04  -.1072968400E+05
L7 0.0000000000E+00  0.2721646748E+01  0.9670431756E+01  0.1014623272E+02
L8 0.3991545359E+01  0.4721831936E+02  0.3290045993E+01  0.0000000000E+00
L9 0.0000000000E+00  0.0000000000E+00  0.0000000000E+00  0.9871890123E+00  0.0000000000E+00
L0     9000  0.1800000000E+02  -.7692196714E+04  0.1689860129E+04
L1 0.2877752986E+03  0.2877752986E+03  -.9382056843E+10  0.1000000000E+01
L2 0.1000000000E+01  0.3385968232E+02  0.3385968232E+02  0.3385968232E+02
L3 0.2988477272E+05  -.6817722509E+03  -.8491556699E+03  -.2614546123E+03
L4 -.5974608444E+03  0.2776988537E+03  0.2655095244E+03  0.2894010403E+03
L5 0.8326094183E+03  0.4243366273E+03  0.4481486634E+03  0.3456355412E+03
L6 0.1218120832E+04  -.9382056843E+04  0.1334491378E+04  -.1079129756E+05
L7 0.0000000000E+00  0.2797074151E+01  0.7035047946E+01  0.9731945431E+01
L8 0.3597048782E+01  0.4875026007E+02  0.2837966804E+01  0.0000000000E+00
L9 0.0000000000E+00  0.0000000000E+00  0.0000000000E+00  0.9850563032E+00  0.0000000000E+00
L0    10000  0.2000000000E+02  -.7506492207E+04  0.1815972887E+04
L1 0.3092517131E+03  0.3092517131E+03  -.9322465094E+10  0.1000000000E+01
L2 0.1000000000E+01  0.3385142270E+02  0.3385142270E+02  0.3385142270E+02
L3 0.2986261689E+05  -.3559846674E+03  -.3656032166E+03  -.7428711774E+03
L4 -.4881530205E+03  0.3105396607E+03  0.2798755239E+03  0.3143754997E+03
L5 0.9047906844E+03  0.3870492262E+03  0.3584523443E+03  0.4740361711E+03
L6 0.1219537742E+04  -.9322465094E+04  0.1294010708E+04  -.1069151960E+05
L7 0.0000000000E+00  0.3600721433E+01  0.8969574394E+01  0.1301800766E+02
L8 0.3233739958E+01  0.4378657563E+02  0.2435179995E+01  0.0000000000E+00
L9 0.0000000000E+00  0.0000000000E+00  0.0000000000E+00  0.9857871415E+00  0.0000000000E+00
