L0  Nsteps           time(ps)         Etot             EKinetic        
L1  Temp             T_solute         T_solv           Pres_scal_solu  
L2  Pres_scal_solv   BoxX             BoxY             BoxZ            
L3  volume           pres_X           pres_Y           pres_Z          
L4  Pressure         EKCoM_x          EKCoM_y          EKCoM_z         
L5  EKComTot         VIRIAL_x         VIRIAL_y         VIRIAL_z        
L6  VIRIAL_tot       E_pot            E_vdw            E_el            
L7  E_hbon           E_bon            E_angle          E_dih           
L8  E_14vdw          E_14el           E_const          E_pol           
L9  AV_permMoment    AV_indMoment     AV_totMoment     Density          dV/dlambda      
L0     1000  0.2000000000E+01  -.7258111846E+04  0.1635958426E+04
L1 0.2876490028E+03  0.2876490028E+03  -.8894070272E+10  0.1000000000E+01
L2 0.1000000000E+01  0.3455643795E+02  0.3455643795E+02  0.3455643795E+02
L3 0.3176738613E+05  -.7824677110E+03  -.1626160667E+03  -.3248867431E+03
L4 -.4233235069E+03  0.2762262602E+03  0.2667794236E+03  0.2817837770E+03
L5 0.8247894608E+03  0.4551238490E+03  0.3039587498E+03  0.3560634618E+03
L6 0.1115146061E+04  -.8894070272E+04  0.1359152745E+04  -.1032806742E+05
L7 0.0000000000E+00  0.3135363143E+01  0.9526101717E+01  0.1166448599E+02
L8 0.4337969426E+01  0.4307193790E+02  0.3108546328E+01  0.0000000000E+00
L9 0.0000000000E+00  0.0000000000E+00  0.0000000000E+00  0.8974853543E+00  0.0000000000E+00
L0     2000  0.4000000000E+01  -.7276561655E+04  0.1658466079E+04
L1 0.2916065019E+03  0.2916065019E+03  -.8935027735E+10  0.1000000000E+01
L2 0.1000000000E+01  0.3389978999E+02  0.3389978999E+02  0.3389978999E+02
L3 0.2999075658E+05  -.5710088489E+03  -.7184397879E+03  -.1218372262E+03
L4 -.4704286210E+03  0.2594930065E+03  0.2807732774E+03  0.2841575316E+03
L5 0.8244238155E+03  0.3827429817E+03  0.4358456309E+03  0.3104556093E+03
L6 0.1129044222E+04  -.8935027735E+04  0.1310485194E+04  -.1032091360E+05
L7 0.0000000000E+00  0.3819174989E+01  0.8908994153E+01  0.9865438766E+01
L8 0.4037122857E+01  0.4572728946E+02  0.3042655489E+01  0.0000000000E+00
L9 0.0000000000E+00  0.0000000000E+00  0.0000000000E+00  0.9506517022E+00  0.0000000000E+00
L0     3000  0.6000000000E+01  -.7311608079E+04  0.1641271452E+04
L1 0.2885831870E+03  0.2885831870E+03  -.8952879531E+10  0.1000000000E+01
L2 0.1000000000E+01  0.3368213637E+02  0.3368213637E+02  0.3368213637E+02
L3 0.2941512237E+05  0.1098094812E+03  0.2090549478E+03  0.1771015696E+03
L4 0.1653219995E+03  0.2747383828E+03  0.2788572390E+03  0.2838331626E+03
L5 0.8374287844E+03  0.2514913740E+03  0.2345996562E+03  0.2463402094E+03
L6 0.7324312397E+03  -.8952879531E+04  0.1347354858E+04  -.1037352387E+05
L7 0.0000000000E+00  0.5410965361E+01  0.8711307752E+01  0.9017591638E+01
L8 0.4125438910E+01  0.4209210556E+02  0.3932076570E+01  0.0000000000E+00
L9 0.0000000000E+00  0.0000000000E+00  0.0000000000E+00  0.9692553182E+00  0.0000000000E+00
L0     4000  0.8000000000E+01  -.7346851423E+04  0.1689197679E+04
L1 0.2970100096E+03  0.2970100096E+03  -.9036049102E+10  0.1000000000E+01
L2 0.1000000000E+01  0.3356246997E+02  0.3356246997E+02  0.3356246997E+02
L3 0.2910391897E+05  -.3360727727E+03  -.3469128297E+03  -.2118289162E+03
L4 -.2982715062E+03  0.2915508391E+03  0.2854019022E+03  0.2632422994E+03
L5 0.8401950407E+03  0.3619457692E+03  0.3580674269E+03  0.3076126946E+03
L6 0.1027625891E+04  -.9036049102E+04  0.1311219919E+04  -.1041667806E+05
L7 0.0000000000E+00  0.1764894665E+01  0.5725014941E+01  0.1019884629E+02
L8 0.4202368511E+01  0.4595933296E+02  0.1558583883E+01  0.0000000000E+00
L9 0.0000000000E+00  0.0000000000E+00  0.0000000000E+00  0.9796194052E+00  0.0000000000E+00
L0     5000  0.1000000000E+02  -.7386901668E+04  0.1691933194E+04
L1 0.2974909927E+03  0.2974909927E+03  -.9078834862E+10  0.1000000000E+01
L2 0.1000000000E+01  0.3351371152E+02  0.3351371152E+02  0.3351371152E+02
L3 0.2897725581E+05  -.3610745741E+03  -.2545380646E+03  -.2749084200E+03
L4 -.2968403529E+03  0.3197658824E+03  0.2832080124E+03  0.2790318581E+03
L5 0.8820057529E+03  0.3950686161E+03  0.3362923708E+03  0.3363644897E+03
L6 0.1067725477E+04  -.9078834862E+04  0.1307070060E+04  -.1045853812E+05
L7 0.0000000000E+00  0.1324437195E+01  0.1098413151E+02  0.1010866490E+02
L8 0.2332899548E+01  0.4390492147E+02  0.3978143947E+01  0.0000000000E+00
L9 0.0000000000E+00  0.0000000000E+00  0.0000000000E+00  0.9839014426E+00  0.0000000000E+00
L0     6000  0.1200000000E+02  -.7310058070E+04  0.1741627320E+04
L1 0.3062286632E+03  0.3062286632E+03  -.9051685390E+10  0.1000000000E+01
L2 0.1000000000E+01  0.3357756444E+02  0.3357756444E+02  0.3357756444E+02
L3 0.2914274684E+05  -.6152034080E+03  -.6240818219E+02  0.3108789778E+03
L4 -.1222442041E+03  0.2829021707E+03  0.2941765626E+03  0.2889134127E+03
L5 0.8659921460E+03  0.4119366567E+03  0.3072662295E+03  0.2237087851E+03
L6 0.9429116714E+03  -.9051685390E+04  0.1325043765E+04  -.1044522908E+05
L7 0.0000000000E+00  0.4870559669E+01  0.6353686568E+01  0.9737757388E+01
L8 0.2519255322E+01  0.4298756574E+02  0.2031096631E+01  0.0000000000E+00
L9 0.0000000000E+00  0.0000000000E+00  0.0000000000E+00  0.9783142252E+00  0.0000000000E+00
L0     7000  0.1400000000E+02  -.7270814068E+04  0.1733923172E+04
L1 0.3048740502E+03  0.3048740502E+03  -.9004737240E+10  0.1000000000E+01
L2 0.1000000000E+01  0.3354280281E+02  0.3354280281E+02  0.3354280281E+02
L3 0.2905294306E+05  0.6417990008E+00  -.1361173685E+03  -.9418088502E+03
L4 -.3590948066E+03  0.2674043767E+03  0.2957385091E+03  0.2802409715E+03
L5 0.8433838574E+03  0.2672701788E+03  0.3242001712E+03  0.4771698829E+03
L6 0.1068640233E+04  -.9004737240E+04  0.1280201867E+04  -.1035119300E+05
L7 0.0000000000E+00  0.2803412436E+01  0.8412440454E+01  0.8989383821E+01
L8 0.2569465824E+01  0.4077292673E+02  0.2706264395E+01  0.0000000000E+00
L9 0.0000000000E+00  0.0000000000E+00  0.0000000000E+00  0.9813382326E+00  0.0000000000E+00
L0     8000  0.1600000000E+02  -.7320595173E+04  0.1715836787E+04
L1 0.3016939385E+03  0.3016939385E+03  -.9036431960E+10  0.1000000000E+01
L2 0.1000000000E+01  0.3352663490E+02  0.3352663490E+02  0.3352663490E+02
L3 0.2900950253E+05  0.3113671765E+03  0.8732641727E+03  -.5815136848E+03
L4 0.2010392215E+03  0.2733920301E+03  0.2818443069E+03  0.2757527221E+03
L5 0.8309890591E+03  0.2083835982E+03  0.9952086780E+02  0.3971633768E+03
L6 0.7050678428E+03  -.9036431960E+04  0.1367313715E+04  -.1047545006E+05
L7 0.0000000000E+00  0.1648378424E+01  0.8707361071E+01  0.1030382973E+02
L8 0.3617274255E+01  0.4542738547E+02  0.2000153164E+01  0.0000000000E+00
L9 0.0000000000E+00  0.0000000000E+00  0.0000000000E+00  0.9828077459E+00  0.0000000000E+00
L0     9000  0.1800000000E+02  -.7440136811E+04  0.1628930690E+04
L1 0.2864133226E+03  0.2864133226E+03  -.9069067500E+10  0.1000000000E+01
L2 0.1000000000E+01  0.3344911961E+02  0.3344911961E+02  0.3344911961E+02
L3 0.2880876766E+05  -.5007500648E+02  0.1406442950E+03  0.4954789187E+03
L4 0.1953494024E+03  0.2840644937E+03  0.2510941704E+03  0.2732431241E+03
L5 0.8084017882E+03  0.2944470017E+03  0.2219331054E+03  0.1705109587E+03
L6 0.6868910658E+03  -.9069067500E+04  0.1373197390E+04  -.1051873578E+05
L7 0.0000000000E+00  0.5235707951E+01  0.9151012311E+01  0.1106252453E+02
L8 0.3404142460E+01  0.4594697409E+02  0.1670530842E+01  0.0000000000E+00
L9 0.0000000000E+00  0.0000000000E+00  0.0000000000E+00  0.9896557926E+00  0.0000000000E+00
L0    10000  0.2000000000E+02  -.7343983201E+04  0.1714676050E+04
L1 0.3014898472E+03  0.3014898472E+03  -.9058659251E+10  0.1000000000E+01
L2 0.1000000000E+01  0.3347764431E+02  0.3347764431E+02  0.3347764431E+02
L3 0.2888241013E+05  0.6418097294E+03  -.5358607418E+03  0.6232524962E+03
L4 0.2430671613E+03  0.2903174259E+03  0.2860506124E+03  0.2865537781E+03
L5 0.8629218164E+03  0.1569049920E+03  0.3974395218E+03  0.1569988202E+03
L6 0.7113433340E+03  -.9058659251E+04  0.1373509960E+04  -.1050935228E+05
L7 0.0000000000E+00  0.5869947280E+01  0.1130098916E+02  0.1260873475E+02
L8 0.3035128974E+01  0.4152108809E+02  0.2847184037E+01  0.0000000000E+00
L9 0.0000000000E+00  0.0000000000E+00  0.0000000000E+00  0.9871324333E+00  0.0000000000E+00
