L0  Nsteps           time(ps)         Etot             EKinetic        
L1  Temp             T_solute         T_solv           Pres_scal_solu  
L2  Pres_scal_solv   BoxX             BoxY             BoxZ            
L3  volume           pres_X           pres_Y           pres_Z          
L4  Pressure         EKCoM_x          EKCoM_y          EKCoM_z         
L5  EKComTot         VIRIAL_x         VIRIAL_y         VIRIAL_z        
L6  VIRIAL_tot       E_pot            E_vdw            E_el            
L7  E_hbon           E_bon            E_angle          E_dih           
L8  E_14vdw          E_14el           E_const          E_pol           
L9  AV_permMoment    AV_indMoment     AV_totMoment     Density          dV/dlambda      
L0     1000  0.2000000000E+01  -.6799623406E+04  0.1595223753E+04
L1 0.2979780374E+03  0.2979780374E+03  -.8394847159E+10  0.1000000000E+01
L2 0.1000000000E+01  0.3377733220E+02  0.3377733220E+02  0.3377733220E+02
L3 0.2966906806E+05  -.1260372425E+04  -.1422161636E+04  -.1165678066E+04
L4 -.1282737376E+04  0.2460765012E+03  0.2786022975E+03  0.2708137388E+03
L5 0.7954925376E+03  0.5152048071E+03  0.5822775798E+03  0.5197218846E+03
L6 0.1617204272E+04  -.8394847159E+04  0.1168071354E+04  -.9641295533E+04
L7 0.0000000000E+00  0.2600831661E+01  0.8696481804E+01  0.1370628903E+02
L8 0.3495896116E+01  0.4652233526E+02  0.3355187383E+01  0.0000000000E+00
L9 0.0000000000E+00  0.0000000000E+00  0.0000000000E+00  0.9044916573E+00  0.0000000000E+00
L0     2000  0.4000000000E+01  -.6771731540E+04  0.1624350455E+04
L1 0.3034187271E+03  0.3034187271E+03  -.8396081994E+10  0.1000000000E+01
L2 0.1000000000E+01  0.3326712984E+02  0.3326712984E+02  0.3326712984E+02
L3 0.2834221197E+05  -.3324578614E+03  0.1494365073E+03  -.5579273863E+03
L4 -.2469829135E+03  0.2926443020E+03  0.2773446740E+03  0.2498069091E+03
L5 0.8197958852E+03  0.3604594836E+03  0.2468624233E+03  0.3636136539E+03
L6 0.9709355608E+03  -.8396081994E+04  0.1255823285E+04  -.9726677299E+04
L7 0.0000000000E+00  0.3197292002E+01  0.9722152112E+01  0.1284452759E+02
L8 0.3621471256E+01  0.4361306785E+02  0.1773508269E+01  0.0000000000E+00
L9 0.0000000000E+00  0.0000000000E+00  0.0000000000E+00  0.9468359268E+00  0.0000000000E+00
L0     3000  0.6000000000E+01  -.6882309202E+04  0.1622855596E+04
L1 0.3031394968E+03  0.3031394968E+03  -.8505164799E+10  0.1000000000E+01
L2 0.1000000000E+01  0.3291245793E+02  0.3291245793E+02  0.3291245793E+02
L3 0.2744501616E+05  -.2667686280E+03  -.1369017292E+03  0.6557473094E+02
L4 -.1126985421E+03  0.2648964829E+03  0.2586269749E+03  0.2575483219E+03
L5 0.7810717797E+03  0.3175897136E+03  0.2856683645E+03  0.2445957328E+03
L6 0.8478538108E+03  -.8505164799E+04  0.1263574969E+04  -.9846313728E+04
L7 0.0000000000E+00  0.3126185840E+01  0.1157091043E+02  0.1014163218E+02
L8 0.1764589936E+01  0.4302323207E+02  0.7947410236E+01  0.0000000000E+00
L9 0.0000000000E+00  0.0000000000E+00  0.0000000000E+00  0.9777886222E+00  0.0000000000E+00
L0     4000  0.8000000000E+01  -.6880537527E+04  0.1558880356E+04
L1 0.2911893132E+03  0.2911893132E+03  -.8439417883E+10  0.1000000000E+01
L2 0.1000000000E+01  0.3291604849E+02  0.3291604849E+02  0.3291604849E+02
L3 0.2745438142E+05  -.4142716237E+03  -.2525393285E+03  -.1392184225E+03
L4 -.2686764582E+03  0.2614239731E+03  0.2722437179E+03  0.2438272220E+03
L5 0.7774949130E+03  0.3432805218E+03  0.3221433409E+03  0.2713355979E+03
L6 0.9367594606E+03  -.8439417883E+04  0.1198542037E+04  -.9710455337E+04
L7 0.0000000000E+00  0.1906330555E+01  0.8853237970E+01  0.1283896550E+02
L8 0.3100498763E+01  0.4302885927E+02  0.2767524976E+01  0.0000000000E+00
L9 0.0000000000E+00  0.0000000000E+00  0.0000000000E+00  0.9774550783E+00  0.0000000000E+00
L0     5000  0.1000000000E+02  -.6905497019E+04  0.1579043532E+04
L1 0.2949556712E+03  0.2949556712E+03  -.8484540551E+10  0.1000000000E+01
L2 0.1000000000E+01  0.3288795853E+02  0.3288795853E+02  0.3288795853E+02
L3 0.2738328091E+05  -.2298074904E+02  0.1091470224E+04  -.8020075281E+03
L4 0.8882731561E+02  0.2626128084E+03  0.2704825834E+03  0.2553463346E+03
L5 0.7884417263E+03  0.2671418492E+03  0.5537587530E+02  0.4134057992E+03
L6 0.7359235237E+03  -.8484540551E+04  0.1263306184E+04  -.9817473315E+04
L7 0.0000000000E+00  0.3561492372E+01  0.7112717932E+01  0.1035488086E+02
L8 0.2536789640E+01  0.4346118551E+02  0.2599513989E+01  0.0000000000E+00
L9 0.0000000000E+00  0.0000000000E+00  0.0000000000E+00  0.9799930341E+00  0.0000000000E+00
L0     6000  0.1200000000E+02  -.6929780783E+04  0.1569609761E+04
L1 0.2931935005E+03  0.2931935005E+03  -.8499390544E+10  0.1000000000E+01
L2 0.1000000000E+01  0.3284597537E+02  0.3284597537E+02  0.3284597537E+02
L3 0.2727817811E+05  0.7412460037E+03  -.1508424542E+03  0.1299770446E+03
L4 0.2401268647E+03  0.2525926436E+03  0.2587881704E+03  0.2597478553E+03
L5 0.7711286693E+03  0.1070687502E+03  0.2884020653E+03  0.2342303274E+03
L6 0.6297011428E+03  -.8499390544E+04  0.1298037449E+04  -.9874061885E+04
L7 0.0000000000E+00  0.4072799858E+01  0.1125271425E+02  0.1098333045E+02
L8 0.3098347796E+01  0.4527974508E+02  0.1946954621E+01  0.0000000000E+00
L9 0.0000000000E+00  0.0000000000E+00  0.0000000000E+00  0.9837689466E+00  0.0000000000E+00
L0     7000  0.1400000000E+02  -.6925395299E+04  0.1623222039E+04
L1 0.3032079461E+03  0.3032079461E+03  -.8548617338E+10  0.1000000000E+01
L2 0.1000000000E+01  0.3277191067E+02  0.3277191067E+02  0.3277191067E+02
L3 0.2709419711E+05  -.5865103585E+03  0.6297928292E+03  0.5123937121E+03
L4 0.1852253943E+03  0.2642605105E+03  0.2687103985E+03  0.2772203449E+03
L5 0.8101912539E+03  0.3786295708E+03  0.1459012903E+03  0.1773039726E+03
L6 0.7018348337E+03  -.8548617338E+04  0.1277555120E+04  -.9897084857E+04
L7 0.0000000000E+00  0.2873990210E+01  0.8365350622E+01  0.1011601885E+02
L8 0.2187144002E+01  0.4409178054E+02  0.3278114642E+01  0.0000000000E+00
L9 0.0000000000E+00  0.0000000000E+00  0.0000000000E+00  0.9904491515E+00  0.0000000000E+00
L0     8000  0.1600000000E+02  -.7054489369E+04  0.1513922227E+04
L1 0.2827914098E+03  0.2827914098E+03  -.8568411596E+10  0.1000000000E+01
L2 0.1000000000E+01  0.3276392637E+02  0.3276392637E+02  0.3276392637E+02
L3 0.2707486890E+05  0.4446555866E+02  -.3147405232E+03  0.2420826829E+03
L4 -.9397427204E+01  0.2496642688E+03  0.2426651220E+03  0.2389054430E+03
L5 0.7312348338E+03  0.2409997051E+03  0.3039954948E+03  0.1917331849E+03
L6 0.7367283849E+03  -.8568411596E+04  0.1293227398E+04  -.9936356709E+04
L7 0.0000000000E+00  0.3956405075E+01  0.1037588746E+02  0.9603145675E+01
L8 0.3381031859E+01  0.4561399291E+02  0.1787252733E+01  0.0000000000E+00
L9 0.0000000000E+00  0.0000000000E+00  0.0000000000E+00  0.9911562137E+00  0.0000000000E+00
L0     9000  0.1800000000E+02  -.6996663584E+04  0.1574263138E+04
L1 0.2940627228E+03  0.2940627228E+03  -.8570926722E+10  0.1000000000E+01
L2 0.1000000000E+01  0.3283058488E+02  0.3283058488E+02  0.3283058488E+02
L3 0.2724049058E+05  0.1442082749E+03  -.1137343661E+03  -.9947573936E+02
L4 -.2300061018E+02  0.2645570431E+03  0.2651283941E+03  0.2717050108E+03
L5 0.8013904480E+03  0.2362847075E+03  0.2874262557E+03  0.2912074387E+03
L6 0.8149184019E+03  -.8570926722E+04  0.1260469308E+04  -.9909836252E+04
L7 0.0000000000E+00  0.1392172742E+01  0.1070178877E+02  0.1269125829E+02
L8 0.3987681174E+01  0.4578991504E+02  0.3877405737E+01  0.0000000000E+00
L9 0.0000000000E+00  0.0000000000E+00  0.0000000000E+00  0.9851300021E+00  0.0000000000E+00
L0    10000  0.2000000000E+02  -.6966901622E+04  0.1636276791E+04
L1 0.3056464938E+03  0.3056464938E+03  -.8603178413E+10  0.1000000000E+01
L2 0.1000000000E+01  0.3283222052E+02  0.3283222052E+02  0.3283222052E+02
L3 0.2724415540E+05  -.6611581952E+03  0.7678648191E+03  0.3264813120E+03
L4 0.1443959786E+03  0.2651726176E+03  0.2834790955E+03  0.2673079168E+03
L5 0.8159596299E+03  0.3948115107E+03  0.1329173299E+03  0.2032919579E+03
L6 0.7310207984E+03  -.8603178413E+04  0.1304122690E+04  -.9978220655E+04
L7 0.0000000000E+00  0.2083878369E+01  0.8290579616E+01  0.9579026907E+01
L8 0.2297421922E+01  0.4505777439E+02  0.3610870268E+01  0.0000000000E+00
L9 0.0000000000E+00  0.0000000000E+00  0.0000000000E+00  0.9849974847E+00  0.0000000000E+00
