L0  Nsteps           time(ps)         Etot             EKinetic        
L1  Temp             T_solute         T_solv           Pres_scal_solu  
L2  Pres_scal_solv   BoxX             BoxY             BoxZ            
L3  volume           pres_X           pres_Y           pres_Z          
L4  Pressure         EKCoM_x          EKCoM_y          EKCoM_z         
L5  EKComTot         VIRIAL_x         VIRIAL_y         VIRIAL_z        
L6  VIRIAL_tot       E_pot            E_vdw            E_el            
L7  E_hbon           E_bon            E_angle          E_dih           
L8  E_14vdw          E_14el           E_const          E_pol           
L9  AV_permMoment    AV_indMoment     AV_totMoment     Density          dV/dlambda      
L0     1000  0.2000000000E+01  -.6676581063E+04  0.1593619864E+04
L1 0.2993451735E+03  0.2993451735E+03  -.8270200927E+10  0.1000000000E+01
L2 0.1000000000E+01  0.3372692334E+02  0.3372692334E+02  0.3372692334E+02
L3 0.2953434181E+05  -.4692064481E+03  -.2896446439E+03  -.7083107069E+03
L4 -.4890539330E+03  0.2593762316E+03  0.2630094799E+03  0.2692104169E+03
L5 0.7915961284E+03  0.3591112906E+03  0.3245766765E+03  0.4197697504E+03
L6 0.1103457717E+04  -.8270200927E+04  0.1252663670E+04  -.9596349597E+04
L7 0.0000000000E+00  0.1996832786E+01  0.7854965749E+01  0.1167151351E+02
L8 0.2503609641E+01  0.4741281078E+02  0.2045268277E+01  0.0000000000E+00
L9 0.0000000000E+00  0.0000000000E+00  0.0000000000E+00  0.9035529164E+00  0.0000000000E+00
L0     2000  0.4000000000E+01  -.6799073957E+04  0.1619097223E+04
L1 0.3041308344E+03  0.3041308344E+03  -.8418171180E+10  0.1000000000E+01
L2 0.1000000000E+01  0.3324841865E+02  0.3324841865E+02  0.3324841865E+02
L3 0.2829536505E+05  -.6850388257E+03  -.1098758479E+04  -.8587396678E+02
L4 -.6232237572E+03  0.2539144872E+03  0.2719766560E+03  0.2754130271E+03
L5 0.8013041703E+03  0.3934186181E+03  0.4957323629E+03  0.2929007557E+03
L6 0.1182051737E+04  -.8418171180E+04  0.1239641147E+04  -.9739635865E+04
L7 0.0000000000E+00  0.4491306381E+01  0.7091647384E+01  0.1522525139E+02
L8 0.2621169388E+01  0.4855755237E+02  0.3836612125E+01  0.0000000000E+00
L9 0.0000000000E+00  0.0000000000E+00  0.0000000000E+00  0.9431170311E+00  0.0000000000E+00
L0     3000  0.6000000000E+01  -.6866753940E+04  0.1549492464E+04
L1 0.2910562932E+03  0.2910562932E+03  -.8416246404E+10  0.1000000000E+01
L2 0.1000000000E+01  0.3290556603E+02  0.3290556603E+02  0.3290556603E+02
L3 0.2742748847E+05  0.6805458192E+03  -.3513286538E+03  -.3113591076E+03
L4 0.5952685904E+01  0.2662228545E+03  0.2543106825E+03  0.2552659947E+03
L5 0.7757995317E+03  0.1318845102E+03  0.3236622358E+03  0.3167276418E+03
L6 0.7722743878E+03  -.8416246404E+04  0.1255730839E+04  -.9749702660E+04
L7 0.0000000000E+00  0.5291133355E+01  0.7570112233E+01  0.1067271469E+02
L8 0.1996205186E+01  0.4812964407E+02  0.4065607426E+01  0.0000000000E+00
L9 0.0000000000E+00  0.0000000000E+00  0.0000000000E+00  0.9729596900E+00  0.0000000000E+00
L0     4000  0.8000000000E+01  -.6884254899E+04  0.1575409162E+04
L1 0.2959244796E+03  0.2959244796E+03  -.8459664062E+10  0.1000000000E+01
L2 0.1000000000E+01  0.3286743452E+02  0.3286743452E+02  0.3286743452E+02
L3 0.2733177176E+05  0.2416661183E+03  0.6977131510E+02  0.2932303735E+03
L4 0.2015559356E+03  0.2623189146E+03  0.2537162593E+03  0.2617220572E+03
L5 0.7777572311E+03  0.2147809993E+03  0.2399916094E+03  0.2040409858E+03
L6 0.6588135945E+03  -.8459664062E+04  0.1284829799E+04  -.9814341579E+04
L7 0.0000000000E+00  0.1862314367E+01  0.6192239107E+01  0.1109749317E+02
L8 0.4136613700E+01  0.4577204806E+02  0.7870097076E+00  0.0000000000E+00
L9 0.0000000000E+00  0.0000000000E+00  0.0000000000E+00  0.9763670248E+00  0.0000000000E+00
L0     5000  0.1000000000E+02  -.6936249550E+04  0.1621025820E+04
L1 0.3044931016E+03  0.3044931016E+03  -.8557275370E+10  0.1000000000E+01
L2 0.1000000000E+01  0.3287437223E+02  0.3287437223E+02  0.3287437223E+02
L3 0.2734880713E+05  -.2656455423E+03  0.8090706841E+03  0.4006491260E+03
L4 0.3146914226E+03  0.2457737341E+03  0.2834578436E+03  0.2551632384E+03
L5 0.7843948161E+03  0.2980611888E+03  0.1242071128E+03  0.1763028034E+03
L6 0.5985711050E+03  -.8557275370E+04  0.1347013172E+04  -.9984598743E+04
L7 0.0000000000E+00  0.5459047509E+01  0.6215991589E+01  0.1024459165E+02
L8 0.3815788703E+01  0.4933658756E+02  0.5238194435E+01  0.0000000000E+00
L9 0.0000000000E+00  0.0000000000E+00  0.0000000000E+00  0.9757588529E+00  0.0000000000E+00
L0     6000  0.1200000000E+02  -.6865785278E+04  0.1611790290E+04
L1 0.3027583018E+03  0.3027583018E+03  -.8477575568E+10  0.1000000000E+01
L2 0.1000000000E+01  0.3281651159E+02  0.3281651159E+02  0.3281651159E+02
L3 0.2720451727E+05  0.3595723914E+03  0.8433424315E+03  -.8846781363E+02
L4 0.3714823364E+03  0.2721885636E+03  0.2764142489E+03  0.2607263722E+03
L5 0.8093291847E+03  0.2017867345E+03  0.1112935357E+03  0.2780477685E+03
L6 0.5911280387E+03  -.8477575568E+04  0.1301477889E+04  -.9853084919E+04
L7 0.0000000000E+00  0.2742211281E+01  0.6550894130E+01  0.9949757624E+01
L8 0.4471871814E+01  0.4888488064E+02  0.1431847365E+01  0.0000000000E+00
L9 0.0000000000E+00  0.0000000000E+00  0.0000000000E+00  0.9809341740E+00  0.0000000000E+00
L0     7000  0.1400000000E+02  -.6887771717E+04  0.1599336002E+04
L1 0.3004188914E+03  0.3004188914E+03  -.8487107719E+10  0.1000000000E+01
L2 0.1000000000E+01  0.3279178591E+02  0.3279178591E+02  0.3279178591E+02
L3 0.2714397013E+05  -.4671163210E+03  -.4414930774E+02  0.5124377511E+03
L4 0.3907074541E+00  0.2490753156E+03  0.2673734498E+03  0.2931325803E+03
L5 0.8095813457E+03  0.3403299628E+03  0.2759983454E+03  0.1930240547E+03
L6 0.8093523629E+03  -.8487107719E+04  0.1261189963E+04  -.9820928617E+04
L7 0.0000000000E+00  0.3425895462E+01  0.5657699327E+01  0.1120232423E+02
L8 0.4391452683E+01  0.4643499262E+02  0.1518570774E+01  0.0000000000E+00
L9 0.0000000000E+00  0.0000000000E+00  0.0000000000E+00  0.9831222385E+00  0.0000000000E+00
L0     8000  0.1600000000E+02  -.6886747463E+04  0.1561117702E+04
L1 0.2932399750E+03  0.2932399750E+03  -.8447865164E+10  0.1000000000E+01
L2 0.1000000000E+01  0.3268990503E+02  0.3268990503E+02  0.3268990503E+02
L3 0.2689065857E+05  0.1007520967E+04  0.8643945753E+03  -.5002200250E+03
L4 0.4572318391E+03  0.2409141096E+03  0.2647631489E+03  0.2548637804E+03
L5 0.7605410389E+03  0.4592421196E+02  0.9747312192E+02  0.3516735290E+03
L6 0.4950708629E+03  -.8447865164E+04  0.1288798731E+04  -.9818214725E+04
L7 0.0000000000E+00  0.2047725672E+01  0.1023368913E+02  0.1123226711E+02
L8 0.4793150442E+01  0.4943400296E+02  0.3809994103E+01  0.0000000000E+00
L9 0.0000000000E+00  0.0000000000E+00  0.0000000000E+00  0.9923833070E+00  0.0000000000E+00
L0     9000  0.1800000000E+02  -.6852610894E+04  0.1635213335E+04
L1 0.3071580811E+03  0.3071580811E+03  -.8487824229E+10  0.1000000000E+01
L2 0.1000000000E+01  0.3279468346E+02  0.3279468346E+02  0.3279468346E+02
L3 0.2715133387E+05  0.2311710835E+03  0.1238082460E+03  -.5614051466E+03
L4 -.6880860568E+02  0.2832936337E+03  0.2694693520E+03  0.2679185500E+03
L5 0.8206815356E+03  0.2381203918E+03  0.2452759289E+03  0.3776229735E+03
L6 0.8610192942E+03  -.8487824229E+04  0.1257331287E+04  -.9816789112E+04
L7 0.0000000000E+00  0.2205145850E+01  0.6827779122E+01  0.9415102619E+01
L8 0.3497587634E+01  0.4513506619E+02  0.4552914666E+01  0.0000000000E+00
L9 0.0000000000E+00  0.0000000000E+00  0.0000000000E+00  0.9828556051E+00  0.0000000000E+00
L0    10000  0.2000000000E+02  -.6874446054E+04  0.1578887401E+04
L1 0.2965778311E+03  0.2965778311E+03  -.8453333455E+10  0.1000000000E+01
L2 0.1000000000E+01  0.3284346594E+02  0.3284346594E+02  0.3284346594E+02
L3 0.2727263476E+05  0.5094418764E+03  -.3946335034E+03  -.2679448697E+03
L4 -.5104549892E+02  0.2669266858E+03  0.2595614736E+03  0.2628409562E+03
L5 0.7893291156E+03  0.1669316782E+03  0.3370214980E+03  0.3154340988E+03
L6 0.8193872751E+03  -.8453333455E+04  0.1255581962E+04  -.9784665256E+04
L7 0.0000000000E+00  0.2439002671E+01  0.7697752991E+01  0.1245460820E+02
L8 0.2894524351E+01  0.4430417094E+02  0.5959779571E+01  0.0000000000E+00
L9 0.0000000000E+00  0.0000000000E+00  0.0000000000E+00  0.9784841441E+00  0.0000000000E+00
