L0  Nsteps           time(ps)         Etot             EKinetic        
L1  Temp             T_solute         T_solv           Pres_scal_solu  
L2  Pres_scal_solv   BoxX             BoxY             BoxZ            
L3  volume           pres_X           pres_Y           pres_Z          
L4  Pressure         EKCoM_x          EKCoM_y          EKCoM_z         
L5  EKComTot         VIRIAL_x         VIRIAL_y         VIRIAL_z        
L6  VIRIAL_tot       E_pot            E_vdw            E_el            
L7  E_hbon           E_bon            E_angle          E_dih           
L8  E_14vdw          E_14el           E_const          E_pol           
L9  AV_permMoment    AV_indMoment     AV_totMoment     Density          dV/dlambda      
L0     1000  0.2000000000E+01  -.7350869899E+04  0.1730904240E+04
L1 0.2990148769E+03  0.2990148769E+03  -.9081774138E+10  0.1000000000E+01
L2 0.1000000000E+01  0.3468783709E+02  0.3468783709E+02  0.3468783709E+02
L3 0.3213090344E+05  -.3653759701E+03  -.4688249846E+03  -.1802564632E+03
L4 -.3381524726E+03  0.2681361968E+03  0.2909186830E+03  0.3096961343E+03
L5 0.8687510141E+03  0.3526289571E+03  0.3993339054E+03  0.3513802279E+03
L6 0.1103343090E+04  -.9081774138E+04  0.1399351554E+04  -.1055873213E+05
L7 0.0000000000E+00  0.6550038242E+01  0.8049890126E+01  0.1113054654E+02
L8 0.1997012138E+01  0.4285335538E+02  0.7025597139E+01  0.0000000000E+00
L9 0.0000000000E+00  0.0000000000E+00  0.0000000000E+00  0.9031600677E+00  0.0000000000E+00
L0     2000  0.4000000000E+01  -.7491587172E+04  0.1709666295E+04
L1 0.2953460077E+03  0.2953460077E+03  -.9201253467E+10  0.1000000000E+01
L2 0.1000000000E+01  0.3417362513E+02  0.3417362513E+02  0.3417362513E+02
L3 0.3072299220E+05  0.2180627892E+02  -.5383471248E+03  -.4269317277E+03
L4 -.3144908579E+03  0.2896394657E+03  0.2835215536E+03  0.2761743277E+03
L5 0.8493353470E+03  0.2848177494E+03  0.4025586948E+03  0.3705757465E+03
L6 0.1057952191E+04  -.9201253467E+04  0.1397005632E+04  -.1067146332E+05
L7 0.0000000000E+00  0.1913025061E+01  0.7541477484E+01  0.1308675873E+02
L8 0.2867242861E+01  0.4491501055E+02  0.2880710665E+01  0.0000000000E+00
L9 0.0000000000E+00  0.0000000000E+00  0.0000000000E+00  0.9445482632E+00  0.0000000000E+00
L0     3000  0.6000000000E+01  -.7430977710E+04  0.1749043177E+04
L1 0.3021483905E+03  0.3021483905E+03  -.9180020887E+10  0.1000000000E+01
L2 0.1000000000E+01  0.3382524933E+02  0.3382524933E+02  0.3382524933E+02
L3 0.2979354558E+05  -.4340136148E+03  -.7762180552E+03  -.4156456307E+03
L4 -.5419591002E+03  0.2854031996E+03  0.3062875061E+03  0.2802682741E+03
L5 0.8719589797E+03  0.3784672869E+03  0.4727293468E+03  0.3693937761E+03
L6 0.1220590410E+04  -.9180020887E+04  0.1302961729E+04  -.1055570701E+05
L7 0.0000000000E+00  0.3389127471E+01  0.8907438504E+01  0.1091891846E+02
L8 0.2482814909E+01  0.4483168706E+02  0.2194411660E+01  0.0000000000E+00
L9 0.0000000000E+00  0.0000000000E+00  0.0000000000E+00  0.9740146183E+00  0.0000000000E+00
L0     4000  0.8000000000E+01  -.7529378758E+04  0.1699624303E+04
L1 0.2936112467E+03  0.2936112467E+03  -.9229003061E+10  0.1000000000E+01
L2 0.1000000000E+01  0.3376239883E+02  0.3376239883E+02  0.3376239883E+02
L3 0.2962620701E+05  -.3112658904E+03  0.2368930449E+02  0.4431309230E+03
L4 0.5185144571E+02  0.3021664347E+03  0.2600963909E+03  0.2722101360E+03
L5 0.8344729616E+03  0.3685352653E+03  0.2550453028E+03  0.1777247393E+03
L6 0.8013053073E+03  -.9229003061E+04  0.1381554622E+04  -.1067769327E+05
L7 0.0000000000E+00  0.2221706742E+01  0.6798952815E+01  0.9510645205E+01
L8 0.2787126642E+01  0.4469711965E+02  0.1120033449E+01  0.0000000000E+00
L9 0.0000000000E+00  0.0000000000E+00  0.0000000000E+00  0.9795161734E+00  0.0000000000E+00
L0     5000  0.1000000000E+02  -.7591802973E+04  0.1683156526E+04
L1 0.2907664270E+03  0.2907664270E+03  -.9274959498E+10  0.1000000000E+01
L2 0.1000000000E+01  0.3372009349E+02  0.3372009349E+02  0.3372009349E+02
L3 0.2951622098E+05  -.5531168417E+03  -.8263856488E+03  0.1196544587E+03
L4 -.4199493439E+03  0.2841287104E+03  0.2762418103E+03  0.2921737125E+03
L5 0.8525442333E+03  0.4016277226E+03  0.4517915136E+03  0.2667554290E+03
L6 0.1120174665E+04  -.9274959498E+04  0.1343214178E+04  -.1069287949E+05
L7 0.0000000000E+00  0.5507862961E+01  0.1050633993E+02  0.1089066766E+02
L8 0.2769193737E+01  0.4220328946E+02  0.2828457467E+01  0.0000000000E+00
L9 0.0000000000E+00  0.0000000000E+00  0.0000000000E+00  0.9831661359E+00  0.0000000000E+00
L0     6000  0.1200000000E+02  -.7549556690E+04  0.1770114795E+04
L1 0.3057885267E+03  0.3057885267E+03  -.9319671484E+10  0.1000000000E+01
L2 0.1000000000E+01  0.3361368855E+02  0.3361368855E+02  0.3361368855E+02
L3 0.2923645683E+05  0.1088640824E+03  0.1961734499E+03  -.1539879051E+03
L4 0.5034987574E+02  0.2966037288E+03  0.2979443502E+03  0.2962159066E+03
L5 0.8907639856E+03  0.2736968491E+03  0.2566660744E+03  0.3286176165E+03
L6 0.8589805400E+03  -.9319671484E+04  0.1396630451E+04  -.1079712269E+05
L7 0.0000000000E+00  0.4401734933E+01  0.8821872986E+01  0.1455487658E+02
L8 0.3046877840E+01  0.4739256607E+02  0.2602829859E+01  0.0000000000E+00
L9 0.0000000000E+00  0.0000000000E+00  0.0000000000E+00  0.9925740693E+00  0.0000000000E+00
L0     7000  0.1400000000E+02  -.7506300121E+04  0.1695435436E+04
L1 0.2928876171E+03  0.2928876171E+03  -.9201735557E+10  0.1000000000E+01
L2 0.1000000000E+01  0.3376575797E+02  0.3376575797E+02  0.3376575797E+02
L3 0.2963549542E+05  -.8146825577E+03  0.4370805097E+03  0.2848945757E+02
L4 -.1163708635E+03  0.2725122471E+03  0.2825180957E+03  0.2929943957E+03
L5 0.8480247385E+03  0.4462752007E+03  0.1892935635E+03  0.2869179034E+03
L6 0.9224866676E+03  -.9201735557E+04  0.1354944869E+04  -.1063472682E+05
L7 0.0000000000E+00  0.2752401680E+01  0.1185477236E+02  0.1217030763E+02
L8 0.3095072052E+01  0.4420716233E+02  0.3966681665E+01  0.0000000000E+00
L9 0.0000000000E+00  0.0000000000E+00  0.0000000000E+00  0.9792091719E+00  0.0000000000E+00
L0     8000  0.1600000000E+02  -.7370085140E+04  0.1734229850E+04
L1 0.2995893783E+03  0.2995893783E+03  -.9104314991E+10  0.1000000000E+01
L2 0.1000000000E+01  0.3371421747E+02  0.3371421747E+02  0.3371421747E+02
L3 0.2950007903E+05  -.1446045448E+03  -.5060162857E+03  0.2050551767E+03
L4 -.1485218846E+03  0.2904103392E+03  0.2730597780E+03  0.2905379622E+03
L5 0.8540080795E+03  0.3211119882E+03  0.3804943985E+03  0.2470017645E+03
L6 0.9486081511E+03  -.9104314991E+04  0.1310453043E+04  -.1049358165E+05
L7 0.0000000000E+00  0.3312655209E+01  0.9958039922E+01  0.1252830826E+02
L8 0.2580793084E+01  0.4586718801E+02  0.4566636342E+01  0.0000000000E+00
L9 0.0000000000E+00  0.0000000000E+00  0.0000000000E+00  0.9837041080E+00  0.0000000000E+00
L0     9000  0.1800000000E+02  -.7453649077E+04  0.1740882833E+04
L1 0.3007386856E+03  0.3007386856E+03  -.9194531910E+10  0.1000000000E+01
L2 0.1000000000E+01  0.3371832818E+02  0.3371832818E+02  0.3371832818E+02
L3 0.2950896587E+05  0.1286338251E+02  0.8825917083E+03  0.8302986829E+03
L4 0.5752512579E+03  0.3140213941E+03  0.2821168642E+03  0.2849641360E+03
L5 0.8811023944E+03  0.3112894881E+03  0.9467335203E+02  0.1086265386E+03
L6 0.5145893787E+03  -.9194531910E+04  0.1425619582E+04  -.1069454745E+05
L7 0.0000000000E+00  0.1501130032E+01  0.1102347620E+02  0.1011588475E+02
L8 0.3375840259E+01  0.4506870688E+02  0.3310914328E+01  0.0000000000E+00
L9 0.0000000000E+00  0.0000000000E+00  0.0000000000E+00  0.9834078581E+00  0.0000000000E+00
L0    10000  0.2000000000E+02  -.7503735696E+04  0.1722354480E+04
L1 0.2975379001E+03  0.2975379001E+03  -.9226090176E+10  0.1000000000E+01
L2 0.1000000000E+01  0.3365500179E+02  0.3365500179E+02  0.3365500179E+02
L3 0.2934393105E+05  0.2060927398E+03  0.3714700134E+03  0.9885625805E+02
L4 0.2254730037E+03  0.2817326535E+03  0.2741212212E+03  0.2848835067E+03
L5 0.8407373813E+03  0.2382077751E+03  0.1956701939E+03  0.2640059803E+03
L6 0.6978839492E+03  -.9226090176E+04  0.1404981901E+04  -.1070672399E+05
L7 0.0000000000E+00  0.1983319314E+01  0.1018255160E+02  0.9767248536E+01
L8 0.3866383719E+01  0.4792292299E+02  0.1929486047E+01  0.0000000000E+00
L9 0.0000000000E+00  0.0000000000E+00  0.0000000000E+00  0.9889386964E+00  0.0000000000E+00
