L0  Nsteps           time(ps)         Etot             EKinetic        
L1  Temp             T_solute         T_solv           Pres_scal_solu  
L2  Pres_scal_solv   BoxX             BoxY             BoxZ            
L3  volume           pres_X           pres_Y           pres_Z          
L4  Pressure         EKCoM_x          EKCoM_y          EKCoM_z         
L5  EKComTot         VIRIAL_x         VIRIAL_y         VIRIAL_z        
L6  VIRIAL_tot       E_pot            E_vdw            E_el            
L7  E_hbon           E_bon            E_angle          E_dih           
L8  E_14vdw          E_14el           E_const          E_pol           
L9  AV_permMoment    AV_indMoment     AV_totMoment     Density          dV/dlambda      
L0     1000  0.2000000000E+01  -.7339159490E+04  0.1642199555E+04
L1 0.2890493612E+03  0.2890493612E+03  -.8981359044E+10  0.1000000000E+01
L2 0.1000000000E+01  0.3435426662E+02  0.3435426662E+02  0.3435426662E+02
L3 0.3121348879E+05  -.1166786816E+04  -.2843954097E+03  -.2597177258E+03
L4 -.5702999839E+03  0.2656409369E+03  0.2786788604E+03  0.2849083500E+03
L5 0.8292281473E+03  0.5277550507E+03  0.3425671815E+03  0.3432529256E+03
L6 0.1213575158E+04  -.8981359044E+04  0.1355526331E+04  -.1041272026E+05
L7 0.0000000000E+00  0.4085620036E+01  0.1017779510E+02  0.1138834438E+02
L8 0.2926368446E+01  0.4397418504E+02  0.3282573791E+01  0.0000000000E+00
L9 0.0000000000E+00  0.0000000000E+00  0.0000000000E+00  0.9124531773E+00  0.0000000000E+00
L0     2000  0.4000000000E+01  -.7254352803E+04  0.1721860376E+04
L1 0.3030707445E+03  0.3030707445E+03  -.8976213179E+10  0.1000000000E+01
L2 0.1000000000E+01  0.3386296096E+02  0.3386296096E+02  0.3386296096E+02
L3 0.2989235249E+05  -.1846310125E+03  -.7437537805E+03  0.3761694947E+03
L4 -.1840717661E+03  0.2636742094E+03  0.2804701410E+03  0.2803181500E+03
L5 0.8244625004E+03  0.3033953149E+03  0.4404796752E+03  0.1993898815E+03
L6 0.9432648716E+03  -.8976213179E+04  0.1347856125E+04  -.1039250769E+05
L7 0.0000000000E+00  0.8263929482E+00  0.4223343453E+01  0.1068992416E+02
L8 0.3560084225E+01  0.4503339889E+02  0.4105241738E+01  0.0000000000E+00
L9 0.0000000000E+00  0.0000000000E+00  0.0000000000E+00  0.9527803819E+00  0.0000000000E+00
L0     3000  0.6000000000E+01  -.7328899821E+04  0.1750388859E+04
L1 0.3080921439E+03  0.3080921439E+03  -.9079288680E+10  0.1000000000E+01
L2 0.1000000000E+01  0.3365812931E+02  0.3365812931E+02  0.3365812931E+02
L3 0.2935306116E+05  0.6745150103E+03  -.8984775312E+03  -.1865792706E+03
L4 -.1368472638E+03  0.2858980172E+03  0.2821278914E+03  0.3050119337E+03
L5 0.8730378422E+03  0.1434023700E+03  0.4719370658E+03  0.3444280082E+03
L6 0.9597674440E+03  -.9079288680E+04  0.1363269052E+04  -.1052134052E+05
L7 0.0000000000E+00  0.1814574553E+01  0.1155179372E+02  0.1406498267E+02
L8 0.3815022560E+01  0.4412393234E+02  0.3412480893E+01  0.0000000000E+00
L9 0.0000000000E+00  0.0000000000E+00  0.0000000000E+00  0.9702854115E+00  0.0000000000E+00
L0     4000  0.8000000000E+01  -.7323220108E+04  0.1667820116E+04
L1 0.2935589270E+03  0.2935589270E+03  -.8991040225E+10  0.1000000000E+01
L2 0.1000000000E+01  0.3360355694E+02  0.3360355694E+02  0.3360355694E+02
L3 0.2921048227E+05  -.1071164747E+03  -.8240862614E+03  0.5592474823E+03
L4 -.1239850846E+03  0.2851549224E+03  0.2737917939E+03  0.2597673780E+03
L5 0.8187140943E+03  0.3076740508E+03  0.4470396948E+03  0.1421966127E+03
L6 0.8969103584E+03  -.8991040225E+04  0.1330626749E+04  -.1040399453E+05
L7 0.0000000000E+00  0.9259882690E+00  0.1251357096E+02  0.1270550353E+02
L8 0.4935099415E+01  0.4853780844E+02  0.2709583917E+01  0.0000000000E+00
L9 0.0000000000E+00  0.0000000000E+00  0.0000000000E+00  0.9750214583E+00  0.0000000000E+00
L0     5000  0.1000000000E+02  -.7366625075E+04  0.1684423003E+04
L1 0.2964812599E+03  0.2964812599E+03  -.9051048078E+10  0.1000000000E+01
L2 0.1000000000E+01  0.3347573844E+02  0.3347573844E+02  0.3347573844E+02
L3 0.2887811388E+05  -.6610480863E+02  0.3188162536E+03  -.2645477471E+03
L4 -.3945434023E+01  0.2926158317E+03  0.2534299148E+03  0.2919721213E+03
L5 0.8380178677E+03  0.3063549372E+03  0.1871677135E+03  0.3469552529E+03
L6 0.8404779036E+03  -.9051048078E+04  0.1333431975E+04  -.1045714149E+05
L7 0.0000000000E+00  0.2978687042E+01  0.8474220669E+01  0.1014534359E+02
L8 0.3857519767E+01  0.4479599505E+02  0.2409672714E+01  0.0000000000E+00
L9 0.0000000000E+00  0.0000000000E+00  0.0000000000E+00  0.9862433238E+00  0.0000000000E+00
L0     6000  0.1200000000E+02  -.7307815403E+04  0.1679778942E+04
L1 0.2956638423E+03  0.2956638423E+03  -.8987594345E+10  0.1000000000E+01
L2 0.1000000000E+01  0.3346585920E+02  0.3346585920E+02  0.3346585920E+02
L3 0.2885244975E+05  -.2192896554E+02  -.2324569602E+03  0.3643057305E+03
L4 0.3663993490E+02  0.2656204285E+03  0.2992646212E+03  0.2884945579E+03
L5 0.8533796075E+03  0.2701740551E+03  0.3475351245E+03  0.2128451948E+03
L6 0.8305543744E+03  -.8987594345E+04  0.1314498375E+04  -.1037442300E+05
L7 0.0000000000E+00  0.4133500199E+01  0.1304640095E+02  0.9863303714E+01
L8 0.2630958343E+01  0.4068270968E+02  0.1973408365E+01  0.0000000000E+00
L9 0.0000000000E+00  0.0000000000E+00  0.0000000000E+00  0.9871205831E+00  0.0000000000E+00
L0     7000  0.1400000000E+02  -.7426224392E+04  0.1678301943E+04
L1 0.2954038705E+03  0.2954038705E+03  -.9104526335E+10  0.1000000000E+01
L2 0.1000000000E+01  0.3345843095E+02  0.3345843095E+02  0.3345843095E+02
L3 0.2883349163E+05  -.7371320719E+03  -.5278429299E+02  0.6078738352E+03
L4 -.6068084323E+02  0.2734333928E+03  0.2684630136E+03  0.2903881910E+03
L5 0.8322845975E+03  0.4264008771E+03  0.2794166552E+03  0.1642439966E+03
L6 0.8700615290E+03  -.9104526335E+04  0.1349699032E+04  -.1052513480E+05
L7 0.0000000000E+00  0.1110029112E+01  0.1024578623E+02  0.1202799087E+02
L8 0.3616586782E+01  0.4159746750E+02  0.2311569035E+01  0.0000000000E+00
L9 0.0000000000E+00  0.0000000000E+00  0.0000000000E+00  0.9877696183E+00  0.0000000000E+00
L0     8000  0.1600000000E+02  -.7340498243E+04  0.1719014863E+04
L1 0.3025698958E+03  0.3025698958E+03  -.9059513106E+10  0.1000000000E+01
L2 0.1000000000E+01  0.3357214878E+02  0.3357214878E+02  0.3357214878E+02
L3 0.2912801053E+05  -.3665449127E+03  -.2948145697E+03  0.1030657490E+04
L4 0.1230993360E+03  0.2558249651E+03  0.2895157294E+03  0.2855200296E+03
L5 0.8308607240E+03  0.3326662466E+03  0.3513196954E+03  0.6945635053E+02
L6 0.7534422925E+03  -.9059513106E+04  0.1373223934E+04  -.1050339300E+05
L7 0.0000000000E+00  0.1139333703E+01  0.8157305547E+01  0.1167536317E+02
L8 0.2639859424E+01  0.4564613598E+02  0.1397963542E+01  0.0000000000E+00
L9 0.0000000000E+00  0.0000000000E+00  0.0000000000E+00  0.9777820904E+00  0.0000000000E+00
L0     9000  0.1800000000E+02  -.7270433364E+04  0.1729085166E+04
L1 0.3043424055E+03  0.3043424055E+03  -.8999518530E+10  0.1000000000E+01
L2 0.1000000000E+01  0.3359719743E+02  0.3359719743E+02  0.3359719743E+02
L3 0.2919339681E+05  0.4926004447E+01  0.3310801817E+03  -.1270553294E+03
L4 0.6965028559E+02  0.3026180807E+03  0.2956461088E+03  0.2911182857E+03
L5 0.8893824752E+03  0.3015830910E+03  0.2260837348E+03  0.3178135422E+03
L6 0.8454803679E+03  -.8999518530E+04  0.1339413668E+04  -.1041188853E+05
L7 0.0000000000E+00  0.3692458370E+01  0.9615280451E+01  0.1274467065E+02
L8 0.2581964823E+01  0.4182696128E+02  0.2495001237E+01  0.0000000000E+00
L9 0.0000000000E+00  0.0000000000E+00  0.0000000000E+00  0.9755920905E+00  0.0000000000E+00
L0    10000  0.2000000000E+02  -.7313289478E+04  0.1736375520E+04
L1 0.3056256065E+03  0.3056256065E+03  -.9049664998E+10  0.1000000000E+01
L2 0.1000000000E+01  0.3352474404E+02  0.3352474404E+02  0.3352474404E+02
L3 0.2900529166E+05  0.3807400177E+03  -.7565801455E+03  0.1705878565E+03
L4 -.6841742374E+02  0.2831191071E+03  0.2920560051E+03  0.2775919663E+03
L5 0.8527670785E+03  0.2036382864E+03  0.4499947771E+03  0.2419811500E+03
L6 0.8956142135E+03  -.9049664998E+04  0.1328055771E+04  -.1045339840E+05
L7 0.0000000000E+00  0.2016826500E+01  0.8600197496E+01  0.1279635289E+02
L8 0.3515805007E+01  0.4330837190E+02  0.5440082364E+01  0.0000000000E+00
L9 0.0000000000E+00  0.0000000000E+00  0.0000000000E+00  0.9819190014E+00  0.0000000000E+00
