L0  Nsteps           time(ps)         Etot             EKinetic        
L1  Temp             T_solute         T_solv           Pres_scal_solu  
L2  Pres_scal_solv   BoxX             BoxY             BoxZ            
L3  volume           pres_X           pres_Y           pres_Z          
L4  Pressure         EKCoM_x          EKCoM_y          EKCoM_z         
L5  EKComTot         VIRIAL_x         VIRIAL_y         VIRIAL_z        
L6  VIRIAL_tot       E_pot            E_vdw            E_el            
L7  E_hbon           E_bon            E_angle          E_dih           
L8  E_14vdw          E_14el           E_const          E_pol           
L9  AV_permMoment    AV_indMoment     AV_totMoment     Density          dV/dlambda      
L0     1000  0.2000000000E+01  -.7653117758E+04  0.1738804829E+04
L1 0.2922532039E+03  0.2922532039E+03  -.9391922588E+10  0.1000000000E+01
L2 0.1000000000E+01  0.3497390312E+02  0.3497390312E+02  0.3497390312E+02
L3 0.3293341981E+05  -.4081845832E+03  -.5225678252E+03  -.1109600044E+04
L4 -.6801174841E+03  0.3199003855E+03  0.2801729713E+03  0.2833059258E+03
L5 0.8833792827E+03  0.4166501704E+03  0.4040343976E+03  0.5463084251E+03
L6 0.1366992993E+04  -.9391922588E+04  0.1422230342E+04  -.1088433898E+05
L7 0.0000000000E+00  0.2209577615E+01  0.7242346438E+01  0.1049281781E+02
L8 0.2790109614E+01  0.4542766777E+02  0.2023535714E+01  0.0000000000E+00
L9 0.0000000000E+00  0.0000000000E+00  0.0000000000E+00  0.9056788500E+00  0.0000000000E+00
L0     2000  0.4000000000E+01  -.7651529942E+04  0.1767544081E+04
L1 0.2970836129E+03  0.2970836129E+03  -.9419074023E+10  0.1000000000E+01
L2 0.1000000000E+01  0.3441156017E+02  0.3441156017E+02  0.3441156017E+02
L3 0.3136803629E+05  0.5669117643E+03  -.3647307188E+03  0.1023650871E+03
L4 0.1015153776E+03  0.3082159521E+03  0.2966321302E+03  0.2959034649E+03
L5 0.9007515472E+03  0.1802308612E+03  0.3789731524E+03  0.2727936870E+03
L6 0.8319977006E+03  -.9419074023E+04  0.1459351596E+04  -.1095010759E+05
L7 0.0000000000E+00  0.3757383597E+01  0.6670003752E+01  0.9586451007E+01
L8 0.3823710232E+01  0.4522712368E+02  0.2617296706E+01  0.0000000000E+00
L9 0.0000000000E+00  0.0000000000E+00  0.0000000000E+00  0.9508756463E+00  0.0000000000E+00
L0     3000  0.6000000000E+01  -.7703477883E+04  0.1760452985E+04
L1 0.2958917624E+03  0.2958917624E+03  -.9463930869E+10  0.1000000000E+01
L2 0.1000000000E+01  0.3408527717E+02  0.3408527717E+02  0.3408527717E+02
L3 0.3048483609E+05  -.2411842283E+03  -.6550561576E+02  -.9601465269E+02
L4 -.1342348323E+03  0.2961689322E+03  0.2929868670E+03  0.2745917225E+03
L5 0.8637475217E+03  0.3490852175E+03  0.3073589256E+03  0.2956575226E+03
L6 0.9521016657E+03  -.9463930869E+04  0.1391658288E+04  -.1093550802E+05
L7 0.0000000000E+00  0.1853726690E+01  0.1260346477E+02  0.1226324313E+02
L8 0.4432013469E+01  0.4413355881E+02  0.4632861355E+01  0.0000000000E+00
L9 0.0000000000E+00  0.0000000000E+00  0.0000000000E+00  0.9784242137E+00  0.0000000000E+00
L0     4000  0.8000000000E+01  -.7714093064E+04  0.1778308239E+04
L1 0.2988928210E+03  0.2988928210E+03  -.9492401304E+10  0.1000000000E+01
L2 0.1000000000E+01  0.3397473951E+02  0.3397473951E+02  0.3397473951E+02
L3 0.3018892652E+05  -.5305716744E+03  0.2683607474E+03  0.1778624539E+03
L4 -.2811615772E+02  0.3027318821E+03  0.3079950679E+03  0.3067845695E+03
L5 0.9175115195E+03  0.4180103805E+03  0.2496877260E+03  0.2681399950E+03
L6 0.9358381016E+03  -.9492401304E+04  0.1393435669E+04  -.1096412184E+05
L7 0.0000000000E+00  0.1800913206E+01  0.8006639049E+01  0.1208211285E+02
L8 0.5632972443E+01  0.4785333734E+02  0.2908894726E+01  0.0000000000E+00
L9 0.0000000000E+00  0.0000000000E+00  0.0000000000E+00  0.9880146537E+00  0.0000000000E+00
L0     5000  0.1000000000E+02  -.7724856000E+04  0.1767655074E+04
L1 0.2971022682E+03  0.2971022682E+03  -.9492511073E+10  0.1000000000E+01
L2 0.1000000000E+01  0.3407856199E+02  0.3407856199E+02  0.3407856199E+02
L3 0.3046720316E+05  -.1753828281E+03  -.2714321939E+03  -.3765505376E+03
L4 -.2744551865E+03  0.2907804827E+03  0.3004396741E+03  0.3029729620E+03
L5 0.8941931188E+03  0.3292375567E+03  0.3599579751E+03  0.3855410904E+03
L6 0.1074736622E+04  -.9492511073E+04  0.1377627969E+04  -.1094498541E+05
L7 0.0000000000E+00  0.1786276397E+01  0.1193744391E+02  0.1025880671E+02
L8 0.3197594422E+01  0.4569434817E+02  0.1971898986E+01  0.0000000000E+00
L9 0.0000000000E+00  0.0000000000E+00  0.0000000000E+00  0.9789904779E+00  0.0000000000E+00
L0     6000  0.1200000000E+02  -.7734854260E+04  0.1719960186E+04
L1 0.2890858516E+03  0.2890858516E+03  -.9454814446E+10  0.1000000000E+01
L2 0.1000000000E+01  0.3394732621E+02  0.3394732621E+02  0.3394732621E+02
L3 0.3011541965E+05  -.4440350102E+03  0.6870238183E+03  0.2198043885E+03
L4 0.1542643988E+03  0.2810846145E+03  0.3024311914E+03  0.2818454141E+03
L5 0.8653612200E+03  0.3773261876E+03  0.1535234442E+03  0.2342043056E+03
L6 0.7650539374E+03  -.9454814446E+04  0.1402025021E+04  -.1092880532E+05
L7 0.0000000000E+00  0.2009867552E+01  0.6812680493E+01  0.1114020282E+02
L8 0.2755647970E+01  0.4510498956E+02  0.4142467395E+01  0.0000000000E+00
L9 0.0000000000E+00  0.0000000000E+00  0.0000000000E+00  0.9904262375E+00  0.0000000000E+00
L0     7000  0.1400000000E+02  -.7745679556E+04  0.1750744422E+04
L1 0.2942599755E+03  0.2942599755E+03  -.9496423978E+10  0.1000000000E+01
L2 0.1000000000E+01  0.3402458514E+02  0.3402458514E+02  0.3402458514E+02
L3 0.3032165971E+05  0.2425182257E+03  -.5610471771E+02  0.1017039394E+03
L4 0.9603914913E+02  0.2923757423E+03  0.3000126992E+03  0.2835619301E+03
L5 0.8759503717E+03  0.2394515875E+03  0.3122562935E+03  0.2613673300E+03
L6 0.8130752110E+03  -.9496423978E+04  0.1421646823E+04  -.1099288984E+05
L7 0.0000000000E+00  0.4777763136E+01  0.1107031417E+02  0.1099748970E+02
L8 0.3121391726E+01  0.4259389403E+02  0.2258181882E+01  0.0000000000E+00
L9 0.0000000000E+00  0.0000000000E+00  0.0000000000E+00  0.9836896154E+00  0.0000000000E+00
L0     8000  0.1600000000E+02  -.7681423846E+04  0.1823006513E+04
L1 0.3064055754E+03  0.3064055754E+03  -.9504430359E+10  0.1000000000E+01
L2 0.1000000000E+01  0.3399264478E+02  0.3399264478E+02  0.3399264478E+02
L3 0.3023576468E+05  0.8215122697E+03  0.7488467493E+02  0.3953977123E+02
L4 0.3119789053E+03  0.3220842555E+03  0.2924576959E+03  0.2966453055E+03
L5 0.9111872568E+03  0.1433155107E+03  0.2761620910E+03  0.2880410819E+03
L6 0.7075186835E+03  -.9504430359E+04  0.1455997559E+04  -.1103738106E+05
L7 0.0000000000E+00  0.2547444559E+01  0.5745855873E+01  0.1130908107E+02
L8 0.5189310293E+01  0.4819771716E+02  0.3963734035E+01  0.0000000000E+00
L9 0.0000000000E+00  0.0000000000E+00  0.0000000000E+00  0.9864841223E+00  0.0000000000E+00
L0     9000  0.1800000000E+02  -.7597612714E+04  0.1810555665E+04
L1 0.3043128735E+03  0.3043128735E+03  -.9408168379E+10  0.1000000000E+01
L2 0.1000000000E+01  0.3403125899E+02  0.3403125899E+02  0.3403125899E+02
L3 0.3033824623E+05  -.2855743293E+03  0.8827502294E+03  0.1087280823E+04
L4 0.5614855743E+03  0.3120528551E+03  0.2970285680E+03  0.3010983513E+03
L5 0.9101797744E+03  0.3744071277E+03  0.1042827824E+03  0.6369394243E+02
L6 0.5423838525E+03  -.9408168379E+04  0.1445956636E+04  -.1093930173E+05
L7 0.0000000000E+00  0.2923787153E+01  0.1381949668E+02  0.1271548315E+02
L8 0.3445124615E+01  0.4581638825E+02  0.6456433400E+01  0.0000000000E+00
L9 0.0000000000E+00  0.0000000000E+00  0.0000000000E+00  0.9831518128E+00  0.0000000000E+00
L0    10000  0.2000000000E+02  -.7588744006E+04  0.1831005292E+04
L1 0.3077499866E+03  0.3077499866E+03  -.9419749297E+10  0.1000000000E+01
L2 0.1000000000E+01  0.3392551358E+02  0.3392551358E+02  0.3392551358E+02
L3 0.3005770256E+05  -.3514354852E+03  0.3114611974E+03  0.1704188574E+03
L4 0.4348152322E+02  0.2843503274E+03  0.2893172108E+03  0.3262154009E+03
L5 0.8998829391E+03  0.3603755978E+03  0.2219394907E+03  0.2893490620E+03
L6 0.8716641504E+03  -.9419749297E+04  0.1364219321E+04  -.1085199747E+05
L7 0.0000000000E+00  0.9625145318E+00  0.8127505285E+01  0.1014976392E+02
L8 0.2835515627E+01  0.4361487492E+02  0.2338678917E+01  0.0000000000E+00
L9 0.0000000000E+00  0.0000000000E+00  0.0000000000E+00  0.9923280636E+00  0.0000000000E+00
