L0  Nsteps           time(ps)         Etot             EKinetic        
L1  Temp             T_solute         T_solv           Pres_scal_solu  
L2  Pres_scal_solv   BoxX             BoxY             BoxZ            
L3  volume           pres_X           pres_Y           pres_Z          
L4  Pressure         EKCoM_x          EKCoM_y          EKCoM_z         
L5  EKComTot         VIRIAL_x         VIRIAL_y         VIRIAL_z        
L6  VIRIAL_tot       E_pot            E_vdw            E_el            
L7  E_hbon           E_bon            E_angle          E_dih           
L8  E_14vdw          E_14el           E_const          E_pol           
L9  AV_permMoment    AV_indMoment     AV_totMoment     Density          dV/dlambda      
L0     1000  0.2000000000E+01  -.7405263583E+04  0.1669831012E+04
L1 0.2936047871E+03  0.2936047871E+03  -.9075094595E+10  0.1000000000E+01
L2 0.1000000000E+01  0.3446024695E+02  0.3446024695E+02  0.3446024695E+02
L3 0.3150410078E+05  -.8366188347E+03  -.8874541954E+03  -.8900630090E+03
L4 -.8713786797E+03  0.2668353490E+03  0.2635159290E+03  0.2771688033E+03
L5 0.8075200813E+03  0.4565283494E+03  0.4647352202E+03  0.4789796108E+03
L6 0.1400243180E+04  -.9075094595E+04  0.1360621307E+04  -.1051565599E+05
L7 0.0000000000E+00  0.4087677754E+01  0.8476661400E+01  0.9906346846E+01
L8 0.5138730691E+01  0.4836452382E+02  0.3966150654E+01  0.0000000000E+00
L9 0.0000000000E+00  0.0000000000E+00  0.0000000000E+00  0.9049857983E+00  0.0000000000E+00
L0     2000  0.4000000000E+01  -.7321796816E+04  0.1716960760E+04
L1 0.3018915655E+03  0.3018915655E+03  -.9038757576E+10  0.1000000000E+01
L2 0.1000000000E+01  0.3402844833E+02  0.3402844833E+02  0.3402844833E+02
L3 0.3033461638E+05  -.7627694034E+03  -.8265550264E+03  -.1035429355E+04
L4 -.8749179284E+03  0.2861148828E+03  0.3086823930E+03  0.2837408141E+03
L5 0.8785380899E+03  0.4526432989E+03  0.4891365365E+03  0.5097965653E+03
L6 0.1451576401E+04  -.9038757576E+04  0.1284334231E+04  -.1040202694E+05
L7 0.0000000000E+00  0.4127858315E+01  0.8794641566E+01  0.1036583511E+02
L8 0.3918308039E+01  0.4678484505E+02  0.4943646464E+01  0.0000000000E+00
L9 0.0000000000E+00  0.0000000000E+00  0.0000000000E+00  0.9398755347E+00  0.0000000000E+00
L0     3000  0.6000000000E+01  -.7312901215E+04  0.1684905473E+04
L1 0.2962553152E+03  0.2962553152E+03  -.8997806689E+10  0.1000000000E+01
L2 0.1000000000E+01  0.3365608919E+02  0.3365608919E+02  0.3365608919E+02
L3 0.2934903735E+05  -.7091581259E+03  -.3095163842E+03  -.8969322699E+03
L4 -.6385355933E+03  0.2778447861E+03  0.2798246618E+03  0.2987971525E+03
L5 0.8564666004E+03  0.4276384779E+03  0.3452030311E+03  0.4882539057E+03
L6 0.1261095415E+04  -.8997806689E+04  0.1247780166E+04  -.1031863882E+05
L7 0.0000000000E+00  0.3434221242E+01  0.7116607914E+01  0.1019679161E+02
L8 0.2400840227E+01  0.4844853361E+02  0.1454972946E+01  0.0000000000E+00
L9 0.0000000000E+00  0.0000000000E+00  0.0000000000E+00  0.9714377838E+00  0.0000000000E+00
L0     4000  0.8000000000E+01  -.7365018100E+04  0.1634120616E+04
L1 0.2873258625E+03  0.2873258625E+03  -.8999138716E+10  0.1000000000E+01
L2 0.1000000000E+01  0.3346587381E+02  0.3346587381E+02  0.3346587381E+02
L3 0.2885273305E+05  -.2295029720E+03  0.4691115741E+03  -.4158606296E+03
L4 -.5875067585E+02  0.2763140218E+03  0.2570133689E+03  0.2618403717E+03
L5 0.7951677624E+03  0.3239715871E+03  0.1595997481E+03  0.3481961384E+03
L6 0.8317674736E+03  -.8999138716E+04  0.1311236459E+04  -.1039047476E+05
L7 0.0000000000E+00  0.2986569683E+01  0.8705314553E+01  0.1498069187E+02
L8 0.3778145391E+01  0.4785723049E+02  0.1791631562E+01  0.0000000000E+00
L9 0.0000000000E+00  0.0000000000E+00  0.0000000000E+00  0.9881477692E+00  0.0000000000E+00
L0     5000  0.1000000000E+02  -.7394654403E+04  0.1658221756E+04
L1 0.2915635427E+03  0.2915635427E+03  -.9052876158E+10  0.1000000000E+01
L2 0.1000000000E+01  0.3346869572E+02  0.3346869572E+02  0.3346869572E+02
L3 0.2886044091E+05  -.5581223932E+03  0.7410275176E+02  -.1682550038E+03
L4 -.2174248818E+03  0.2674645966E+03  0.2715839423E+03  0.2606737792E+03
L5 0.7997223181E+03  0.3833927690E+03  0.2561919840E+03  0.2956221980E+03
L6 0.9352069510E+03  -.9052876158E+04  0.1314800127E+04  -.1044558715E+05
L7 0.0000000000E+00  0.4991415662E+01  0.9703470680E+01  0.9802897619E+01
L8 0.3068448231E+01  0.4703627195E+02  0.3308360427E+01  0.0000000000E+00
L9 0.0000000000E+00  0.0000000000E+00  0.0000000000E+00  0.9878838610E+00  0.0000000000E+00
L0     6000  0.1200000000E+02  -.7370533555E+04  0.1714775674E+04
L1 0.3015073640E+03  0.3015073640E+03  -.9085309229E+10  0.1000000000E+01
L2 0.1000000000E+01  0.3342853318E+02  0.3342853318E+02  0.3342853318E+02
L3 0.2875707134E+05  -.3706915175E+03  -.1845699322E+03  -.5691034304E+03
L4 -.3747882934E+03  0.2828469134E+03  0.2568110310E+03  0.2912324893E+03
L5 0.8308904337E+03  0.3595678477E+03  0.2950109276E+03  0.4090181543E+03
L6 0.1063596930E+04  -.9085309229E+04  0.1289521793E+04  -.1045332379E+05
L7 0.0000000000E+00  0.4986870007E+01  0.8252936073E+01  0.1181209488E+02
L8 0.3974375942E+01  0.4685350960E+02  0.2612980134E+01  0.0000000000E+00
L9 0.0000000000E+00  0.0000000000E+00  0.0000000000E+00  0.9914348877E+00  0.0000000000E+00
L0     7000  0.1400000000E+02  -.7353576531E+04  0.1724008373E+04
L1 0.3031307406E+03  0.3031307406E+03  -.9077584904E+10  0.1000000000E+01
L2 0.1000000000E+01  0.3348469841E+02  0.3348469841E+02  0.3348469841E+02
L3 0.2890152413E+05  -.5111353283E+02  0.8770255523E+02  -.2996395715E+03
L4 -.8768351635E+02  0.2955277264E+03  0.2874070389E+03  0.2775344191E+03
L5 0.8604691845E+03  0.3061596838E+03  0.2691643197E+03  0.3398614579E+03
L6 0.9151854614E+03  -.9077584904E+04  0.1331468052E+04  -.1048611100E+05
L7 0.0000000000E+00  0.1339501408E+01  0.1053548750E+02  0.1065317366E+02
L8 0.3120122770E+01  0.4823096259E+02  0.3178799835E+01  0.0000000000E+00
L9 0.0000000000E+00  0.0000000000E+00  0.0000000000E+00  0.9864795940E+00  0.0000000000E+00
L0     8000  0.1600000000E+02  -.7344273778E+04  0.1722612797E+04
L1 0.3028853579E+03  0.3028853579E+03  -.9066886576E+10  0.1000000000E+01
L2 0.1000000000E+01  0.3351844329E+02  0.3351844329E+02  0.3351844329E+02
L3 0.2898973591E+05  -.4032359018E+03  -.5717781007E+03  -.1528023742E+03
L4 -.3759387922E+03  0.3051347349E+03  0.2715926711E+03  0.2739585734E+03
L5 0.8506859793E+03  0.3892665059E+03  0.3908893509E+03  0.3058395004E+03
L6 0.1085995357E+04  -.9066886576E+04  0.1291514235E+04  -.1043020674E+05
L7 0.0000000000E+00  0.4536775894E+01  0.6009867753E+01  0.1065696096E+02
L8 0.2736139506E+01  0.4620010026E+02  0.1666088293E+01  0.0000000000E+00
L9 0.0000000000E+00  0.0000000000E+00  0.0000000000E+00  0.9834778724E+00  0.0000000000E+00
L0     9000  0.1800000000E+02  -.7399417034E+04  0.1736509262E+04
L1 0.3053287600E+03  0.3053287600E+03  -.9135926296E+10  0.1000000000E+01
L2 0.1000000000E+01  0.3345434641E+02  0.3345434641E+02  0.3345434641E+02
L3 0.2882425907E+05  -.7898629705E+03  -.2675136709E+03  -.6718012571E+03
L4 -.5763926328E+03  0.3065990097E+03  0.2583060367E+03  0.2961416352E+03
L5 0.8610466817E+03  0.4704565710E+03  0.3138019130E+03  0.4355072211E+03
L6 0.1219765705E+04  -.9135926296E+04  0.1289664216E+04  -.1049988865E+05
L7 0.0000000000E+00  0.4011279956E+01  0.5861181583E+01  0.1136372050E+02
L8 0.2866406831E+01  0.4782680488E+02  0.2368744814E+01  0.0000000000E+00
L9 0.0000000000E+00  0.0000000000E+00  0.0000000000E+00  0.9891239085E+00  0.0000000000E+00
L0    10000  0.2000000000E+02  -.7426396303E+04  0.1714122589E+04
L1 0.3013925327E+03  0.3013925327E+03  -.9140518893E+10  0.1000000000E+01
L2 0.1000000000E+01  0.3350105064E+02  0.3350105064E+02  0.3350105064E+02
L3 0.2894378290E+05  0.1674186561E+03  0.3308865508E+03  -.6404737490E+03
L4 -.4738951404E+02  0.2840503583E+03  0.3039576766E+03  0.2466712935E+03
L5 0.8346793284E+03  0.2491752373E+03  0.2350304209E+03  0.3800889188E+03
L6 0.8642945769E+03  -.9140518893E+04  0.1375883312E+04  -.1059689919E+05
L7 0.0000000000E+00  0.3514925583E+01  0.8787130585E+01  0.1098596138E+02
L8 0.2417785708E+01  0.4933865536E+02  0.5452528863E+01  0.0000000000E+00
L9 0.0000000000E+00  0.0000000000E+00  0.0000000000E+00  0.9850393050E+00  0.0000000000E+00
