L0  Nsteps           time(ps)         Etot             EKinetic        
L1  Temp             T_solute         T_solv           Pres_scal_solu  
L2  Pres_scal_solv   BoxX             BoxY             BoxZ            
L3  volume           pres_X           pres_Y           pres_Z          
L4  Pressure         EKCoM_x          EKCoM_y          EKCoM_z         
L5  EKComTot         VIRIAL_x         VIRIAL_y         VIRIAL_z        
L6  VIRIAL_tot       E_pot            E_vdw            E_el            
L7  E_hbon           E_bon            E_angle          E_dih           
L8  E_14vdw          E_14el           E_const          E_pol           
L9  AV_permMoment    AV_indMoment     AV_totMoment     Density          dV/dlambda      
L0     1000  0.2000000000E+01  -.7300770423E+04  0.1711934561E+04
L1 0.3010078138E+03  0.3010078138E+03  -.9012704984E+10  0.1000000000E+01
L2 0.1000000000E+01  0.3451447269E+02  0.3451447269E+02  0.3451447269E+02
L3 0.3165246307E+05  -.5421647784E+03  -.7446552506E+03  -.6962633581E+03
L4 -.6610277957E+03  0.2841764716E+03  0.2770139853E+03  0.2914107225E+03
L5 0.8526011795E+03  0.4076845575E+03  0.4466505023E+03  0.4500233031E+03
L6 0.1304358363E+04  -.9012704984E+04  0.1357371546E+04  -.1044500194E+05
L7 0.0000000000E+00  0.5732981477E+01  0.5652438984E+01  0.1383513523E+02
L8 0.2374912525E+01  0.4400354877E+02  0.3326391961E+01  0.0000000000E+00
L9 0.0000000000E+00  0.0000000000E+00  0.0000000000E+00  0.9007439242E+00  0.0000000000E+00
L0     2000  0.4000000000E+01  -.7296552453E+04  0.1683218488E+04
L1 0.2959586943E+03  0.2959586943E+03  -.8979770941E+10  0.1000000000E+01
L2 0.1000000000E+01  0.3392856834E+02  0.3392856834E+02  0.3392856834E+02
L3 0.3006649004E+05  -.8850867879E+03  0.8315026594E+02  0.1859711685E+03
L4 -.2053217845E+03  0.2711446363E+03  0.2677985272E+03  0.2784813135E+03
L5 0.8174244770E+03  0.4626695033E+03  0.2498055531E+03  0.2382388155E+03
L6 0.9507138719E+03  -.8979770941E+04  0.1355375644E+04  -.1041330120E+05
L7 0.0000000000E+00  0.2474547964E+01  0.9326582492E+01  0.1202956558E+02
L8 0.2684805675E+01  0.4684007041E+02  0.4799047458E+01  0.0000000000E+00
L9 0.0000000000E+00  0.0000000000E+00  0.0000000000E+00  0.9482571381E+00  0.0000000000E+00
L0     3000  0.6000000000E+01  -.7279429391E+04  0.1707143828E+04
L1 0.3001654639E+03  0.3001654639E+03  -.8986573220E+10  0.1000000000E+01
L2 0.1000000000E+01  0.3368518855E+02  0.3368518855E+02  0.3368518855E+02
L3 0.2942371278E+05  0.1133410473E+03  0.1383174378E+03  -.4336880821E+03
L4 -.6067653234E+02  0.2904139936E+03  0.2607990440E+03  0.2820112625E+03
L5 0.8332243001E+03  0.2664123339E+03  0.2315082605E+03  0.3738511918E+03
L6 0.8717717862E+03  -.8986573220E+04  0.1348865325E+04  -.1041337170E+05
L7 0.0000000000E+00  0.5594423422E+01  0.6581658977E+01  0.1381305743E+02
L8 0.1804229356E+01  0.4621519681E+02  0.3924585967E+01  0.0000000000E+00
L9 0.0000000000E+00  0.0000000000E+00  0.0000000000E+00  0.9689723389E+00  0.0000000000E+00
L0     4000  0.8000000000E+01  -.7359273055E+04  0.1676852629E+04
L1 0.2948393913E+03  0.2948393913E+03  -.9036125684E+10  0.1000000000E+01
L2 0.1000000000E+01  0.3349786543E+02  0.3349786543E+02  0.3349786543E+02
L3 0.2893509109E+05  -.9761165383E+01  -.1793549011E+03  0.5547141610E+03
L4 0.1218660315E+03  0.2645598350E+03  0.2707749905E+03  0.2565927459E+03
L5 0.7919275713E+03  0.2665925809E+03  0.3081253411E+03  0.1410744731E+03
L6 0.7157923951E+03  -.9036125684E+04  0.1363135972E+04  -.1047559237E+05
L7 0.0000000000E+00  0.2770452579E+01  0.7512647045E+01  0.1611273609E+02
L8 0.2343140600E+01  0.4538387998E+02  0.2207860064E+01  0.0000000000E+00
L9 0.0000000000E+00  0.0000000000E+00  0.0000000000E+00  0.9853352008E+00  0.0000000000E+00
L0     5000  0.1000000000E+02  -.7448696260E+04  0.1676925385E+04
L1 0.2948521839E+03  0.2948521839E+03  -.9125621645E+10  0.1000000000E+01
L2 0.1000000000E+01  0.3345283791E+02  0.3345283791E+02  0.3345283791E+02
L3 0.2881982361E+05  -.9165961168E+03  -.2657929238E+03  0.7923143064E+02
L4 -.3677192033E+03  0.2505998814E+03  0.2953892342E+03  0.2789849275E+03
L5 0.8249740431E+03  0.4407190522E+03  0.3505196558E+03  0.2625508476E+03
L6 0.1053789555E+04  -.9125621645E+04  0.1317521838E+04  -.1052170131E+05
L7 0.0000000000E+00  0.2391806190E+01  0.1105117500E+02  0.1247069520E+02
L8 0.4541523369E+01  0.4441344798E+02  0.3689179663E+01  0.0000000000E+00
L9 0.0000000000E+00  0.0000000000E+00  0.0000000000E+00  0.9892761378E+00  0.0000000000E+00
L0     6000  0.1200000000E+02  -.7481471249E+04  0.1670449512E+04
L1 0.2937135373E+03  0.2937135373E+03  -.9151920760E+10  0.1000000000E+01
L2 0.1000000000E+01  0.3348050226E+02  0.3348050226E+02  0.3348050226E+02
L3 0.2889183479E+05  0.2642537422E+03  -.1370094606E+04  -.5246490066E+03
L4 -.5434966235E+03  0.2770675197E+03  0.2506188110E+03  0.2607491824E+03
L5 0.7884355132E+03  0.2221193983E+03  0.5355121266E+03  0.3698431051E+03
L6 0.1127474630E+04  -.9151920760E+04  0.1334930439E+04  -.1056159958E+05
L7 0.0000000000E+00  0.1692873836E+01  0.1292197720E+02  0.1003254158E+02
L8 0.3604619324E+01  0.4243659291E+02  0.4059772423E+01  0.0000000000E+00
L9 0.0000000000E+00  0.0000000000E+00  0.0000000000E+00  0.9868104259E+00  0.0000000000E+00
L0     7000  0.1400000000E+02  -.7294745011E+04  0.1695021332E+04
L1 0.2980339770E+03  0.2980339770E+03  -.8989766343E+10  0.1000000000E+01
L2 0.1000000000E+01  0.3346988408E+02  0.3346988408E+02  0.3346988408E+02
L3 0.2886275778E+05  0.6669807531E+02  -.1045276085E+02  0.1740631673E+03
L4 0.7676949392E+02  0.2820527847E+03  0.2863809980E+03  0.2853554764E+03
L5 0.8537892591E+03  0.2681977471E+03  0.2885523259E+03  0.2491977357E+03
L6 0.8059478087E+03  -.8989766343E+04  0.1306717384E+04  -.1036804838E+05
L7 0.0000000000E+00  0.6110442405E+01  0.5834323289E+01  0.1131893463E+02
L8 0.1722416882E+01  0.4433019923E+02  0.2248332660E+01  0.0000000000E+00
L9 0.0000000000E+00  0.0000000000E+00  0.0000000000E+00  0.9878045614E+00  0.0000000000E+00
L0     8000  0.1600000000E+02  -.7391661283E+04  0.1730738387E+04
L1 0.3043140726E+03  0.3043140726E+03  -.9122399671E+10  0.1000000000E+01
L2 0.1000000000E+01  0.3340433127E+02  0.3340433127E+02  0.3340433127E+02
L3 0.2869387331E+05  -.6937561736E+03  -.8774509241E+02  0.5757920020E+03
L4 -.6856975469E+02  0.2877153245E+03  0.2702486492E+03  0.2843106456E+03
L5 0.8422746193E+03  0.4309844524E+03  0.2883690831E+03  0.1654025607E+03
L6 0.8847560962E+03  -.9122399671E+04  0.1338531562E+04  -.1053878610E+05
L7 0.0000000000E+00  0.4319064555E+01  0.1002317280E+02  0.1006742783E+02
L8 0.2271075569E+01  0.4610807873E+02  0.5066049550E+01  0.0000000000E+00
L9 0.0000000000E+00  0.0000000000E+00  0.0000000000E+00  0.9936185152E+00  0.0000000000E+00
L0     9000  0.1800000000E+02  -.7403026272E+04  0.1737336696E+04
L1 0.3054742469E+03  0.3054742469E+03  -.9140362968E+10  0.1000000000E+01
L2 0.1000000000E+01  0.3338704393E+02  0.3338704393E+02  0.3338704393E+02
L3 0.2864886611E+05  0.2867836468E+03  -.1142530798E+04  0.1215255608E+04
L4 0.1198361524E+03  0.2943034633E+03  0.2692036160E+03  0.2995822205E+03
L5 0.8630892998E+03  0.2351720307E+03  0.5047800988E+03  0.4901073265E+02
L6 0.7889628622E+03  -.9140362968E+04  0.1372656220E+04  -.1059060996E+05
L7 0.0000000000E+00  0.6522148695E+01  0.1070837250E+02  0.1261750634E+02
L8 0.3425703836E+01  0.4298021223E+02  0.1336833794E+01  0.0000000000E+00
L9 0.0000000000E+00  0.0000000000E+00  0.0000000000E+00  0.9951794842E+00  0.0000000000E+00
L0    10000  0.2000000000E+02  -.7336337940E+04  0.1669029833E+04
L1 0.2934639165E+03  0.2934639165E+03  -.9005367772E+10  0.1000000000E+01
L2 0.1000000000E+01  0.3348674030E+02  0.3348674030E+02  0.3348674030E+02
L3 0.2890579523E+05  0.2955725866E+03  -.3951411856E+02  0.6635302968E+03
L4 0.3065295883E+03  0.2757091663E+03  0.2609120133E+03  0.2980135366E+03
L5 0.8346347162E+03  0.2142190019E+03  0.2691324294E+03  0.1599743920E+03
L6 0.6433258233E+03  -.9005367772E+04  0.1363535266E+04  -.1044160724E+05
L7 0.0000000000E+00  0.1015833434E+01  0.9577588800E+01  0.1120749733E+02
L8 0.2703128866E+01  0.4418522907E+02  0.4014924844E+01  0.0000000000E+00
L9 0.0000000000E+00  0.0000000000E+00  0.0000000000E+00  0.9863338326E+00  0.0000000000E+00
