L0  Nsteps           time(ps)         Etot             EKinetic        
L1  Temp             T_solute         T_solv           Pres_scal_solu  
L2  Pres_scal_solv   BoxX             BoxY             BoxZ            
L3  volume           pres_X           pres_Y           pres_Z          
L4  Pressure         EKCoM_x          EKCoM_y          EKCoM_z         
L5  EKComTot         VIRIAL_x         VIRIAL_y         VIRIAL_z        
L6  VIRIAL_tot       E_pot            E_vdw            E_el            
L7  E_hbon           E_bon            E_angle          E_dih           
L8  E_14vdw          E_14el           E_const          E_pol           
L9  AV_permMoment    AV_indMoment     AV_totMoment     Density          dV/dlambda      
L0     1000  0.2000000000E+01  -.7235718265E+04  0.1648660441E+04
L1 0.2920251280E+03  0.2920251280E+03  -.8884378707E+10  0.1000000000E+01
L2 0.1000000000E+01  0.3426343703E+02  0.3426343703E+02  0.3426343703E+02
L3 0.3096774615E+05  -.1131315897E+04  -.1006165164E+04  -.8552497932E+03
L4 -.9975769514E+03  0.2692274696E+03  0.2896403833E+03  0.2711722769E+03
L5 0.8300401298E+03  0.5213722999E+03  0.5138919341E+03  0.4617881911E+03
L6 0.1497052425E+04  -.8884378707E+04  0.1295163484E+04  -.1025271254E+05
L7 0.0000000000E+00  0.4274624661E+01  0.9041568922E+01  0.1250277518E+02
L8 0.2398883320E+01  0.4210598610E+02  0.2846515662E+01  0.0000000000E+00
L9 0.0000000000E+00  0.0000000000E+00  0.0000000000E+00  0.9138975193E+00  0.0000000000E+00
L0     2000  0.4000000000E+01  -.7147196126E+04  0.1734166064E+04
L1 0.3071706302E+03  0.3071706302E+03  -.8881362189E+10  0.1000000000E+01
L2 0.1000000000E+01  0.3380321205E+02  0.3380321205E+02  0.3380321205E+02
L3 0.2973412787E+05  -.2244113512E+03  -.6542048455E+03  0.6369041695E+03
L4 -.8057067574E+02  0.2929993371E+03  0.2727857511E+03  0.3069482126E+03
L5 0.8727333008E+03  0.3410231464E+03  0.4127849470E+03  0.1706513444E+03
L6 0.9244594377E+03  -.8881362189E+04  0.1343552905E+04  -.1030210509E+05
L7 0.0000000000E+00  0.3561356863E+01  0.6788812553E+01  0.1353759892E+02
L8 0.4895402085E+01  0.4690623172E+02  0.1500595199E+01  0.0000000000E+00
L9 0.0000000000E+00  0.0000000000E+00  0.0000000000E+00  0.9518135696E+00  0.0000000000E+00
L0     3000  0.6000000000E+01  -.7309818195E+04  0.1649040884E+04
L1 0.2920925152E+03  0.2920925152E+03  -.8958859079E+10  0.1000000000E+01
L2 0.1000000000E+01  0.3358246852E+02  0.3358246852E+02  0.3358246852E+02
L3 0.2915517876E+05  0.3376316149E+03  -.1085066682E+03  -.2047524136E+03
L4 0.8124177691E+01  0.2857507309E+03  0.2589138745E+03  0.2926043722E+03
L5 0.8372689776E+03  0.2149047212E+03  0.2816820755E+03  0.3355680368E+03
L6 0.8321548336E+03  -.8958859079E+04  0.1341565314E+04  -.1037405040E+05
L7 0.0000000000E+00  0.3527824638E+01  0.6293547075E+01  0.1056802396E+02
L8 0.4335065508E+01  0.4662463574E+02  0.2276910573E+01  0.0000000000E+00
L9 0.0000000000E+00  0.0000000000E+00  0.0000000000E+00  0.9707142124E+00  0.0000000000E+00
L0     4000  0.8000000000E+01  -.7309033983E+04  0.1650396599E+04
L1 0.2923326515E+03  0.2923326515E+03  -.8959430583E+10  0.1000000000E+01
L2 0.1000000000E+01  0.3342830643E+02  0.3342830643E+02  0.3342830643E+02
L3 0.2875640081E+05  -.4125909932E+03  -.3277313891E+03  -.2842321569E+03
L4 -.3415181797E+03  0.2736738936E+03  0.2783071273E+03  0.2827413228E+03
L5 0.8347223437E+03  0.3590646482E+03  0.3461351485E+03  0.3415666456E+03
L6 0.1046766442E+04  -.8959430583E+04  0.1272581746E+04  -.1030910484E+05
L7 0.0000000000E+00  0.6742862110E+01  0.1128767838E+02  0.1192040320E+02
L8 0.3078116983E+01  0.4178609341E+02  0.2277359044E+01  0.0000000000E+00
L9 0.0000000000E+00  0.0000000000E+00  0.0000000000E+00  0.9841755433E+00  0.0000000000E+00
L0     5000  0.1000000000E+02  -.7331153735E+04  0.1690309477E+04
L1 0.2994023687E+03  0.2994023687E+03  -.9021463212E+10  0.1000000000E+01
L2 0.1000000000E+01  0.3346229997E+02  0.3346229997E+02  0.3346229997E+02
L3 0.2884377322E+05  -.5418494997E+03  0.5914992761E+02  -.2327470618E+02
L4 -.1686580927E+03  0.2875073202E+03  0.2809263398E+03  0.2661528754E+03
L5 0.8345865354E+03  0.3999904337E+03  0.2686473435E+03  0.2709844964E+03
L6 0.9396222736E+03  -.9021463212E+04  0.1348279708E+04  -.1045154629E+05
L7 0.0000000000E+00  0.4557713359E+01  0.1636258260E+02  0.1027676636E+02
L8 0.3218290555E+01  0.4337149571E+02  0.4016517754E+01  0.0000000000E+00
L9 0.0000000000E+00  0.0000000000E+00  0.0000000000E+00  0.9811943177E+00  0.0000000000E+00
L0     6000  0.1200000000E+02  -.7385904117E+04  0.1634989041E+04
L1 0.2896035302E+03  0.2896035302E+03  -.9020893158E+10  0.1000000000E+01
L2 0.1000000000E+01  0.3348714289E+02  0.3348714289E+02  0.3348714289E+02
L3 0.2890708425E+05  -.4237322550E+03  0.2637054856E+03  0.7928703795E+03
L4 0.2109478700E+03  0.2618667414E+03  0.2713197251E+03  0.2754525018E+03
L5 0.8086389682E+03  0.3500228462E+03  0.2164566644E+03  0.1104984218E+03
L6 0.6769779324E+03  -.9020893158E+04  0.1403195740E+04  -.1049499995E+05
L7 0.0000000000E+00  0.2289534039E+01  0.7037750803E+01  0.9995225740E+01
L8 0.4278735301E+01  0.4342167608E+02  0.3888126692E+01  0.0000000000E+00
L9 0.0000000000E+00  0.0000000000E+00  0.0000000000E+00  0.9790453488E+00  0.0000000000E+00
L0     7000  0.1400000000E+02  -.7243628166E+04  0.1753040917E+04
L1 0.3105139089E+03  0.3105139089E+03  -.8996669083E+10  0.1000000000E+01
L2 0.1000000000E+01  0.3346906153E+02  0.3346906153E+02  0.3346906153E+02
L3 0.2886083603E+05  0.2135689967E+03  -.5745359679E+03  0.3510264698E+03
L4 -.3313500478E+01  0.2811768962E+03  0.2754274575E+03  0.3006823897E+03
L5 0.8572867435E+03  0.2368156544E+03  0.3947665441E+03  0.2277693249E+03
L6 0.8593515234E+03  -.8996669083E+04  0.1345189328E+04  -.1042105361E+05
L7 0.0000000000E+00  0.2372624912E+01  0.1296959205E+02  0.1227170242E+02
L8 0.4267921493E+01  0.4481952277E+02  0.2493834944E+01  0.0000000000E+00
L9 0.0000000000E+00  0.0000000000E+00  0.0000000000E+00  0.9806142261E+00  0.0000000000E+00
L0     8000  0.1600000000E+02  -.7181019952E+04  0.1755273369E+04
L1 0.3109093404E+03  0.3109093404E+03  -.8936293322E+10  0.1000000000E+01
L2 0.1000000000E+01  0.3349082682E+02  0.3349082682E+02  0.3349082682E+02
L3 0.2891669841E+05  0.8216133089E+03  -.7768918921E+03  0.5033579611E+03
L4 0.1826931260E+03  0.2927446727E+03  0.2923921432E+03  0.2844361645E+03
L5 0.8695729804E+03  0.1217538700E+03  0.4540757075E+03  0.1796793636E+03
L6 0.7555089411E+03  -.8936293322E+04  0.1342913547E+04  -.1035346050E+05
L7 0.0000000000E+00  0.2760415983E+01  0.1051673007E+02  0.9406117889E+01
L8 0.2773902330E+01  0.4617340742E+02  0.2623053465E+01  0.0000000000E+00
L9 0.0000000000E+00  0.0000000000E+00  0.0000000000E+00  0.9787198381E+00  0.0000000000E+00
L0     9000  0.1800000000E+02  -.7338646894E+04  0.1679015812E+04
L1 0.2974019362E+03  0.2974019362E+03  -.9017662707E+10  0.1000000000E+01
L2 0.1000000000E+01  0.3337686353E+02  0.3337686353E+02  0.3337686353E+02
L3 0.2862349459E+05  -.1838245914E+03  -.1362664755E+03  -.2925891132E+03
L4 -.2042267267E+03  0.2723427559E+03  0.2714921325E+03  0.2777498553E+03
L5 0.8215847437E+03  0.3102116693E+03  0.2995638030E+03  0.3380248801E+03
L6 0.9478003525E+03  -.9017662707E+04  0.1315278098E+04  -.1040734002E+05
L7 0.0000000000E+00  0.4857413106E+01  0.6465415143E+01  0.1320969334E+02
L8 0.3224003560E+01  0.4520925177E+02  0.1433436991E+01  0.0000000000E+00
L9 0.0000000000E+00  0.0000000000E+00  0.0000000000E+00  0.9887453223E+00  0.0000000000E+00
L0    10000  0.2000000000E+02  -.7378171756E+04  0.1650438208E+04
L1 0.2923400216E+03  0.2923400216E+03  -.9028609964E+10  0.1000000000E+01
L2 0.1000000000E+01  0.3333458556E+02  0.3333458556E+02  0.3333458556E+02
L3 0.2851376223E+05  0.1038917496E+04  -.2290613528E+03  -.1259995133E+03
L4 0.2279522101E+03  0.2732439245E+03  0.2688553594E+03  0.2583848897E+03
L5 0.8004841736E+03  0.6004148772E+02  0.3158624016E+03  0.2842419990E+03
L6 0.6601458883E+03  -.9028609964E+04  0.1375110019E+04  -.1047905919E+05
L7 0.0000000000E+00  0.1768528602E+01  0.1471725895E+02  0.9878738355E+01
L8 0.2536812014E+01  0.4402300246E+02  0.2414869246E+01  0.0000000000E+00
L9 0.0000000000E+00  0.0000000000E+00  0.0000000000E+00  0.9925504099E+00  0.0000000000E+00
