L0  Nsteps           time(ps)         Etot             EKinetic        
L1  Temp             T_solute         T_solv           Pres_scal_solu  
L2  Pres_scal_solv   BoxX             BoxY             BoxZ            
L3  volume           pres_X           pres_Y           pres_Z          
L4  Pressure         EKCoM_x          EKCoM_y          EKCoM_z         
L5  EKComTot         VIRIAL_x         VIRIAL_y         VIRIAL_z        
L6  VIRIAL_tot       E_pot            E_vdw            E_el            
L7  E_hbon           E_bon            E_angle          E_dih           
L8  E_14vdw          E_14el           E_const          E_pol           
L9  AV_permMoment    AV_indMoment     AV_totMoment     Density          dV/dlambda      
L0     1000  0.2000000000E+01  -.6878469158E+04  0.1617960960E+04
L1 0.2995565534E+03  0.2995565534E+03  -.8496430118E+10  0.1000000000E+01
L2 0.1000000000E+01  0.3391022448E+02  0.3391022448E+02  0.3391022448E+02
L3 0.3001998942E+05  -.1416439786E+04  -.7313213311E+03  -.9781190935E+03
L4 -.1041960070E+04  0.2557757454E+03  0.2572823900E+03  0.2890790317E+03
L5 0.8021371670E+03  0.5618066119E+03  0.4152890365E+03  0.5004079117E+03
L6 0.1477503560E+04  -.8496430118E+04  0.1212276332E+04  -.9777916287E+04
L7 0.0000000000E+00  0.3448898999E+01  0.1027981574E+02  0.9966262600E+01
L8 0.2370033324E+01  0.4104851217E+02  0.2096313991E+01  0.0000000000E+00
L9 0.0000000000E+00  0.0000000000E+00  0.0000000000E+00  0.9018910149E+00  0.0000000000E+00
L0     2000  0.4000000000E+01  -.6985461072E+04  0.1593283638E+04
L1 0.2949876833E+03  0.2949876833E+03  -.8578744711E+10  0.1000000000E+01
L2 0.1000000000E+01  0.3336835971E+02  0.3336835971E+02  0.3336835971E+02
L3 0.2860171554E+05  -.7372303785E+02  -.7448276904E+03  0.9579308991E+02
L4 -.2409192128E+03  0.2771235209E+03  0.2685637989E+03  0.2689726178E+03
L5 0.8146599376E+03  0.2922993311E+03  0.4218857994E+03  0.2492537105E+03
L6 0.9634388410E+03  -.8578744711E+04  0.1298000015E+04  -.9949983571E+04
L7 0.0000000000E+00  0.3365461766E+01  0.1115474498E+02  0.9926580366E+01
L8 0.3261976546E+01  0.4336064518E+02  0.2169437138E+01  0.0000000000E+00
L9 0.0000000000E+00  0.0000000000E+00  0.0000000000E+00  0.9466131038E+00  0.0000000000E+00
L0     3000  0.6000000000E+01  -.6949356891E+04  0.1637882585E+04
L1 0.3032449324E+03  0.3032449324E+03  -.8587239476E+10  0.1000000000E+01
L2 0.1000000000E+01  0.3300268791E+02  0.3300268791E+02  0.3300268791E+02
L3 0.2767106902E+05  -.4940705889E+03  0.3429636421E+03  0.1646146223E+03
L4 0.4502558496E+01  0.2884474637E+03  0.2609801002E+03  0.2605726974E+03
L5 0.8100002613E+03  0.3868421215E+03  0.1926785438E+03  0.2277895288E+03
L6 0.8073101940E+03  -.8587239476E+04  0.1286109980E+04  -.9944956441E+04
L7 0.0000000000E+00  0.3155547141E+01  0.8458417336E+01  0.9710237409E+01
L8 0.4115644321E+01  0.4344557247E+02  0.2721566966E+01  0.0000000000E+00
L9 0.0000000000E+00  0.0000000000E+00  0.0000000000E+00  0.9784500448E+00  0.0000000000E+00
L0     4000  0.8000000000E+01  -.6991787853E+04  0.1596757830E+04
L1 0.2956309107E+03  0.2956309107E+03  -.8588545683E+10  0.1000000000E+01
L2 0.1000000000E+01  0.3301928380E+02  0.3301928380E+02  0.3301928380E+02
L3 0.2771262530E+05  -.3421958537E+03  0.5413668417E+03  0.6812490307E+02
L4 0.8909863034E+02  0.2523315665E+03  0.2596806118E+03  0.2656203724E+03
L5 0.7776325507E+03  0.3205825624E+03  0.1517049432E+03  0.2520328539E+03
L6 0.7243203596E+03  -.8588545683E+04  0.1303883292E+04  -.9963057115E+04
L7 0.0000000000E+00  0.2856405214E+01  0.8742594964E+01  0.9957522033E+01
L8 0.3015089017E+01  0.4366919212E+02  0.2387337475E+01  0.0000000000E+00
L9 0.0000000000E+00  0.0000000000E+00  0.0000000000E+00  0.9769828166E+00  0.0000000000E+00
L0     5000  0.1000000000E+02  -.7029739767E+04  0.1578112084E+04
L1 0.2921787537E+03  0.2921787537E+03  -.8607851851E+10  0.1000000000E+01
L2 0.1000000000E+01  0.3289181839E+02  0.3289181839E+02  0.3289181839E+02
L3 0.2739394825E+05  0.2430010703E+02  -.8870839780E+03  -.1288917055E+03
L4 -.3305585255E+03  0.2739828421E+03  0.2574789699E+03  0.2671708544E+03
L5 0.7986326663E+03  0.2691919168E+03  0.4323733869E+03  0.2925826984E+03
L6 0.9941480021E+03  -.8607851851E+04  0.1230243912E+04  -.9914022589E+04
L7 0.0000000000E+00  0.1863209765E+01  0.1292824087E+02  0.1321248953E+02
L8 0.2775970468E+01  0.4203493885E+02  0.3111976787E+01  0.0000000000E+00
L9 0.0000000000E+00  0.0000000000E+00  0.0000000000E+00  0.9883481737E+00  0.0000000000E+00
L0     6000  0.1200000000E+02  -.7019923397E+04  0.1638339819E+04
L1 0.3033295868E+03  0.3033295868E+03  -.8658263216E+10  0.1000000000E+01
L2 0.1000000000E+01  0.3299043108E+02  0.3299043108E+02  0.3299043108E+02
L3 0.2764010629E+05  -.4536241225E+03  0.5453240047E+03  0.9701929930E+02
L4 0.6290639382E+02  0.2726203491E+03  0.2789920717E+03  0.2724859911E+03
L5 0.8240984119E+03  0.3628589660E+03  0.1705117651E+03  0.2531861193E+03
L6 0.7865568504E+03  -.8658263216E+04  0.1312645853E+04  -.1004051559E+05
L7 0.0000000000E+00  0.6441970652E+00  0.8676512115E+01  0.1151938148E+02
L8 0.3116620816E+01  0.4353358329E+02  0.2116225434E+01  0.0000000000E+00
L9 0.0000000000E+00  0.0000000000E+00  0.0000000000E+00  0.9795461144E+00  0.0000000000E+00
L0     7000  0.1400000000E+02  -.7122406663E+04  0.1531580138E+04
L1 0.2835636203E+03  0.2835636203E+03  -.8653986801E+10  0.1000000000E+01
L2 0.1000000000E+01  0.3284724351E+02  0.3284724351E+02  0.3284724351E+02
L3 0.2728052406E+05  -.1784104803E+03  0.5503545834E+03  0.1351607942E+04
L4 0.5745173484E+03  0.2585964626E+03  0.2308300636E+03  0.2483187404E+03
L5 0.7377452666E+03  0.2936256168E+03  0.1227733197E+03  -.1705626983E+02
L6 0.3993426667E+03  -.8653986801E+04  0.1359164979E+04  -.1008589886E+05
L7 0.0000000000E+00  0.5011165404E+01  0.8151556295E+01  0.8731503469E+01
L8 0.3220219565E+01  0.4451560198E+02  0.3117036897E+01  0.0000000000E+00
L9 0.0000000000E+00  0.0000000000E+00  0.0000000000E+00  0.9924574272E+00  0.0000000000E+00
L0     8000  0.1600000000E+02  -.7053219676E+04  0.1591016867E+04
L1 0.2945680032E+03  0.2945680032E+03  -.8644236544E+10  0.1000000000E+01
L2 0.1000000000E+01  0.3285239177E+02  0.3285239177E+02  0.3285239177E+02
L3 0.2729383273E+05  0.5128794583E+03  0.6250373148E+03  -.5048692661E+01
L4 0.3776226935E+03  0.2842708608E+03  0.2562537172E+03  0.2573093488E+03
L5 0.7978339268E+03  0.1835228660E+03  0.1334738806E+03  0.2583010938E+03
L6 0.5752978405E+03  -.8644236544E+04  0.1316740123E+04  -.1003698766E+05
L7 0.0000000000E+00  0.1111920269E+01  0.8129153922E+01  0.1210866674E+02
L8 0.3290982309E+01  0.4716020952E+02  0.4210060896E+01  0.0000000000E+00
L9 0.0000000000E+00  0.0000000000E+00  0.0000000000E+00  0.9919734979E+00  0.0000000000E+00
L0     9000  0.1800000000E+02  -.6990802416E+04  0.1605067165E+04
L1 0.2971693383E+03  0.2971693383E+03  -.8595869580E+10  0.1000000000E+01
L2 0.1000000000E+01  0.3294174600E+02  0.3294174600E+02  0.3294174600E+02
L3 0.2751831704E+05  -.7657154387E+02  -.1504331771E+03  -.7139243315E+02
L4 -.9946571805E+02  0.2665151185E+03  0.2632297995E+03  0.2670906854E+03
L5 0.7968356034E+03  0.2816802386E+03  0.2930233374E+03  0.2812300741E+03
L6 0.8559336501E+03  -.8595869580E+04  0.1265355772E+04  -.9932716083E+04
L7 0.0000000000E+00  0.2154768517E+01  0.8791937288E+01  0.1084103872E+02
L8 0.3009720733E+01  0.4451261614E+02  0.2180650007E+01  0.0000000000E+00
L9 0.0000000000E+00  0.0000000000E+00  0.0000000000E+00  0.9838813426E+00  0.0000000000E+00
L0    10000  0.2000000000E+02  -.7005957423E+04  0.1632856322E+04
L1 0.3023143476E+03  0.3023143476E+03  -.8638813745E+10  0.1000000000E+01
L2 0.1000000000E+01  0.3290936161E+02  0.3290936161E+02  0.3290936161E+02
L3 0.2743866184E+05  -.1240126393E+04  -.2680125470E+03  -.5346743427E+03
L4 -.6809377610E+03  0.2718298077E+03  0.2657718517E+03  0.2598684760E+03
L5 0.7974701354E+03  0.5167279315E+03  0.3186985294E+03  0.3654550872E+03
L6 0.1200881548E+04  -.8638813745E+04  0.1199642139E+04  -.9912444822E+04
L7 0.0000000000E+00  0.2112225057E+01  0.1232690211E+02  0.1070244316E+02
L8 0.3322844566E+01  0.4277283257E+02  0.2751690626E+01  0.0000000000E+00
L9 0.0000000000E+00  0.0000000000E+00  0.0000000000E+00  0.9867375778E+00  0.0000000000E+00
