L0  Nsteps           time(ps)         Etot             EKinetic        
L1  Temp             T_solute         T_solv           Pres_scal_solu  
L2  Pres_scal_solv   BoxX             BoxY             BoxZ            
L3  volume           pres_X           pres_Y           pres_Z          
L4  Pressure         EKCoM_x          EKCoM_y          EKCoM_z         
L5  EKComTot         VIRIAL_x         VIRIAL_y         VIRIAL_z        
L6  VIRIAL_tot       E_pot            E_vdw            E_el            
L7  E_hbon           E_bon            E_angle          E_dih           
L8  E_14vdw          E_14el           E_const          E_pol           
L9  AV_permMoment    AV_indMoment     AV_totMoment     Density          dV/dlambda      
L0     1000  0.2000000000E+01  -.8038836461E+04  0.1897226908E+04
L1 0.3027997722E+03  0.3027997722E+03  -.9936063369E+10  0.1000000000E+01
L2 0.1000000000E+01  0.3541077068E+02  0.3541077068E+02  0.3541077068E+02
L3 0.3418367863E+05  -.6585051288E+03  -.4068537370E+03  -.1605190538E+04
L4 -.8901831345E+03  0.3103491482E+03  0.3291128881E+03  0.2941656879E+03
L5 0.9336277242E+03  0.4723564313E+03  0.4292081883E+03  0.6890791767E+03
L6 0.1590643796E+04  -.9936063369E+04  0.1458886323E+04  -.1147106909E+05
L7 0.0000000000E+00  0.4222616045E+01  0.1075056019E+02  0.1000407114E+02
L8 0.1887451320E+01  0.4492155954E+02  0.4333136075E+01  0.0000000000E+00
L9 0.0000000000E+00  0.0000000000E+00  0.0000000000E+00  0.9189382762E+00  0.0000000000E+00
L0     2000  0.4000000000E+01  -.8061977438E+04  0.1844978869E+04
L1 0.2944609202E+03  0.2944609202E+03  -.9906956307E+10  0.1000000000E+01
L2 0.1000000000E+01  0.3493319728E+02  0.3493319728E+02  0.3493319728E+02
L3 0.3281753430E+05  -.7212520685E+03  -.1587840827E+03  -.1084290620E+03
L4 -.3294884044E+03  0.3098206492E+03  0.3025247440E+03  0.2789597250E+03
L5 0.8913051182E+03  0.4801735761E+03  0.3400280447E+03  0.3045696454E+03
L6 0.1124771266E+04  -.9906956307E+04  0.1461818492E+04  -.1144049037E+05
L7 0.0000000000E+00  0.5801187183E+00  0.5802715888E+01  0.1180968025E+02
L8 0.3378282305E+01  0.4536163252E+02  0.4783139499E+01  0.0000000000E+00
L9 0.0000000000E+00  0.0000000000E+00  0.0000000000E+00  0.9571922870E+00  0.0000000000E+00
L0     3000  0.6000000000E+01  -.8071405195E+04  0.1874958365E+04
L1 0.2992456850E+03  0.2992456850E+03  -.9946363560E+10  0.1000000000E+01
L2 0.1000000000E+01  0.3473004286E+02  0.3473004286E+02  0.3473004286E+02
L3 0.3224830675E+05  -.7736709443E+03  -.4895631021E+02  -.1673633388E+03
L4 -.3299968644E+03  0.3024374786E+03  0.3214783827E+03  0.3167589554E+03
L5 0.9406748167E+03  0.4820016903E+03  0.3328408377E+03  0.3556029448E+03
L6 0.1170445473E+04  -.9946363560E+04  0.1430045064E+04  -.1144282610E+05
L7 0.0000000000E+00  0.2719667537E+01  0.8286583249E+01  0.9855859638E+01
L8 0.2217812684E+01  0.4221528827E+02  0.1122263459E+01  0.0000000000E+00
L9 0.0000000000E+00  0.0000000000E+00  0.0000000000E+00  0.9740880649E+00  0.0000000000E+00
L0     4000  0.8000000000E+01  -.8095361985E+04  0.1896867576E+04
L1 0.3027424223E+03  0.3027424223E+03  -.9992229561E+10  0.1000000000E+01
L2 0.1000000000E+01  0.3463338873E+02  0.3463338873E+02  0.3463338873E+02
L3 0.3197889909E+05  -.4619538647E+02  0.2271430180E+02  -.5313404967E+01
L4 -.9598163211E+01  0.3356426892E+03  0.3047185047E+03  0.2969006883E+03
L5 0.9372618822E+03  0.3462747804E+03  0.2994906985E+03  0.2981235941E+03
L6 0.9438890730E+03  -.9992229561E+04  0.1484877617E+04  -.1154982157E+05
L7 0.0000000000E+00  0.3060822423E+01  0.5728544057E+01  0.1150068874E+02
L8 0.2781717326E+01  0.4615500987E+02  0.3487609960E+01  0.0000000000E+00
L9 0.0000000000E+00  0.0000000000E+00  0.0000000000E+00  0.9822943132E+00  0.0000000000E+00
L0     5000  0.1000000000E+02  -.8090237436E+04  0.1868492792E+04
L1 0.2982137716E+03  0.2982137716E+03  -.9958730228E+10  0.1000000000E+01
L2 0.1000000000E+01  0.3462807265E+02  0.3462807265E+02  0.3462807265E+02
L3 0.3196495611E+05  -.1307874778E+02  0.2595774409E+03  -.1096650806E+04
L4 -.2833840377E+03  0.3205812602E+03  0.3112942337E+03  0.3182374491E+03
L5 0.9501129430E+03  0.3235900847E+03  0.2515772808E+03  0.5705268786E+03
L6 0.1145694244E+04  -.9958730228E+04  0.1427120614E+04  -.1145431785E+05
L7 0.0000000000E+00  0.2313404625E+01  0.3280789824E+01  0.9920212511E+01
L8 0.2826255221E+01  0.4829188953E+02  0.1834457933E+01  0.0000000000E+00
L9 0.0000000000E+00  0.0000000000E+00  0.0000000000E+00  0.9827227859E+00  0.0000000000E+00
L0     6000  0.1200000000E+02  -.8221188294E+04  0.1855715537E+04
L1 0.2961745057E+03  0.2961745057E+03  -.1007690383E+11  0.1000000000E+01
L2 0.1000000000E+01  0.3458562893E+02  0.3458562893E+02  0.3458562893E+02
L3 0.3184731463E+05  0.1039501889E+03  -.1065572236E+02  -.6827158523E+03
L4 -.1964737952E+03  0.3142367754E+03  0.3131093879E+03  0.2900158369E+03
L5 0.9173620001E+03  0.2904105810E+03  0.3155517626E+03  0.4464996375E+03
L6 0.1052461981E+04  -.1007690383E+05  0.1494725289E+04  -.1164732235E+05
L7 0.0000000000E+00  0.3540683870E+01  0.1254372676E+02  0.1002442384E+02
L8 0.3096168545E+01  0.4264420412E+02  0.3844021664E+01  0.0000000000E+00
L9 0.0000000000E+00  0.0000000000E+00  0.0000000000E+00  0.9863528867E+00  0.0000000000E+00
L0     7000  0.1400000000E+02  -.8150873205E+04  0.1856379652E+04
L1 0.2962804994E+03  0.2962804994E+03  -.1000725286E+11  0.1000000000E+01
L2 0.1000000000E+01  0.3457005796E+02  0.3457005796E+02  0.3457005796E+02
L3 0.3180316451E+05  0.1307674812E+03  0.4280134030E+03  0.7325782270E+02
L4 0.2106795689E+03  0.3065848599E+03  0.3015386687E+03  0.2940657869E+03
L5 0.9021893155E+03  0.2766534845E+03  0.2035706591E+03  0.2772978002E+03
L6 0.7575219437E+03  -.1000725286E+05  0.1506590461E+04  -.1159182570E+05
L7 0.0000000000E+00  0.8521858904E+00  0.1262631858E+02  0.9952099679E+01
L8 0.2978519272E+01  0.4639268680E+02  0.5180566490E+01  0.0000000000E+00
L9 0.0000000000E+00  0.0000000000E+00  0.0000000000E+00  0.9877221716E+00  0.0000000000E+00
L0     8000  0.1600000000E+02  -.8131241630E+04  0.1889114955E+04
L1 0.3015050944E+03  0.3015050944E+03  -.1002035658E+11  0.1000000000E+01
L2 0.1000000000E+01  0.3459752136E+02  0.3459752136E+02  0.3459752136E+02
L3 0.3188116215E+05  -.6883503652E+03  -.2747167728E+02  -.9112929803E+03
L4 -.5423716743E+03  0.2999510132E+03  0.3447253778E+03  0.2982608656E+03
L5 0.9429372567E+03  0.4578939727E+03  0.3510287928E+03  0.5073583217E+03
L6 0.1316281087E+04  -.1002035658E+05  0.1415518418E+04  -.1150688505E+05
L7 0.0000000000E+00  0.3863833909E+01  0.7167560149E+01  0.9530450562E+01
L8 0.2977500889E+01  0.4456317087E+02  0.2907529997E+01  0.0000000000E+00
L9 0.0000000000E+00  0.0000000000E+00  0.0000000000E+00  0.9853056979E+00  0.0000000000E+00
L0     9000  0.1800000000E+02  -.8118000630E+04  0.1857828685E+04
L1 0.2965117668E+03  0.2965117668E+03  -.9975829315E+10  0.1000000000E+01
L2 0.1000000000E+01  0.3455188871E+02  0.3455188871E+02  0.3455188871E+02
L3 0.3175268427E+05  -.6607713746E+02  0.8147406287E+03  0.2662712042E+03
L4 0.3383115651E+03  0.2977671842E+03  0.2845193324E+03  0.3031824209E+03
L5 0.8854689374E+03  0.3128675770E+03  0.9832931221E+02  0.2423323305E+03
L6 0.6535292197E+03  -.9975829315E+04  0.1525414171E+04  -.1157770485E+05
L7 0.0000000000E+00  0.5514712673E+01  0.7861163704E+01  0.1397272492E+02
L8 0.1851766350E+01  0.4396071435E+02  0.3300280588E+01  0.0000000000E+00
L9 0.0000000000E+00  0.0000000000E+00  0.0000000000E+00  0.9892924468E+00  0.0000000000E+00
L0    10000  0.2000000000E+02  -.8181501058E+04  0.1833373291E+04
L1 0.2926086555E+03  0.2926086555E+03  -.1001487435E+11  0.1000000000E+01
L2 0.1000000000E+01  0.3468182254E+02  0.3468182254E+02  0.3468182254E+02
L3 0.3211443817E+05  -.6697477637E+03  -.6611855556E+02  -.5356489811E+03
L4 -.4238384334E+03  0.2895112152E+03  0.3150424329E+03  0.2964198787E+03
L5 0.9009735268E+03  0.4443102259E+03  0.3303244354E+03  0.4202245957E+03
L6 0.1194859257E+04  -.1001487435E+05  0.1456642559E+04  -.1155739957E+05
L7 0.0000000000E+00  0.5482487830E+01  0.1091614700E+02  0.1118201002E+02
L8 0.4465512163E+01  0.5002867008E+02  0.3807833966E+01  0.0000000000E+00
L9 0.0000000000E+00  0.0000000000E+00  0.0000000000E+00  0.9781485370E+00  0.0000000000E+00
