L0  Nsteps           time(ps)         Etot             EKinetic        
L1  Temp             T_solute         T_solv           Pres_scal_solu  
L2  Pres_scal_solv   BoxX             BoxY             BoxZ            
L3  volume           pres_X           pres_Y           pres_Z          
L4  Pressure         EKCoM_x          EKCoM_y          EKCoM_z         
L5  EKComTot         VIRIAL_x         VIRIAL_y         VIRIAL_z        
L6  VIRIAL_tot       E_pot            E_vdw            E_el            
L7  E_hbon           E_bon            E_angle          E_dih           
L8  E_14vdw          E_14el           E_const          E_pol           
L9  AV_permMoment    AV_indMoment     AV_totMoment     Density          dV/dlambda      
L0     1000  0.2000000000E+01  -.7711447695E+04  0.1840717499E+04
L1 0.3039012018E+03  0.3039012018E+03  -.9552165194E+10  0.1000000000E+01
L2 0.1000000000E+01  0.3507546962E+02  0.3507546962E+02  0.3507546962E+02
L3 0.3322103034E+05  -.7593649974E+02  -.7485138047E+03  -.1068168801E+04
L4 -.6308730350E+03  0.3085846429E+03  0.2998407921E+03  0.2902134487E+03
L5 0.8986388837E+03  0.3267406462E+03  0.4788063638E+03  0.5456067880E+03
L6 0.1351153798E+04  -.9552165194E+04  0.1447696850E+04  -.1107200527E+05
L7 0.0000000000E+00  0.2464065995E+01  0.8083192504E+01  0.1117516781E+02
L8 0.3587811043E+01  0.4372104366E+02  0.3111945102E+01  0.0000000000E+00
L9 0.0000000000E+00  0.0000000000E+00  0.0000000000E+00  0.9140476191E+00  0.0000000000E+00
L0     2000  0.4000000000E+01  -.7733895683E+04  0.1867797519E+04
L1 0.3083720946E+03  0.3083720946E+03  -.9601693202E+10  0.1000000000E+01
L2 0.1000000000E+01  0.3454416234E+02  0.3454416234E+02  0.3454416234E+02
L3 0.3173248041E+05  0.5754060343E+01  -.7088050793E+03  0.5599013406E+03
L4 -.4771655947E+02  0.3285550368E+03  0.3060130737E+03  0.3105294152E+03
L5 0.9450975258E+03  0.3272409168E+03  0.4678909215E+03  0.1826584016E+03
L6 0.9777902399E+03  -.9601693202E+04  0.1450387326E+04  -.1112663900E+05
L7 0.0000000000E+00  0.5656695293E+01  0.6069705345E+01  0.1082437888E+02
L8 0.3496500803E+01  0.4510125804E+02  0.3409933731E+01  0.0000000000E+00
L9 0.0000000000E+00  0.0000000000E+00  0.0000000000E+00  0.9569249959E+00  0.0000000000E+00
L0     3000  0.6000000000E+01  -.7848605521E+04  0.1781970054E+04
L1 0.2942020389E+03  0.2942020389E+03  -.9630575576E+10  0.1000000000E+01
L2 0.1000000000E+01  0.3426724622E+02  0.3426724622E+02  0.3426724622E+02
L3 0.3097611554E+05  -.3918262273E+03  -.4594299073E+03  -.1343446136E+02
L4 -.2882301987E+03  0.2821771616E+03  0.2864648322E+03  0.2965089202E+03
L5 0.8651509140E+03  0.3695300033E+03  0.3888890836E+03  0.2995039683E+03
L6 0.1057923055E+04  -.9630575576E+04  0.1397290371E+04  -.1110175711E+05
L7 0.0000000000E+00  0.5735980143E+01  0.5927999597E+01  0.1190357735E+02
L8 0.3349415553E+01  0.4479264708E+02  0.2181543574E+01  0.0000000000E+00
L9 0.0000000000E+00  0.0000000000E+00  0.0000000000E+00  0.9802908840E+00  0.0000000000E+00
L0     4000  0.8000000000E+01  -.7881990845E+04  0.1765101435E+04
L1 0.2914170414E+03  0.2914170414E+03  -.9647092281E+10  0.1000000000E+01
L2 0.1000000000E+01  0.3429272967E+02  0.3429272967E+02  0.3429272967E+02
L3 0.3104391753E+05  0.5612752258E+02  0.2119460863E+03  0.3376062577E+03
L4 0.2018932888E+03  0.2964907732E+03  0.2769777907E+03  0.2952607717E+03
L5 0.8687293356E+03  0.2839504429E+03  0.2296235908E+03  0.2198308618E+03
L6 0.7334048956E+03  -.9647092281E+04  0.1461126784E+04  -.1118400064E+05
L7 0.0000000000E+00  0.3547815262E+01  0.1049207397E+02  0.1192803566E+02
L8 0.2204602659E+01  0.4312496897E+02  0.4484074301E+01  0.0000000000E+00
L9 0.0000000000E+00  0.0000000000E+00  0.0000000000E+00  0.9781498631E+00  0.0000000000E+00
L0     5000  0.1000000000E+02  -.7858296468E+04  0.1843530783E+04
L1 0.3043656731E+03  0.3043656731E+03  -.9701827251E+10  0.1000000000E+01
L2 0.1000000000E+01  0.3420703549E+02  0.3420703549E+02  0.3420703549E+02
L3 0.3081372047E+05  0.8649345715E+03  -.1265198818E+04  -.1121373819E+04
L4 -.5072126882E+03  0.3140820180E+03  0.2954118929E+03  0.2989759875E+03
L5 0.9084698983E+03  0.1222663959E+03  0.5759936921E+03  0.5476618693E+03
L6 0.1245921957E+04  -.9701827251E+04  0.1380527060E+04  -.1115891869E+05
L7 0.0000000000E+00  0.1935513997E+01  0.1485688394E+02  0.1161054734E+02
L8 0.3313419997E+01  0.4227463713E+02  0.2573379680E+01  0.0000000000E+00
L9 0.0000000000E+00  0.0000000000E+00  0.0000000000E+00  0.9854572321E+00  0.0000000000E+00
L0     6000  0.1200000000E+02  -.7843654726E+04  0.1819516785E+04
L1 0.3004009784E+03  0.3004009784E+03  -.9663171511E+10  0.1000000000E+01
L2 0.1000000000E+01  0.3418669678E+02  0.3418669678E+02  0.3418669678E+02
L3 0.3075741178E+05  0.1344924916E+02  -.4271678598E+03  0.3987990708E+03
L4 -.4973179966E+01  0.3008227651E+03  0.3025466710E+03  0.3143442451E+03
L5 0.9177136812E+03  0.2978455898E+03  0.3971061206E+03  0.2260646150E+03
L6 0.9210163255E+03  -.9663171511E+04  0.1427129163E+04  -.1116404475E+05
L7 0.0000000000E+00  0.2089187159E+01  0.1170199206E+02  0.9315212196E+01
L8 0.2939066720E+01  0.4278381001E+02  0.4914810018E+01  0.0000000000E+00
L9 0.0000000000E+00  0.0000000000E+00  0.0000000000E+00  0.9872613436E+00  0.0000000000E+00
L0     7000  0.1400000000E+02  -.7961221435E+04  0.1785373957E+04
L1 0.2947640208E+03  0.2947640208E+03  -.9746595391E+10  0.1000000000E+01
L2 0.1000000000E+01  0.3416374882E+02  0.3416374882E+02  0.3416374882E+02
L3 0.3069521514E+05  -.6828749482E+02  0.3892438516E+03  -.7073733934E+01
L4 0.1046275409E+03  0.2921987357E+03  0.2953186503E+03  0.2984460814E+03
L5 0.8859634674E+03  0.3072845390E+03  0.2093284377E+03  0.3000087827E+03
L6 0.8166217594E+03  -.9746595391E+04  0.1476644562E+04  -.1129465972E+05
L7 0.0000000000E+00  0.4197871529E+01  0.7298018722E+01  0.1086228336E+02
L8 0.2952297979E+01  0.4445611084E+02  0.1653185469E+01  0.0000000000E+00
L9 0.0000000000E+00  0.0000000000E+00  0.0000000000E+00  0.9892617970E+00  0.0000000000E+00
L0     8000  0.1600000000E+02  -.7817025939E+04  0.1850572482E+04
L1 0.3055282528E+03  0.3055282528E+03  -.9667598421E+10  0.1000000000E+01
L2 0.1000000000E+01  0.3425784733E+02  0.3425784733E+02  0.3425784733E+02
L3 0.3094879781E+05  0.5133890931E+03  0.3700530157E+03  0.2471709047E+03
L4 0.3768710045E+03  0.2923344405E+03  0.3211972963E+03  0.3065052116E+03
L5 0.9200369484E+03  0.1779815882E+03  0.2387712798E+03  0.2514500920E+03
L6 0.6682029599E+03  -.9667598421E+04  0.1501555712E+04  -.1125066802E+05
L7 0.0000000000E+00  0.5639069421E+01  0.7295970256E+01  0.1268786160E+02
L8 0.5060769639E+01  0.4582720385E+02  0.5003012277E+01  0.0000000000E+00
L9 0.0000000000E+00  0.0000000000E+00  0.0000000000E+00  0.9811561620E+00  0.0000000000E+00
L0     9000  0.1800000000E+02  -.7834276079E+04  0.1852798823E+04
L1 0.3058958202E+03  0.3058958202E+03  -.9687074902E+10  0.1000000000E+01
L2 0.1000000000E+01  0.3423480875E+02  0.3423480875E+02  0.3423480875E+02
L3 0.3088777700E+05  0.2831708409E+02  -.5581160046E+03  0.1611312052E+03
L4 -.1228892385E+03  0.2939348448E+03  0.2836374952E+03  0.3346572613E+03
L5 0.9122296013E+03  0.2876399023E+03  0.4077077603E+03  0.2988374834E+03
L6 0.9941851459E+03  -.9687074902E+04  0.1435547802E+04  -.1119363747E+05
L7 0.0000000000E+00  0.2703090181E+01  0.8829778471E+01  0.1117607163E+02
L8 0.3284455893E+01  0.4306739930E+02  0.1953967228E+01  0.0000000000E+00
L9 0.0000000000E+00  0.0000000000E+00  0.0000000000E+00  0.9830944998E+00  0.0000000000E+00
L0    10000  0.2000000000E+02  -.7803849650E+04  0.1828793702E+04
L1 0.3019325911E+03  0.3019325911E+03  -.9632643352E+10  0.1000000000E+01
L2 0.1000000000E+01  0.3418557966E+02  0.3418557966E+02  0.3418557966E+02
L3 0.3075464418E+05  -.5360209560E+03  0.3215893913E+02  0.2183084359E+03
L4 -.9518452700E+02  0.2908065567E+03  0.3241081067E+03  0.2967992224E+03
L5 0.9117138858E+03  0.4094514515E+03  0.3169899261E+03  0.2484780120E+03
L6 0.9749193896E+03  -.9632643352E+04  0.1398916727E+04  -.1110761449E+05
L7 0.0000000000E+00  0.4154360891E+01  0.1061967105E+02  0.1099032202E+02
L8 0.3339782159E+01  0.4554852689E+02  0.1401752006E+01  0.0000000000E+00
L9 0.0000000000E+00  0.0000000000E+00  0.0000000000E+00  0.9873501871E+00  0.0000000000E+00
