L0  Nsteps           time(ps)         Etot             EKinetic        
L1  Temp             T_solute         T_solv           Pres_scal_solu  
L2  Pres_scal_solv   BoxX             BoxY             BoxZ            
L3  volume           pres_X           pres_Y           pres_Z          
L4  Pressure         EKCoM_x          EKCoM_y          EKCoM_z         
L5  EKComTot         VIRIAL_x         VIRIAL_y         VIRIAL_z        
L6  VIRIAL_tot       E_pot            E_vdw            E_el            
L7  E_hbon           E_bon            E_angle          E_dih           
L8  E_14vdw          E_14el           E_const          E_pol           
L9  AV_permMoment    AV_indMoment     AV_totMoment     Density          dV/dlambda      
L0     1000  0.2000000000E+01  -.7676412498E+04  0.1778271761E+04
L1 0.2971005143E+03  0.2971005143E+03  -.9454684259E+10  0.1000000000E+01
L2 0.1000000000E+01  0.3499094794E+02  0.3499094794E+02  0.3499094794E+02
L3 0.3298118373E+05  -.4852715546E+03  -.5389933901E+03  -.5973221129E+03
L4 -.5405290192E+03  0.2951442897E+03  0.2865101396E+03  0.2899184844E+03
L5 0.8715729138E+03  0.4103324000E+03  0.4144501136E+03  0.4317038514E+03
L6 0.1256486365E+04  -.9454684259E+04  0.1456211164E+04  -.1098929651E+05
L7 0.0000000000E+00  0.2888677700E+01  0.1189576538E+02  0.1179286304E+02
L8 0.2735746675E+01  0.4586344675E+02  0.3224588108E+01  0.0000000000E+00
L9 0.0000000000E+00  0.0000000000E+00  0.0000000000E+00  0.9098097468E+00  0.0000000000E+00
L0     2000  0.4000000000E+01  -.7812177785E+04  0.1729178262E+04
L1 0.2888983351E+03  0.2888983351E+03  -.9541356047E+10  0.1000000000E+01
L2 0.1000000000E+01  0.3449895294E+02  0.3449895294E+02  0.3449895294E+02
L3 0.3160876747E+05  0.7698955240E+02  -.7625087442E+03  -.2162444078E+03
L4 -.3005878665E+03  0.2731394253E+03  0.2907037776E+03  0.2828042168E+03
L5 0.8466474197E+03  0.2556249981E+03  0.4641676231E+03  0.3319978646E+03
L6 0.1051790486E+04  -.9541356047E+04  0.1453167567E+04  -.1107443822E+05
L7 0.0000000000E+00  0.1982342122E+01  0.1242342871E+02  0.1088362705E+02
L8 0.3203256050E+01  0.4802376260E+02  0.3398189763E+01  0.0000000000E+00
L9 0.0000000000E+00  0.0000000000E+00  0.0000000000E+00  0.9493126374E+00  0.0000000000E+00
L0     3000  0.6000000000E+01  -.7781535736E+04  0.1785471445E+04
L1 0.2983033844E+03  0.2983033844E+03  -.9567007182E+10  0.1000000000E+01
L2 0.1000000000E+01  0.3416761397E+02  0.3416761397E+02  0.3416761397E+02
L3 0.3070564921E+05  0.3561636378E+03  0.1260763291E+03  -.1844534262E+03
L4 0.9926218025E+02  0.3017290739E+03  0.3014891190E+03  0.2798663835E+03
L5 0.8830845764E+03  0.2230200652E+03  0.2736273672E+03  0.3206289566E+03
L6 0.8172763890E+03  -.9567007182E+04  0.1471787731E+04  -.1112549069E+05
L7 0.0000000000E+00  0.4297387637E+01  0.1120666680E+02  0.1428108746E+02
L8 0.6212268366E+01  0.4878276623E+02  0.1915602595E+01  0.0000000000E+00
L9 0.0000000000E+00  0.0000000000E+00  0.0000000000E+00  0.9772339354E+00  0.0000000000E+00
L0     4000  0.8000000000E+01  -.7636244492E+04  0.1801932704E+04
L1 0.3010536099E+03  0.3010536099E+03  -.9438177196E+10  0.1000000000E+01
L2 0.1000000000E+01  0.3411174894E+02  0.3411174894E+02  0.3411174894E+02
L3 0.3055384392E+05  0.7160324698E+03  0.3346513446E+03  0.8295235127E+03
L4 0.6267357757E+03  0.2812648407E+03  0.3134953207E+03  0.3014440613E+03
L5 0.8962042227E+03  0.1238103134E+03  0.2399059634E+03  0.1190330142E+03
L6 0.4827492910E+03  -.9438177196E+04  0.1477980633E+04  -.1099193428E+05
L7 0.0000000000E+00  0.3232312429E+01  0.9106606197E+01  0.1005544371E+02
L8 0.2799450889E+01  0.4673890214E+02  0.3843736534E+01  0.0000000000E+00
L9 0.0000000000E+00  0.0000000000E+00  0.0000000000E+00  0.9820892746E+00  0.0000000000E+00
L0     5000  0.1000000000E+02  -.7807188758E+04  0.1754112533E+04
L1 0.2930641690E+03  0.2930641690E+03  -.9561301291E+10  0.1000000000E+01
L2 0.1000000000E+01  0.3403953926E+02  0.3403953926E+02  0.3403953926E+02
L3 0.3036124291E+05  -.1431825415E+03  0.5557270712E+03  0.3345415130E+03
L4 0.2490286809E+03  0.2879434681E+03  0.2939765214E+03  0.3036621705E+03
L5 0.8855821600E+03  0.3192306317E+03  0.1725432543E+03  0.2305606950E+03
L6 0.7223345810E+03  -.9561301291E+04  0.1447707093E+04  -.1109041101E+05
L7 0.0000000000E+00  0.1345467850E+01  0.9830541675E+01  0.1595098937E+02
L8 0.3195455636E+01  0.4734974071E+02  0.3730428835E+01  0.0000000000E+00
L9 0.0000000000E+00  0.0000000000E+00  0.0000000000E+00  0.9883193025E+00  0.0000000000E+00
L0     6000  0.1200000000E+02  -.7764430325E+04  0.1752870187E+04
L1 0.2928566069E+03  0.2928566069E+03  -.9517300512E+10  0.1000000000E+01
L2 0.1000000000E+01  0.3402595514E+02  0.3402595514E+02  0.3402595514E+02
L3 0.3032505601E+05  -.6451468514E+02  0.6774966306E+03  -.2923394425E+02
L4 0.1945826671E+03  0.2984625268E+03  0.2760017036E+03  0.2950706261E+03
L5 0.8695348565E+03  0.3125429845E+03  0.1281367227E+03  0.3014509923E+03
L6 0.7421306996E+03  -.9517300512E+04  0.1419188944E+04  -.1101119463E+05
L7 0.0000000000E+00  0.3677610156E+01  0.9572671353E+01  0.1090708948E+02
L8 0.1890501971E+01  0.4531512583E+02  0.3342174272E+01  0.0000000000E+00
L9 0.0000000000E+00  0.0000000000E+00  0.0000000000E+00  0.9894986643E+00  0.0000000000E+00
L0     7000  0.1400000000E+02  -.7784309834E+04  0.1785738547E+04
L1 0.2983480098E+03  0.2983480098E+03  -.9570048380E+10  0.1000000000E+01
L2 0.1000000000E+01  0.3406515851E+02  0.3406515851E+02  0.3406515851E+02
L3 0.3043052921E+05  0.3320144848E+03  -.3742068449E+03  0.3535538905E+02
L4 -.2278990354E+01  0.2947353916E+03  0.2815104163E+03  0.2582385879E+03
L5 0.8344843959E+03  0.2220205410E+03  0.3634658613E+03  0.2504953660E+03
L6 0.8359817683E+03  -.9570048380E+04  0.1453797513E+04  -.1109590446E+05
L7 0.0000000000E+00  0.2637924095E+01  0.8886002679E+01  0.1162607792E+02
L8 0.2546931305E+01  0.4364844481E+02  0.2713186616E+01  0.0000000000E+00
L9 0.0000000000E+00  0.0000000000E+00  0.0000000000E+00  0.9860690299E+00  0.0000000000E+00
L0     8000  0.1600000000E+02  -.7857476227E+04  0.1765541797E+04
L1 0.2949736860E+03  0.2949736860E+03  -.9623018024E+10  0.1000000000E+01
L2 0.1000000000E+01  0.3403402678E+02  0.3403402678E+02  0.3403402678E+02
L3 0.3034711400E+05  0.4732771294E+03  -.1065537631E+03  -.3057681132E+03
L4 0.2031841770E+02  0.2925557457E+03  0.2850967501E+03  0.2977727166E+03
L5 0.8754252124E+03  0.1891869410E+03  0.3083692356E+03  0.3645557543E+03
L6 0.8621119309E+03  -.9623018024E+04  0.1442039610E+04  -.1113577867E+05
L7 0.0000000000E+00  0.3740845933E+01  0.8359708038E+01  0.9756271253E+01
L8 0.1473565297E+01  0.4404020867E+02  0.3350436970E+01  0.0000000000E+00
L9 0.0000000000E+00  0.0000000000E+00  0.0000000000E+00  0.9887794410E+00  0.0000000000E+00
L0     9000  0.1800000000E+02  -.7776920688E+04  0.1757464103E+04
L1 0.2936241245E+03  0.2936241245E+03  -.9534384791E+10  0.1000000000E+01
L2 0.1000000000E+01  0.3408484731E+02  0.3408484731E+02  0.3408484731E+02
L3 0.3048284315E+05  -.2163124712E+03  0.5469651667E+03  0.1929494139E+03
L4 0.1745340365E+03  0.2825300852E+03  0.2893312270E+03  0.3055485856E+03
L5 0.8774098977E+03  0.3299863563E+03  0.1693338589E+03  0.2632178792E+03
L6 0.7625380944E+03  -.9534384791E+04  0.1440505599E+04  -.1104985966E+05
L7 0.0000000000E+00  0.1376986490E+01  0.6691111597E+01  0.1084022710E+02
L8 0.3333352212E+01  0.4736922360E+02  0.5358367547E+01  0.0000000000E+00
L9 0.0000000000E+00  0.0000000000E+00  0.0000000000E+00  0.9843767613E+00  0.0000000000E+00
L0    10000  0.2000000000E+02  -.7813931234E+04  0.1756220271E+04
L1 0.2934163143E+03  0.2934163143E+03  -.9570151505E+10  0.1000000000E+01
L2 0.1000000000E+01  0.3400643395E+02  0.3400643395E+02  0.3400643395E+02
L3 0.3027390336E+05  -.8240078337E+03  0.6692057913E+02  0.2174354074E+03
L4 -.1798839490E+03  0.2933794821E+03  0.2986959550E+03  0.2993280443E+03
L5 0.8914034814E+03  0.4729174647E+03  0.2841150429E+03  0.2519523850E+03
L6 0.1008984893E+04  -.9570151505E+04  0.1388824596E+04  -.1103188967E+05
L7 0.0000000000E+00  0.2751536874E+01  0.1010717106E+02  0.9951152259E+01
L8 0.3171421427E+01  0.4525015604E+02  0.1682130831E+01  0.0000000000E+00
L9 0.0000000000E+00  0.0000000000E+00  0.0000000000E+00  0.9911705820E+00  0.0000000000E+00
