L0  Nsteps           time(ps)         Etot             EKinetic        
L1  Temp             T_solute         T_solv           Pres_scal_solu  
L2  Pres_scal_solv   BoxX             BoxY             BoxZ            
L3  volume           pres_X           pres_Y           pres_Z          
L4  Pressure         EKCoM_x          EKCoM_y          EKCoM_z         
L5  EKComTot         VIRIAL_x         VIRIAL_y         VIRIAL_z        
L6  VIRIAL_tot       E_pot            E_vdw            E_el            
L7  E_hbon           E_bon            E_angle          E_dih           
L8  E_14vdw          E_14el           E_const          E_pol           
L9  AV_permMoment    AV_indMoment     AV_totMoment     Density          dV/dlambda      
L0     1000  0.2000000000E+01  -.6865263447E+04  0.1584151576E+04
L1 0.2932969324E+03  0.2932969324E+03  -.8449415023E+10  0.1000000000E+01
L2 0.1000000000E+01  0.3413140753E+02  0.3413140753E+02  0.3413140753E+02
L3 0.3061030066E+05  -.8953643769E+03  -.9246483095E+03  -.2573687654E+03
L4 -.6924604839E+03  0.2793493288E+03  0.2541364574E+03  0.2587119487E+03
L5 0.7921977349E+03  0.4766024968E+03  0.4578410195E+03  0.3154115513E+03
L6 0.1249855068E+04  -.8449415023E+04  0.1282811476E+04  -.9804549868E+04
L7 0.0000000000E+00  0.2076132934E+01  0.1301725001E+02  0.1089012043E+02
L8 0.2142616952E+01  0.4165515445E+02  0.2542093791E+01  0.0000000000E+00
L9 0.0000000000E+00  0.0000000000E+00  0.0000000000E+00  0.8844982941E+00  0.0000000000E+00
L0     2000  0.4000000000E+01  -.6908971510E+04  0.1638126705E+04
L1 0.3032901299E+03  0.3032901299E+03  -.8547098215E+10  0.1000000000E+01
L2 0.1000000000E+01  0.3348303903E+02  0.3348303903E+02  0.3348303903E+02
L3 0.2889668644E+05  0.1744113955E+03  -.3554860267E+02  0.2279145568E+03
L4 0.1222591166E+03  0.2682983679E+03  0.2723393046E+03  0.2779122196E+03
L5 0.8185498921E+03  0.2320257015E+03  0.2797324145E+03  0.2305123999E+03
L6 0.7422705158E+03  -.8547098215E+04  0.1335931962E+04  -.9955082830E+04
L7 0.0000000000E+00  0.2941967509E+01  0.1338812357E+02  0.1107301980E+02
L8 0.2013190255E+01  0.4039804905E+02  0.2238302809E+01  0.0000000000E+00
L9 0.0000000000E+00  0.0000000000E+00  0.0000000000E+00  0.9369502891E+00  0.0000000000E+00
L0     3000  0.6000000000E+01  -.6930862555E+04  0.1630644996E+04
L1 0.3019049327E+03  0.3019049327E+03  -.8561507551E+10  0.1000000000E+01
L2 0.1000000000E+01  0.3315158265E+02  0.3315158265E+02  0.3315158265E+02
L3 0.2804684432E+05  -.3055498528E+03  -.8797534642E+02  0.9332687838E+03
L4 0.1799145282E+03  0.2818144781E+03  0.2875215144E+03  0.2557858363E+03
L5 0.8251218288E+03  0.3434913960E+03  0.3052798218E+03  0.6740040078E+02
L6 0.7161716185E+03  -.8561507551E+04  0.1322405979E+04  -.9959279534E+04
L7 0.0000000000E+00  0.4268980844E+01  0.1116604013E+02  0.1071656412E+02
L8 0.2916005282E+01  0.4301936645E+02  0.3279046692E+01  0.0000000000E+00
L9 0.0000000000E+00  0.0000000000E+00  0.0000000000E+00  0.9653406426E+00  0.0000000000E+00
L0     4000  0.8000000000E+01  -.7002046318E+04  0.1601437405E+04
L1 0.2964973082E+03  0.2964973082E+03  -.8603483723E+10  0.1000000000E+01
L2 0.1000000000E+01  0.3298913476E+02  0.3298913476E+02  0.3298913476E+02
L3 0.2763721705E+05  -.2772786888E+03  -.1582546038E+03  0.1753370686E+03
L4 -.8673207466E+02  0.2701788085E+03  0.2594063213E+03  0.2839088977E+03
L5 0.8134940275E+03  0.3253315851E+03  0.2908843294E+03  0.2490330613E+03
L6 0.8652489758E+03  -.8603483723E+04  0.1281636952E+04  -.9959204452E+04
L7 0.0000000000E+00  0.2963629499E+01  0.5480014577E+01  0.1199217027E+02
L8 0.3718851724E+01  0.4510648353E+02  0.4822627975E+01  0.0000000000E+00
L9 0.0000000000E+00  0.0000000000E+00  0.0000000000E+00  0.9796485179E+00  0.0000000000E+00
L0     5000  0.1000000000E+02  -.6958012411E+04  0.1628260012E+04
L1 0.3014633661E+03  0.3014633661E+03  -.8586272423E+10  0.1000000000E+01
L2 0.1000000000E+01  0.3300237155E+02  0.3300237155E+02  0.3300237155E+02
L3 0.2766892438E+05  0.5828862581E+03  0.3916376195E+03  0.6785750370E+03
L4 0.5510329715E+03  0.2800704076E+03  0.2610156555E+03  0.2855094262E+03
L5 0.8265954894E+03  0.1639970164E+03  0.1830266723E+03  0.1503809948E+03
L6 0.4974046835E+03  -.8586272423E+04  0.1341362339E+04  -.1000635367E+05
L7 0.0000000000E+00  0.2023192722E+01  0.1095283773E+02  0.1190561573E+02
L8 0.3537790575E+01  0.4596677501E+02  0.4332695762E+01  0.0000000000E+00
L9 0.0000000000E+00  0.0000000000E+00  0.0000000000E+00  0.9785258852E+00  0.0000000000E+00
L0     6000  0.1200000000E+02  -.6958859247E+04  0.1636516484E+04
L1 0.3029920063E+03  0.3029920063E+03  -.8595375731E+10  0.1000000000E+01
L2 0.1000000000E+01  0.3298319524E+02  0.3298319524E+02  0.3298319524E+02
L3 0.2762288984E+05  -.2885119283E+03  0.3160069422E+03  -.1015688568E+04
L4 -.3293978514E+03  0.2845323647E+03  0.2784493909E+03  0.2613795313E+03
L5 0.8243612869E+03  0.3418897658E+03  0.2156258639E+03  0.4633027479E+03
L6 0.1020818378E+04  -.8595375731E+04  0.1237713890E+04  -.9910773987E+04
L7 0.0000000000E+00  0.2957547290E+01  0.1108359363E+02  0.8807532080E+01
L8 0.3524619359E+01  0.4727902202E+02  0.4032050989E+01  0.0000000000E+00
L9 0.0000000000E+00  0.0000000000E+00  0.0000000000E+00  0.9801566336E+00  0.0000000000E+00
L0     7000  0.1400000000E+02  -.7030886397E+04  0.1559817651E+04
L1 0.2887916402E+03  0.2887916402E+03  -.8590704048E+10  0.1000000000E+01
L2 0.1000000000E+01  0.3302211951E+02  0.3302211951E+02  0.3302211951E+02
L3 0.2772007092E+05  -.3455398577E+03  0.1575214136E+03  0.8515534446E+02
L4 -.3428769988E+02  0.2375822537E+03  0.2675862452E+03  0.2648391688E+03
L5 0.7700076677E+03  0.3065187279E+03  0.2361601430E+03  0.2478503640E+03
L6 0.7905292349E+03  -.8590704048E+04  0.1278336458E+04  -.9946465125E+04
L7 0.0000000000E+00  0.4463951797E+01  0.7352110129E+01  0.1259532638E+02
L8 0.3361503488E+01  0.4482956807E+02  0.4822159042E+01  0.0000000000E+00
L9 0.0000000000E+00  0.0000000000E+00  0.0000000000E+00  0.9767203987E+00  0.0000000000E+00
L0     8000  0.1600000000E+02  -.6946188452E+04  0.1588754807E+04
L1 0.2941491951E+03  0.2941491951E+03  -.8534943258E+10  0.1000000000E+01
L2 0.1000000000E+01  0.3296704490E+02  0.3296704490E+02  0.3296704490E+02
L3 0.2758238004E+05  -.6497129437E+03  -.7434081307E+03  0.3472996025E+03
L4 -.3486071573E+03  0.2705922492E+03  0.2465178824E+03  0.2580549113E+03
L5 0.7751650429E+03  0.3995685263E+03  0.3940938450E+03  0.1891115260E+03
L6 0.9827738974E+03  -.8534943258E+04  0.1211998927E+04  -.9819648543E+04
L7 0.0000000000E+00  0.1814649296E+01  0.8781283077E+01  0.1171895176E+02
L8 0.3972250364E+01  0.4385371291E+02  0.2565509857E+01  0.0000000000E+00
L9 0.0000000000E+00  0.0000000000E+00  0.0000000000E+00  0.9815961741E+00  0.0000000000E+00
L0     9000  0.1800000000E+02  -.6940508884E+04  0.1656530825E+04
L1 0.3066975512E+03  0.3066975512E+03  -.8597039708E+10  0.1000000000E+01
L2 0.1000000000E+01  0.3295415618E+02  0.3295415618E+02  0.3295415618E+02
L3 0.2754917336E+05  -.6006311938E+03  0.7166747738E+02  0.5436234524E+03
L4 0.4886578669E+01  0.2720807230E+03  0.2625044770E+03  0.2731956023E+03
L5 0.8077808023E+03  0.3911701033E+03  0.2482946998E+03  0.1654093589E+03
L6 0.8048741619E+03  -.8597039708E+04  0.1273054985E+04  -.9949470047E+04
L7 0.0000000000E+00  0.5941781618E+01  0.7547885359E+01  0.1091533035E+02
L8 0.2913841805E+01  0.4612935158E+02  0.5927163625E+01  0.0000000000E+00
L9 0.0000000000E+00  0.0000000000E+00  0.0000000000E+00  0.9827793513E+00  0.0000000000E+00
L0    10000  0.2000000000E+02  -.6942663704E+04  0.1598136295E+04
L1 0.2958861260E+03  0.2958861260E+03  -.8540799999E+10  0.1000000000E+01
L2 0.1000000000E+01  0.3296834060E+02  0.3296834060E+02  0.3296834060E+02
L3 0.2758565264E+05  -.5708958828E+03  -.4311222633E+03  -.6850483976E+02
L4 -.3568409953E+03  0.2754486065E+03  0.2664022330E+03  0.2436050624E+03
L5 0.7854559019E+03  0.3887921417E+03  0.3519956361E+03  0.2572057573E+03
L6 0.9979935351E+03  -.8540799999E+04  0.1213326761E+04  -.9823724737E+04
L7 0.0000000000E+00  0.5887394496E+01  0.1068994554E+02  0.8806393755E+01
L8 0.2491031693E+01  0.4020757623E+02  0.1515634649E+01  0.0000000000E+00
L9 0.0000000000E+00  0.0000000000E+00  0.0000000000E+00  0.9814797233E+00  0.0000000000E+00
