L0  Nsteps           time(ps)         Etot             EKinetic        
L1  Temp             T_solute         T_solv           Pres_scal_solu  
L2  Pres_scal_solv   BoxX             BoxY             BoxZ            
L3  volume           pres_X           pres_Y           pres_Z          
L4  Pressure         EKCoM_x          EKCoM_y          EKCoM_z         
L5  EKComTot         VIRIAL_x         VIRIAL_y         VIRIAL_z        
L6  VIRIAL_tot       E_pot            E_vdw            E_el            
L7  E_hbon           E_bon            E_angle          E_dih           
L8  E_14vdw          E_14el           E_const          E_pol           
L9  AV_permMoment    AV_indMoment     AV_totMoment     Density          dV/dlambda      
L0     1000  0.2000000000E+01  -.7218766605E+04  0.1636377443E+04
L1 0.2938837633E+03  0.2938837633E+03  -.8855144047E+10  0.1000000000E+01
L2 0.1000000000E+01  0.3415639794E+02  0.3415639794E+02  0.3415639794E+02
L3 0.3067711189E+05  -.4121151896E+03  -.3874836621E+03  -.7570948521E+03
L4 -.5188979013E+03  0.2601004437E+03  0.2883619554E+03  0.2705090654E+03
L5 0.8189714646E+03  0.3510896072E+03  0.3739128285E+03  0.4376648243E+03
L6 0.1162667260E+04  -.8855144047E+04  0.1372347457E+04  -.1031172717E+05
L7 0.0000000000E+00  0.7053833560E+01  0.1019882630E+02  0.1385254637E+02
L8 0.3567870724E+01  0.4530011878E+02  0.4262469608E+01  0.0000000000E+00
L9 0.0000000000E+00  0.0000000000E+00  0.0000000000E+00  0.9098779717E+00  0.0000000000E+00
L0     2000  0.4000000000E+01  -.7043794359E+04  0.1694710223E+04
L1 0.3043599875E+03  0.3043599875E+03  -.8738504582E+10  0.1000000000E+01
L2 0.1000000000E+01  0.3363523766E+02  0.3363523766E+02  0.3363523766E+02
L3 0.2929242375E+05  0.1647468703E+03  0.5783320289E+02  0.2705904515E+03
L4 0.1643901749E+03  0.2833070019E+03  0.2697946375E+03  0.2822178117E+03
L5 0.8353194511E+03  0.2485750604E+03  0.2576022395E+03  0.2251719223E+03
L6 0.7313492222E+03  -.8738504582E+04  0.1334021499E+04  -.1015037856E+05
L7 0.0000000000E+00  0.2441539597E+01  0.7294956163E+01  0.1390847251E+02
L8 0.3616699422E+01  0.4772156344E+02  0.2869244820E+01  0.0000000000E+00
L9 0.0000000000E+00  0.0000000000E+00  0.0000000000E+00  0.9528889991E+00  0.0000000000E+00
L0     3000  0.6000000000E+01  -.7188052084E+04  0.1654636845E+04
L1 0.2971630445E+03  0.2971630445E+03  -.8842688929E+10  0.1000000000E+01
L2 0.1000000000E+01  0.3336690789E+02  0.3336690789E+02  0.3336690789E+02
L3 0.2859761410E+05  -.8439300356E+03  0.8549898477E+03  -.3006746440E+03
L4 -.9653827729E+02  0.2789598321E+03  0.2559229708E+03  0.2711356701E+03
L5 0.8060184729E+03  0.4526570351E+03  0.7994944348E+02  0.3330203554E+03
L6 0.8656268340E+03  -.8842688929E+04  0.1308823277E+04  -.1022770744E+05
L7 0.0000000000E+00  0.3536914017E+01  0.7093719729E+01  0.1244355636E+02
L8 0.2694204450E+01  0.4851964570E+02  0.1907196883E+01  0.0000000000E+00
L9 0.0000000000E+00  0.0000000000E+00  0.0000000000E+00  0.9760404575E+00  0.0000000000E+00
L0     4000  0.8000000000E+01  -.7173160893E+04  0.1641609915E+04
L1 0.2948234845E+03  0.2948234845E+03  -.8814770808E+10  0.1000000000E+01
L2 0.1000000000E+01  0.3340374599E+02  0.3340374599E+02  0.3340374599E+02
L3 0.2869077915E+05  0.7718785379E+03  -.5910005971E+01  0.8873831835E+03
L4 0.5511172385E+03  0.2804656485E+03  0.2599339923E+03  0.2582282381E+03
L5 0.7986278789E+03  0.1210804865E+03  0.2611543492E+03  0.7499252745E+02
L6 0.4572273632E+03  -.8814770808E+04  0.1380537597E+04  -.1027567874E+05
L7 0.0000000000E+00  0.2276751195E+01  0.1071971165E+02  0.1062850333E+02
L8 0.3591138176E+01  0.4822701925E+02  0.4927208061E+01  0.0000000000E+00
L9 0.0000000000E+00  0.0000000000E+00  0.0000000000E+00  0.9728710467E+00  0.0000000000E+00
L0     5000  0.1000000000E+02  -.7246208354E+04  0.1661453682E+04
L1 0.2983873083E+03  0.2983873083E+03  -.8907662035E+10  0.1000000000E+01
L2 0.1000000000E+01  0.3337425390E+02  0.3337425390E+02  0.3337425390E+02
L3 0.2861607213E+05  0.2958664892E+03  0.4342767093E+02  -.1186565713E+03
L4 0.7354586295E+02  0.2779525332E+03  0.2666748884E+03  0.2786452832E+03
L5 0.8232727048E+03  0.2170181555E+03  0.2577308606E+03  0.3030828745E+03
L6 0.7778318905E+03  -.8907662035E+04  0.1347523245E+04  -.1033332084E+05
L7 0.0000000000E+00  0.5095056465E+00  0.1002208694E+02  0.1003150032E+02
L8 0.4081338649E+01  0.4889372319E+02  0.4597403028E+01  0.0000000000E+00
L9 0.0000000000E+00  0.0000000000E+00  0.0000000000E+00  0.9754108885E+00  0.0000000000E+00
L0     6000  0.1200000000E+02  -.7334931808E+04  0.1649431642E+04
L1 0.2962282206E+03  0.2962282206E+03  -.8984363450E+10  0.1000000000E+01
L2 0.1000000000E+01  0.3327201891E+02  0.3327201891E+02  0.3327201891E+02
L3 0.2835253463E+05  0.7994786483E+03  0.7353383587E+03  0.3042386946E+03
L4 0.6130185672E+03  0.2702211254E+03  0.2822592806E+03  0.2701125884E+03
L5 0.8225929943E+03  0.1070830482E+03  0.1322093872E+03  0.2080309859E+03
L6 0.4473234213E+03  -.8984363450E+04  0.1431585896E+04  -.1049464567E+05
L7 0.0000000000E+00  0.2779729205E+01  0.8616551466E+01  0.1193627777E+02
L8 0.3951133569E+01  0.4758850341E+02  0.3824130141E+01  0.0000000000E+00
L9 0.0000000000E+00  0.0000000000E+00  0.0000000000E+00  0.9844773566E+00  0.0000000000E+00
L0     7000  0.1400000000E+02  -.7271851529E+04  0.1657143200E+04
L1 0.2976131712E+03  0.2976131712E+03  -.8928994729E+10  0.1000000000E+01
L2 0.1000000000E+01  0.3320546709E+02  0.3320546709E+02  0.3320546709E+02
L3 0.2818445442E+05  0.2650726635E+03  -.8839730883E+03  0.4115981306E+03
L4 -.6910076474E+02  0.2618465064E+03  0.2519999230E+03  0.2709027530E+03
L5 0.7847491824E+03  0.2080776061E+03  0.4313102307E+03  0.1874117639E+03
L6 0.8267996007E+03  -.8928994729E+04  0.1318770083E+04  -.1032904219E+05
L7 0.0000000000E+00  0.2132295760E+01  0.8498814010E+01  0.1442176833E+02
L8 0.2702550758E+01  0.4676780846E+02  0.6754138629E+01  0.0000000000E+00
L9 0.0000000000E+00  0.0000000000E+00  0.0000000000E+00  0.9903483648E+00  0.0000000000E+00
L0     8000  0.1600000000E+02  -.7202138430E+04  0.1664449334E+04
L1 0.2989253097E+03  0.2989253097E+03  -.8866587763E+10  0.1000000000E+01
L2 0.1000000000E+01  0.3329690849E+02  0.3329690849E+02  0.3329690849E+02
L3 0.2841689334E+05  0.1365677401E+03  -.6085498760E+02  0.9554017523E+03
L4 0.3437048349E+03  0.2700921492E+03  0.2892504798E+03  0.2768978730E+03
L5 0.8362405020E+03  0.2421614827E+03  0.3016964671E+03  0.8150027946E+02
L6 0.6253582293E+03  -.8866587763E+04  0.1368681140E+04  -.1031817729E+05
L7 0.0000000000E+00  0.3121920811E+01  0.1054550234E+02  0.1395008066E+02
L8 0.3569942135E+01  0.4869387807E+02  0.3027067511E+01  0.0000000000E+00
L9 0.0000000000E+00  0.0000000000E+00  0.0000000000E+00  0.9822477079E+00  0.0000000000E+00
L0     9000  0.1800000000E+02  -.7231653043E+04  0.1668590243E+04
L1 0.2996689927E+03  0.2996689927E+03  -.8900243286E+10  0.1000000000E+01
L2 0.1000000000E+01  0.3334029262E+02  0.3334029262E+02  0.3334029262E+02
L3 0.2852926834E+05  -.1969451859E+03  -.2719994924E+03  0.1407601934E+03
L4 -.1093948283E+03  0.2648183264E+03  0.2777030691E+03  0.2655148542E+03
L5 0.8080362497E+03  0.3052565978E+03  0.3335520571E+03  0.2366129093E+03
L6 0.8754215642E+03  -.8900243286E+04  0.1330553757E+04  -.1030818219E+05
L7 0.0000000000E+00  0.4065705505E+01  0.5922947360E+01  0.1084877905E+02
L8 0.3131135666E+01  0.4995546235E+02  0.3461114705E+01  0.0000000000E+00
L9 0.0000000000E+00  0.0000000000E+00  0.0000000000E+00  0.9783786955E+00  0.0000000000E+00
L0    10000  0.2000000000E+02  -.7132201384E+04  0.1637076982E+04
L1 0.2940093963E+03  0.2940093963E+03  -.8769278366E+10  0.1000000000E+01
L2 0.1000000000E+01  0.3326471339E+02  0.3326471339E+02  0.3326471339E+02
L3 0.2833523371E+05  0.4621066127E+03  0.3443737959E+03  -.5948240365E+03
L4 0.7055212402E+02  0.2767486423E+03  0.2480040765E+03  0.2664992141E+03
L5 0.7912519328E+03  0.1825107504E+03  0.1777755629E+03  0.3878023110E+03
L6 0.7480886243E+03  -.8769278366E+04  0.1277168176E+04  -.1011820098E+05
L7 0.0000000000E+00  0.3037486325E+01  0.7012907041E+01  0.1019508457E+02
L8 0.3004353386E+01  0.4611623239E+02  0.2388373444E+01  0.0000000000E+00
L9 0.0000000000E+00  0.0000000000E+00  0.0000000000E+00  0.9850784587E+00  0.0000000000E+00
