L0  Nsteps           time(ps)         Etot             EKinetic        
L1  Temp             T_solute         T_solv           Pres_scal_solu  
L2  Pres_scal_solv   BoxX             BoxY             BoxZ            
L3  volume           pres_X           pres_Y           pres_Z          
L4  Pressure         EKCoM_x          EKCoM_y          EKCoM_z         
L5  EKComTot         VIRIAL_x         VIRIAL_y         VIRIAL_z        
L6  VIRIAL_tot       E_pot            E_vdw            E_el            
L7  E_hbon           E_bon            E_angle          E_dih           
L8  E_14vdw          E_14el           E_const          E_pol           
L9  AV_permMoment    AV_indMoment     AV_totMoment     Density          dV/dlambda      
L0     1000  0.2000000000E+01  -.7712132997E+04  0.1735136803E+04
L1 0.2913447641E+03  0.2913447641E+03  -.9447269800E+10  0.1000000000E+01
L2 0.1000000000E+01  0.3484924503E+02  0.3484924503E+02  0.3484924503E+02
L3 0.3258285421E+05  -.9218005380E+03  -.6935418394E+03  -.7719819529E+03
L4 -.7957747767E+03  0.2803348118E+03  0.2832639119E+03  0.2845606039E+03
L5 0.8481593275E+03  0.4964984605E+03  0.4459005435E+03  0.4655915632E+03
L6 0.1407990567E+04  -.9447269800E+04  0.1415353435E+04  -.1093756919E+05
L7 0.0000000000E+00  0.3595344935E+01  0.7052829025E+01  0.1146266560E+02
L8 0.3551684080E+01  0.4626283035E+02  0.3020599837E+01  0.0000000000E+00
L9 0.0000000000E+00  0.0000000000E+00  0.0000000000E+00  0.9163414095E+00  0.0000000000E+00
L0     2000  0.4000000000E+01  -.7683787726E+04  0.1744929288E+04
L1 0.2929890088E+03  0.2929890088E+03  -.9428717013E+10  0.1000000000E+01
L2 0.1000000000E+01  0.3430343819E+02  0.3430343819E+02  0.3430343819E+02
L3 0.3107410513E+05  -.2644646777E+03  -.6642636238E+03  0.3476711480E+03
L4 -.1936857179E+03  0.2900863165E+03  0.2837224379E+03  0.2755274283E+03
L5 0.8493361827E+03  0.3492319769E+03  0.4322803138E+03  0.1977732275E+03
L6 0.9792855182E+03  -.9428717013E+04  0.1422402930E+04  -.1092188352E+05
L7 0.0000000000E+00  0.5389629519E+01  0.6089872817E+01  0.1071877062E+02
L8 0.3249906894E+01  0.4109472362E+02  0.4220673286E+01  0.0000000000E+00
L9 0.0000000000E+00  0.0000000000E+00  0.0000000000E+00  0.9608327716E+00  0.0000000000E+00
L0     3000  0.6000000000E+01  -.7714243807E+04  0.1760904535E+04
L1 0.2956713936E+03  0.2956713936E+03  -.9475148343E+10  0.1000000000E+01
L2 0.1000000000E+01  0.3409293417E+02  0.3409293417E+02  0.3409293417E+02
L3 0.3050491435E+05  -.5161409618E+02  0.4911221041E+03  -.3230439651E+03
L4 0.3882134759E+02  0.2779031673E+03  0.2813252918E+03  0.2877136675E+03
L5 0.8469421266E+03  0.2892348581E+03  0.1735011846E+03  0.3586368185E+03
L6 0.8213728611E+03  -.9475148343E+04  0.1417683134E+04  -.1096986383E+05
L7 0.0000000000E+00  0.3236324668E+01  0.1293314150E+02  0.1028328356E+02
L8 0.3581510653E+01  0.4354149221E+02  0.3456602638E+01  0.0000000000E+00
L9 0.0000000000E+00  0.0000000000E+00  0.0000000000E+00  0.9787609369E+00  0.0000000000E+00
L0     4000  0.8000000000E+01  -.7651043449E+04  0.1826640183E+04
L1 0.3067089882E+03  0.3067089882E+03  -.9477683632E+10  0.1000000000E+01
L2 0.1000000000E+01  0.3406562810E+02  0.3406562810E+02  0.3406562810E+02
L3 0.3043288326E+05  -.5602175582E+03  0.2400016247E+03  -.8973992873E+03
L4 -.4058717403E+03  0.3201701541E+03  0.3177508379E+03  0.2813963563E+03
L5 0.9193173482E+03  0.4428734974E+03  0.2651837569E+03  0.4779519466E+03
L6 0.1186009201E+04  -.9477683632E+04  0.1344214625E+04  -.1089283731E+05
L7 0.0000000000E+00  0.1295630126E+01  0.6070754509E+01  0.1222293312E+02
L8 0.3134122135E+01  0.4365997817E+02  0.4555637804E+01  0.0000000000E+00
L9 0.0000000000E+00  0.0000000000E+00  0.0000000000E+00  0.9810775503E+00  0.0000000000E+00
L0     5000  0.1000000000E+02  -.7828059394E+04  0.1702187407E+04
L1 0.2858122703E+03  0.2858122703E+03  -.9530246802E+10  0.1000000000E+01
L2 0.1000000000E+01  0.3405680960E+02  0.3405680960E+02  0.3405680960E+02
L3 0.3040682502E+05  0.3957221565E+03  0.7432576492E+03  0.3311667993E+03
L4 0.4900488683E+03  0.2852070446E+03  0.2631510889E+03  0.2832945431E+03
L5 0.8316526767E+03  0.1986070187E+03  0.1004962296E+03  0.2108218424E+03
L6 0.5099250907E+03  -.9530246802E+04  0.1509679324E+04  -.1111663901E+05
L7 0.0000000000E+00  0.2835511121E+01  0.1129523649E+02  0.1160018151E+02
L8 0.2972515107E+01  0.4295193434E+02  0.5057501804E+01  0.0000000000E+00
L9 0.0000000000E+00  0.0000000000E+00  0.0000000000E+00  0.9819183205E+00  0.0000000000E+00
L0     6000  0.1200000000E+02  -.7656110054E+04  0.1798196568E+04
L1 0.3019330546E+03  0.3019330546E+03  -.9454306622E+10  0.1000000000E+01
L2 0.1000000000E+01  0.3410539936E+02  0.3410539936E+02  0.3410539936E+02
L3 0.3053747322E+05  -.5579993263E+01  0.1290827999E+04  -.1628809223E+03
L4 0.3741223613E+03  0.3068720857E+03  0.2955762341E+03  0.2889064145E+03
L5 0.8913547343E+03  0.3080984609E+03  0.1187706996E+02  0.3247045081E+03
L6 0.6446800389E+03  -.9454306622E+04  0.1459953158E+04  -.1098365351E+05
L7 0.0000000000E+00  0.2701825742E+01  0.6247531794E+01  0.1099369112E+02
L8 0.3778466781E+01  0.4378354932E+02  0.1888668136E+01  0.0000000000E+00
L9 0.0000000000E+00  0.0000000000E+00  0.0000000000E+00  0.9777173880E+00  0.0000000000E+00
L0     7000  0.1400000000E+02  -.7682461121E+04  0.1804323193E+04
L1 0.3029617689E+03  0.3029617689E+03  -.9486784313E+10  0.1000000000E+01
L2 0.1000000000E+01  0.3410532651E+02  0.3410532651E+02  0.3410532651E+02
L3 0.3053848260E+05  -.5571605598E+03  0.5039085256E+03  -.1515534536E+03
L4 -.6826849593E+02  0.2992327878E+03  0.2934292363E+03  0.2991469044E+03
L5 0.8918089285E+03  0.4216900090E+03  0.1826761747E+03  0.3324565392E+03
L6 0.9368227229E+03  -.9486784313E+04  0.1410933436E+04  -.1097093196E+05
L7 0.0000000000E+00  0.1623445508E+01  0.9759395835E+01  0.1226419851E+02
L8 0.2315864730E+01  0.4405989704E+02  0.3191409695E+01  0.0000000000E+00
L9 0.0000000000E+00  0.0000000000E+00  0.0000000000E+00  0.9776850718E+00  0.0000000000E+00
L0     8000  0.1600000000E+02  -.7752737278E+04  0.1734022778E+04
L1 0.2911577096E+03  0.2911577096E+03  -.9486760056E+10  0.1000000000E+01
L2 0.1000000000E+01  0.3403033818E+02  0.3403033818E+02  0.3403033818E+02
L3 0.3033884662E+05  -.1698498754E+02  -.1017572461E+04  -.6766242093E+03
L4 -.5703938860E+03  0.2821015854E+03  0.2863610721E+03  0.2847462351E+03
L5 0.8532088926E+03  0.2858102783E+03  0.5085492725E+03  0.4324879647E+03
L6 0.1226847516E+04  -.9486760056E+04  0.1335683331E+04  -.1089376534E+05
L7 0.0000000000E+00  0.1972410572E+01  0.5953297447E+01  0.1149464567E+02
L8 0.3671000923E+01  0.4568583776E+02  0.2544764096E+01  0.0000000000E+00
L9 0.0000000000E+00  0.0000000000E+00  0.0000000000E+00  0.9841184449E+00  0.0000000000E+00
L0     9000  0.1800000000E+02  -.7717539329E+04  0.1798109322E+04
L1 0.3019184052E+03  0.3019184052E+03  -.9515648650E+10  0.1000000000E+01
L2 0.1000000000E+01  0.3407718797E+02  0.3407718797E+02  0.3407718797E+02
L3 0.3046390798E+05  -.3894303577E+03  -.4232268416E+03  -.4411639588E+03
L4 -.4179403861E+03  0.2978269702E+03  0.3032382538E+03  0.3237500637E+03
L5 0.9248152876E+03  0.3832100859E+03  0.3960312928E+03  0.4204758391E+03
L6 0.1199717218E+04  -.9515648650E+04  0.1368640740E+04  -.1096383086E+05
L7 0.0000000000E+00  0.3057028815E+01  0.1233757391E+02  0.1120043424E+02
L8 0.4504511167E+01  0.4570590032E+02  0.2736022554E+01  0.0000000000E+00
L9 0.0000000000E+00  0.0000000000E+00  0.0000000000E+00  0.9800784120E+00  0.0000000000E+00
L0    10000  0.2000000000E+02  -.7780835722E+04  0.1763664690E+04
L1 0.2961348479E+03  0.2961348479E+03  -.9544500412E+10  0.1000000000E+01
L2 0.1000000000E+01  0.3397514613E+02  0.3397514613E+02  0.3397514613E+02
L3 0.3019113395E+05  -.8182345322E+03  -.7695923034E+03  0.2519391449E+03
L4 -.4452958969E+03  0.2943448343E+03  0.2788337076E+03  0.3005493423E+03
L5 0.8737278841E+03  0.4721374868E+03  0.4460569811E+03  0.2458059563E+03
L6 0.1164000424E+04  -.9544500412E+04  0.1373703579E+04  -.1100313343E+05
L7 0.0000000000E+00  0.1808672328E+01  0.1399185086E+02  0.1278775277E+02
L8 0.5701106698E+01  0.4642587671E+02  0.4214179926E+01  0.0000000000E+00
L9 0.0000000000E+00  0.0000000000E+00  0.0000000000E+00  0.9889333274E+00  0.0000000000E+00
