L0  Nsteps           time(ps)         Etot             EKinetic        
L1  Temp             T_solute         T_solv           Pres_scal_solu  
L2  Pres_scal_solv   BoxX             BoxY             BoxZ            
L3  volume           pres_X           pres_Y           pres_Z          
L4  Pressure         EKCoM_x          EKCoM_y          EKCoM_z         
L5  EKComTot         VIRIAL_x         VIRIAL_y         VIRIAL_z        
L6  VIRIAL_tot       E_pot            E_vdw            E_el            
L7  E_hbon           E_bon            E_angle          E_dih           
L8  E_14vdw          E_14el           E_const          E_pol           
L9  AV_permMoment    AV_indMoment     AV_totMoment     Density          dV/dlambda      
L0     1000  0.2000000000E+01  -.7668352880E+04  0.1796867224E+04
L1 0.2999085932E+03  0.2999085932E+03  -.9465220104E+10  0.1000000000E+01
L2 0.1000000000E+01  0.3507412489E+02  0.3507412489E+02  0.3507412489E+02
L3 0.3321670107E+05  -.5458847790E+03  -.6741372480E+03  -.1577546063E+03
L4 -.4592588778E+03  0.3132110977E+03  0.2866997857E+03  0.2825480661E+03
L5 0.8824589496E+03  0.4437121649E+03  0.4478613232E+03  0.3202614175E+03
L6 0.1211834906E+04  -.9465220104E+04  0.1448806599E+04  -.1099301451E+05
L7 0.0000000000E+00  0.3165861037E+01  0.1059629938E+02  0.1219671481E+02
L8 0.3077882802E+01  0.4627546316E+02  0.3675589231E+01  0.0000000000E+00
L9 0.0000000000E+00  0.0000000000E+00  0.0000000000E+00  0.9042595507E+00  0.0000000000E+00
L0     2000  0.4000000000E+01  -.7627747711E+04  0.1836720548E+04
L1 0.3065603671E+03  0.3065603671E+03  -.9464468259E+10  0.1000000000E+01
L2 0.1000000000E+01  0.3454675479E+02  0.3454675479E+02  0.3454675479E+02
L3 0.3174098542E+05  -.6858721185E+03  0.2243328091E+03  -.1122784978E+04
L4 -.5281080959E+03  0.3036033859E+03  0.3045038028E+03  0.2942258822E+03
L5 0.9023330709E+03  0.4602857567E+03  0.2532566455E+03  0.5507177376E+03
L6 0.1264260140E+04  -.9464468259E+04  0.1388499966E+04  -.1092597399E+05
L7 0.0000000000E+00  0.4992157200E+01  0.9145828113E+01  0.1138764058E+02
L8 0.2579945569E+01  0.4266441570E+02  0.2235780295E+01  0.0000000000E+00
L9 0.0000000000E+00  0.0000000000E+00  0.0000000000E+00  0.9463007777E+00  0.0000000000E+00
L0     3000  0.6000000000E+01  -.7638840888E+04  0.1807650776E+04
L1 0.3017084369E+03  0.3017084369E+03  -.9446491665E+10  0.1000000000E+01
L2 0.1000000000E+01  0.3433302343E+02  0.3433302343E+02  0.3433302343E+02
L3 0.3115410540E+05  -.1875746706E+02  -.4360557049E+03  0.3804057709E+03
L4 -.2480246702E+02  0.3056051529E+03  0.2911477561E+03  0.2984189964E+03
L5 0.8951719054E+03  0.3098109281E+03  0.3889196072E+03  0.2131249021E+03
L6 0.9118554375E+03  -.9446491665E+04  0.1409153170E+04  -.1093060919E+05
L7 0.0000000000E+00  0.2374582608E+01  0.7992691107E+01  0.1167826607E+02
L8 0.4109516950E+01  0.4649581767E+02  0.2313484878E+01  0.0000000000E+00
L9 0.0000000000E+00  0.0000000000E+00  0.0000000000E+00  0.9641271607E+00  0.0000000000E+00
L0     4000  0.8000000000E+01  -.7736850457E+04  0.1782315160E+04
L1 0.2974797610E+03  0.2974797610E+03  -.9519165616E+10  0.1000000000E+01
L2 0.1000000000E+01  0.3420121712E+02  0.3420121712E+02  0.3420121712E+02
L3 0.3079785438E+05  -.4872411042E+03  0.1969289313E+02  -.8955377410E+03
L4 -.4543619840E+03  0.2936792640E+03  0.3008152755E+03  0.2995053968E+03
L5 0.8939999363E+03  0.4016785688E+03  0.2964502522E+03  0.4980055902E+03
L6 0.1196134411E+04  -.9519165616E+04  0.1367314289E+04  -.1096310534E+05
L7 0.0000000000E+00  0.2875683396E+01  0.1150861016E+02  0.1049733587E+02
L8 0.3679940959E+01  0.4611941153E+02  0.1944450197E+01  0.0000000000E+00
L9 0.0000000000E+00  0.0000000000E+00  0.0000000000E+00  0.9752796029E+00  0.0000000000E+00
L0     5000  0.1000000000E+02  -.7789157365E+04  0.1802105944E+04
L1 0.3007829691E+03  0.3007829691E+03  -.9591263310E+10  0.1000000000E+01
L2 0.1000000000E+01  0.3405290680E+02  0.3405290680E+02  0.3405290680E+02
L3 0.3039673630E+05  0.8031326436E+03  -.1869739896E+03  0.4515776833E+03
L4 0.3559121125E+03  0.2913087802E+03  0.3084190612E+03  0.2855548463E+03
L5 0.8852826876E+03  0.1156091634E+03  0.3493229624E+03  0.1867641589E+03
L6 0.6516962847E+03  -.9591263310E+04  0.1465022133E+04  -.1113386931E+05
L7 0.0000000000E+00  0.1952863102E+01  0.1512676225E+02  0.9085710490E+01
L8 0.3171659470E+01  0.4357723101E+02  0.4669644950E+01  0.0000000000E+00
L9 0.0000000000E+00  0.0000000000E+00  0.0000000000E+00  0.9881494805E+00  0.0000000000E+00
L0     6000  0.1200000000E+02  -.7759590742E+04  0.1761213878E+04
L1 0.2939578225E+03  0.2939578225E+03  -.9520804620E+10  0.1000000000E+01
L2 0.1000000000E+01  0.3409280198E+02  0.3409280198E+02  0.3409280198E+02
L3 0.3050528121E+05  -.5902708231E+03  -.9583794392E+03  0.8694578918E+03
L4 -.2263974568E+03  0.3129519986E+03  0.2889944278E+03  0.3027032921E+03
L5 0.9046497185E+03  0.4425454122E+03  0.4994057478E+03  0.1118146157E+03
L6 0.1053765776E+04  -.9520804620E+04  0.1370607041E+04  -.1096234804E+05
L7 0.0000000000E+00  0.1459673244E+01  0.8686718473E+01  0.9915711945E+01
L8 0.4377824948E+01  0.4318963930E+02  0.3306811790E+01  0.0000000000E+00
L9 0.0000000000E+00  0.0000000000E+00  0.0000000000E+00  0.9846334141E+00  0.0000000000E+00
L0     7000  0.1400000000E+02  -.7785502736E+04  0.1781932533E+04
L1 0.2974158982E+03  0.2974158982E+03  -.9567435269E+10  0.1000000000E+01
L2 0.1000000000E+01  0.3408774807E+02  0.3408774807E+02  0.3408774807E+02
L3 0.3049084748E+05  0.1049104341E+04  -.9363905055E+03  0.1670848672E+03
L4 0.9326623434E+02  0.2724638765E+03  0.3105238580E+03  0.3101551397E+03
L5 0.8931428741E+03  0.4224296984E+02  0.5160102549E+03  0.2734891684E+03
L6 0.8317423932E+03  -.9567435269E+04  0.1442723628E+04  -.1108692979E+05
L7 0.0000000000E+00  0.5214767240E+01  0.8551334372E+01  0.1200660577E+02
L8 0.3713577655E+01  0.4403664458E+02  0.3247966257E+01  0.0000000000E+00
L9 0.0000000000E+00  0.0000000000E+00  0.0000000000E+00  0.9850995189E+00  0.0000000000E+00
L0     8000  0.1600000000E+02  -.7774616749E+04  0.1765818113E+04
L1 0.2947262987E+03  0.2947262987E+03  -.9540434862E+10  0.1000000000E+01
L2 0.1000000000E+01  0.3399367454E+02  0.3399367454E+02  0.3399367454E+02
L3 0.3023863663E+05  0.1056672705E+03  0.6012363094E+03  0.9107754696E+02
L4 0.2659937089E+03  0.2850157623E+03  0.2901270277E+03  0.3086051986E+03
L5 0.8837479886E+03  0.2620193930E+03  0.1592799624E+03  0.2887839910E+03
L6 0.7100833463E+03  -.9540434862E+04  0.1444392951E+04  -.1106252798E+05
L7 0.0000000000E+00  0.1675502085E+01  0.1421074390E+02  0.1147405753E+02
L8 0.2586161062E+01  0.4337192030E+02  0.4381779379E+01  0.0000000000E+00
L9 0.0000000000E+00  0.0000000000E+00  0.0000000000E+00  0.9933159209E+00  0.0000000000E+00
L0     9000  0.1800000000E+02  -.7794296525E+04  0.1779620103E+04
L1 0.2970299388E+03  0.2970299388E+03  -.9573916628E+10  0.1000000000E+01
L2 0.1000000000E+01  0.3396198267E+02  0.3396198267E+02  0.3396198267E+02
L3 0.3015419821E+05  0.2580555513E+03  0.1861501792E+03  0.2912711186E+03
L4 0.2451589497E+03  0.2878636976E+03  0.2884232475E+03  0.2971743483E+03
L5 0.8734612934E+03  0.2318598879E+03  0.2480245071E+03  0.2339620197E+03
L6 0.7138464147E+03  -.9573916628E+04  0.1431683638E+04  -.1108104739E+05
L7 0.0000000000E+00  0.3915825961E+01  0.1192603275E+02  0.1061095448E+02
L8 0.3535244977E+01  0.4303111335E+02  0.2427951556E+01  0.0000000000E+00
L9 0.0000000000E+00  0.0000000000E+00  0.0000000000E+00  0.9960974248E+00  0.0000000000E+00
L0    10000  0.2000000000E+02  -.7717953359E+04  0.1791818073E+04
L1 0.2990658578E+03  0.2990658578E+03  -.9509771433E+10  0.1000000000E+01
L2 0.1000000000E+01  0.3401079053E+02  0.3401079053E+02  0.3401079053E+02
L3 0.3028508927E+05  -.2037403991E+03  -.1468700923E+03  0.3115608961E+03
L4 -.1301653178E+02  0.3194875191E+03  0.3055337424E+03  0.2873966948E+03
L5 0.9124179563E+03  0.3638956599E+03  0.3375461845E+03  0.2194875311E+03
L6 0.9209293755E+03  -.9509771433E+04  0.1371842269E+04  -.1095558879E+05
L7 0.0000000000E+00  0.1669066355E+01  0.1136955621E+02  0.8522944699E+01
L8 0.4414029786E+01  0.4295227125E+02  0.5047216740E+01  0.0000000000E+00
L9 0.0000000000E+00  0.0000000000E+00  0.0000000000E+00  0.9917923277E+00  0.0000000000E+00
