L0  Nsteps           time(ps)         Etot             EKinetic        
L1  Temp             T_solute         T_solv           Pres_scal_solu  
L2  Pres_scal_solv   BoxX             BoxY             BoxZ            
L3  volume           pres_X           pres_Y           pres_Z          
L4  Pressure         EKCoM_x          EKCoM_y          EKCoM_z         
L5  EKComTot         VIRIAL_x         VIRIAL_y         VIRIAL_z        
L6  VIRIAL_tot       E_pot            E_vdw            E_el            
L7  E_hbon           E_bon            E_angle          E_dih           
L8  E_14vdw          E_14el           E_const          E_pol           
L9  AV_permMoment    AV_indMoment     AV_totMoment     Density          dV/dlambda      
L0     1000  0.2000000000E+01  -.7599300500E+04  0.1731317298E+04
L1 0.2921657266E+03  0.2921657266E+03  -.9330617798E+10  0.1000000000E+01
L2 0.1000000000E+01  0.3492972214E+02  0.3492972214E+02  0.3492972214E+02
L3 0.3280866804E+05  -.8349093695E+03  -.7638562858E+03  -.3397110322E+03
L4 -.6461588958E+03  0.2833728084E+03  0.2743124712E+03  0.2906452212E+03
L5 0.8483305008E+03  0.4805172397E+03  0.4546793692E+03  0.3708600813E+03
L6 0.1306056690E+04  -.9330617798E+04  0.1416840999E+04  -.1082526956E+05
L7 0.0000000000E+00  0.2135923709E+01  0.5431581471E+01  0.1380924407E+02
L8 0.2907300031E+01  0.4903743521E+02  0.4489277881E+01  0.0000000000E+00
L9 0.0000000000E+00  0.0000000000E+00  0.0000000000E+00  0.9054751828E+00  0.0000000000E+00
L0     2000  0.4000000000E+01  -.7566164820E+04  0.1802845772E+04
L1 0.3042364017E+03  0.3042364017E+03  -.9369010592E+10  0.1000000000E+01
L2 0.1000000000E+01  0.3438807854E+02  0.3438807854E+02  0.3438807854E+02
L3 0.3130589918E+05  -.2770949782E+03  -.1345454962E+04  -.2575178629E+03
L4 -.6266892678E+03  0.2956461511E+03  0.2793526698E+03  0.3092220712E+03
L5 0.8842208921E+03  0.3580787505E+03  0.5824987291E+03  0.3672437274E+03
L6 0.1307821207E+04  -.9369010592E+04  0.1346587797E+04  -.1078867165E+05
L7 0.0000000000E+00  0.2431571490E+01  0.5988368950E+01  0.9912260238E+01
L8 0.4017781667E+01  0.4759041386E+02  0.3132861415E+01  0.0000000000E+00
L9 0.0000000000E+00  0.0000000000E+00  0.0000000000E+00  0.9489404704E+00  0.0000000000E+00
L0     3000  0.6000000000E+01  -.7615404852E+04  0.1775251971E+04
L1 0.2995798532E+03  0.2995798532E+03  -.9390656823E+10  0.1000000000E+01
L2 0.1000000000E+01  0.3424066493E+02  0.3424066493E+02  0.3424066493E+02
L3 0.3090266788E+05  -.3262325259E+02  0.2133278701E+03  0.4984013445E+03
L4 0.2263686540E+03  0.3009394619E+03  0.2892910954E+03  0.3128805076E+03
L5 0.9031110650E+03  0.3081951702E+03  0.2418450357E+03  0.2020315127E+03
L6 0.7520717186E+03  -.9390656823E+04  0.1446507519E+04  -.1091070211E+05
L7 0.0000000000E+00  0.5213616501E+01  0.8535052592E+01  0.1002718777E+02
L8 0.4052298126E+01  0.4295412221E+02  0.2755486540E+01  0.0000000000E+00
L9 0.0000000000E+00  0.0000000000E+00  0.0000000000E+00  0.9613226537E+00  0.0000000000E+00
L0     4000  0.8000000000E+01  -.7701534828E+04  0.1751181211E+04
L1 0.2955178299E+03  0.2955178299E+03  -.9452716039E+10  0.1000000000E+01
L2 0.1000000000E+01  0.3397094400E+02  0.3397094400E+02  0.3397094400E+02
L3 0.3017967752E+05  0.5655654212E+02  -.3779863079E+03  -.7297637324E+03
L4 -.3503978327E+03  0.3157843142E+03  0.3044224057E+03  0.2893002225E+03
L5 0.9095069424E+03  0.3034999121E+03  0.3865231782E+03  0.4478090491E+03
L6 0.1137832139E+04  -.9452716039E+04  0.1342078212E+04  -.1086491602E+05
L7 0.0000000000E+00  0.3298987366E+01  0.4988698274E+01  0.1032466332E+02
L8 0.3128727628E+01  0.4680806728E+02  0.1572628199E+01  0.0000000000E+00
L9 0.0000000000E+00  0.0000000000E+00  0.0000000000E+00  0.9843522904E+00  0.0000000000E+00
L0     5000  0.1000000000E+02  -.7694284121E+04  0.1791888604E+04
L1 0.3023873420E+03  0.3023873420E+03  -.9486172724E+10  0.1000000000E+01
L2 0.1000000000E+01  0.3400415356E+02  0.3400415356E+02  0.3400415356E+02
L3 0.3026671072E+05  0.8585691537E+02  0.3856239053E+03  0.2142504720E+03
L4 0.2285770976E+03  0.2999551565E+03  0.3094391496E+03  0.2758577727E+03
L5 0.8852520788E+03  0.2812527674E+03  0.2254378985E+03  0.2291871503E+03
L6 0.7358778161E+03  -.9486172724E+04  0.1457598073E+04  -.1102111366E+05
L7 0.0000000000E+00  0.2446944139E+01  0.7938776888E+01  0.1129377294E+02
L8 0.4162850756E+01  0.4795146966E+02  0.3549052741E+01  0.0000000000E+00
L9 0.0000000000E+00  0.0000000000E+00  0.0000000000E+00  0.9815217440E+00  0.0000000000E+00
L0     6000  0.1200000000E+02  -.7795707284E+04  0.1723772596E+04
L1 0.2908925322E+03  0.2908925322E+03  -.9519479880E+10  0.1000000000E+01
L2 0.1000000000E+01  0.3391807442E+02  0.3391807442E+02  0.3391807442E+02
L3 0.3003682881E+05  0.2146009960E+03  0.4661534011E+03  0.6869705733E+03
L4 0.4559083235E+03  0.2993646067E+03  0.3049581620E+03  0.2882192813E+03
L5 0.8925420500E+03  0.2529726818E+03  0.2041862459E+03  0.1397116423E+03
L6 0.5968705700E+03  -.9519479880E+04  0.1489263456E+04  -.1108591334E+05
L7 0.0000000000E+00  0.4382393394E+01  0.9848310081E+01  0.9910231934E+01
L8 0.4150329655E+01  0.4699663201E+02  0.1882105460E+01  0.0000000000E+00
L9 0.0000000000E+00  0.0000000000E+00  0.0000000000E+00  0.9890336586E+00  0.0000000000E+00
L0     7000  0.1400000000E+02  -.7679487996E+04  0.1782367138E+04
L1 0.3007805619E+03  0.3007805619E+03  -.9461855134E+10  0.1000000000E+01
L2 0.1000000000E+01  0.3394485896E+02  0.3394485896E+02  0.3394485896E+02
L3 0.3010925429E+05  0.5329119926E+02  0.2835197897E+03  -.3212989341E+03
L4 0.5170684963E+01  0.3108793201E+03  0.2797981364E+03  0.2820191890E+03
L5 0.8726966455E+03  0.2993311792E+03  0.2183597278E+03  0.3516442943E+03
L6 0.8693352013E+03  -.9461855134E+04  0.1408686544E+04  -.1094607278E+05
L7 0.0000000000E+00  0.3689020614E+01  0.7445531722E+01  0.1024888138E+02
L8 0.3381661876E+01  0.4857337989E+02  0.2192628974E+01  0.0000000000E+00
L9 0.0000000000E+00  0.0000000000E+00  0.0000000000E+00  0.9866546145E+00  0.0000000000E+00
L0     8000  0.1600000000E+02  -.7710048478E+04  0.1728388125E+04
L1 0.2916714187E+03  0.2916714187E+03  -.9438436603E+10  0.1000000000E+01
L2 0.1000000000E+01  0.3395718123E+02  0.3395718123E+02  0.3395718123E+02
L3 0.3014281609E+05  -.2164705137E+03  -.3696442904E+03  -.2465158689E+03
L4 -.2775435576E+03  0.2819972919E+03  0.2782527698E+03  0.2795129516E+03
L5 0.8397630133E+03  0.3289584882E+03  0.3584435440E+03  0.3329921987E+03
L6 0.1020394231E+04  -.9438436603E+04  0.1378839853E+04  -.1089034056E+05
L7 0.0000000000E+00  0.2864314934E+01  0.4837499283E+01  0.1039669099E+02
L8 0.4386201686E+01  0.4887107327E+02  0.1708323539E+01  0.0000000000E+00
L9 0.0000000000E+00  0.0000000000E+00  0.0000000000E+00  0.9855560477E+00  0.0000000000E+00
L0     9000  0.1800000000E+02  -.7676472305E+04  0.1777141830E+04
L1 0.2998987734E+03  0.2998987734E+03  -.9453614135E+10  0.1000000000E+01
L2 0.1000000000E+01  0.3403039526E+02  0.3403039526E+02  0.3403039526E+02
L3 0.3033880344E+05  -.5638551665E+03  -.8158019334E+03  -.1144344987E+03
L4 -.4980305329E+03  0.3003694194E+03  0.2829294036E+03  0.2861466703E+03
L5 0.8694454934E+03  0.4234877143E+03  0.4610605072E+03  0.3111335485E+03
L6 0.1195681770E+04  -.9453614135E+04  0.1349966940E+04  -.1087733400E+05
L7 0.0000000000E+00  0.1747428194E+01  0.7127208834E+01  0.1333540541E+02
L8 0.3470803058E+01  0.4590270342E+02  0.2169377346E+01  0.0000000000E+00
L9 0.0000000000E+00  0.0000000000E+00  0.0000000000E+00  0.9791893984E+00  0.0000000000E+00
L0    10000  0.2000000000E+02  -.7665890664E+04  0.1741407585E+04
L1 0.2938684971E+03  0.2938684971E+03  -.9407298249E+10  0.1000000000E+01
L2 0.1000000000E+01  0.3392186608E+02  0.3392186608E+02  0.3392186608E+02
L3 0.3004898466E+05  -.6683905618E+03  -.2976969052E+03  0.4138493034E+01
L4 -.3206496580E+03  0.2875961493E+03  0.2945470505E+03  0.2810114835E+03
L5 0.8631546832E+03  0.4321456816E+03  0.3589284928E+03  0.2801164720E+03
L6 0.1071190646E+04  -.9407298249E+04  0.1346962440E+04  -.1083416419E+05
L7 0.0000000000E+00  0.5557822158E+01  0.9661331261E+01  0.1048379293E+02
L8 0.3743246389E+01  0.4683824214E+02  0.3619063082E+01  0.0000000000E+00
L9 0.0000000000E+00  0.0000000000E+00  0.0000000000E+00  0.9886335605E+00  0.0000000000E+00
