L0  Nsteps           time(ps)         Etot             EKinetic        
L1  Temp             T_solute         T_solv           Pres_scal_solu  
L2  Pres_scal_solv   BoxX             BoxY             BoxZ            
L3  volume           pres_X           pres_Y           pres_Z          
L4  Pressure         EKCoM_x          EKCoM_y          EKCoM_z         
L5  EKComTot         VIRIAL_x         VIRIAL_y         VIRIAL_z        
L6  VIRIAL_tot       E_pot            E_vdw            E_el            
L7  E_hbon           E_bon            E_angle          E_dih           
L8  E_14vdw          E_14el           E_const          E_pol           
L9  AV_permMoment    AV_indMoment     AV_totMoment     Density          dV/dlambda      
L0     1000  0.2000000000E+01  -.7867113266E+04  0.1793072289E+04
L1 0.2937222367E+03  0.2937222367E+03  -.9660185555E+10  0.1000000000E+01
L2 0.1000000000E+01  0.3527961956E+02  0.3527961956E+02  0.3527961956E+02
L3 0.3380596344E+05  -.1341604674E+04  -.1056206705E+04  -.9678957602E+03
L4 -.1121902380E+04  0.3159985712E+03  0.2936724452E+03  0.3094007032E+03
L5 0.9190717196E+03  0.6424168422E+03  0.5506521452E+03  0.5448939650E+03
L6 0.1737962952E+04  -.9660185555E+04  0.1395835374E+04  -.1112596883E+05
L7 0.0000000000E+00  0.1073910190E+01  0.6119634672E+01  0.1231788257E+02
L8 0.3092355696E+01  0.4516867568E+02  0.2175439673E+01  0.0000000000E+00
L9 0.0000000000E+00  0.0000000000E+00  0.0000000000E+00  0.9053118072E+00  0.0000000000E+00
L0     2000  0.4000000000E+01  -.7785863933E+04  0.1841057728E+04
L1 0.3015827064E+03  0.3015827064E+03  -.9626921661E+10  0.1000000000E+01
L2 0.1000000000E+01  0.3465664339E+02  0.3465664339E+02  0.3465664339E+02
L3 0.3204422700E+05  -.5155278151E+03  -.1106893883E+03  -.3133346803E+03
L4 -.3131839612E+03  0.3316960509E+03  0.2836219367E+03  0.2997697647E+03
L5 0.9150877522E+03  0.4505896522E+03  0.3091496766E+03  0.3720325747E+03
L6 0.1131771904E+04  -.9626921661E+04  0.1413596115E+04  -.1111538804E+05
L7 0.0000000000E+00  0.2396224361E+01  0.7653037692E+01  0.1143349678E+02
L8 0.3213729581E+01  0.4584854539E+02  0.4325233190E+01  0.0000000000E+00
L9 0.0000000000E+00  0.0000000000E+00  0.0000000000E+00  0.9550842921E+00  0.0000000000E+00
L0     3000  0.6000000000E+01  -.7958565722E+04  0.1794108618E+04
L1 0.2938919972E+03  0.2938919972E+03  -.9752674340E+10  0.1000000000E+01
L2 0.1000000000E+01  0.3452072453E+02  0.3452072453E+02  0.3452072453E+02
L3 0.3166867960E+05  -.5963830457E+03  -.6122648617E+03  0.2735432880E+03
L4 -.3117015398E+03  0.2526470055E+03  0.3044174887E+03  0.2883997657E+03
L5 0.8454642600E+03  0.3885759125E+03  0.4439662134E+03  0.2260531910E+03
L6 0.1058595317E+04  -.9752674340E+04  0.1463233821E+04  -.1129272254E+05
L7 0.0000000000E+00  0.3815733930E+01  0.1203557540E+02  0.1117288441E+02
L8 0.2692711890E+01  0.4497969052E+02  0.2117782021E+01  0.0000000000E+00
L9 0.0000000000E+00  0.0000000000E+00  0.0000000000E+00  0.9664102909E+00  0.0000000000E+00
L0     4000  0.8000000000E+01  -.7833313259E+04  0.1825783520E+04
L1 0.2990806463E+03  0.2990806463E+03  -.9659096779E+10  0.1000000000E+01
L2 0.1000000000E+01  0.3431599325E+02  0.3431599325E+02  0.3431599325E+02
L3 0.3110725595E+05  -.2431587513E+03  0.1640929248E+02  0.7063441359E+03
L4 0.1598648924E+03  0.2895327465E+03  0.3026769661E+03  0.3144555394E+03
L5 0.9066652520E+03  0.3439715018E+03  0.2990032284E+03  0.1563181276E+03
L6 0.7992928578E+03  -.9659096779E+04  0.1439484316E+04  -.1117416766E+05
L7 0.0000000000E+00  0.4710614946E+01  0.1155933807E+02  0.1262318650E+02
L8 0.2257741681E+01  0.4201233839E+02  0.2423345354E+01  0.0000000000E+00
L9 0.0000000000E+00  0.0000000000E+00  0.0000000000E+00  0.9838520605E+00  0.0000000000E+00
L0     5000  0.1000000000E+02  -.8007497652E+04  0.1811165689E+04
L1 0.2966861071E+03  0.2966861071E+03  -.9818663341E+10  0.1000000000E+01
L2 0.1000000000E+01  0.3426760368E+02  0.3426760368E+02  0.3426760368E+02
L3 0.3097715967E+05  -.1173705745E+04  0.2530374294E+03  -.2516200992E+02
L4 -.3152767751E+03  0.2926841550E+03  0.3088425181E+03  0.2726486016E+03
L5 0.8741752747E+03  0.5543562459E+03  0.2524290316E+03  0.2782583515E+03
L6 0.1085043629E+04  -.9818663341E+04  0.1433979811E+04  -.1132082423E+05
L7 0.0000000000E+00  0.1482286847E+01  0.7103794143E+01  0.1152734627E+02
L8 0.2053474549E+01  0.4482535545E+02  0.1188821810E+01  0.0000000000E+00
L9 0.0000000000E+00  0.0000000000E+00  0.0000000000E+00  0.9879839918E+00  0.0000000000E+00
L0     6000  0.1200000000E+02  -.7915928495E+04  0.1841901422E+04
L1 0.3017209115E+03  0.3017209115E+03  -.9757829917E+10  0.1000000000E+01
L2 0.1000000000E+01  0.3427665063E+02  0.3427665063E+02  0.3427665063E+02
L3 0.3100025194E+05  0.2873747510E+03  0.4578368900E+03  -.1191336707E+03
L4 0.2086926568E+03  0.3347644957E+03  0.3147919630E+03  0.2860216608E+03
L5 0.9355781196E+03  0.2706479065E+03  0.2126433237E+03  0.3126017435E+03
L6 0.7958929736E+03  -.9757829917E+04  0.1472043097E+04  -.1130670433E+05
L7 0.0000000000E+00  0.3374467705E+01  0.7799994100E+01  0.1062700506E+02
L8 0.3484359903E+01  0.4791345338E+02  0.3632032022E+01  0.0000000000E+00
L9 0.0000000000E+00  0.0000000000E+00  0.0000000000E+00  0.9872480365E+00  0.0000000000E+00
L0     7000  0.1400000000E+02  -.7780600116E+04  0.1887575974E+04
L1 0.3092028361E+03  0.3092028361E+03  -.9668176090E+10  0.1000000000E+01
L2 0.1000000000E+01  0.3431185735E+02  0.3431185735E+02  0.3431185735E+02
L3 0.3109632096E+05  -.5545970723E+03  0.7411047415E+03  -.4347349802E+02
L4 0.4767805707E+02  0.2938076769E+03  0.3112169248E+03  0.3294676616E+03
L5 0.9344922633E+03  0.4179280758E+03  0.1453555801E+03  0.3391971539E+03
L6 0.9024808098E+03  -.9668176090E+04  0.1418667368E+04  -.1116261296E+05
L7 0.0000000000E+00  0.3370365851E+01  0.9955221872E+01  0.1012617357E+02
L8 0.2585962979E+01  0.4608999184E+02  0.3641783703E+01  0.0000000000E+00
L9 0.0000000000E+00  0.0000000000E+00  0.0000000000E+00  0.9841980311E+00  0.0000000000E+00
L0     8000  0.1600000000E+02  -.7936076984E+04  0.1779006284E+04
L1 0.2914180918E+03  0.2914180918E+03  -.9715083268E+10  0.1000000000E+01
L2 0.1000000000E+01  0.3436248364E+02  0.3436248364E+02  0.3436248364E+02
L3 0.3123535670E+05  -.9673851489E+03  -.4764655060E+02  -.1200399837E+03
L4 -.3783572277E+03  0.2919963495E+03  0.2813331808E+03  0.3058797779E+03
L5 0.8792093082E+03  0.5094679075E+03  0.2920442916E+03  0.3328651852E+03
L6 0.1134377384E+04  -.9715083268E+04  0.1400073002E+04  -.1119257191E+05
L7 0.0000000000E+00  0.1044043824E+01  0.8151743548E+01  0.1124765833E+02
L8 0.3925606747E+01  0.4988256777E+02  0.3164018473E+01  0.0000000000E+00
L9 0.0000000000E+00  0.0000000000E+00  0.0000000000E+00  0.9798171397E+00  0.0000000000E+00
L0     9000  0.1800000000E+02  -.7769229129E+04  0.1927334997E+04
L1 0.3157157409E+03  0.3157157409E+03  -.9696564126E+10  0.1000000000E+01
L2 0.1000000000E+01  0.3432564704E+02  0.3432564704E+02  0.3432564704E+02
L3 0.3113268030E+05  0.3607318240E+03  0.1222301204E+04  -.1999334057E+03
L4 0.4610332073E+03  0.3140504722E+03  0.3314523362E+03  0.3263466761E+03
L5 0.9718494845E+03  0.2332232693E+03  0.5757800412E+02  0.3711446586E+03
L6 0.6619459320E+03  -.9696564126E+04  0.1481011772E+04  -.1125472870E+05
L7 0.0000000000E+00  0.4276796914E+01  0.1039119008E+02  0.1116495842E+02
L8 0.2388247096E+01  0.4520744850E+02  0.3724164363E+01  0.0000000000E+00
L9 0.0000000000E+00  0.0000000000E+00  0.0000000000E+00  0.9830486025E+00  0.0000000000E+00
L0    10000  0.2000000000E+02  -.7990366214E+04  0.1780400426E+04
L1 0.2916464654E+03  0.2916464654E+03  -.9770766640E+10  0.1000000000E+01
L2 0.1000000000E+01  0.3425172466E+02  0.3425172466E+02  0.3425172466E+02
L3 0.3093196289E+05  0.7095149426E+03  0.3843185526E+03  0.3021718098E+03
L4 0.4653351017E+03  0.2911821432E+03  0.2935169841E+03  0.3023077426E+03
L5 0.8870068699E+03  0.1332299696E+03  0.2079600111E+03  0.2350382726E+03
L6 0.5762282533E+03  -.9770766640E+04  0.1531032831E+04  -.1137823258E+05
L7 0.0000000000E+00  0.4341187112E+01  0.5785127160E+01  0.1380683217E+02
L8 0.2812888428E+01  0.4372571871E+02  0.5961350991E+01  0.0000000000E+00
L9 0.0000000000E+00  0.0000000000E+00  0.0000000000E+00  0.9894276018E+00  0.0000000000E+00
