L0  Nsteps           time(ps)         Etot             EKinetic        
L1  Temp             T_solute         T_solv           Pres_scal_solu  
L2  Pres_scal_solv   BoxX             BoxY             BoxZ            
L3  volume           pres_X           pres_Y           pres_Z          
L4  Pressure         EKCoM_x          EKCoM_y          EKCoM_z         
L5  EKComTot         VIRIAL_x         VIRIAL_y         VIRIAL_z        
L6  VIRIAL_tot       E_pot            E_vdw            E_el            
L7  E_hbon           E_bon            E_angle          E_dih           
L8  E_14vdw          E_14el           E_const          E_pol           
L9  AV_permMoment    AV_indMoment     AV_totMoment     Density          dV/dlambda      
L0     1000  0.2000000000E+01  -.7350213863E+04  0.1711690394E+04
L1 0.2963059830E+03  0.2963059830E+03  -.9061904257E+10  0.1000000000E+01
L2 0.1000000000E+01  0.3465541119E+02  0.3465541119E+02  0.3465541119E+02
L3 0.3204211760E+05  -.4893301962E+03  -.8267579226E+03  -.9967885025E+03
L4 -.7709588738E+03  0.2890437794E+03  0.2757809384E+03  0.2853067276E+03
L5 0.8501314454E+03  0.4018881261E+03  0.4664394311E+03  0.5151759411E+03
L6 0.1383503498E+04  -.9061904257E+04  0.1333464844E+04  -.1046968566E+05
L7 0.0000000000E+00  0.3790525476E+01  0.9196736315E+01  0.1005105071E+02
L8 0.3883745203E+01  0.4479161107E+02  0.2602886576E+01  0.0000000000E+00
L9 0.0000000000E+00  0.0000000000E+00  0.0000000000E+00  0.9037953030E+00  0.0000000000E+00
L0     2000  0.4000000000E+01  -.7501031368E+04  0.1634079951E+04
L1 0.2828710542E+03  0.2828710542E+03  -.9135111319E+10  0.1000000000E+01
L2 0.1000000000E+01  0.3408700246E+02  0.3408700246E+02  0.3408700246E+02
L3 0.3048988505E+05  -.5220266775E+03  -.5747510835E+03  0.2312371827E+03
L4 -.2885135261E+03  0.2627884620E+03  0.2690950949E+03  0.2557952808E+03
L5 0.7876788377E+03  0.3773410920E+03  0.3952174772E+03  0.2050529940E+03
L6 0.9776115632E+03  -.9135111319E+04  0.1384508000E+04  -.1059215545E+05
L7 0.0000000000E+00  0.3320527104E+01  0.7274411877E+01  0.1001886378E+02
L8 0.2490349004E+01  0.4670415193E+02  0.2727826685E+01  0.0000000000E+00
L9 0.0000000000E+00  0.0000000000E+00  0.0000000000E+00  0.9498072996E+00  0.0000000000E+00
L0     3000  0.6000000000E+01  -.7413173640E+04  0.1739615750E+04
L1 0.3011400641E+03  0.3011400641E+03  -.9152789391E+10  0.1000000000E+01
L2 0.1000000000E+01  0.3386151782E+02  0.3386151782E+02  0.3386151782E+02
L3 0.2988940608E+05  -.8241489996E+03  -.2276783017E+03  -.4851529812E+03
L4 -.5123267608E+03  0.2944015357E+03  0.2968140141E+03  0.2871494149E+03
L5 0.8783649648E+03  0.4716896420E+03  0.3457913895E+03  0.3915138604E+03
L6 0.1208994892E+04  -.9152789391E+04  0.1303816120E+04  -.1053473261E+05
L7 0.0000000000E+00  0.6555028579E+01  0.9638106550E+01  0.1002736892E+02
L8 0.4108036901E+01  0.4349224985E+02  0.4306310202E+01  0.0000000000E+00
L9 0.0000000000E+00  0.0000000000E+00  0.0000000000E+00  0.9688889537E+00  0.0000000000E+00
L0     4000  0.8000000000E+01  -.7503813223E+04  0.1692900991E+04
L1 0.2930534015E+03  0.2930534015E+03  -.9196714214E+10  0.1000000000E+01
L2 0.1000000000E+01  0.3373977469E+02  0.3373977469E+02  0.3373977469E+02
L3 0.2956636831E+05  0.7131451971E+03  -.2034204841E+03  0.1115088754E+02
L4 0.1736252002E+03  0.3039124246E+03  0.2961716530E+03  0.2756058438E+03
L5 0.8756899214E+03  0.1521610882E+03  0.3394578315E+03  0.2732330282E+03
L6 0.7648519478E+03  -.9196714214E+04  0.1398137915E+04  -.1066518205E+05
L7 0.0000000000E+00  0.1210697013E+01  0.8261414605E+01  0.1030433840E+02
L8 0.2825875184E+01  0.4581910783E+02  0.1908487347E+01  0.0000000000E+00
L9 0.0000000000E+00  0.0000000000E+00  0.0000000000E+00  0.9794748912E+00  0.0000000000E+00
L0     5000  0.1000000000E+02  -.7404248147E+04  0.1783711775E+04
L1 0.3087734049E+03  0.3087734049E+03  -.9187959922E+10  0.1000000000E+01
L2 0.1000000000E+01  0.3364110773E+02  0.3364110773E+02  0.3364110773E+02
L3 0.2930885269E+05  -.7262832601E+03  -.3417088257E+03  0.3105752856E+03
L4 -.2524722668E+03  0.2906194446E+03  0.3157283313E+03  0.2777710572E+03
L5 0.8841188331E+03  0.4438203855E+03  0.3878078029E+03  0.2122588410E+03
L6 0.1043887029E+04  -.9187959922E+04  0.1324889745E+04  -.1058733085E+05
L7 0.0000000000E+00  0.3543540028E+01  0.7458142275E+01  0.1155951106E+02
L8 0.2990222839E+01  0.4444637707E+02  0.4483388677E+01  0.0000000000E+00
L9 0.0000000000E+00  0.0000000000E+00  0.0000000000E+00  0.9880808263E+00  0.0000000000E+00
L0     6000  0.1200000000E+02  -.7479437182E+04  0.1724683682E+04
L1 0.2985552152E+03  0.2985552152E+03  -.9204120864E+10  0.1000000000E+01
L2 0.1000000000E+01  0.3367062408E+02  0.3367062408E+02  0.3367062408E+02
L3 0.2938563878E+05  -.4977715691E+03  -.1775229660E+03  0.4070847848E+03
L4 -.8940325008E+02  0.3035699225E+03  0.2880968448E+03  0.2782967659E+03
L5 0.8699635333E+03  0.4088440870E+03  0.3256413393E+03  0.1922020324E+03
L6 0.9266874587E+03  -.9204120864E+04  0.1350562350E+04  -.1062954610E+05
L7 0.0000000000E+00  0.3924671937E+01  0.8271121400E+01  0.1263030425E+02
L8 0.3095714812E+01  0.4466956101E+02  0.2271508223E+01  0.0000000000E+00
L9 0.0000000000E+00  0.0000000000E+00  0.0000000000E+00  0.9854989234E+00  0.0000000000E+00
L0     7000  0.1400000000E+02  -.7470644137E+04  0.1745380585E+04
L1 0.3021379987E+03  0.3021379987E+03  -.9216024721E+10  0.1000000000E+01
L2 0.1000000000E+01  0.3368234879E+02  0.3368234879E+02  0.3368234879E+02
L3 0.2941575950E+05  0.1505051921E+03  0.1498360748E+03  0.1034836922E+03
L4 0.1346083197E+03  0.2846670251E+03  0.3101462753E+03  0.2712218489E+03
L5 0.8660351492E+03  0.2528039176E+03  0.2784248250E+03  0.2493135548E+03
L6 0.7805422975E+03  -.9216024721E+04  0.1387528987E+04  -.1067796749E+05
L7 0.0000000000E+00  0.1919595859E+01  0.7702212380E+01  0.1180208961E+02
L8 0.3546740649E+01  0.4576056275E+02  0.3682583326E+01  0.0000000000E+00
L9 0.0000000000E+00  0.0000000000E+00  0.0000000000E+00  0.9844898066E+00  0.0000000000E+00
L0     8000  0.1600000000E+02  -.7436779022E+04  0.1696632106E+04
L1 0.2936992845E+03  0.2936992845E+03  -.9133411128E+10  0.1000000000E+01
L2 0.1000000000E+01  0.3365778343E+02  0.3365778343E+02  0.3365778343E+02
L3 0.2935125360E+05  -.2404775457E+03  0.4033673670E+03  0.4608626423E+03
L4 0.2079174878E+03  0.2611301083E+03  0.2932048433E+03  0.2971936574E+03
L5 0.8515286090E+03  0.3119294127E+03  0.2079961324E+03  0.1998394466E+03
L6 0.7197649918E+03  -.9133411128E+04  0.1374876019E+04  -.1058260855E+05
L7 0.0000000000E+00  0.2625790993E+01  0.8624798162E+01  0.1224632363E+02
L8 0.2933308930E+01  0.4392652661E+02  0.3964657933E+01  0.0000000000E+00
L9 0.0000000000E+00  0.0000000000E+00  0.0000000000E+00  0.9866534415E+00  0.0000000000E+00
L0     9000  0.1800000000E+02  -.7503559600E+04  0.1670724526E+04
L1 0.2892144951E+03  0.2892144951E+03  -.9174284126E+10  0.1000000000E+01
L2 0.1000000000E+01  0.3367999422E+02  0.3367999422E+02  0.3367999422E+02
L3 0.2940899151E+05  -.3468803558E+03  0.1011826999E+04  0.4244375442E+03
L4 0.3631280625E+03  0.2866018053E+03  0.2880248353E+03  0.2632290464E+03
L5 0.8378556869E+03  0.3600221498E+03  0.7386255824E+02  0.1733930260E+03
L6 0.6072777340E+03  -.9174284126E+04  0.1406884864E+04  -.1064995131E+05
L7 0.0000000000E+00  0.2632313593E+01  0.4469284499E+01  0.1007016640E+02
L8 0.2387481364E+01  0.4609226276E+02  0.3130811174E+01  0.0000000000E+00
L9 0.0000000000E+00  0.0000000000E+00  0.0000000000E+00  0.9847163704E+00  0.0000000000E+00
L0    10000  0.2000000000E+02  -.7403961478E+04  0.1718643492E+04
L1 0.2975096145E+03  0.2975096145E+03  -.9122604969E+10  0.1000000000E+01
L2 0.1000000000E+01  0.3372661816E+02  0.3372661816E+02  0.3372661816E+02
L3 0.2953074801E+05  0.1221457927E+04  0.1724973645E+03  0.3186179478E+03
L4 0.5708577463E+03  0.2803007584E+03  0.2985880061E+03  0.2788627108E+03
L5 0.8577514753E+03  0.2069785824E+02  0.2619262308E+03  0.2111451567E+03
L6 0.4937692457E+03  -.9122604969E+04  0.1407476273E+04  -.1060186377E+05
L7 0.0000000000E+00  0.1401998461E+01  0.7754734303E+01  0.1086903430E+02
L8 0.3863118757E+01  0.4601210446E+02  0.1881532865E+01  0.0000000000E+00
L9 0.0000000000E+00  0.0000000000E+00  0.0000000000E+00  0.9806563441E+00  0.0000000000E+00
