L0  Nsteps           time(ps)         Etot             EKinetic        
L1  Temp             T_solute         T_solv           Pres_scal_solu  
L2  Pres_scal_solv   BoxX             BoxY             BoxZ            
L3  volume           pres_X           pres_Y           pres_Z          
L4  Pressure         EKCoM_x          EKCoM_y          EKCoM_z         
L5  EKComTot         VIRIAL_x         VIRIAL_y         VIRIAL_z        
L6  VIRIAL_tot       E_pot            E_vdw            E_el            
L7  E_hbon           E_bon            E_angle          E_dih           
L8  E_14vdw          E_14el           E_const          E_pol           
L9  AV_permMoment    AV_indMoment     AV_totMoment     Density          dV/dlambda      
L0     1000  0.2000000000E+01  -.7056313753E+04  0.1611248521E+04
L1 0.2925024749E+03  0.2925024749E+03  -.8667562274E+10  0.1000000000E+01
L2 0.1000000000E+01  0.3406530609E+02  0.3406530609E+02  0.3406530609E+02
L3 0.3043224896E+05  -.6308274024E+03  -.7470644362E+03  -.9245380705E+02
L4 -.4901152152E+03  0.2641965893E+03  0.2618324514E+03  0.2697687749E+03
L5 0.7957978156E+03  0.4023625874E+03  0.4254570863E+03  0.2900183273E+03
L6 0.1117838001E+04  -.8667562274E+04  0.1331984058E+04  -.1007410412E+05
L7 0.0000000000E+00  0.2918521979E+01  0.8005914167E+01  0.8451353417E+01
L8 0.4306804269E+01  0.4709511730E+02  0.3780072551E+01  0.0000000000E+00
L9 0.0000000000E+00  0.0000000000E+00  0.0000000000E+00  0.9073683859E+00  0.0000000000E+00
L0     2000  0.4000000000E+01  -.7057967608E+04  0.1679652851E+04
L1 0.3049204449E+03  0.3049204449E+03  -.8737620459E+10  0.1000000000E+01
L2 0.1000000000E+01  0.3351040778E+02  0.3351040778E+02  0.3351040778E+02
L3 0.2896874119E+05  -.2423592247E+03  0.1697787675E+02  -.7279992423E+03
L4 -.3177935301E+03  0.2773395488E+03  0.2699521407E+03  0.2712867794E+03
L5 0.8185784689E+03  0.3278691369E+03  0.2664124152E+03  0.4230676819E+03
L6 0.1017349234E+04  -.8737620459E+04  0.1310175668E+04  -.1012070827E+05
L7 0.0000000000E+00  0.9735785831E+00  0.9129266986E+01  0.1052696651E+02
L8 0.3809589165E+01  0.4484015657E+02  0.3632584493E+01  0.0000000000E+00
L9 0.0000000000E+00  0.0000000000E+00  0.0000000000E+00  0.9532088551E+00  0.0000000000E+00
L0     3000  0.6000000000E+01  -.7264786788E+04  0.1608462211E+04
L1 0.2919966543E+03  0.2919966543E+03  -.8873248999E+10  0.1000000000E+01
L2 0.1000000000E+01  0.3320767557E+02  0.3320767557E+02  0.3320767557E+02
L3 0.2819009056E+05  0.1110243317E+03  -.5058281240E+03  0.1729821170E+03
L4 -.7394055843E+02  0.2610534403E+03  0.2786526256E+03  0.2648811527E+03
L5 0.8045872186E+03  0.2385281074E+03  0.3812782999E+03  0.2297854244E+03
L6 0.8495918317E+03  -.8873248999E+04  0.1349086652E+04  -.1030554103E+05
L7 0.0000000000E+00  0.2169026978E+01  0.1329179557E+02  0.1157499773E+02
L8 0.4164633283E+01  0.4587223785E+02  0.6132686309E+01  0.0000000000E+00
L9 0.0000000000E+00  0.0000000000E+00  0.0000000000E+00  0.9795378472E+00  0.0000000000E+00
L0     4000  0.8000000000E+01  -.7134501422E+04  0.1654792413E+04
L1 0.3004073362E+03  0.3004073362E+03  -.8789293835E+10  0.1000000000E+01
L2 0.1000000000E+01  0.3311897378E+02  0.3311897378E+02  0.3311897378E+02
L3 0.2796521505E+05  0.1129737486E+02  -.3976355524E+03  -.3396631713E+03
L4 -.2420004496E+03  0.2968207475E+03  0.2580628377E+03  0.2743716705E+03
L5 0.8292552558E+03  0.2945469474E+03  0.3380941524E+03  0.3427349997E+03
L6 0.9753760994E+03  -.8789293835E+04  0.1273099658E+04  -.1014434326E+05
L7 0.0000000000E+00  0.3426074761E+01  0.9891467884E+01  0.1134433653E+02
L8 0.3424394105E+01  0.4748110800E+02  0.6382387519E+01  0.0000000000E+00
L9 0.0000000000E+00  0.0000000000E+00  0.0000000000E+00  0.9874145638E+00  0.0000000000E+00
L0     5000  0.1000000000E+02  -.7135331317E+04  0.1621574258E+04
L1 0.2943769862E+03  0.2943769862E+03  -.8756905575E+10  0.1000000000E+01
L2 0.1000000000E+01  0.3315740329E+02  0.3315740329E+02  0.3315740329E+02
L3 0.2806197480E+05  -.1696045680E+03  -.1004366304E+03  0.3845641502E+03
L4 0.3817431728E+02  0.2692078164E+03  0.2694328688E+03  0.2591613948E+03
L5 0.7978020800E+03  0.3034619002E+03  0.2897174919E+03  0.1814931293E+03
L6 0.7746725214E+03  -.8756905575E+04  0.1299241502E+04  -.1013285341E+05
L7 0.0000000000E+00  0.2257329293E+01  0.1150373308E+02  0.9397172136E+01
L8 0.3760165612E+01  0.4431170628E+02  0.5476231735E+01  0.0000000000E+00
L9 0.0000000000E+00  0.0000000000E+00  0.0000000000E+00  0.9840098860E+00  0.0000000000E+00
L0     6000  0.1200000000E+02  -.7100782622E+04  0.1709938944E+04
L1 0.3104185149E+03  0.3104185149E+03  -.8810721566E+10  0.1000000000E+01
L2 0.1000000000E+01  0.3323772649E+02  0.3323772649E+02  0.3323772649E+02
L3 0.2826716881E+05  -.6938665118E+03  0.7918340459E+02  -.1759052048E+03
L4 -.2635294373E+03  0.2810992396E+03  0.2638716505E+03  0.3014327577E+03
L5 0.8464036478E+03  0.4222602701E+03  0.2477624842E+03  0.3372191223E+03
L6 0.1007241877E+04  -.8810721566E+04  0.1287895345E+04  -.1017249196E+05
L7 0.0000000000E+00  0.2971661726E+01  0.1023813863E+02  0.9299348078E+01
L8 0.4304824879E+01  0.4393792145E+02  0.3123158898E+01  0.0000000000E+00
L9 0.0000000000E+00  0.0000000000E+00  0.0000000000E+00  0.9768668667E+00  0.0000000000E+00
L0     7000  0.1400000000E+02  -.7146715268E+04  0.1634888774E+04
L1 0.2967940739E+03  0.2967940739E+03  -.8781604043E+10  0.1000000000E+01
L2 0.1000000000E+01  0.3313885130E+02  0.3313885130E+02  0.3313885130E+02
L3 0.2801482267E+05  0.1830676520E+03  0.4233408641E+03  -.4013896415E+03
L4 0.6833962486E+02  0.2608518593E+03  0.2647382419E+03  0.2716142389E+03
L5 0.7972043401E+03  0.2239408373E+03  0.1793821250E+03  0.3525444398E+03
L6 0.7558674021E+03  -.8781604043E+04  0.1309524653E+04  -.1016278942E+05
L7 0.0000000000E+00  0.2114253521E+01  0.8634259941E+01  0.9164902127E+01
L8 0.3425729195E+01  0.4547144943E+02  0.2850127841E+01  0.0000000000E+00
L9 0.0000000000E+00  0.0000000000E+00  0.0000000000E+00  0.9856660862E+00  0.0000000000E+00
L0     8000  0.1600000000E+02  -.7154858296E+04  0.1583353282E+04
L1 0.2874384352E+03  0.2874384352E+03  -.8738211579E+10  0.1000000000E+01
L2 0.1000000000E+01  0.3312909226E+02  0.3312909226E+02  0.3312909226E+02
L3 0.2799048848E+05  -.1288833609E+03  0.3262680485E+02  -.1898331591E+03
L4 -.9536323840E+02  0.2572115893E+03  0.2648451985E+03  0.2735899993E+03
L5 0.7956467872E+03  0.2831751296E+03  0.2582725319E+03  0.3118318704E+03
L6 0.8532795319E+03  -.8738211579E+04  0.1276901341E+04  -.1009196158E+05
L7 0.0000000000E+00  0.1812235466E+01  0.1023555053E+02  0.9372991757E+01
L8 0.4542666843E+01  0.4804688934E+02  0.2838330680E+01  0.0000000000E+00
L9 0.0000000000E+00  0.0000000000E+00  0.0000000000E+00  0.9865229985E+00  0.0000000000E+00
L0     9000  0.1800000000E+02  -.7036337378E+04  0.1673171109E+04
L1 0.3037437639E+03  0.3037437639E+03  -.8709508487E+10  0.1000000000E+01
L2 0.1000000000E+01  0.3317940842E+02  0.3317940842E+02  0.3317940842E+02
L3 0.2811706976E+05  0.5655408047E+03  0.1014057979E+03  0.4196559893E+03
L4 0.3622008639E+03  0.2915558632E+03  0.2998134943E+03  0.2637297736E+03
L5 0.8550991311E+03  0.1771125075E+03  0.2792929240E+03  0.1788078029E+03
L6 0.6352132344E+03  -.8709508487E+04  0.1320482568E+04  -.1011500564E+05
L7 0.0000000000E+00  0.3104400404E+01  0.1516647599E+02  0.1013363171E+02
L8 0.3648300141E+01  0.4782302718E+02  0.5138751745E+01  0.0000000000E+00
L9 0.0000000000E+00  0.0000000000E+00  0.0000000000E+00  0.9820817340E+00  0.0000000000E+00
L0    10000  0.2000000000E+02  -.7174202948E+04  0.1645637852E+04
L1 0.2987454376E+03  0.2987454376E+03  -.8819840800E+10  0.1000000000E+01
L2 0.1000000000E+01  0.3321752035E+02  0.3321752035E+02  0.3321752035E+02
L3 0.2821495736E+05  -.1457117797E+03  0.3887812968E+03  -.2116927958E+03
L4 0.1045890712E+02  0.3015339419E+03  0.2727005539E+03  0.2560107542E+03
L5 0.8302452500E+03  0.3311229660E+03  0.1937525158E+03  0.2989982411E+03
L6 0.8238737229E+03  -.8819840800E+04  0.1324101735E+04  -.1021871243E+05
L7 0.0000000000E+00  0.3306729243E+01  0.9715001559E+01  0.1066224076E+02
L8 0.3615100290E+01  0.4401087699E+02  0.3459940892E+01  0.0000000000E+00
L9 0.0000000000E+00  0.0000000000E+00  0.0000000000E+00  0.9786745472E+00  0.0000000000E+00
