L0  Nsteps           time(ps)         Etot             EKinetic        
L1  Temp             T_solute         T_solv           Pres_scal_solu  
L2  Pres_scal_solv   BoxX             BoxY             BoxZ            
L3  volume           pres_X           pres_Y           pres_Z          
L4  Pressure         EKCoM_x          EKCoM_y          EKCoM_z         
L5  EKComTot         VIRIAL_x         VIRIAL_y         VIRIAL_z        
L6  VIRIAL_tot       E_pot            E_vdw            E_el            
L7  E_hbon           E_bon            E_angle          E_dih           
L8  E_14vdw          E_14el           E_const          E_pol           
L9  AV_permMoment    AV_indMoment     AV_totMoment     Density          dV/dlambda      
L0     1000  0.2000000000E+01  -.7426852709E+04  0.1760292583E+04
L1 0.3022242300E+03  0.3022242300E+03  -.9187145292E+10  0.1000000000E+01
L2 0.1000000000E+01  0.3471537136E+02  0.3471537136E+02  0.3471537136E+02
L3 0.3220840053E+05  -.2262536480E+02  -.1077097993E+04  -.8779037151E+03
L4 -.6592090243E+03  0.2881123690E+03  0.3008938618E+03  0.2921097597E+03
L5 0.8811159905E+03  0.2933570772E+03  0.5505722516E+03  0.4956136075E+03
L6 0.1339542936E+04  -.9187145292E+04  0.1389026695E+04  -.1065537858E+05
L7 0.0000000000E+00  0.5250018499E+01  0.1114620515E+02  0.1108462164E+02
L8 0.3570302556E+01  0.4304814849E+02  0.5107296395E+01  0.0000000000E+00
L9 0.0000000000E+00  0.0000000000E+00  0.0000000000E+00  0.9065600613E+00  0.0000000000E+00
L0     2000  0.4000000000E+01  -.7486790381E+04  0.1800273137E+04
L1 0.3090884823E+03  0.3090884823E+03  -.9287063518E+10  0.1000000000E+01
L2 0.1000000000E+01  0.3413310278E+02  0.3413310278E+02  0.3413310278E+02
L3 0.3061544713E+05  -.1393270161E+04  -.6655632825E+03  -.6613307116E+03
L4 -.9067213851E+03  0.2902745500E+03  0.2960148439E+03  0.3202753913E+03
L5 0.9065647852E+03  0.5972704127E+03  0.4426663547E+03  0.4659942892E+03
L6 0.1505931057E+04  -.9287063518E+04  0.1331732118E+04  -.1069896117E+05
L7 0.0000000000E+00  0.5174905048E+01  0.1388736472E+02  0.1110350709E+02
L8 0.2302882919E+01  0.4581963104E+02  0.1877239511E+01  0.0000000000E+00
L9 0.0000000000E+00  0.0000000000E+00  0.0000000000E+00  0.9537293197E+00  0.0000000000E+00
L0     3000  0.6000000000E+01  -.7517592551E+04  0.1778100691E+04
L1 0.3052817001E+03  0.3052817001E+03  -.9295693242E+10  0.1000000000E+01
L2 0.1000000000E+01  0.3397429140E+02  0.3397429140E+02  0.3397429140E+02
L3 0.3018701450E+05  0.8104870426E+03  -.6096817409E+03  0.5142184313E+03
L4 0.2383412443E+03  0.3092299120E+03  0.2932177544E+03  0.3019393623E+03
L5 0.9043870286E+03  0.1331447264E+03  0.4256762847E+03  0.1902210458E+03
L6 0.7490420569E+03  -.9295693242E+04  0.1433345401E+04  -.1080595903E+05
L7 0.0000000000E+00  0.3207001415E+01  0.1136676600E+02  0.1316336622E+02
L8 0.1816324945E+01  0.4416192713E+02  0.3205000377E+01  0.0000000000E+00
L9 0.0000000000E+00  0.0000000000E+00  0.0000000000E+00  0.9672652311E+00  0.0000000000E+00
L0     4000  0.8000000000E+01  -.7530146343E+04  0.1764019798E+04
L1 0.3028641547E+03  0.3028641547E+03  -.9294166141E+10  0.1000000000E+01
L2 0.1000000000E+01  0.3388090028E+02  0.3388090028E+02  0.3388090028E+02
L3 0.2993885393E+05  0.1493233134E+03  0.1669087991E+02  0.4402317518E+03
L4 0.2020819817E+03  0.2755582932E+03  0.2986322183E+03  0.2969779066E+03
L5 0.8711684181E+03  0.2433832329E+03  0.2950357935E+03  0.2021200921E+03
L6 0.7405391185E+03  -.9294166141E+04  0.1421898456E+04  -.1078787036E+05
L7 0.0000000000E+00  0.3456003969E+01  0.6081789251E+01  0.1216638191E+02
L8 0.2521554729E+01  0.4487184909E+02  0.2708183440E+01  0.0000000000E+00
L9 0.0000000000E+00  0.0000000000E+00  0.0000000000E+00  0.9752828090E+00  0.0000000000E+00
L0     5000  0.1000000000E+02  -.7570729884E+04  0.1719314145E+04
L1 0.2951886515E+03  0.2951886515E+03  -.9290044030E+10  0.1000000000E+01
L2 0.1000000000E+01  0.3382213787E+02  0.3382213787E+02  0.3382213787E+02
L3 0.2978327670E+05  0.1442081913E+03  0.4153721558E+03  0.1269189698E+03
L4 0.2288331056E+03  0.2790269850E+03  0.2958710137E+03  0.2692045396E+03
L5 0.8441025382E+03  0.2481155628E+03  0.2068348505E+03  0.2419991096E+03
L6 0.6969495229E+03  -.9290044030E+04  0.1432100480E+04  -.1080050694E+05
L7 0.0000000000E+00  0.4581419580E+01  0.1087497880E+02  0.1223166267E+02
L8 0.2879460594E+01  0.4628079538E+02  0.1514112869E+01  0.0000000000E+00
L9 0.0000000000E+00  0.0000000000E+00  0.0000000000E+00  0.9803773391E+00  0.0000000000E+00
L0     6000  0.1200000000E+02  -.7594978494E+04  0.1690057341E+04
L1 0.2901655575E+03  0.2901655575E+03  -.9285035835E+10  0.1000000000E+01
L2 0.1000000000E+01  0.3379027029E+02  0.3379027029E+02  0.3379027029E+02
L3 0.2969959130E+05  0.2909053139E+03  -.2263796061E+03  0.1444464171E+03
L4 0.6965737498E+02  0.2751990376E+03  0.2972977512E+03  0.2731875616E+03
L5 0.8456843504E+03  0.2130178936E+03  0.3456864956E+03  0.2423120739E+03
L6 0.8010164631E+03  -.9285035835E+04  0.1388277451E+04  -.1074947819E+05
L7 0.0000000000E+00  0.3186800315E+01  0.5534612873E+01  0.1034844162E+02
L8 0.3521842980E+01  0.4885243611E+02  0.4720767150E+01  0.0000000000E+00
L9 0.0000000000E+00  0.0000000000E+00  0.0000000000E+00  0.9831397766E+00  0.0000000000E+00
L0     7000  0.1400000000E+02  -.7691212941E+04  0.1655693511E+04
L1 0.2842656395E+03  0.2842656395E+03  -.9346906453E+10  0.1000000000E+01
L2 0.1000000000E+01  0.3375663101E+02  0.3375663101E+02  0.3375663101E+02
L3 0.2961143185E+05  -.6130379200E+02  -.3490246957E+02  -.2092311249E+03
L4 -.1018124622E+03  0.2822004178E+03  0.2992414519E+03  0.2700317464E+03
L5 0.8514736162E+03  0.2952652347E+03  0.3066797255E+03  0.3146222398E+03
L6 0.9165672001E+03  -.9346906453E+04  0.1389337967E+04  -.1081037539E+05
L7 0.0000000000E+00  0.2651751396E+01  0.1282520399E+02  0.1087299274E+02
L8 0.2138225184E+01  0.4323588523E+02  0.2406913917E+01  0.0000000000E+00
L9 0.0000000000E+00  0.0000000000E+00  0.0000000000E+00  0.9860667902E+00  0.0000000000E+00
L0     8000  0.1600000000E+02  -.7545532450E+04  0.1765518175E+04
L1 0.3031214107E+03  0.3031214107E+03  -.9311050625E+10  0.1000000000E+01
L2 0.1000000000E+01  0.3385085239E+02  0.3385085239E+02  0.3385085239E+02
L3 0.2986009361E+05  -.3147350485E+03  -.1975185658E+03  0.1898133975E+03
L4 -.1074800723E+03  0.3003379768E+03  0.2984611913E+03  0.2872293801E+03
L5 0.8860285482E+03  0.3679763032E+03  0.3409090384E+03  0.2464374168E+03
L6 0.9553227584E+03  -.9311050625E+04  0.1387795464E+04  -.1077866763E+05
L7 0.0000000000E+00  0.2280534650E+01  0.1185771981E+02  0.1162487115E+02
L8 0.4350147726E+01  0.4696914238E+02  0.2739120482E+01  0.0000000000E+00
L9 0.0000000000E+00  0.0000000000E+00  0.0000000000E+00  0.9778552585E+00  0.0000000000E+00
L0     9000  0.1800000000E+02  -.7533668855E+04  0.1768285007E+04
L1 0.3035964476E+03  0.3035964476E+03  -.9301953862E+10  0.1000000000E+01
L2 0.1000000000E+01  0.3374389536E+02  0.3374389536E+02  0.3374389536E+02
L3 0.2957623911E+05  0.5905719690E+03  0.1478081212E+04  -.4522049169E+03
L4 0.5388160882E+03  0.2971449546E+03  0.3019085654E+03  0.2974082562E+03
L5 0.8964617762E+03  0.1714342217E+03  -.1271976486E+02  0.3936658074E+03
L6 0.5523802642E+03  -.9301953862E+04  0.1446264997E+04  -.1081942399E+05
L7 0.0000000000E+00  0.1920990679E+01  0.9610560171E+01  0.1007230116E+02
L8 0.3346363462E+01  0.4447857599E+02  0.1776342865E+01  0.0000000000E+00
L9 0.0000000000E+00  0.0000000000E+00  0.0000000000E+00  0.9872401103E+00  0.0000000000E+00
L0    10000  0.2000000000E+02  -.7584098638E+04  0.1763019207E+04
L1 0.3026923635E+03  0.3026923635E+03  -.9347117845E+10  0.1000000000E+01
L2 0.1000000000E+01  0.3374990377E+02  0.3374990377E+02  0.3374990377E+02
L3 0.2959459151E+05  0.3765795531E+03  -.7949838488E+03  -.8639049714E+03
L4 -.4274364224E+03  0.3013042406E+03  0.2827576518E+03  0.2804669491E+03
L5 0.8645288415E+03  0.2210947671E+03  0.4520850500E+03  0.4644741857E+03
L6 0.1137654003E+04  -.9347117845E+04  0.1349868694E+04  -.1077708093E+05
L7 0.0000000000E+00  0.3512036548E+01  0.1537537481E+02  0.1015830199E+02
L8 0.3341132220E+01  0.4443403550E+02  0.3273508904E+01  0.0000000000E+00
L9 0.0000000000E+00  0.0000000000E+00  0.0000000000E+00  0.9866278962E+00  0.0000000000E+00
