L0  Nsteps           time(ps)         Etot             EKinetic        
L1  Temp             T_solute         T_solv           Pres_scal_solu  
L2  Pres_scal_solv   BoxX             BoxY             BoxZ            
L3  volume           pres_X           pres_Y           pres_Z          
L4  Pressure         EKCoM_x          EKCoM_y          EKCoM_z         
L5  EKComTot         VIRIAL_x         VIRIAL_y         VIRIAL_z        
L6  VIRIAL_tot       E_pot            E_vdw            E_el            
L7  E_hbon           E_bon            E_angle          E_dih           
L8  E_14vdw          E_14el           E_const          E_pol           
L9  AV_permMoment    AV_indMoment     AV_totMoment     Density          dV/dlambda      
L0     1000  0.2000000000E+01  -.7990316831E+04  0.1827744332E+04
L1 0.2950793938E+03  0.2950793938E+03  -.9818061163E+10  0.1000000000E+01
L2 0.1000000000E+01  0.3529497501E+02  0.3529497501E+02  0.3529497501E+02
L3 0.3384815816E+05  -.3406034010E+03  -.1096346281E+03  -.9615757647E+03
L4 -.4706045979E+03  0.3116485001E+03  0.3056116563E+03  0.3185370314E+03
L5 0.9357971878E+03  0.3946222278E+03  0.3323195334E+03  0.5527846210E+03
L6 0.1279726382E+04  -.9818061163E+04  0.1493756886E+04  -.1138558087E+05
L7 0.0000000000E+00  0.3254280583E+01  0.5472564492E+01  0.1131125721E+02
L8 0.3541651398E+01  0.4763793896E+02  0.2545129178E+01  0.0000000000E+00
L9 0.0000000000E+00  0.0000000000E+00  0.0000000000E+00  0.9174410407E+00  0.0000000000E+00
L0     2000  0.4000000000E+01  -.7929088028E+04  0.1850754196E+04
L1 0.2987942114E+03  0.2987942114E+03  -.9779842223E+10  0.1000000000E+01
L2 0.1000000000E+01  0.3480392384E+02  0.3480392384E+02  0.3480392384E+02
L3 0.3245356504E+05  -.1942433651E+03  0.4018252699E+03  -.1772299325E+03
L4 0.1011732408E+02  0.3089854329E+03  0.3008719882E+03  0.3318032447E+03
L5 0.9416606658E+03  0.3543550574E+03  0.2070172427E+03  0.3731990240E+03
L6 0.9345713241E+03  -.9779842223E+04  0.1493958201E+04  -.1134408310E+05
L7 0.0000000000E+00  0.1340705877E+01  0.4903028744E+01  0.1091668010E+02
L8 0.4134919760E+01  0.4680167726E+02  0.2185667740E+01  0.0000000000E+00
L9 0.0000000000E+00  0.0000000000E+00  0.0000000000E+00  0.9568652752E+00  0.0000000000E+00
L0     3000  0.6000000000E+01  -.7954083240E+04  0.1897637433E+04
L1 0.3063632554E+03  0.3063632554E+03  -.9851720673E+10  0.1000000000E+01
L2 0.1000000000E+01  0.3461916851E+02  0.3461916851E+02  0.3461916851E+02
L3 0.3193951996E+05  0.7160532464E+03  -.5388627279E+03  -.2013660557E+03
L4 -.8058512405E+01  0.3307164473E+03  0.3117679125E+03  0.3092073227E+03
L5 0.9516916825E+03  0.1661162760E+03  0.4356370490E+03  0.3554956223E+03
L6 0.9572489474E+03  -.9851720673E+04  0.1476152724E+04  -.1140582218E+05
L7 0.0000000000E+00  0.2539903542E+01  0.8646619896E+01  0.9464195900E+01
L8 0.4284268813E+01  0.4847233302E+02  0.4541456877E+01  0.0000000000E+00
L9 0.0000000000E+00  0.0000000000E+00  0.0000000000E+00  0.9722653780E+00  0.0000000000E+00
L0     4000  0.8000000000E+01  -.7932367760E+04  0.1861070343E+04
L1 0.3004596974E+03  0.3004596974E+03  -.9793438103E+10  0.1000000000E+01
L2 0.1000000000E+01  0.3454288270E+02  0.3454288270E+02  0.3454288270E+02
L3 0.3172943442E+05  -.1039250993E+03  -.1500594908E+03  -.3983025934E+03
L4 -.2174290611E+03  0.3187472334E+03  0.2929672118E+03  0.2899020107E+03
L5 0.9016164559E+03  0.3424795076E+03  0.3272347085E+03  0.3808581556E+03
L6 0.1050572372E+04  -.9793438103E+04  0.1414310670E+04  -.1128013525E+05
L7 0.0000000000E+00  0.2634814156E+01  0.1011536607E+02  0.9954848267E+01
L8 0.2604039150E+01  0.4493233447E+02  0.2145074887E+01  0.0000000000E+00
L9 0.0000000000E+00  0.0000000000E+00  0.0000000000E+00  0.9787028990E+00  0.0000000000E+00
L0     5000  0.1000000000E+02  -.7908293947E+04  0.1884619483E+04
L1 0.3042615781E+03  0.3042615781E+03  -.9792913430E+10  0.1000000000E+01
L2 0.1000000000E+01  0.3448010818E+02  0.3448010818E+02  0.3448010818E+02
L3 0.3155742838E+05  -.5739587758E+03  -.7219223288E+03  -.6487932027E+02
L4 -.4535868083E+03  0.3062437263E+03  0.2954126667E+03  0.3155138732E+03
L5 0.9171702662E+03  0.4366020857E+03  0.4593767253E+03  0.3302493597E+03
L6 0.1226228171E+04  -.9792913430E+04  0.1374315898E+04  -.1123916739E+05
L7 0.0000000000E+00  0.2301028250E+01  0.7629505049E+01  0.1022561781E+02
L8 0.3287787444E+01  0.4621039991E+02  0.2283728354E+01  0.0000000000E+00
L9 0.0000000000E+00  0.0000000000E+00  0.0000000000E+00  0.9840373895E+00  0.0000000000E+00
L0     6000  0.1200000000E+02  -.8075398820E+04  0.1811993955E+04
L1 0.2925365811E+03  0.2925365811E+03  -.9887392775E+10  0.1000000000E+01
L2 0.1000000000E+01  0.3447727714E+02  0.3447727714E+02  0.3447727714E+02
L3 0.3154794538E+05  -.3850529192E+03  0.9227143989E+02  0.7553891546E+03
L4 0.1542025584E+03  0.3058262679E+03  0.2886707794E+03  0.3186945017E+03
L5 0.9131915490E+03  0.3932537721E+03  0.2677202521E+03  0.1471809637E+03
L6 0.8081549879E+03  -.9887392775E+04  0.1504069214E+04  -.1146262785E+05
L7 0.0000000000E+00  0.3473395741E+01  0.9171706687E+01  0.9499308956E+01
L8 0.2187758134E+01  0.4379759385E+02  0.3036101237E+01  0.0000000000E+00
L9 0.0000000000E+00  0.0000000000E+00  0.0000000000E+00  0.9843331815E+00  0.0000000000E+00
L0     7000  0.1400000000E+02  -.8153771341E+04  0.1789830808E+04
L1 0.2889584614E+03  0.2889584614E+03  -.9943602148E+10  0.1000000000E+01
L2 0.1000000000E+01  0.3442073990E+02  0.3442073990E+02  0.3442073990E+02
L3 0.3139485962E+05  -.1138884486E+03  -.2600435248E+03  -.1156782223E+04
L4 -.5102380656E+03  0.2964244378E+03  0.2913645998E+03  0.2748749519E+03
L5 0.8626639895E+03  0.3221576974E+03  0.3501218103E+03  0.5362515683E+03
L6 0.1208531076E+04  -.9943602148E+04  0.1437219755E+04  -.1145990605E+05
L7 0.0000000000E+00  0.4053399315E+01  0.8966925644E+01  0.1110436514E+02
L8 0.4303013180E+01  0.4654438692E+02  0.4112059453E+01  0.0000000000E+00
L9 0.0000000000E+00  0.0000000000E+00  0.0000000000E+00  0.9891329288E+00  0.0000000000E+00
L0     8000  0.1600000000E+02  -.7977155772E+04  0.1840438928E+04
L1 0.2971288674E+03  0.2971288674E+03  -.9817594700E+10  0.1000000000E+01
L2 0.1000000000E+01  0.3445416023E+02  0.3445416023E+02  0.3445416023E+02
L3 0.3148515977E+05  -.4966045419E+02  -.7066931940E+03  0.5457229862E+03
L4 -.7021022067E+02  0.3186212678E+03  0.3133310616E+03  0.2910028795E+03
L5 0.9229552088E+03  0.3298743934E+03  0.4734686892E+03  0.1673413173E+03
L6 0.9706843999E+03  -.9817594700E+04  0.1419382621E+04  -.1130455116E+05
L7 0.0000000000E+00  0.2925158833E+01  0.6995466359E+01  0.1173026679E+02
L8 0.1486850106E+01  0.4361255004E+02  0.8235511173E+00  0.0000000000E+00
L9 0.0000000000E+00  0.0000000000E+00  0.0000000000E+00  0.9862960731E+00  0.0000000000E+00
L0     9000  0.1800000000E+02  -.7972899813E+04  0.1831459123E+04
L1 0.2956791267E+03  0.2956791267E+03  -.9804358936E+10  0.1000000000E+01
L2 0.1000000000E+01  0.3448863796E+02  0.3448863796E+02  0.3448863796E+02
L3 0.3157916754E+05  -.1922543278E+03  0.1452657043E+03  0.4827495914E+03
L4 0.1452536560E+03  0.3017036200E+03  0.3083566201E+03  0.2850635082E+03
L5 0.8951237483E+03  0.3453987849E+03  0.2753409321E+03  0.1753451823E+03
L6 0.7960848993E+03  -.9804358936E+04  0.1475291008E+04  -.1135660607E+05
L7 0.0000000000E+00  0.5159929310E+01  0.1072583520E+02  0.1185500579E+02
L8 0.3425198082E+01  0.4419201550E+02  0.1598142481E+01  0.0000000000E+00
L9 0.0000000000E+00  0.0000000000E+00  0.0000000000E+00  0.9833599764E+00  0.0000000000E+00
L0    10000  0.2000000000E+02  -.8073640789E+04  0.1837965355E+04
L1 0.2967295225E+03  0.2967295225E+03  -.9911606144E+10  0.1000000000E+01
L2 0.1000000000E+01  0.3442875514E+02  0.3442875514E+02  0.3442875514E+02
L3 0.3141612696E+05  0.2070352026E+02  -.7930967618E+03  -.4144261294E+02
L4 -.2712786182E+03  0.3119962307E+03  0.2964537491E+03  0.2957283837E+03
L5 0.9041783634E+03  0.3073150714E+03  0.4757765031E+03  0.3050987453E+03
L6 0.1088190320E+04  -.9911606144E+04  0.1447264650E+04  -.1142908225E+05
L7 0.0000000000E+00  0.3342756780E+01  0.6930019897E+01  0.9753675712E+01
L8 0.2658637278E+01  0.4448287309E+02  0.3043496942E+01  0.0000000000E+00
L9 0.0000000000E+00  0.0000000000E+00  0.0000000000E+00  0.9884633292E+00  0.0000000000E+00
