L0  Nsteps           time(ps)         Etot             EKinetic        
L1  Temp             T_solute         T_solv           Pres_scal_solu  
L2  Pres_scal_solv   BoxX             BoxY             BoxZ            
L3  volume           pres_X           pres_Y           pres_Z          
L4  Pressure         EKCoM_x          EKCoM_y          EKCoM_z         
L5  EKComTot         VIRIAL_x         VIRIAL_y         VIRIAL_z        
L6  VIRIAL_tot       E_pot            E_vdw            E_el            
L7  E_hbon           E_bon            E_angle          E_dih           
L8  E_14vdw          E_14el           E_const          E_pol           
L9  AV_permMoment    AV_indMoment     AV_totMoment     Density          dV/dlambda      
L0     1000  0.2000000000E+01  -.7803326768E+04  0.1834304153E+04
L1 0.2984363148E+03  0.2984363148E+03  -.9637630921E+10  0.1000000000E+01
L2 0.1000000000E+01  0.3521871999E+02  0.3521871999E+02  0.3521871999E+02
L3 0.3362976649E+05  -.5054053050E+03  -.5224530576E+03  -.9061349284E+03
L4 -.6446644303E+03  0.3088169616E+03  0.2947543003E+03  0.3052054617E+03
L5 0.9087767236E+03  0.4311433709E+03  0.4212068839E+03  0.5245229700E+03
L6 0.1376873225E+04  -.9637630921E+04  0.1431691298E+04  -.1114423560E+05
L7 0.0000000000E+00  0.3795806202E+01  0.8464039382E+01  0.1124498795E+02
L8 0.3152260964E+01  0.4525264660E+02  0.3003635752E+01  0.0000000000E+00
L9 0.0000000000E+00  0.0000000000E+00  0.0000000000E+00  0.9162821657E+00  0.0000000000E+00
L0     2000  0.4000000000E+01  -.7869321097E+04  0.1847743651E+04
L1 0.3006228848E+03  0.3006228848E+03  -.9717064748E+10  0.1000000000E+01
L2 0.1000000000E+01  0.3479205304E+02  0.3479205304E+02  0.3479205304E+02
L3 0.3242185834E+05  -.2318197455E+03  -.9856056651E+03  -.2972550420E+03
L4 -.5048934842E+03  0.2884564532E+03  0.3162190173E+03  0.3009533458E+03
L5 0.9056288162E+03  0.3425499315E+03  0.5462030447E+03  0.3703156822E+03
L6 0.1259068659E+04  -.9717064748E+04  0.1419080311E+04  -.1120999616E+05
L7 0.0000000000E+00  0.1221668878E+01  0.9806756767E+01  0.1093183643E+02
L8 0.3003395692E+01  0.4530887798E+02  0.3578561222E+01  0.0000000000E+00
L9 0.0000000000E+00  0.0000000000E+00  0.0000000000E+00  0.9504191569E+00  0.0000000000E+00
L0     3000  0.6000000000E+01  -.7984588390E+04  0.1775490898E+04
L1 0.2888675576E+03  0.2888675576E+03  -.9760079288E+10  0.1000000000E+01
L2 0.1000000000E+01  0.3460498336E+02  0.3460498336E+02  0.3460498336E+02
L3 0.3190099266E+05  0.3466303329E+03  -.4492611762E+03  -.6786318146E+03
L4 -.2604208860E+03  0.2976878367E+03  0.2821244822E+03  0.3115848769E+03
L5 0.8913971959E+03  0.2181035476E+03  0.3852722103E+03  0.4673947569E+03
L6 0.1070770515E+04  -.9760079288E+04  0.1445538291E+04  -.1127448066E+05
L7 0.0000000000E+00  0.4206374801E+01  0.7405530401E+01  0.1001359534E+02
L8 0.2188259068E+01  0.4293238289E+02  0.2116941344E+01  0.0000000000E+00
L9 0.0000000000E+00  0.0000000000E+00  0.0000000000E+00  0.9659371920E+00  0.0000000000E+00
L0     4000  0.8000000000E+01  -.7941033707E+04  0.1834764291E+04
L1 0.2985111780E+03  0.2985111780E+03  -.9775797998E+10  0.1000000000E+01
L2 0.1000000000E+01  0.3439070682E+02  0.3439070682E+02  0.3439070682E+02
L3 0.3131207042E+05  -.3708011335E+03  -.3632369150E+03  -.6399528168E+02
L4 -.2660111101E+03  0.2717626114E+03  0.3132317118E+03  0.3087835388E+03
L5 0.8937778620E+03  0.3553247254E+03  0.3950891867E+03  0.3232052343E+03
L6 0.1073619146E+04  -.9775797998E+04  0.1420961493E+04  -.1127387396E+05
L7 0.0000000000E+00  0.5572662984E+01  0.8430631476E+01  0.1173613813E+02
L8 0.2823761071E+01  0.4629013056E+02  0.2261147619E+01  0.0000000000E+00
L9 0.0000000000E+00  0.0000000000E+00  0.0000000000E+00  0.9841046874E+00  0.0000000000E+00
L0     5000  0.1000000000E+02  -.7956111873E+04  0.1875233205E+04
L1 0.3050953608E+03  0.3050953608E+03  -.9831345079E+10  0.1000000000E+01
L2 0.1000000000E+01  0.3435600183E+02  0.3435600183E+02  0.3435600183E+02
L3 0.3121660440E+05  -.2514178179E+02  -.8262853653E+01  0.6167883194E+02
L4 0.9424732166E+01  0.3166629989E+03  0.3147557349E+03  0.3062731754E+03
L5 0.9376919093E+03  0.3223115661E+03  0.3166121381E+03  0.2924158830E+03
L6 0.9313395872E+03  -.9831345079E+04  0.1445303289E+04  -.1134938735E+05
L7 0.0000000000E+00  0.3095516528E+01  0.8085804809E+01  0.1014908384E+02
L8 0.3755098238E+01  0.4458560826E+02  0.3067875033E+01  0.0000000000E+00
L9 0.0000000000E+00  0.0000000000E+00  0.0000000000E+00  0.9871142574E+00  0.0000000000E+00
L0     6000  0.1200000000E+02  -.7995934947E+04  0.1823650057E+04
L1 0.2967029224E+03  0.2967029224E+03  -.9819585004E+10  0.1000000000E+01
L2 0.1000000000E+01  0.3438649393E+02  0.3438649393E+02  0.3438649393E+02
L3 0.3129980548E+05  0.1841478397E+03  0.1962389263E+03  -.3628123063E+03
L4 0.5858153245E+01  0.3068647470E+03  0.3273331750E+03  0.2819463698E+03
L5 0.9161442918E+03  0.2653822542E+03  0.2831269553E+03  0.3636761306E+03
L6 0.9121853401E+03  -.9819585004E+04  0.1459058746E+04  -.1135440007E+05
L7 0.0000000000E+00  0.2528756205E+01  0.7077731796E+01  0.1155529334E+02
L8 0.4416523716E+01  0.4825676573E+02  0.1921253242E+01  0.0000000000E+00
L9 0.0000000000E+00  0.0000000000E+00  0.0000000000E+00  0.9844903122E+00  0.0000000000E+00
L0     7000  0.1400000000E+02  -.8039963237E+04  0.1768718044E+04
L1 0.2877656326E+03  0.2877656326E+03  -.9808681281E+10  0.1000000000E+01
L2 0.1000000000E+01  0.3436187210E+02  0.3436187210E+02  0.3436187210E+02
L3 0.3123188121E+05  0.1707319273E+03  -.2299284623E+03  0.8708795181E+03
L4 0.2705609944E+03  0.2981451087E+03  0.2851724313E+03  0.2933898047E+03
L5 0.8767073447E+03  0.2597682461E+03  0.3368554008E+03  0.9763483302E+02
L6 0.6942584800E+03  -.9808681281E+04  0.1513977016E+04  -.1140133731E+05
L7 0.0000000000E+00  0.5876218857E+01  0.9832585945E+01  0.1198580400E+02
L8 0.2521254853E+01  0.4542582090E+02  0.3037328631E+01  0.0000000000E+00
L9 0.0000000000E+00  0.0000000000E+00  0.0000000000E+00  0.9866314187E+00  0.0000000000E+00
L0     8000  0.1600000000E+02  -.7922532174E+04  0.1803316218E+04
L1 0.2933946618E+03  0.2933946618E+03  -.9725848392E+10  0.1000000000E+01
L2 0.1000000000E+01  0.3438269092E+02  0.3438269092E+02  0.3438269092E+02
L3 0.3128902366E+05  0.6382298048E+02  0.5222357124E+03  -.1406009883E+03
L4 0.1484859015E+03  0.3047539761E+03  0.3064726024E+03  0.2819115866E+03
L5 0.8931381652E+03  0.2903816960E+03  0.1888704802E+03  0.3135734861E+03
L6 0.7928256623E+03  -.9725848392E+04  0.1447145219E+04  -.1125318188E+05
L7 0.0000000000E+00  0.2622376577E+01  0.6423015612E+01  0.1448413634E+02
L8 0.4386033112E+01  0.5005285635E+02  0.2219847341E+01  0.0000000000E+00
L9 0.0000000000E+00  0.0000000000E+00  0.0000000000E+00  0.9848295557E+00  0.0000000000E+00
L0     9000  0.1800000000E+02  -.8043791017E+04  0.1811769130E+04
L1 0.2947699276E+03  0.2947699276E+03  -.9855560146E+10  0.1000000000E+01
L2 0.1000000000E+01  0.3430734257E+02  0.3430734257E+02  0.3430734257E+02
L3 0.3108400160E+05  -.1311268875E+03  0.4809391628E+01  0.3190527078E+03
L4 0.6424507066E+02  0.2953906267E+03  0.2995829700E+03  0.3069827383E+03
L5 0.9019563350E+03  0.3247255702E+03  0.2985070409E+03  0.2356061250E+03
L6 0.8588387361E+03  -.9855560146E+04  0.1467521917E+04  -.1139474765E+05
L7 0.0000000000E+00  0.1556816374E+01  0.6452683996E+01  0.9154654638E+01
L8 0.4382465826E+01  0.4774353169E+02  0.2375437897E+01  0.0000000000E+00
L9 0.0000000000E+00  0.0000000000E+00  0.0000000000E+00  0.9913252375E+00  0.0000000000E+00
L0    10000  0.2000000000E+02  -.7921555607E+04  0.1827255231E+04
L1 0.2972894743E+03  0.2972894743E+03  -.9748810838E+10  0.1000000000E+01
L2 0.1000000000E+01  0.3444324662E+02  0.3444324662E+02  0.3444324662E+02
L3 0.3145476618E+05  0.1676638830E+02  -.4584257490E+03  0.7481112855E+03
L4 0.1021506416E+03  0.2976459140E+03  0.2905992944E+03  0.2948139418E+03
L5 0.8830591503E+03  0.2938502955E+03  0.3943789068E+03  0.1254545648E+03
L6 0.8136837671E+03  -.9748810838E+04  0.1461674622E+04  -.1128861028E+05
L7 0.0000000000E+00  0.4917492002E+01  0.8256948749E+01  0.1028152315E+02
L8 0.3473396006E+01  0.4749160810E+02  0.3703848499E+01  0.0000000000E+00
L9 0.0000000000E+00  0.0000000000E+00  0.0000000000E+00  0.9796402585E+00  0.0000000000E+00
