L0  Nsteps           time(ps)         Etot             EKinetic        
L1  Temp             T_solute         T_solv           Pres_scal_solu  
L2  Pres_scal_solv   BoxX             BoxY             BoxZ            
L3  volume           pres_X           pres_Y           pres_Z          
L4  Pressure         EKCoM_x          EKCoM_y          EKCoM_z         
L5  EKComTot         VIRIAL_x         VIRIAL_y         VIRIAL_z        
L6  VIRIAL_tot       E_pot            E_vdw            E_el            
L7  E_hbon           E_bon            E_angle          E_dih           
L8  E_14vdw          E_14el           E_const          E_pol           
L9  AV_permMoment    AV_indMoment     AV_totMoment     Density          dV/dlambda      
L0     1000  0.2000000000E+01  -.7757001477E+04  0.1766256342E+04
L1 0.2918950138E+03  0.2918950138E+03  -.9523257818E+10  0.1000000000E+01
L2 0.1000000000E+01  0.3516048257E+02  0.3516048257E+02  0.3516048257E+02
L3 0.3346433430E+05  -.5192205678E+03  -.1041365938E+04  -.1500903392E+04
L4 -.1020496633E+04  0.2951693293E+03  0.2866706677E+03  0.2776539230E+03
L5 0.8594939201E+03  0.4202213340E+03  0.5374791029E+03  0.6391399457E+03
L6 0.1596840383E+04  -.9523257818E+04  0.1377353485E+04  -.1097530760E+05
L7 0.0000000000E+00  0.5015894557E+01  0.1064107616E+02  0.1002845881E+02
L8 0.3207807734E+01  0.4335191752E+02  0.2451141901E+01  0.0000000000E+00
L9 0.0000000000E+00  0.0000000000E+00  0.0000000000E+00  0.9065080044E+00  0.0000000000E+00
L0     2000  0.4000000000E+01  -.7719047600E+04  0.1805969303E+04
L1 0.2984580563E+03  0.2984580563E+03  -.9525016903E+10  0.1000000000E+01
L2 0.1000000000E+01  0.3464833732E+02  0.3464833732E+02  0.3464833732E+02
L3 0.3201964713E+05  0.2853204444E+03  -.1764608826E+03  0.5748932519E+03
L4 0.2279176046E+03  0.2823610435E+03  0.2845678109E+03  0.2944838689E+03
L5 0.8614127234E+03  0.2166094908E+03  0.3252328851E+03  0.1620008144E+03
L6 0.7038431903E+03  -.9525016903E+04  0.1503587990E+04  -.1110989612E+05
L7 0.0000000000E+00  0.1872765620E+01  0.1130808951E+02  0.1248247488E+02
L8 0.4615770710E+01  0.4934936862E+02  0.1662762745E+01  0.0000000000E+00
L9 0.0000000000E+00  0.0000000000E+00  0.0000000000E+00  0.9474085329E+00  0.0000000000E+00
L0     3000  0.6000000000E+01  -.7741660928E+04  0.1889301580E+04
L1 0.3122297132E+03  0.3122297132E+03  -.9630962508E+10  0.1000000000E+01
L2 0.1000000000E+01  0.3432683461E+02  0.3432683461E+02  0.3432683461E+02
L3 0.3113681296E+05  -.4578160597E+03  0.1697600824E+03  0.6976429941E+03
L4 0.1365290056E+03  0.3078727268E+03  0.3253257534E+03  0.3225374115E+03
L5 0.9557358917E+03  0.4104666792E+03  0.2872834929E+03  0.1661996190E+03
L6 0.8639497911E+03  -.9630962508E+04  0.1465898954E+04  -.1118020698E+05
L7 0.0000000000E+00  0.6736942720E+01  0.9023015421E+01  0.1091269533E+02
L8 0.4072553036E+01  0.4798317841E+02  0.4617135126E+01  0.0000000000E+00
L9 0.0000000000E+00  0.0000000000E+00  0.0000000000E+00  0.9742707756E+00  0.0000000000E+00
L0     4000  0.8000000000E+01  -.7840577193E+04  0.1815314136E+04
L1 0.3000024019E+03  0.3000024019E+03  -.9655891330E+10  0.1000000000E+01
L2 0.1000000000E+01  0.3421367020E+02  0.3421367020E+02  0.3421367020E+02
L3 0.3082991744E+05  -.2693322162E+03  0.5004395078E+03  0.1411384802E+03
L4 0.1240819239E+03  0.3042562112E+03  0.3249852014E+03  0.3008261288E+03
L5 0.9300675413E+03  0.3640171273E+03  0.2139449260E+03  0.2695095451E+03
L6 0.8474715984E+03  -.9655891330E+04  0.1440448623E+04  -.1116515168E+05
L7 0.0000000000E+00  0.1916894297E+01  0.4719387853E+01  0.1026310117E+02
L8 0.3022158762E+01  0.4664985410E+02  0.2240335361E+01  0.0000000000E+00
L9 0.0000000000E+00  0.0000000000E+00  0.0000000000E+00  0.9839691259E+00  0.0000000000E+00
L0     5000  0.1000000000E+02  -.7858733280E+04  0.1802496002E+04
L1 0.2978840517E+03  0.2978840517E+03  -.9661229282E+10  0.1000000000E+01
L2 0.1000000000E+01  0.3422391561E+02  0.3422391561E+02  0.3422391561E+02
L3 0.3085771713E+05  0.2618254025E+03  -.8271194855E+03  0.8339840651E+03
L4 0.8956332741E+02  0.3004640558E+03  0.2655396252E+03  0.3001874063E+03
L5 0.8661910872E+03  0.2423164077E+03  0.4492309413E+03  0.1149715660E+03
L6 0.8065189149E+03  -.9661229282E+04  0.1466018293E+04  -.1120719827E+05
L7 0.0000000000E+00  0.5149398986E+01  0.1019380224E+02  0.1041647319E+02
L8 0.4190983838E+01  0.4741312009E+02  0.2586915252E+01  0.0000000000E+00
L9 0.0000000000E+00  0.0000000000E+00  0.0000000000E+00  0.9830826688E+00  0.0000000000E+00
L0     6000  0.1200000000E+02  -.7815095223E+04  0.1830411201E+04
L1 0.3024973728E+03  0.3024973728E+03  -.9645506424E+10  0.1000000000E+01
L2 0.1000000000E+01  0.3412542207E+02  0.3412542207E+02  0.3412542207E+02
L3 0.3059169068E+05  0.5072201844E+03  0.1298682073E+02  0.1604657480E+03
L4 0.2268909177E+03  0.3054389652E+03  0.3262138720E+03  0.3012621427E+03
L5 0.9329149799E+03  0.1937638043E+03  0.3233545510E+03  0.2659322430E+03
L6 0.7830505983E+03  -.9645506424E+04  0.1444937044E+04  -.1117290713E+05
L7 0.0000000000E+00  0.2993915986E+01  0.1102749182E+02  0.9737448689E+01
L8 0.4252543096E+01  0.4998189027E+02  0.4470369512E+01  0.0000000000E+00
L9 0.0000000000E+00  0.0000000000E+00  0.0000000000E+00  0.9916315914E+00  0.0000000000E+00
L0     7000  0.1400000000E+02  -.7835008924E+04  0.1766450664E+04
L1 0.2919271280E+03  0.2919271280E+03  -.9601459588E+10  0.1000000000E+01
L2 0.1000000000E+01  0.3414725110E+02  0.3414725110E+02  0.3414725110E+02
L3 0.3065052128E+05  -.2103891565E+03  -.3142244784E+03  0.1109574337E+04
L4 0.1949869008E+03  0.2924539033E+03  0.2969261574E+03  0.2857537708E+03
L5 0.8751338315E+03  0.3388645690E+03  0.3662423115E+03  0.4098790715E+02
L6 0.7460947877E+03  -.9601459588E+04  0.1424434676E+04  -.1110099646E+05
L7 0.0000000000E+00  0.3673404675E+01  0.7016485089E+01  0.1001267600E+02
L8 0.3635488262E+01  0.4837242084E+02  0.2391716985E+01  0.0000000000E+00
L9 0.0000000000E+00  0.0000000000E+00  0.0000000000E+00  0.9897282540E+00  0.0000000000E+00
L0     8000  0.1600000000E+02  -.7834196023E+04  0.1795092272E+04
L1 0.2966604968E+03  0.2966604968E+03  -.9629288295E+10  0.1000000000E+01
L2 0.1000000000E+01  0.3425109439E+02  0.3425109439E+02  0.3425109439E+02
L3 0.3092996531E+05  0.1020766318E+03  0.1852341301E+03  0.1424113833E+04
L4 0.5704748649E+03  0.2877319962E+03  0.3276534897E+03  0.2685882625E+03
L5 0.8839737484E+03  0.2650091701E+03  0.2864193419E+03  -.4842739881E+02
L6 0.5030011133E+03  -.9629288295E+04  0.1501494808E+04  -.1120581365E+05
L7 0.0000000000E+00  0.3148500483E+01  0.9515808015E+01  0.1136305821E+02
L8 0.3055484485E+01  0.4596322741E+02  0.1984466887E+01  0.0000000000E+00
L9 0.0000000000E+00  0.0000000000E+00  0.0000000000E+00  0.9807863217E+00  0.0000000000E+00
L0     9000  0.1800000000E+02  -.7805785422E+04  0.1793297524E+04
L1 0.2963638930E+03  0.2963638930E+03  -.9599082946E+10  0.1000000000E+01
L2 0.1000000000E+01  0.3426121608E+02  0.3426121608E+02  0.3426121608E+02
L3 0.3095964752E+05  0.4131452062E+03  -.1358983026E+04  0.2092550037E+03
L4 -.2455276053E+03  0.2849277858E+03  0.3178784350E+03  0.2966036614E+03
L5 0.8994098822E+03  0.1928711063E+03  0.6206859295E+03  0.2499776314E+03
L6 0.1063534667E+04  -.9599082946E+04  0.1393045863E+04  -.1106864912E+05
L7 0.0000000000E+00  0.2978401649E+01  0.6030358053E+01  0.1209843295E+02
L8 0.2362440257E+01  0.4843638932E+02  0.4614293160E+01  0.0000000000E+00
L9 0.0000000000E+00  0.0000000000E+00  0.0000000000E+00  0.9798460042E+00  0.0000000000E+00
L0    10000  0.2000000000E+02  -.7797993458E+04  0.1824958111E+04
L1 0.3015961842E+03  0.3015961842E+03  -.9622951568E+10  0.1000000000E+01
L2 0.1000000000E+01  0.3415638471E+02  0.3415638471E+02  0.3415638471E+02
L3 0.3067720333E+05  -.1397694852E+03  -.4944360865E+03  -.1061807657E+04
L4 -.5653377429E+03  0.3127480163E+03  0.2953442244E+03  0.3111569710E+03
L5 0.9192492117E+03  0.3436072197E+03  0.4045089947E+03  0.5455896755E+03
L6 0.1293705890E+04  -.9622951568E+04  0.1335081993E+04  -.1102783370E+05
L7 0.0000000000E+00  0.1270389868E+01  0.4836740687E+01  0.1259137620E+02
L8 0.2635288544E+01  0.4620407896E+02  0.2262267895E+01  0.0000000000E+00
L9 0.0000000000E+00  0.0000000000E+00  0.0000000000E+00  0.9888674201E+00  0.0000000000E+00
