L0  Nsteps           time(ps)         Etot             EKinetic        
L1  Temp             T_solute         T_solv           Pres_scal_solu  
L2  Pres_scal_solv   BoxX             BoxY             BoxZ            
L3  volume           pres_X           pres_Y           pres_Z          
L4  Pressure         EKCoM_x          EKCoM_y          EKCoM_z         
L5  EKComTot         VIRIAL_x         VIRIAL_y         VIRIAL_z        
L6  VIRIAL_tot       E_pot            E_vdw            E_el            
L7  E_hbon           E_bon            E_angle          E_dih           
L8  E_14vdw          E_14el           E_const          E_pol           
L9  AV_permMoment    AV_indMoment     AV_totMoment     Density          dV/dlambda      
L0     1000  0.2000000000E+01  -.7427794162E+04  0.1649468064E+04
L1 0.2858298218E+03  0.2858298218E+03  -.9077262226E+10  0.1000000000E+01
L2 0.1000000000E+01  0.3463852688E+02  0.3463852688E+02  0.3463852688E+02
L3 0.3199586626E+05  -.5351584264E+03  -.1226205128E+04  -.1139209724E+04
L4 -.9668577594E+03  0.2821939108E+03  0.2952663648E+03  0.2801267634E+03
L5 0.8575870390E+03  0.4054285565E+03  0.5776331316E+03  0.5424604945E+03
L6 0.1525522182E+04  -.9077262226E+04  0.1329620056E+04  -.1048741017E+05
L7 0.0000000000E+00  0.1722047805E+01  0.1313219441E+02  0.1358084647E+02
L8 0.3555454787E+01  0.4404689797E+02  0.4490446314E+01  0.0000000000E+00
L9 0.0000000000E+00  0.0000000000E+00  0.0000000000E+00  0.9041667561E+00  0.0000000000E+00
L0     2000  0.4000000000E+01  -.7429280964E+04  0.1756166220E+04
L1 0.3043191250E+03  0.3043191250E+03  -.9185447185E+10  0.1000000000E+01
L2 0.1000000000E+01  0.3408901884E+02  0.3408901884E+02  0.3408901884E+02
L3 0.3049598995E+05  -.7637723969E+03  -.8779817305E+03  0.1107866291E+02
L4 -.5435584882E+03  0.2957745100E+03  0.2886175195E+03  0.2913634478E+03
L5 0.8757554773E+03  0.4634089603E+03  0.4813188863E+03  0.2889318784E+03
L6 0.1233659725E+04  -.9185447185E+04  0.1343351773E+04  -.1060075563E+05
L7 0.0000000000E+00  0.3658885904E+01  0.6607196539E+01  0.1262434197E+02
L8 0.3043692158E+01  0.4306555196E+02  0.2957003247E+01  0.0000000000E+00
L9 0.0000000000E+00  0.0000000000E+00  0.0000000000E+00  0.9486361535E+00  0.0000000000E+00
L0     3000  0.6000000000E+01  -.7484109103E+04  0.1732723145E+04
L1 0.3002567668E+03  0.3002567668E+03  -.9216832248E+10  0.1000000000E+01
L2 0.1000000000E+01  0.3379136192E+02  0.3379136192E+02  0.3379136192E+02
L3 0.2970354148E+05  -.8811415252E+03  -.1747456255E+03  0.5145658100E+02
L4 -.3348101899E+03  0.2891066079E+03  0.3094164191E+03  0.2627676927E+03
L5 0.8612907197E+03  0.4774760627E+03  0.3467733445E+03  0.2517673621E+03
L6 0.1076016769E+04  -.9216832248E+04  0.1350109415E+04  -.1063922246E+05
L7 0.0000000000E+00  0.2433967561E+01  0.8861749757E+01  0.9387402363E+01
L8 0.3952797379E+01  0.4297294623E+02  0.4671930191E+01  0.0000000000E+00
L9 0.0000000000E+00  0.0000000000E+00  0.0000000000E+00  0.9739444243E+00  0.0000000000E+00
L0     4000  0.8000000000E+01  -.7449198731E+04  0.1765948097E+04
L1 0.3060141878E+03  0.3060141878E+03  -.9215146828E+10  0.1000000000E+01
L2 0.1000000000E+01  0.3366859221E+02  0.3366859221E+02  0.3366859221E+02
L3 0.2938178263E+05  -.5001472446E+03  -.6165288191E+03  -.8266156391E+03
L4 -.6477639009E+03  0.3075194703E+03  0.3245732816E+03  0.2971578572E+03
L5 0.9292506091E+03  0.4132821880E+03  0.4549464150E+03  0.4719566138E+03
L6 0.1340185217E+04  -.9215146828E+04  0.1276813465E+04  -.1056235638E+05
L7 0.0000000000E+00  0.3394037462E+01  0.6773809961E+01  0.1008188426E+02
L8 0.3843084024E+01  0.4399535556E+02  0.2307912582E+01  0.0000000000E+00
L9 0.0000000000E+00  0.0000000000E+00  0.0000000000E+00  0.9846100549E+00  0.0000000000E+00
L0     5000  0.1000000000E+02  -.7416501095E+04  0.1721506784E+04
L1 0.2983131278E+03  0.2983131278E+03  -.9138007879E+10  0.1000000000E+01
L2 0.1000000000E+01  0.3366949542E+02  0.3366949542E+02  0.3366949542E+02
L3 0.2938348066E+05  -.3775322371E+03  -.1035183627E+04  0.2324466534E+03
L4 -.3934230704E+03  0.2599734596E+03  0.2861599874E+03  0.2956289297E+03
L5 0.8417623767E+03  0.3398122339E+03  0.5050758411E+03  0.2464721847E+03
L6 0.1091360260E+04  -.9138007879E+04  0.1304676449E+04  -.1051760901E+05
L7 0.0000000000E+00  0.1452345236E+01  0.1020876721E+02  0.1074699626E+02
L8 0.3652339103E+01  0.4458740117E+02  0.4276836004E+01  0.0000000000E+00
L9 0.0000000000E+00  0.0000000000E+00  0.0000000000E+00  0.9845531557E+00  0.0000000000E+00
L0     6000  0.1200000000E+02  -.7390561743E+04  0.1739916857E+04
L1 0.3015033368E+03  0.3015033368E+03  -.9130478600E+10  0.1000000000E+01
L2 0.1000000000E+01  0.3363709181E+02  0.3363709181E+02  0.3363709181E+02
L3 0.2929729183E+05  0.3189334784E+02  0.3733681754E+03  0.6085914821E+02
L4 0.1553735572E+03  0.2880754173E+03  0.2962134016E+03  0.2759315168E+03
L5 0.8602203357E+03  0.2813505431E+03  0.2174868272E+03  0.2630990566E+03
L6 0.7619364269E+03  -.9130478600E+04  0.1340645020E+04  -.1055075486E+05
L7 0.0000000000E+00  0.5748655712E+01  0.1448220160E+02  0.1055811423E+02
L8 0.2701650507E+01  0.4366352417E+02  0.2477098383E+01  0.0000000000E+00
L9 0.0000000000E+00  0.0000000000E+00  0.0000000000E+00  0.9874495833E+00  0.0000000000E+00
L0     7000  0.1400000000E+02  -.7477637697E+04  0.1721207010E+04
L1 0.2982611811E+03  0.2982611811E+03  -.9198844707E+10  0.1000000000E+01
L2 0.1000000000E+01  0.3367215278E+02  0.3367215278E+02  0.3367215278E+02
L3 0.2938935853E+05  -.1869313642E+03  -.1445827042E+02  0.2569367649E+03
L4 0.1851571009E+02  0.3038923242E+03  0.2724501267E+03  0.2916730935E+03
L5 0.8680155444E+03  0.3434316138E+03  0.2755083066E+03  0.2373264235E+03
L6 0.8562663440E+03  -.9198844707E+04  0.1373207256E+04  -.1064559698E+05
L7 0.0000000000E+00  0.7695663405E+01  0.9372885431E+01  0.1014276913E+02
L8 0.1941139657E+01  0.4052392987E+02  0.3868628784E+01  0.0000000000E+00
L9 0.0000000000E+00  0.0000000000E+00  0.0000000000E+00  0.9843562452E+00  0.0000000000E+00
L0     8000  0.1600000000E+02  -.7497569895E+04  0.1707188880E+04
L1 0.2958320347E+03  0.2958320347E+03  -.9204758776E+10  0.1000000000E+01
L2 0.1000000000E+01  0.3364769299E+02  0.3364769299E+02  0.3364769299E+02
L3 0.2932684410E+05  -.1131013839E+04  -.1842008050E+03  -.3325464316E+03
L4 -.5492536918E+03  0.2876449113E+03  0.2863874118E+03  0.2687712851E+03
L5 0.8428036082E+03  0.5263654740E+03  0.3252662640E+03  0.3389611171E+03
L6 0.1190592855E+04  -.9204758776E+04  0.1298812340E+04  -.1057539393E+05
L7 0.0000000000E+00  0.4728249050E+01  0.7143608046E+01  0.9634680669E+01
L8 0.3646936246E+01  0.4429993044E+02  0.2369414596E+01  0.0000000000E+00
L9 0.0000000000E+00  0.0000000000E+00  0.0000000000E+00  0.9864545433E+00  0.0000000000E+00
L0     9000  0.1800000000E+02  -.7454496531E+04  0.1763318804E+04
L1 0.3055585680E+03  0.3055585680E+03  -.9217815335E+10  0.1000000000E+01
L2 0.1000000000E+01  0.3365890019E+02  0.3365890019E+02  0.3365890019E+02
L3 0.2935412679E+05  -.1570794571E+03  0.2325876720E+03  0.6038346425E+03
L4 0.2264476192E+03  0.3056318524E+03  0.2970385416E+03  0.2829596040E+03
L5 0.8856299980E+03  0.3388171058E+03  0.2479011116E+03  0.1553910094E+03
L6 0.7421092268E+03  -.9217815335E+04  0.1399553401E+04  -.1069224678E+05
L7 0.0000000000E+00  0.2743381843E+01  0.1026094019E+02  0.1263956160E+02
L8 0.3472213019E+01  0.4317885897E+02  0.2583090038E+01  0.0000000000E+00
L9 0.0000000000E+00  0.0000000000E+00  0.0000000000E+00  0.9855377002E+00  0.0000000000E+00
L0    10000  0.2000000000E+02  -.7450269395E+04  0.1724533923E+04
L1 0.2988376888E+03  0.2988376888E+03  -.9174803318E+10  0.1000000000E+01
L2 0.1000000000E+01  0.3369515005E+02  0.3369515005E+02  0.3369515005E+02
L3 0.2945014709E+05  -.9413427128E+02  0.1265270414E+03  -.5829749109E+03
L4 -.1835273802E+03  0.2771174733E+03  0.2870705646E+03  0.2860570936E+03
L5 0.8502451315E+03  0.2970697203E+03  0.2602525019E+03  0.4096216496E+03
L6 0.9669438719E+03  -.9174803318E+04  0.1341680904E+04  -.1059606692E+05
L7 0.0000000000E+00  0.6714522065E+01  0.6962454121E+01  0.9637705912E+01
L8 0.4012731732E+01  0.4511768445E+02  0.7137598481E+01  0.0000000000E+00
L9 0.0000000000E+00  0.0000000000E+00  0.0000000000E+00  0.9823244184E+00  0.0000000000E+00
