# Final energies generated by paramfit for ../../../1_inputfiles/multiplicity_3_amplitude_1/fit.prmtop
# Num	Amber+K		Quantum		Initial Amber+K
0	-617812.68054	-617812.41840	  -0.26214
1	-617814.49856	-617814.79463	   0.29607
2	-617816.06452	-617817.38125	   1.31673
3	-617813.96685	-617816.22028	   2.25343
4	-617807.95230	-617810.99838	   3.04608
5	-617800.10229	-617803.09588	   2.99359
6	-617803.64929	-617807.96421	   4.31492
7	-617810.33470	-617813.29306	   2.95836
8	-617814.62286	-617816.19552	   1.57266
9	-617816.36280	-617815.38571	  -0.97709
10	-617813.70223	-617812.59136	  -1.11087
11	-617812.35175	-617819.23252	   6.88077
12	-617808.42497	-617816.94452	   8.51955
13	-617808.44949	-617815.81477	   7.36528
14	-617808.92935	-617816.58292	   7.65357
15	-617810.79755	-617816.93463	   6.13708
16	-617811.23916	-617818.33198	   7.09282
17	-617810.77401	-617818.98903	   8.21502
18	-617810.87403	-617819.28588	   8.41184
19	-617811.75748	-617818.69209	   6.93460
20	-617810.90241	-617817.39287	   6.49046
21	-617812.88332	-617818.63118	   5.74787
22	-617813.35505	-617819.69101	   6.33596
23	-617811.13646	-617817.97218	   6.83572
24	-617808.10777	-617815.63633	   7.52856
25	-617811.06527	-617817.20894	   6.14367
26	-617812.63055	-617817.17403	   4.54348
27	-617813.36801	-617819.05099	   5.68299
28	-617814.82054	-617821.63251	   6.81197
29	-617814.69184	-617821.70779	   7.01595
30	-617812.57989	-617820.01821	   7.43831
31	-617813.13901	-617819.24579	   6.10678
32	-617812.73219	-617817.65276	   4.92057
33	-617813.64971	-617818.35540	   4.70569
34	-617814.10787	-617819.54896	   5.44109
35	-617815.18822	-617819.90828	   4.72006
36	-617817.68585	-617821.63579	   3.94995
37	-617818.46539	-617821.19807	   2.73269
38	-617818.53662	-617821.49101	   2.95439
39	-617821.33920	-617823.95827	   2.61907
40	-617822.92372	-617825.66488	   2.74116
41	-617822.85696	-617825.44149	   2.58453
42	-617820.04247	-617823.32209	   3.27962
43	-617818.23923	-617820.95933	   2.72010
44	-617818.20711	-617818.93067	   0.72357
45	-617820.01910	-617820.28379	   0.26469
46	-617819.41445	-617820.88086	   1.46641
47	-617821.89335	-617823.62713	   1.73377
48	-617823.12524	-617824.32436	   1.19912
49	-617822.40417	-617823.32142	   0.91725
50	-617823.12656	-617823.63929	   0.51273
51	-617825.73198	-617825.47454	  -0.25744
52	-617826.93268	-617826.84455	  -0.08813
53	-617825.34845	-617826.43629	   1.08784
54	-617822.36274	-617824.31442	   1.95168
55	-617821.10882	-617821.59790	   0.48909
56	-617821.06484	-617820.54838	  -0.51646
57	-617822.37923	-617821.41885	  -0.96038
58	-617819.01545	-617821.15306	   2.13761
59	-617824.91707	-617824.65520	  -0.26187
60	-617824.68485	-617824.36963	  -0.31522
61	-617823.90056	-617823.57725	  -0.32330
62	-617824.28878	-617824.10435	  -0.18443
63	-617825.97969	-617825.26850	  -0.71119
64	-617825.73480	-617826.14205	   0.40725
65	-617823.75574	-617825.21879	   1.46305
66	-617821.60985	-617822.79766	   1.18781
67	-617821.16686	-617820.88837	  -0.27849
68	-617820.72872	-617820.50107	  -0.22764
69	-617821.92511	-617820.91005	  -1.01506
70	-617821.66178	-617822.94127	   1.27949
71	-617827.34910	-617824.79305	  -2.55606
72	-617826.91060	-617823.72514	  -3.18546
73	-617826.71244	-617824.33115	  -2.38129
74	-617826.37543	-617824.87425	  -1.50118
75	-617826.46981	-617825.07747	  -1.39234
76	-617825.62731	-617825.55719	  -0.07012
77	-617823.51918	-617824.50060	   0.98142
78	-617820.89234	-617822.19122	   1.29887
79	-617819.92137	-617820.27109	   0.34973
80	-617820.07926	-617819.61238	  -0.46688
81	-617822.11782	-617821.00217	  -1.11565
82	-617825.35735	-617824.17629	  -1.18106
83	-617819.91461	-617815.59717	  -4.31744
84	-617820.20791	-617817.00714	  -3.20076
85	-617818.70986	-617819.62847	   0.91861
86	-617815.75145	-617816.38242	   0.63097
87	-617811.51845	-617810.93689	  -0.58155
88	-617807.21152	-617809.01904	   1.80752
89	-617808.31162	-617813.35438	   5.04276
90	-617813.08693	-617817.55913	   4.47219
91	-617817.65614	-617818.70137	   1.04523
92	-617819.40255	-617816.22698	  -3.17558
93	-617817.59133	-617814.68768	  -2.90365
94	-617818.48443	-617814.96843	  -3.51600
95	-617826.70495	-617821.84592	  -4.85903
96	-617824.78974	-617820.48488	  -4.30486
97	-617824.53208	-617821.10012	  -3.43196
98	-617825.30068	-617822.75356	  -2.54712
99	-617825.94962	-617824.22976	  -1.71986
100	-617824.62264	-617825.03631	   0.41368
101	-617820.47297	-617823.02345	   2.55048
102	-617815.85320	-617818.50314	   2.64994
103	-617814.71968	-617815.54652	   0.82684
104	-617817.96660	-617816.33110	  -1.63550
105	-617822.08014	-617821.24787	  -0.83228
106	-617826.19431	-617824.17371	  -2.02060
107	-617818.35704	-617814.86262	  -3.49442
108	-617816.22809	-617813.70529	  -2.52280
109	-617817.11157	-617815.00568	  -2.10589
110	-617819.60771	-617817.97388	  -1.63383
111	-617820.52140	-617821.37211	   0.85071
112	-617815.93439	-617819.94032	   4.00594
113	-617809.90271	-617814.45108	   4.54836
114	-617802.61934	-617806.99601	   4.37667
115	-617807.76235	-617807.79584	   0.03350
116	-617814.09411	-617814.49248	   0.39838
117	-617818.87375	-617820.32623	   1.45248
118	-617821.39231	-617818.38467	  -3.00764
119	-617831.42010	-617824.96955	  -6.45055
120	-617823.50564	-617822.52627	  -0.97937
121	-617819.19677	-617820.89204	   1.69527
122	-617817.34500	-617816.87173	  -0.47327
123	-617815.12627	-617815.87796	   0.75169
124	-617815.53702	-617818.25123	   2.71421
125	-617817.07601	-617820.94860	   3.87259
126	-617819.18836	-617821.85503	   2.66667
127	-617821.64033	-617820.94886	  -0.69147
128	-617822.54057	-617819.94247	  -2.59810
129	-617832.99514	-617826.74367	  -6.25147
130	-617831.14491	-617824.73881	  -6.40610
131	-617820.15992	-617821.54795	   1.38802
132	-617816.58808	-617820.74442	   4.15633
133	-617813.47014	-617818.28224	   4.81210
134	-617813.33318	-617817.50085	   4.16767
135	-617814.28730	-617817.94380	   3.65651
136	-617815.12392	-617819.30216	   4.17824
137	-617814.97677	-617820.03560	   5.05883
138	-617815.38211	-617820.25934	   4.87723
139	-617817.03726	-617819.79439	   2.75713
140	-617818.60174	-617820.02114	   1.41941
141	-617821.09716	-617821.53497	   0.43782
142	-617821.24590	-617821.61454	   0.36864
