L0  Nsteps           time(ps)         Etot             EKinetic        
L1  Temp             T_solute         T_solv           Pres_scal_solu  
L2  Pres_scal_solv   BoxX             BoxY             BoxZ            
L3  volume           pres_X           pres_Y           pres_Z          
L4  Pressure         EKCoM_x          EKCoM_y          EKCoM_z         
L5  EKComTot         VIRIAL_x         VIRIAL_y         VIRIAL_z        
L6  VIRIAL_tot       E_pot            E_vdw            E_el            
L7  E_hbon           E_bon            E_angle          E_dih           
L8  E_14vdw          E_14el           E_const          E_pol           
L9  AV_permMoment    AV_indMoment     AV_totMoment     Density          dV/dlambda      
L0     1000  0.2000000000E+01  -.7479442653E+04  0.1686643695E+04
L1 0.2898761697E+03  0.2898761697E+03  -.9166086348E+10  0.1000000000E+01
L2 0.1000000000E+01  0.3472022030E+02  0.3472022030E+02  0.3472022030E+02
L3 0.3222301091E+05  -.5911901250E+03  -.9380540057E+03  -.1609122723E+04
L4 -.1046122285E+04  0.2621228345E+03  0.2739153199E+03  0.2589182610E+03
L5 0.7949564154E+03  0.3992267537E+03  0.4914610386E+03  0.6320926807E+03
L6 0.1522780473E+04  -.9166086348E+04  0.1347131725E+04  -.1059484623E+05
L7 0.0000000000E+00  0.3579834395E+01  0.9562111426E+01  0.1652394114E+02
L8 0.3280624081E+01  0.4409953565E+02  0.4582108627E+01  0.0000000000E+00
L9 0.0000000000E+00  0.0000000000E+00  0.0000000000E+00  0.9052205851E+00  0.0000000000E+00
L0     2000  0.4000000000E+01  -.7474376059E+04  0.1772836830E+04
L1 0.3046898116E+03  0.3046898116E+03  -.9247212888E+10  0.1000000000E+01
L2 0.1000000000E+01  0.3421436906E+02  0.3421436906E+02  0.3421436906E+02
L3 0.3083378643E+05  -.6548591512E+03  -.7810306814E+03  -.3513067067E+03
L4 -.5957321797E+03  0.2731599752E+03  0.2943555372E+03  0.2990847329E+03
L5 0.8666002452E+03  0.4184819667E+03  0.4676766763E+03  0.3770443829E+03
L6 0.1263203026E+04  -.9247212888E+04  0.1356747940E+04  -.1067569768E+05
L7 0.0000000000E+00  0.5338785698E+00  0.1108105803E+02  0.1121569119E+02
L8 0.3011677781E+01  0.4312728221E+02  0.2767262318E+01  0.0000000000E+00
L9 0.0000000000E+00  0.0000000000E+00  0.0000000000E+00  0.9460055403E+00  0.0000000000E+00
L0     3000  0.6000000000E+01  -.7490809206E+04  0.1747575148E+04
L1 0.3003481954E+03  0.3003481954E+03  -.9238384354E+10  0.1000000000E+01
L2 0.1000000000E+01  0.3397333794E+02  0.3397333794E+02  0.3397333794E+02
L3 0.3018589799E+05  0.3265678210E+03  -.9831069337E+03  -.2160788652E+03
L4 -.2908726593E+03  0.2944661486E+03  0.2823644234E+03  0.2755914376E+03
L5 0.8524220096E+03  0.2235191433E+03  0.4959448449E+03  0.3225346678E+03
L6 0.1041998656E+04  -.9238384354E+04  0.1355980515E+04  -.1066383642E+05
L7 0.0000000000E+00  0.3027775937E+01  0.8421958292E+01  0.9310032035E+01
L8 0.2930586647E+01  0.4395845860E+02  0.1822740268E+01  0.0000000000E+00
L9 0.0000000000E+00  0.0000000000E+00  0.0000000000E+00  0.9663099238E+00  0.0000000000E+00
L0     4000  0.8000000000E+01  -.7538846943E+04  0.1715610321E+04
L1 0.2948545386E+03  0.2948545386E+03  -.9254457264E+10  0.1000000000E+01
L2 0.1000000000E+01  0.3385033883E+02  0.3385033883E+02  0.3385033883E+02
L3 0.2985873545E+05  0.6407082876E+02  0.5723164239E+03  -.9597985715E+03
L4 -.1078037729E+03  0.2879250696E+03  0.2833731675E+03  0.2711275032E+03
L5 0.8424257403E+03  0.2741565156E+03  0.1603847538E+03  0.4773842152E+03
L6 0.9119254846E+03  -.9254457264E+04  0.1375603058E+04  -.1070571654E+05
L7 0.0000000000E+00  0.4916510580E+01  0.1108925686E+02  0.9611344820E+01
L8 0.2356831438E+01  0.4484110254E+02  0.2841173802E+01  0.0000000000E+00
L9 0.0000000000E+00  0.0000000000E+00  0.0000000000E+00  0.9768977938E+00  0.0000000000E+00
L0     5000  0.1000000000E+02  -.7453295849E+04  0.1785681461E+04
L1 0.3068973629E+03  0.3068973629E+03  -.9238977310E+10  0.1000000000E+01
L2 0.1000000000E+01  0.3382366480E+02  0.3382366480E+02  0.3382366480E+02
L3 0.2978739896E+05  0.3401227798E+01  0.9944298846E+02  0.4839576398E+03
L4 0.1956006187E+03  0.2906184532E+03  0.2918320061E+03  0.2945327555E+03
L5 0.8769832148E+03  0.2898892897E+03  0.2705131779E+03  0.1907807471E+03
L6 0.7511832148E+03  -.9238977310E+04  0.1396968865E+04  -.1071399428E+05
L7 0.0000000000E+00  0.2656589780E+01  0.5734938535E+01  0.1145000852E+02
L8 0.4639282227E+01  0.4931130028E+02  0.4255983078E+01  0.0000000000E+00
L9 0.0000000000E+00  0.0000000000E+00  0.0000000000E+00  0.9792373220E+00  0.0000000000E+00
L0     6000  0.1200000000E+02  -.7538235856E+04  0.1722884277E+04
L1 0.2961046820E+03  0.2961046820E+03  -.9261120133E+10  0.1000000000E+01
L2 0.1000000000E+01  0.3382773891E+02  0.3382773891E+02  0.3382773891E+02
L3 0.2979843829E+05  -.2355745297E+03  0.2737444411E+03  0.2390978895E+03
L4 0.9242260030E+02  0.2832631110E+03  0.2797758154E+03  0.2848007384E+03
L5 0.8478396648E+03  0.3337848646E+03  0.2210680714E+03  0.2335233584E+03
L6 0.7883762944E+03  -.9261120133E+04  0.1406083835E+04  -.1074013683E+05
L7 0.0000000000E+00  0.4292672819E+01  0.1020687773E+02  0.9522554593E+01
L8 0.2701877970E+01  0.4236721154E+02  0.3841666774E+01  0.0000000000E+00
L9 0.0000000000E+00  0.0000000000E+00  0.0000000000E+00  0.9788745472E+00  0.0000000000E+00
L0     7000  0.1400000000E+02  -.7512978863E+04  0.1707132109E+04
L1 0.2933974248E+03  0.2933974248E+03  -.9220110971E+10  0.1000000000E+01
L2 0.1000000000E+01  0.3386446240E+02  0.3386446240E+02  0.3386446240E+02
L3 0.2989463701E+05  0.2169899809E+03  0.3196674649E+03  0.8144488165E+03
L4 0.4503687541E+03  0.2969556165E+03  0.2761131993E+03  0.2781878117E+03
L5 0.8512566276E+03  0.2502693069E+03  0.2073353959E+03  0.1029557135E+03
L6 0.5605604163E+03  -.9220110971E+04  0.1427896664E+04  -.1071732659E+05
L7 0.0000000000E+00  0.3079715887E+01  0.1037528334E+02  0.9421380667E+01
L8 0.3417434112E+01  0.4214261765E+02  0.8825225854E+00  0.0000000000E+00
L9 0.0000000000E+00  0.0000000000E+00  0.0000000000E+00  0.9757246015E+00  0.0000000000E+00
L0     8000  0.1600000000E+02  -.7573664893E+04  0.1734615379E+04
L1 0.2981208559E+03  0.2981208559E+03  -.9308280272E+10  0.1000000000E+01
L2 0.1000000000E+01  0.3378659013E+02  0.3378659013E+02  0.3378659013E+02
L3 0.2969113820E+05  0.8610664884E+02  -.2527398318E+03  -.1040046636E+04
L4 -.4022266062E+03  0.3082585726E+03  0.2893473051E+03  0.2708806084E+03
L5 0.8684864862E+03  0.2898584756E+03  0.3433551837E+03  0.4931277787E+03
L6 0.1126341438E+04  -.9308280272E+04  0.1343379536E+04  -.1072314374E+05
L7 0.0000000000E+00  0.4466845602E+01  0.6141142864E+01  0.9508532863E+01
L8 0.3593956076E+01  0.4568062772E+02  0.2092829103E+01  0.0000000000E+00
L9 0.0000000000E+00  0.0000000000E+00  0.0000000000E+00  0.9824120782E+00  0.0000000000E+00
L0     9000  0.1800000000E+02  -.7383806289E+04  0.1764272139E+04
L1 0.3032178352E+03  0.3032178352E+03  -.9148078428E+10  0.1000000000E+01
L2 0.1000000000E+01  0.3379269826E+02  0.3379269826E+02  0.3379269826E+02
L3 0.2970606454E+05  -.3891656777E+03  0.8750782249E+03  -.3569274690E+03
L4 0.4299502609E+02  0.2689817006E+03  0.3223991015E+03  0.2741078903E+03
L5 0.8654886924E+03  0.3521841729E+03  0.1353099620E+03  0.3504179288E+03
L6 0.8379120637E+03  -.9148078428E+04  0.1336329956E+04  -.1056083326E+05
L7 0.0000000000E+00  0.2322392030E+01  0.9703425996E+01  0.1051528331E+02
L8 0.4207005527E+01  0.4666699387E+02  0.3009779292E+01  0.0000000000E+00
L9 0.0000000000E+00  0.0000000000E+00  0.0000000000E+00  0.9819184480E+00  0.0000000000E+00
L0    10000  0.2000000000E+02  -.7552007104E+04  0.1701789853E+04
L1 0.2924792745E+03  0.2924792745E+03  -.9253796957E+10  0.1000000000E+01
L2 0.1000000000E+01  0.3375399622E+02  0.3375399622E+02  0.3375399622E+02
L3 0.2960440049E+05  0.4765766829E+03  -.7179856877E+03  0.4747405436E+02
L4 -.6464498347E+02  0.2954290990E+03  0.2789140461E+03  0.2746191632E+03
L5 0.8489623083E+03  0.1938871159E+03  0.4318919261E+03  0.2645040866E+03
L6 0.8902831285E+03  -.9253796957E+04  0.1358340636E+04  -.1069087384E+05
L7 0.0000000000E+00  0.7816794988E+00  0.1291547994E+02  0.9978249034E+01
L8 0.3750019068E+01  0.4692112285E+02  0.4389695303E+01  0.0000000000E+00
L9 0.0000000000E+00  0.0000000000E+00  0.0000000000E+00  0.9852904401E+00  0.0000000000E+00
