L0  Nsteps           time(ps)         Etot             EKinetic        
L1  Temp             T_solute         T_solv           Pres_scal_solu  
L2  Pres_scal_solv   BoxX             BoxY             BoxZ            
L3  volume           pres_X           pres_Y           pres_Z          
L4  Pressure         EKCoM_x          EKCoM_y          EKCoM_z         
L5  EKComTot         VIRIAL_x         VIRIAL_y         VIRIAL_z        
L6  VIRIAL_tot       E_pot            E_vdw            E_el            
L7  E_hbon           E_bon            E_angle          E_dih           
L8  E_14vdw          E_14el           E_const          E_pol           
L9  AV_permMoment    AV_indMoment     AV_totMoment     Density          dV/dlambda      
L0     1000  0.2000000000E+01  -.7170579482E+04  0.1651649837E+04
L1 0.2931737990E+03  0.2931737990E+03  -.8822229319E+10  0.1000000000E+01
L2 0.1000000000E+01  0.3430350919E+02  0.3430350919E+02  0.3430350919E+02
L3 0.3107537743E+05  -.3611118866E+03  -.6887302374E+03  -.6993679922E+03
L4 -.5830700387E+03  0.2703299565E+03  0.2626851405E+03  0.2665461087E+03
L5 0.7995612057E+03  0.3510933905E+03  0.4167211086E+03  0.4229612330E+03
L6 0.1190775732E+04  -.8822229319E+04  0.1310397848E+04  -.1020446650E+05
L7 0.0000000000E+00  0.2800049207E+01  0.7448720006E+01  0.1013415485E+02
L8 0.3698906574E+01  0.4486931412E+02  0.2888189795E+01  0.0000000000E+00
L9 0.0000000000E+00  0.0000000000E+00  0.0000000000E+00  0.9088067525E+00  0.0000000000E+00
L0     2000  0.4000000000E+01  -.7324462907E+04  0.1688412617E+04
L1 0.2996993251E+03  0.2996993251E+03  -.9012875525E+10  0.1000000000E+01
L2 0.1000000000E+01  0.3382006834E+02  0.3382006834E+02  0.3382006834E+02
L3 0.2978001269E+05  -.7778795884E+03  -.4036548275E+03  -.6198452178E+03
L4 -.6004598779E+03  0.2589336987E+03  0.3037949503E+03  0.2695793321E+03
L5 0.8323079811E+03  0.4256560530E+03  0.3903099896E+03  0.4024302971E+03
L6 0.1218396340E+04  -.9012875525E+04  0.1336618289E+04  -.1042405919E+05
L7 0.0000000000E+00  0.4560365315E+01  0.4880011503E+01  0.1245582297E+02
L8 0.3578858030E+01  0.4566240285E+02  0.3427919417E+01  0.0000000000E+00
L9 0.0000000000E+00  0.0000000000E+00  0.0000000000E+00  0.9483378377E+00  0.0000000000E+00
L0     3000  0.6000000000E+01  -.7312808707E+04  0.1660802192E+04
L1 0.2947983751E+03  0.2947983751E+03  -.8973610899E+10  0.1000000000E+01
L2 0.1000000000E+01  0.3355248904E+02  0.3355248904E+02  0.3355248904E+02
L3 0.2907865263E+05  0.1649051482E+03  -.9528229357E+03  -.9060983529E+03
L4 -.5646720468E+03  0.2628660327E+03  0.2778768151E+03  0.2804782512E+03
L5 0.8212210990E+03  0.2283544344E+03  0.4772850375E+03  0.4701078823E+03
L6 0.1175747354E+04  -.8973610899E+04  0.1286073503E+04  -.1034085970E+05
L7 0.0000000000E+00  0.4214289785E+01  0.1267326824E+02  0.1122017943E+02
L8 0.3412552792E+01  0.4704449691E+02  0.2610507366E+01  0.0000000000E+00
L9 0.0000000000E+00  0.0000000000E+00  0.0000000000E+00  0.9712111908E+00  0.0000000000E+00
L0     4000  0.8000000000E+01  -.7320759975E+04  0.1659780961E+04
L1 0.2946171029E+03  0.2946171029E+03  -.8980540936E+10  0.1000000000E+01
L2 0.1000000000E+01  0.3343863360E+02  0.3343863360E+02  0.3343863360E+02
L3 0.2878195949E+05  -.7000143633E+03  0.5166787877E+03  0.4454484105E+03
L4 0.8737094497E+02  0.2922846401E+03  0.2875679825E+03  0.2723283901E+03
L5 0.8521810127E+03  0.4372899443E+03  0.1805399432E+03  0.1800554516E+03
L6 0.7978853391E+03  -.8980540936E+04  0.1340197334E+04  -.1039220957E+05
L7 0.0000000000E+00  0.2554937241E+01  0.1116427381E+02  0.1096758331E+02
L8 0.3603964553E+01  0.3908545548E+02  0.4095082075E+01  0.0000000000E+00
L9 0.0000000000E+00  0.0000000000E+00  0.0000000000E+00  0.9812227293E+00  0.0000000000E+00
L0     5000  0.1000000000E+02  -.7222676446E+04  0.1651472782E+04
L1 0.2931423712E+03  0.2931423712E+03  -.8874149228E+10  0.1000000000E+01
L2 0.1000000000E+01  0.3343615900E+02  0.3343615900E+02  0.3343615900E+02
L3 0.2877542842E+05  -.3065631236E+03  -.8621405166E+02  0.8203705352E+03
L4 0.1425311200E+03  0.2357576459E+03  0.2928463856E+03  0.2606734737E+03
L5 0.7892775053E+03  0.2992466173E+03  0.3107012450E+03  0.9077540899E+02
L6 0.7007232713E+03  -.8874149228E+04  0.1327666210E+04  -.1027565124E+05
L7 0.0000000000E+00  0.2502024238E+01  0.1008373456E+02  0.1120408813E+02
L8 0.3924051952E+01  0.4200824584E+02  0.4113661273E+01  0.0000000000E+00
L9 0.0000000000E+00  0.0000000000E+00  0.0000000000E+00  0.9814454343E+00  0.0000000000E+00
L0     6000  0.1200000000E+02  -.7304977321E+04  0.1695131993E+04
L1 0.3008920385E+03  0.3008920385E+03  -.9000109314E+10  0.1000000000E+01
L2 0.1000000000E+01  0.3341744945E+02  0.3341744945E+02  0.3341744945E+02
L3 0.2872795431E+05  0.1513237558E+02  0.6412874145E+03  -.1169673453E+04
L4 -.1710845544E+03  0.2709091557E+03  0.2938817770E+03  0.2682997304E+03
L5 0.8330906631E+03  0.2677804235E+03  0.1612907916E+03  0.5101384945E+03
L6 0.9392097096E+03  -.9000109314E+04  0.1317434672E+04  -.1038915274E+05
L7 0.0000000000E+00  0.4148967566E+01  0.9185056386E+01  0.1142005774E+02
L8 0.3215924289E+01  0.4085226802E+02  0.2786482636E+01  0.0000000000E+00
L9 0.0000000000E+00  0.0000000000E+00  0.0000000000E+00  0.9830673127E+00  0.0000000000E+00
L0     7000  0.1400000000E+02  -.7310168741E+04  0.1678265824E+04
L1 0.2978982328E+03  0.2978982328E+03  -.8988434566E+10  0.1000000000E+01
L2 0.1000000000E+01  0.3340659424E+02  0.3340659424E+02  0.3340659424E+02
L3 0.2870000201E+05  -.6472652256E+03  -.1839085472E+03  0.2777561781E+03
L4 -.1844725316E+03  0.2826382865E+03  0.2984749458E+03  0.2859524309E+03
L5 0.8670656632E+03  0.4163350156E+03  0.3364624202E+03  0.2285801344E+03
L6 0.9813775701E+03  -.8988434566E+04  0.1304581859E+04  -.1037048392E+05
L7 0.0000000000E+00  0.5027055346E+01  0.8281857522E+01  0.1315584271E+02
L8 0.4983867148E+01  0.4300774692E+02  0.3011123413E+01  0.0000000000E+00
L9 0.0000000000E+00  0.0000000000E+00  0.0000000000E+00  0.9840247689E+00  0.0000000000E+00
L0     8000  0.1600000000E+02  -.7339043970E+04  0.1676652195E+04
L1 0.2976118078E+03  0.2976118078E+03  -.9015696166E+10  0.1000000000E+01
L2 0.1000000000E+01  0.3333130312E+02  0.3333130312E+02  0.3333130312E+02
L3 0.2850569053E+05  -.1092784502E+03  0.1948788693E+03  0.1844857844E+03
L4 0.9002873448E+02  0.2828209755E+03  0.2651691338E+03  0.2611479404E+03
L5 0.8091380496E+03  0.3052403078E+03  0.2251882033E+03  0.2232992329E+03
L6 0.7537277439E+03  -.9015696166E+04  0.1354232765E+04  -.1044412712E+05
L7 0.0000000000E+00  0.4515452814E+01  0.6829850730E+01  0.1136366563E+02
L8 0.3529265227E+01  0.4617018100E+02  0.1789776783E+01  0.0000000000E+00
L9 0.0000000000E+00  0.0000000000E+00  0.0000000000E+00  0.9907324577E+00  0.0000000000E+00
L0     9000  0.1800000000E+02  -.7270237085E+04  0.1680686269E+04
L1 0.2983278704E+03  0.2983278704E+03  -.8950923354E+10  0.1000000000E+01
L2 0.1000000000E+01  0.3332088177E+02  0.3332088177E+02  0.3332088177E+02
L3 0.2847833760E+05  0.2948042457E+03  0.9109548085E+03  -.1992300214E+03
L4 0.3355096776E+03  0.2922353689E+03  0.2880996201E+03  0.2718280462E+03
L5 0.8521630352E+03  0.2318119983E+03  0.1013894190E+03  0.3126624290E+03
L6 0.6458638463E+03  -.8950923354E+04  0.1361371316E+04  -.1038544979E+05
L7 0.0000000000E+00  0.2559487111E+01  0.1144644652E+02  0.1007380888E+02
L8 0.2823291440E+01  0.4064924690E+02  0.5602835152E+01  0.0000000000E+00
L9 0.0000000000E+00  0.0000000000E+00  0.0000000000E+00  0.9916840387E+00  0.0000000000E+00
L0    10000  0.2000000000E+02  -.7304385514E+04  0.1682148879E+04
L1 0.2985874890E+03  0.2985874890E+03  -.8986534393E+10  0.1000000000E+01
L2 0.1000000000E+01  0.3341323096E+02  0.3341323096E+02  0.3341323096E+02
L3 0.2871704764E+05  -.6574773672E+03  -.8248573196E+02  0.2601127312E+03
L4 -.1599501227E+03  0.2563782135E+03  0.2799770607E+03  0.3032798015E+03
L5 0.8396350756E+03  0.3922649836E+03  0.2970251300E+03  0.2495199602E+03
L6 0.9388100738E+03  -.8986534393E+04  0.1333306556E+04  -.1038642464E+05
L7 0.0000000000E+00  0.2858525582E+01  0.8009767638E+01  0.9433745970E+01
L8 0.2402594585E+01  0.4147252874E+02  0.2406522779E+01  0.0000000000E+00
L9 0.0000000000E+00  0.0000000000E+00  0.0000000000E+00  0.9834406793E+00  0.0000000000E+00
