L0  Nsteps           time(ps)         Etot             EKinetic        
L1  Temp             T_solute         T_solv           Pres_scal_solu  
L2  Pres_scal_solv   BoxX             BoxY             BoxZ            
L3  volume           pres_X           pres_Y           pres_Z          
L4  Pressure         EKCoM_x          EKCoM_y          EKCoM_z         
L5  EKComTot         VIRIAL_x         VIRIAL_y         VIRIAL_z        
L6  VIRIAL_tot       E_pot            E_vdw            E_el            
L7  E_hbon           E_bon            E_angle          E_dih           
L8  E_14vdw          E_14el           E_const          E_pol           
L9  AV_permMoment    AV_indMoment     AV_totMoment     Density          dV/dlambda      
L0     1000  0.2000000000E+01  -.7743754759E+04  0.1751324752E+04
L1 0.2925984070E+03  0.2925984070E+03  -.9495079511E+10  0.1000000000E+01
L2 0.1000000000E+01  0.3501985336E+02  0.3501985336E+02  0.3501985336E+02
L3 0.3306335941E+05  -.1016690393E+04  -.1033279322E+04  0.4940819782E+02
L4 -.6668538392E+03  0.2630599778E+03  0.3020233776E+03  0.2943055388E+03
L5 0.8593888942E+03  0.5049913997E+03  0.5479022974E+03  0.2825483749E+03
L6 0.1335442072E+04  -.9495079511E+04  0.1464016207E+04  -.1103485189E+05
L7 0.0000000000E+00  0.5538905812E+01  0.1050281752E+02  0.1181492865E+02
L8 0.2037262095E+01  0.4490090466E+02  0.9613555743E+00  0.0000000000E+00
L9 0.0000000000E+00  0.0000000000E+00  0.0000000000E+00  0.9075485054E+00  0.0000000000E+00
L0     2000  0.4000000000E+01  -.7577348396E+04  0.1853379349E+04
L1 0.3096489355E+03  0.3096489355E+03  -.9430727745E+10  0.1000000000E+01
L2 0.1000000000E+01  0.3453261420E+02  0.3453261420E+02  0.3453261420E+02
L3 0.3170255155E+05  -.7543548300E+03  -.5060241898E+03  -.8825912756E+03
L4 -.7143234318E+03  0.3198797842E+03  0.3304468692E+03  0.2969933062E+03
L5 0.9473199596E+03  0.4919978563E+03  0.4459043496E+03  0.4983705663E+03
L6 0.1436272772E+04  -.9430727745E+04  0.1340950889E+04  -.1083979135E+05
L7 0.0000000000E+00  0.1434436813E+01  0.7577518431E+01  0.9767664887E+01
L8 0.2298556652E+01  0.4461343852E+02  0.2421101816E+01  0.0000000000E+00
L9 0.0000000000E+00  0.0000000000E+00  0.0000000000E+00  0.9465043330E+00  0.0000000000E+00
L0     3000  0.6000000000E+01  -.7720558961E+04  0.1778063353E+04
L1 0.2970656951E+03  0.2970656951E+03  -.9498622314E+10  0.1000000000E+01
L2 0.1000000000E+01  0.3420285215E+02  0.3420285215E+02  0.3420285215E+02
L3 0.3080288184E+05  -.1363847211E+03  -.9715441418E+03  -.9214676196E+03
L4 -.6764654942E+03  0.3001261428E+03  0.2815944670E+03  0.2882867804E+03
L5 0.8700073902E+03  0.3303613987E+03  0.4969769937E+03  0.4925677962E+03
L6 0.1319906189E+04  -.9498622314E+04  0.1331582466E+04  -.1090026319E+05
L7 0.0000000000E+00  0.5025896148E+01  0.8812692146E+01  0.1127310231E+02
L8 0.1500724086E+01  0.4155791135E+02  0.1888079320E+01  0.0000000000E+00
L9 0.0000000000E+00  0.0000000000E+00  0.0000000000E+00  0.9741491907E+00  0.0000000000E+00
L0     4000  0.8000000000E+01  -.7712601677E+04  0.1800639446E+04
L1 0.3008375420E+03  0.3008375420E+03  -.9513241123E+10  0.1000000000E+01
L2 0.1000000000E+01  0.3411369419E+02  0.3411369419E+02  0.3411369419E+02
L3 0.3056050263E+05  -.1250165172E+03  0.5243238484E+02  0.3774936854E+03
L4 0.1016365177E+03  0.2831376741E+03  0.3010838401E+03  0.2866392956E+03
L5 0.8708608098E+03  0.3106346206E+03  0.2895515201E+03  0.2036108774E+03
L6 0.8037970181E+03  -.9513241123E+04  0.1424230812E+04  -.1101275728E+05
L7 0.0000000000E+00  0.3071214563E+01  0.1012034424E+02  0.1107488675E+02
L8 0.3310172749E+01  0.4580404389E+02  0.1904680341E+01  0.0000000000E+00
L9 0.0000000000E+00  0.0000000000E+00  0.0000000000E+00  0.9818752909E+00  0.0000000000E+00
L0     5000  0.1000000000E+02  -.7830325393E+04  0.1755600408E+04
L1 0.2933127521E+03  0.2933127521E+03  -.9585925801E+10  0.1000000000E+01
L2 0.1000000000E+01  0.3412882454E+02  0.3412882454E+02  0.3412882454E+02
L3 0.3060308928E+05  -.5071026813E+03  -.6473683319E+03  -.6346268609E+03
L4 -.5963659580E+03  0.2865576571E+03  0.2840064480E+03  0.2835713051E+03
L5 0.8541354103E+03  0.3982485483E+03  0.4265912708E+03  0.4233497805E+03
L6 0.1248189600E+04  -.9585925801E+04  0.1370684026E+04  -.1102855908E+05
L7 0.0000000000E+00  0.2082301260E+01  0.1084416690E+02  0.1095896801E+02
L8 0.2806611975E+01  0.4336741447E+02  0.1889794464E+01  0.0000000000E+00
L9 0.0000000000E+00  0.0000000000E+00  0.0000000000E+00  0.9805089328E+00  0.0000000000E+00
L0     6000  0.1200000000E+02  -.7777229058E+04  0.1797600846E+04
L1 0.3003298751E+03  0.3003298751E+03  -.9574829904E+10  0.1000000000E+01
L2 0.1000000000E+01  0.3410669166E+02  0.3410669166E+02  0.3410669166E+02
L3 0.3054332185E+05  -.4920183536E+03  -.6352186520E+03  -.3680679493E+03
L4 -.4984349850E+03  0.3068551504E+03  0.2789543422E+03  0.3014791033E+03
L5 0.8872885959E+03  0.4150120308E+03  0.4185899213E+03  0.3823888515E+03
L6 0.1215990804E+04  -.9574829904E+04  0.1375893697E+04  -.1102923857E+05
L7 0.0000000000E+00  0.5029740732E+01  0.1126187768E+02  0.1188105052E+02
L8 0.2404095104E+01  0.4407623312E+02  0.3861966495E+01  0.0000000000E+00
L9 0.0000000000E+00  0.0000000000E+00  0.0000000000E+00  0.9824276011E+00  0.0000000000E+00
L0     7000  0.1400000000E+02  -.7704770715E+04  0.1797376861E+04
L1 0.3002924534E+03  0.3002924534E+03  -.9502147576E+10  0.1000000000E+01
L2 0.1000000000E+01  0.3409434022E+02  0.3409434022E+02  0.3409434022E+02
L3 0.3050857025E+05  0.4317140298E+03  0.2155579719E+03  -.4002023495E+03
L4 0.8235655073E+02  0.2898105539E+03  0.3108350201E+03  0.2964955268E+03
L5 0.8971411008E+03  0.1950179184E+03  0.2635043641E+03  0.3843690560E+03
L6 0.8428913386E+03  -.9502147576E+04  0.1413999619E+04  -.1099614754E+05
L7 0.0000000000E+00  0.1333190957E+01  0.1065824305E+02  0.1163979495E+02
L8 0.3416034457E+01  0.4772271603E+02  0.5230367177E+01  0.0000000000E+00
L9 0.0000000000E+00  0.0000000000E+00  0.0000000000E+00  0.9835466614E+00  0.0000000000E+00
L0     8000  0.1600000000E+02  -.7754832355E+04  0.1786123506E+04
L1 0.2984123258E+03  0.2984123258E+03  -.9540955860E+10  0.1000000000E+01
L2 0.1000000000E+01  0.3413597715E+02  0.3413597715E+02  0.3413597715E+02
L3 0.3062113685E+05  0.1584405152E+03  -.3360405084E+03  -.2962261232E+03
L4 -.1579420388E+03  0.3072269108E+03  0.2785254676E+03  0.2925443408E+03
L5 0.8782967192E+03  0.2723093308E+03  0.3525830488E+03  0.3578275125E+03
L6 0.9827198921E+03  -.9540955860E+04  0.1383199392E+04  -.1100409235E+05
L7 0.0000000000E+00  0.4412631768E+01  0.1305830286E+02  0.1132133954E+02
L8 0.2021626225E+01  0.4727160251E+02  0.1851598613E+01  0.0000000000E+00
L9 0.0000000000E+00  0.0000000000E+00  0.0000000000E+00  0.9799310379E+00  0.0000000000E+00
L0     9000  0.1800000000E+02  -.7800039880E+04  0.1771583741E+04
L1 0.2959831293E+03  0.2959831293E+03  -.9571623621E+10  0.1000000000E+01
L2 0.1000000000E+01  0.3415521829E+02  0.3415521829E+02  0.3415521829E+02
L3 0.3067251592E+05  0.3564232131E+03  -.1815165913E+03  -.1772534332E+03
L4 -.7822704856E+00  0.3040801125E+03  0.2910735357E+03  0.3002515997E+03
L5 0.8954052479E+03  0.2253987338E+03  0.3311438093E+03  0.3393807697E+03
L6 0.8959233129E+03  -.9571623621E+04  0.1457086484E+04  -.1110783338E+05
L7 0.0000000000E+00  0.1845447817E+01  0.1414840517E+02  0.9520017605E+01
L8 0.3066455464E+01  0.4511641857E+02  0.5426534407E+01  0.0000000000E+00
L9 0.0000000000E+00  0.0000000000E+00  0.0000000000E+00  0.9782895703E+00  0.0000000000E+00
L0    10000  0.2000000000E+02  -.7703229787E+04  0.1790113488E+04
L1 0.2990789426E+03  0.2990789426E+03  -.9493343275E+10  0.1000000000E+01
L2 0.1000000000E+01  0.3412839873E+02  0.3412839873E+02  0.3412839873E+02
L3 0.3060087145E+05  -.1146374978E+03  -.7521199886E+03  0.2562106366E+03
L4 -.2035156166E+03  0.3041972816E+03  0.3092114871E+03  0.2906753511E+03
L5 0.9040841199E+03  0.3294447056E+03  0.4748561721E+03  0.2342482772E+03
L6 0.1038549155E+04  -.9493343275E+04  0.1364417761E+04  -.1093153301E+05
L7 0.0000000000E+00  0.6925258780E+01  0.1010160191E+02  0.1087837747E+02
L8 0.1718818095E+01  0.4213577781E+02  0.2012139125E+01  0.0000000000E+00
L9 0.0000000000E+00  0.0000000000E+00  0.0000000000E+00  0.9805799962E+00  0.0000000000E+00
