L0  Nsteps           time(ps)         Etot             EKinetic        
L1  Temp             T_solute         T_solv           Pres_scal_solu  
L2  Pres_scal_solv   BoxX             BoxY             BoxZ            
L3  volume           pres_X           pres_Y           pres_Z          
L4  Pressure         EKCoM_x          EKCoM_y          EKCoM_z         
L5  EKComTot         VIRIAL_x         VIRIAL_y         VIRIAL_z        
L6  VIRIAL_tot       E_pot            E_vdw            E_el            
L7  E_hbon           E_bon            E_angle          E_dih           
L8  E_14vdw          E_14el           E_const          E_pol           
L9  AV_permMoment    AV_indMoment     AV_totMoment     Density          dV/dlambda      
L0     1000  0.2000000000E+01  -.7783582132E+04  0.1819753745E+04
L1 0.2975118343E+03  0.2975118343E+03  -.9603335877E+10  0.1000000000E+01
L2 0.1000000000E+01  0.3516276330E+02  0.3516276330E+02  0.3516276330E+02
L3 0.3346906482E+05  -.8150059463E+03  -.5664557857E+03  0.1105465691E+03
L4 -.4236383876E+03  0.2816882095E+03  0.3084798942E+03  0.2989344615E+03
L5 0.8891025653E+03  0.4780065775E+03  0.4449275802E+03  0.2723060398E+03
L6 0.1195240198E+04  -.9603335877E+04  0.1465458544E+04  -.1114044035E+05
L7 0.0000000000E+00  0.4262544460E+01  0.6721802264E+01  0.1059271652E+02
L8 0.1466116789E+01  0.4574489822E+02  0.2857849147E+01  0.0000000000E+00
L9 0.0000000000E+00  0.0000000000E+00  0.0000000000E+00  0.9162123761E+00  0.0000000000E+00
L0     2000  0.4000000000E+01  -.7795866311E+04  0.1828682277E+04
L1 0.2989715614E+03  0.2989715614E+03  -.9624548588E+10  0.1000000000E+01
L2 0.1000000000E+01  0.3473809154E+02  0.3473809154E+02  0.3473809154E+02
L3 0.3227037407E+05  -.8346296944E+03  -.2278115004E+03  0.4460535338E+03
L4 -.2054625537E+03  0.2953273673E+03  0.3073241070E+03  0.3000502911E+03
L5 0.9027017654E+03  0.4891722817E+03  0.3602339197E+03  0.1964531993E+03
L6 0.1045859401E+04  -.9624548588E+04  0.1424928049E+04  -.1111982173E+05
L7 0.0000000000E+00  0.1878264882E+01  0.5779596685E+01  0.1027427923E+02
L8 0.2807482848E+01  0.4667434947E+02  0.2931123472E+01  0.0000000000E+00
L9 0.0000000000E+00  0.0000000000E+00  0.0000000000E+00  0.9502453036E+00  0.0000000000E+00
L0     3000  0.6000000000E+01  -.7941984974E+04  0.1794346785E+04
L1 0.2933580463E+03  0.2933580463E+03  -.9736331759E+10  0.1000000000E+01
L2 0.1000000000E+01  0.3450171349E+02  0.3450171349E+02  0.3450171349E+02
L3 0.3161606775E+05  -.4024436775E+03  -.2163464867E+03  0.2357088022E+02
L4 -.1984064280E+03  0.3067576904E+03  0.3181251097E+03  0.2911340945E+03
L5 0.9160168946E+03  0.3983311332E+03  0.3673533464E+03  0.2857706939E+03
L6 0.1051455174E+04  -.9736331759E+04  0.1452798372E+04  -.1126601482E+05
L7 0.0000000000E+00  0.4404931274E+01  0.1161797674E+02  0.9757582619E+01
L8 0.2003653977E+01  0.4393126212E+02  0.5169279880E+01  0.0000000000E+00
L9 0.0000000000E+00  0.0000000000E+00  0.0000000000E+00  0.9699109849E+00  0.0000000000E+00
L0     4000  0.8000000000E+01  -.7832119783E+04  0.1841511420E+04
L1 0.3010690001E+03  0.3010690001E+03  -.9673631203E+10  0.1000000000E+01
L2 0.1000000000E+01  0.3441268060E+02  0.3441268060E+02  0.3441268060E+02
L3 0.3137078160E+05  0.3525351152E+03  -.2984081301E+03  0.5921808406E+03
L4 0.2154359419E+03  0.3086806403E+03  0.2979274442E+03  0.2966566845E+03
L5 0.9032647690E+03  0.2290859125E+03  0.3653014812E+03  0.1629551871E+03
L6 0.7573425807E+03  -.9673631203E+04  0.1471129652E+04  -.1121299954E+05
L7 0.0000000000E+00  0.2420916410E+01  0.2966767350E+01  0.9553432743E+01
L8 0.3748373221E+01  0.4760676023E+02  0.1942433775E+01  0.0000000000E+00
L9 0.0000000000E+00  0.0000000000E+00  0.0000000000E+00  0.9774946571E+00  0.0000000000E+00
L0     5000  0.1000000000E+02  -.7841748222E+04  0.1862859330E+04
L1 0.3045591733E+03  0.3045591733E+03  -.9704607552E+10  0.1000000000E+01
L2 0.1000000000E+01  0.3441643480E+02  0.3441643480E+02  0.3441643480E+02
L3 0.3138206887E+05  -.2567234068E+03  0.1397830535E+03  -.3289344190E+03
L4 -.1486249241E+03  0.3093630216E+03  0.3216683870E+03  0.3097158823E+03
L5 0.9407472909E+03  0.3673464136E+03  0.2900970718E+03  0.3840088096E+03
L6 0.1041452295E+04  -.9704607552E+04  0.1415626353E+04  -.1119816907E+05
L7 0.0000000000E+00  0.2775877496E+01  0.1002161077E+02  0.1049890078E+02
L8 0.2821460367E+01  0.4578047719E+02  0.6036838903E+01  0.0000000000E+00
L9 0.0000000000E+00  0.0000000000E+00  0.0000000000E+00  0.9771430793E+00  0.0000000000E+00
L0     6000  0.1200000000E+02  -.7952706625E+04  0.1846215724E+04
L1 0.3018381075E+03  0.3018381075E+03  -.9798922349E+10  0.1000000000E+01
L2 0.1000000000E+01  0.3426814123E+02  0.3426814123E+02  0.3426814123E+02
L3 0.3097786854E+05  -.1032252567E+03  -.2528459447E+03  0.2233530025E+03
L4 -.4423939966E+02  0.3212193791E+03  0.3021054478E+03  0.3097166484E+03
L5 0.9330414753E+03  0.3442334838E+03  0.3584775337E+03  0.2599200236E+03
L6 0.9626310411E+03  -.9798922349E+04  0.1443537015E+04  -.1131133352E+05
L7 0.0000000000E+00  0.3618720694E+01  0.4512998485E+01  0.9281991179E+01
L8 0.2720296508E+01  0.4477856300E+02  0.3961588218E+01  0.0000000000E+00
L9 0.0000000000E+00  0.0000000000E+00  0.0000000000E+00  0.9898928769E+00  0.0000000000E+00
L0     7000  0.1400000000E+02  -.7808446942E+04  0.1853097503E+04
L1 0.3029632108E+03  0.3029632108E+03  -.9661544446E+10  0.1000000000E+01
L2 0.1000000000E+01  0.3435474037E+02  0.3435474037E+02  0.3435474037E+02
L3 0.3121176071E+05  0.3996015602E+03  0.4849023841E+03  0.6580136209E+03
L4 0.5141725218E+03  0.3096700460E+03  0.3199384222E+03  0.3057630285E+03
L5 0.9353714966E+03  0.2199060818E+03  0.2110130210E+03  0.1579510152E+03
L6 0.5888701180E+03  -.9661544446E+04  0.1485236461E+04  -.1122750494E+05
L7 0.0000000000E+00  0.1304842778E+01  0.1348975746E+02  0.1204221235E+02
L8 0.3384640119E+01  0.4646957694E+02  0.4033005524E+01  0.0000000000E+00
L9 0.0000000000E+00  0.0000000000E+00  0.0000000000E+00  0.9824748976E+00  0.0000000000E+00
L0     8000  0.1600000000E+02  -.7950981800E+04  0.1829824284E+04
L1 0.2991582684E+03  0.2991582684E+03  -.9780806084E+10  0.1000000000E+01
L2 0.1000000000E+01  0.3437648568E+02  0.3437648568E+02  0.3437648568E+02
L3 0.3127270576E+05  -.6695796644E+03  0.2146879010E+03  0.2338340385E+03
L4 -.7368590830E+02  0.3254682304E+03  0.2844325995E+03  0.3002281619E+03
L5 0.9101289918E+03  0.4761720619E+03  0.2361123010E+03  0.2475985983E+03
L6 0.9598829612E+03  -.9780806084E+04  0.1469057279E+04  -.1132420340E+05
L7 0.0000000000E+00  0.7374465095E+01  0.8970144944E+01  0.1075492858E+02
L8 0.1656004620E+01  0.4371612922E+02  0.1868360121E+01  0.0000000000E+00
L9 0.0000000000E+00  0.0000000000E+00  0.0000000000E+00  0.9805602254E+00  0.0000000000E+00
L0     9000  0.1800000000E+02  -.7975268446E+04  0.1815556737E+04
L1 0.2968256647E+03  0.2968256647E+03  -.9790825183E+10  0.1000000000E+01
L2 0.1000000000E+01  0.3430194808E+02  0.3430194808E+02  0.3430194808E+02
L3 0.3106952744E+05  -.1640442981E+03  0.5034238798E+03  -.3484955353E+03
L4 -.3038651197E+01  0.2967095659E+03  0.3197153476E+03  0.2900979473E+03
L5 0.9065228608E+03  0.3333915120E+03  0.2071447322E+03  0.3680250351E+03
L6 0.9085612793E+03  -.9790825183E+04  0.1460679542E+04  -.1132449110E+05
L7 0.0000000000E+00  0.1250365088E+01  0.9133103448E+01  0.1065962632E+02
L8 0.3152885233E+01  0.4580424007E+02  0.2986154028E+01  0.0000000000E+00
L9 0.0000000000E+00  0.0000000000E+00  0.0000000000E+00  0.9869725718E+00  0.0000000000E+00
L0    10000  0.2000000000E+02  -.7967912223E+04  0.1820744895E+04
L1 0.2976738775E+03  0.2976738775E+03  -.9788657118E+10  0.1000000000E+01
L2 0.1000000000E+01  0.3432447981E+02  0.3432447981E+02  0.3432447981E+02
L3 0.3112985292E+05  0.7439790880E+03  -.3780769514E+03  0.6407084028E+03
L4 0.3355368465E+03  0.2901811604E+03  0.3123657295E+03  0.3088878706E+03
L5 0.9114347606E+03  0.1234969826E+03  0.3970716666E+03  0.1653408878E+03
L6 0.6859095370E+03  -.9788657118E+04  0.1510561558E+04  -.1137146792E+05
L7 0.0000000000E+00  0.1037174364E+01  0.6269423828E+01  0.1105217582E+02
L8 0.2730618268E+01  0.4769900107E+02  0.3460847890E+01  0.0000000000E+00
L9 0.0000000000E+00  0.0000000000E+00  0.0000000000E+00  0.9850599515E+00  0.0000000000E+00
