L0  Nsteps           time(ps)         Etot             EKinetic        
L1  Temp             T_solute         T_solv           Pres_scal_solu  
L2  Pres_scal_solv   BoxX             BoxY             BoxZ            
L3  volume           pres_X           pres_Y           pres_Z          
L4  Pressure         EKCoM_x          EKCoM_y          EKCoM_z         
L5  EKComTot         VIRIAL_x         VIRIAL_y         VIRIAL_z        
L6  VIRIAL_tot       E_pot            E_vdw            E_el            
L7  E_hbon           E_bon            E_angle          E_dih           
L8  E_14vdw          E_14el           E_const          E_pol           
L9  AV_permMoment    AV_indMoment     AV_totMoment     Density          dV/dlambda      
L0     1000  0.2000000000E+01  -.7406952944E+04  0.1721345967E+04
L1 0.2976702394E+03  0.2976702394E+03  -.9128298911E+10  0.1000000000E+01
L2 0.1000000000E+01  0.3472984944E+02  0.3472984944E+02  0.3472984944E+02
L3 0.3224994287E+05  -.1733810235E+04  -.1083094368E+04  -.4411626601E+03
L4 -.1086022421E+04  0.2723605241E+03  0.2913139304E+03  0.2799861908E+03
L5 0.8436606454E+03  0.6747875063E+03  0.5427061471E+03  0.3823824937E+03
L6 0.1599876147E+04  -.9128298911E+04  0.1319386832E+04  -.1052626960E+05
L7 0.0000000000E+00  0.4593501114E+01  0.9738702708E+01  0.1261819263E+02
L8 0.2934340599E+01  0.4621582023E+02  0.2483296951E+01  0.0000000000E+00
L9 0.0000000000E+00  0.0000000000E+00  0.0000000000E+00  0.8988987134E+00  0.0000000000E+00
L0     2000  0.4000000000E+01  -.7355876157E+04  0.1722355785E+04
L1 0.2978448660E+03  0.2978448660E+03  -.9078231942E+10  0.1000000000E+01
L2 0.1000000000E+01  0.3418379136E+02  0.3418379136E+02  0.3418379136E+02
L3 0.3075052048E+05  -.5402284559E+03  -.1821246910E+03  -.3315604247E+03
L4 -.3513045239E+03  0.2661330880E+03  0.2861886640E+03  0.2765641217E+03
L5 0.8288858737E+03  0.3856932535E+03  0.3264954230E+03  0.3499431132E+03
L6 0.1062131790E+04  -.9078231942E+04  0.1341402311E+04  -.1049467804E+05
L7 0.0000000000E+00  0.5194637104E+01  0.1012624235E+02  0.1090201127E+02
L8 0.2235642149E+01  0.4277752173E+02  0.3807734929E+01  0.0000000000E+00
L9 0.0000000000E+00  0.0000000000E+00  0.0000000000E+00  0.9427298041E+00  0.0000000000E+00
L0     3000  0.6000000000E+01  -.7486661079E+04  0.1687927236E+04
L1 0.2918911792E+03  0.2918911792E+03  -.9174588314E+10  0.1000000000E+01
L2 0.1000000000E+01  0.3383388234E+02  0.3383388234E+02  0.3383388234E+02
L3 0.2981462481E+05  -.8375537141E+02  0.3325089471E+02  0.3858222733E+03
L4 0.1117725989E+03  0.2867387759E+03  0.2727665400E+03  0.2582228723E+03
L5 0.8177281882E+03  0.3047108664E+03  0.2656316174E+03  0.1754337604E+03
L6 0.7457762442E+03  -.9174588314E+04  0.1403413362E+04  -.1065676169E+05
L7 0.0000000000E+00  0.2884322493E+01  0.1328395386E+02  0.9663791905E+01
L8 0.3624016332E+01  0.4644015418E+02  0.2863778105E+01  0.0000000000E+00
L9 0.0000000000E+00  0.0000000000E+00  0.0000000000E+00  0.9723225543E+00  0.0000000000E+00
L0     4000  0.8000000000E+01  -.7504744636E+04  0.1718308570E+04
L1 0.2971449860E+03  0.2971449860E+03  -.9223053206E+10  0.1000000000E+01
L2 0.1000000000E+01  0.3367184062E+02  0.3367184062E+02  0.3367184062E+02
L3 0.2938823587E+05  0.1950757781E+03  0.2469934047E+03  -.3715019287E+02
L4 0.1349729966E+03  0.2910280743E+03  0.2883058507E+03  0.3012555972E+03
L5 0.8805895222E+03  0.2497676733E+03  0.2360643729E+03  0.3091132198E+03
L6 0.7949452660E+03  -.9223053206E+04  0.1374341204E+04  -.1068050646E+05
L7 0.0000000000E+00  0.1295848055E+01  0.1049234674E+02  0.1431277518E+02
L8 0.4706207231E+01  0.4993529984E+02  0.2369574010E+01  0.0000000000E+00
L9 0.0000000000E+00  0.0000000000E+00  0.0000000000E+00  0.9864298179E+00  0.0000000000E+00
L0     5000  0.1000000000E+02  -.7572956311E+04  0.1734337611E+04
L1 0.2999168684E+03  0.2999168684E+03  -.9307293922E+10  0.1000000000E+01
L2 0.1000000000E+01  0.3365097534E+02  0.3365097534E+02  0.3365097534E+02
L3 0.2933487873E+05  -.4803235273E+03  -.5306084285E+03  -.7708766150E+01
L4 -.3395469073E+03  0.3002446484E+03  0.2683352096E+03  0.2752768137E+03
L5 0.8438566717E+03  0.4016532368E+03  0.3803602274E+03  0.2769043315E+03
L6 0.1058917796E+04  -.9307293922E+04  0.1356695346E+04  -.1073952365E+05
L7 0.0000000000E+00  0.3413348632E+01  0.1091300100E+02  0.9737774485E+01
L8 0.2792198966E+01  0.4556497944E+02  0.3113077336E+01  0.0000000000E+00
L9 0.0000000000E+00  0.0000000000E+00  0.0000000000E+00  0.9882240324E+00  0.0000000000E+00
L0     6000  0.1200000000E+02  -.7487462312E+04  0.1724404119E+04
L1 0.2981990819E+03  0.2981990819E+03  -.9211866431E+10  0.1000000000E+01
L2 0.1000000000E+01  0.3359108615E+02  0.3359108615E+02  0.3359108615E+02
L3 0.2917703884E+05  0.3984974743E+03  -.3838277668E+03  0.6901246829E+03
L4 0.2349314634E+03  0.2761448192E+03  0.2887669225E+03  0.3093600180E+03
L5 0.8742717596E+03  0.1924644926E+03  0.3693667630E+03  0.1644410094E+03
L6 0.7262722650E+03  -.9211866431E+04  0.1372360351E+04  -.1065738887E+05
L7 0.0000000000E+00  0.2124297312E+01  0.6052218130E+01  0.1009039844E+02
L8 0.3850085048E+01  0.4579030498E+02  0.5254787854E+01  0.0000000000E+00
L9 0.0000000000E+00  0.0000000000E+00  0.0000000000E+00  0.9935700572E+00  0.0000000000E+00
L0     7000  0.1400000000E+02  -.7494100143E+04  0.1734519841E+04
L1 0.2999483811E+03  0.2999483811E+03  -.9228619984E+10  0.1000000000E+01
L2 0.1000000000E+01  0.3378393320E+02  0.3378393320E+02  0.3378393320E+02
L3 0.2968353937E+05  0.1690426292E+03  -.2584918541E+03  -.4433668932E+03
L4 -.1776053727E+03  0.3099186425E+03  0.2871722695E+03  0.2862681153E+03
L5 0.8833590273E+03  0.2738052322E+03  0.3423951587E+03  0.3809867707E+03
L6 0.9971871616E+03  -.9228619984E+04  0.1353481024E+04  -.1065774546E+05
L7 0.0000000000E+00  0.3613028993E+01  0.1025719190E+02  0.9806722342E+01
L8 0.3293356485E+01  0.4502855546E+02  0.3645595959E+01  0.0000000000E+00
L9 0.0000000000E+00  0.0000000000E+00  0.0000000000E+00  0.9766164269E+00  0.0000000000E+00
L0     8000  0.1600000000E+02  -.7602403618E+04  0.1702868486E+04
L1 0.2944749513E+03  0.2944749513E+03  -.9305272104E+10  0.1000000000E+01
L2 0.1000000000E+01  0.3366739829E+02  0.3366739829E+02  0.3366739829E+02
L3 0.2937756612E+05  -.5447884104E+02  -.1992975359E+02  -.6200782883E+03
L4 -.2314956276E+03  0.2883418460E+03  0.2991063024E+03  0.2836318408E+03
L5 0.8710799892E+03  0.2998604607E+03  0.3033201063E+03  0.4147367390E+03
L6 0.1017917306E+04  -.9305272104E+04  0.1347372207E+04  -.1072370585E+05
L7 0.0000000000E+00  0.2168517488E+01  0.7833901646E+01  0.1135443539E+02
L8 0.2232756147E+01  0.4563177663E+02  0.1840155560E+01  0.0000000000E+00
L9 0.0000000000E+00  0.0000000000E+00  0.0000000000E+00  0.9867880829E+00  0.0000000000E+00
L0     9000  0.1800000000E+02  -.7498723392E+04  0.1704073741E+04
L1 0.2946833746E+03  0.2946833746E+03  -.9202797133E+10  0.1000000000E+01
L2 0.1000000000E+01  0.3369974803E+02  0.3369974803E+02  0.3369974803E+02
L3 0.2946261646E+05  -.4649713113E+03  0.4542649313E+03  -.1009699869E+04
L4 -.3401354165E+03  0.2863518275E+03  0.2827338373E+03  0.2782401077E+03
L5 0.8473257725E+03  0.3849466365E+03  0.1864092619E+03  0.4923418455E+03
L6 0.1063697744E+04  -.9202797133E+04  0.1324127495E+04  -.1060437764E+05
L7 0.0000000000E+00  0.9750006782E+00  0.9536590894E+01  0.1226243527E+02
L8 0.4346703588E+01  0.4741995122E+02  0.2912328887E+01  0.0000000000E+00
L9 0.0000000000E+00  0.0000000000E+00  0.0000000000E+00  0.9839395016E+00  0.0000000000E+00
L0    10000  0.2000000000E+02  -.7451643670E+04  0.1728570099E+04
L1 0.2989194995E+03  0.2989194995E+03  -.9180213769E+10  0.1000000000E+01
L2 0.1000000000E+01  0.3362984281E+02  0.3362984281E+02  0.3362984281E+02
L3 0.2928026204E+05  -.7358246725E+03  -.8434831753E+03  -.1454750704E+03
L4 -.5749276394E+03  0.2751600373E+03  0.2737926475E+03  0.2748421319E+03
L5 0.8237948167E+03  0.4302222171E+03  0.4515419738E+03  0.3054984586E+03
L6 0.1187262649E+04  -.9180213769E+04  0.1276901479E+04  -.1054000670E+05
L7 0.0000000000E+00  0.4396695545E+01  0.1686402101E+02  0.9395262291E+01
L8 0.2537795073E+01  0.4437610719E+02  0.5321574942E+01  0.0000000000E+00
L9 0.0000000000E+00  0.0000000000E+00  0.0000000000E+00  0.9900673742E+00  0.0000000000E+00
