L0  Nsteps           time(ps)         Etot             EKinetic        
L1  Temp             T_solute         T_solv           Pres_scal_solu  
L2  Pres_scal_solv   BoxX             BoxY             BoxZ            
L3  volume           pres_X           pres_Y           pres_Z          
L4  Pressure         EKCoM_x          EKCoM_y          EKCoM_z         
L5  EKComTot         VIRIAL_x         VIRIAL_y         VIRIAL_z        
L6  VIRIAL_tot       E_pot            E_vdw            E_el            
L7  E_hbon           E_bon            E_angle          E_dih           
L8  E_14vdw          E_14el           E_const          E_pol           
L9  AV_permMoment    AV_indMoment     AV_totMoment     Density          dV/dlambda      
L0     1000  0.2000000000E+01  -.6859913453E+04  0.1590104652E+04
L1 0.2947244144E+03  0.2947244144E+03  -.8450018105E+10  0.1000000000E+01
L2 0.1000000000E+01  0.3387838537E+02  0.3387838537E+02  0.3387838537E+02
L3 0.2993514238E+05  -.1232375611E+04  -.1048761723E+03  -.1376347606E+04
L4 -.9045331299E+03  0.2580766087E+03  0.2584680945E+03  0.2674277662E+03
L5 0.7839724693E+03  0.5235866823E+03  0.2810632189E+03  0.5639559926E+03
L6 0.1368605894E+04  -.8450018105E+04  0.1229690885E+04  -.9753496697E+04
L7 0.0000000000E+00  0.2431985439E+01  0.9931992634E+01  0.1417104626E+02
L8 0.2150253549E+01  0.4215963284E+02  0.2942795674E+01  0.0000000000E+00
L9 0.0000000000E+00  0.0000000000E+00  0.0000000000E+00  0.9034479142E+00  0.0000000000E+00
L0     2000  0.4000000000E+01  -.6906950891E+04  0.1598610533E+04
L1 0.2963009714E+03  0.2963009714E+03  -.8505561423E+10  0.1000000000E+01
L2 0.1000000000E+01  0.3333233172E+02  0.3333233172E+02  0.3333233172E+02
L3 0.2851021639E+05  -.4821292072E+03  -.5268051375E+03  -.9466905989E+03
L4 -.6518749812E+03  0.2698956706E+03  0.2654701915E+03  0.2616554253E+03
L5 0.7970212875E+03  0.3688239682E+03  0.3735655622E+03  0.4559072728E+03
L6 0.1198296803E+04  -.8505561423E+04  0.1227548434E+04  -.9811665025E+04
L7 0.0000000000E+00  0.3693336172E+01  0.1511244636E+02  0.1008090973E+02
L8 0.3247951683E+01  0.4340806322E+02  0.3012460529E+01  0.0000000000E+00
L9 0.0000000000E+00  0.0000000000E+00  0.0000000000E+00  0.9486017775E+00  0.0000000000E+00
L0     3000  0.6000000000E+01  -.7013908653E+04  0.1592939583E+04
L1 0.2952498661E+03  0.2952498661E+03  -.8606848235E+10  0.1000000000E+01
L2 0.1000000000E+01  0.3320904186E+02  0.3320904186E+02  0.3320904186E+02
L3 0.2819399797E+05  -.4776321004E+02  -.1266781628E+03  -.5576116686E+03
L4 -.2440176805E+03  0.2705013734E+03  0.2703085179E+03  0.2602527349E+03
L5 0.8010626262E+03  0.2801932249E+03  0.2960133636E+03  0.3734002701E+03
L6 0.9496068585E+03  -.8606848235E+04  0.1300362179E+04  -.9975161833E+04
L7 0.0000000000E+00  0.2479072662E+01  0.5606000097E+01  0.1002030610E+02
L8 0.3568256894E+01  0.4460482306E+02  0.1672959184E+01  0.0000000000E+00
L9 0.0000000000E+00  0.0000000000E+00  0.0000000000E+00  0.9592411113E+00  0.0000000000E+00
L0     4000  0.8000000000E+01  -.6962500964E+04  0.1647750049E+04
L1 0.3054089350E+03  0.3054089350E+03  -.8610251013E+10  0.1000000000E+01
L2 0.1000000000E+01  0.3305756657E+02  0.3305756657E+02  0.3305756657E+02
L3 0.2780949455E+05  -.2058947479E+03  0.1346367075E+03  -.1051236013E+03
L4 -.5879388059E+02  0.2657183245E+03  0.2780718044E+03  0.2661062357E+03
L5 0.8098963646E+03  0.3069275967E+03  0.2511246347E+03  0.2871464378E+03
L6 0.8451986691E+03  -.8610251013E+04  0.1302891779E+04  -.9990342913E+04
L7 0.0000000000E+00  0.7973869426E+01  0.1262090218E+02  0.9366719533E+01
L8 0.2217534741E+01  0.4041040694E+02  0.4610688391E+01  0.0000000000E+00
L9 0.0000000000E+00  0.0000000000E+00  0.0000000000E+00  0.9725039013E+00  0.0000000000E+00
L0     5000  0.1000000000E+02  -.6957916115E+04  0.1655865985E+04
L1 0.3069132161E+03  0.3069132161E+03  -.8613782099E+10  0.1000000000E+01
L2 0.1000000000E+01  0.3290061580E+02  0.3290061580E+02  0.3290061580E+02
L3 0.2741637501E+05  -.4938176293E+03  -.4551299053E+03  -.5826265979E+03
L4 -.5105247108E+03  0.2886479940E+03  0.2854304544E+03  0.2835576138E+03
L5 0.8576360623E+03  0.3860870802E+03  0.3752357579E+03  0.3985203043E+03
L6 0.1159843142E+04  -.8613782099E+04  0.1216226684E+04  -.9908543767E+04
L7 0.0000000000E+00  0.4700897814E+01  0.1045085124E+02  0.1133435327E+02
L8 0.4148990547E+01  0.4423054664E+02  0.3669343894E+01  0.0000000000E+00
L9 0.0000000000E+00  0.0000000000E+00  0.0000000000E+00  0.9864484979E+00  0.0000000000E+00
L0     6000  0.1200000000E+02  -.6932076050E+04  0.1635719177E+04
L1 0.3031790242E+03  0.3031790242E+03  -.8567795228E+10  0.1000000000E+01
L2 0.1000000000E+01  0.3293125671E+02  0.3293125671E+02  0.3293125671E+02
L3 0.2749185788E+05  -.1272188301E+02  -.1549624854E+03  0.9001753723E+02
L4 -.2588894374E+02  0.2565540347E+03  0.2807127142E+03  0.2706049713E+03
L5 0.8078717202E+03  0.2590712019E+03  0.3113737798E+03  0.2527939921E+03
L6 0.8232389737E+03  -.8567795228E+04  0.1252599576E+04  -.9892396016E+04
L7 0.0000000000E+00  0.4446467028E+01  0.9352015848E+01  0.8339588532E+01
L8 0.2779361247E+01  0.4228494255E+02  0.4798836499E+01  0.0000000000E+00
L9 0.0000000000E+00  0.0000000000E+00  0.0000000000E+00  0.9837400608E+00  0.0000000000E+00
L0     7000  0.1400000000E+02  -.7061441154E+04  0.1575489799E+04
L1 0.2920155649E+03  0.2920155649E+03  -.8636930953E+10  0.1000000000E+01
L2 0.1000000000E+01  0.3293326631E+02  0.3293326631E+02  0.3293326631E+02
L3 0.2749783435E+05  -.7451262726E+03  0.2613115226E+03  -.7474112591E+03
L4 -.4104086697E+03  0.2626421279E+03  0.2611777386E+03  0.2692618085E+03
L5 0.7930816750E+03  0.4101057673E+03  0.2094630835E+03  0.4171776564E+03
L6 0.1036746507E+04  -.8636930953E+04  0.1252502917E+04  -.9966626989E+04
L7 0.0000000000E+00  0.2546690705E+01  0.8732501453E+01  0.9856972609E+01
L8 0.4679578826E+01  0.4781597299E+02  0.3561402665E+01  0.0000000000E+00
L9 0.0000000000E+00  0.0000000000E+00  0.0000000000E+00  0.9835262516E+00  0.0000000000E+00
L0     8000  0.1600000000E+02  -.6990310054E+04  0.1580082059E+04
L1 0.2928667361E+03  0.2928667361E+03  -.8570392113E+10  0.1000000000E+01
L2 0.1000000000E+01  0.3294719953E+02  0.3294719953E+02  0.3294719953E+02
L3 0.2753247711E+05  -.1112055497E+03  -.5263022762E+03  -.2603735120E+03
L4 -.2992937793E+03  0.2608307196E+03  0.2660657101E+03  0.2525805055E+03
L5 0.7794769353E+03  0.2828664946E+03  0.3703543768E+03  0.3041744424E+03
L6 0.9573953138E+03  -.8570392113E+04  0.1232273903E+04  -.9875016074E+04
L7 0.0000000000E+00  0.1925057863E+01  0.7432586068E+01  0.1248727066E+02
L8 0.3708573313E+01  0.4403433494E+02  0.2762235291E+01  0.0000000000E+00
L9 0.0000000000E+00  0.0000000000E+00  0.0000000000E+00  0.9822887289E+00  0.0000000000E+00
L0     9000  0.1800000000E+02  -.6965140472E+04  0.1629136318E+04
L1 0.3019588972E+03  0.3019588972E+03  -.8594276790E+10  0.1000000000E+01
L2 0.1000000000E+01  0.3298964023E+02  0.3298964023E+02  0.3298964023E+02
L3 0.2763831585E+05  -.2621927600E+03  -.9514083235E+02  0.3059773880E+03
L4 -.1711873480E+02  0.2735660186E+03  0.2759542067E+03  0.2828108869E+03
L5 0.8323311121E+03  0.3257201661E+03  0.2948791725E+03  0.2219473076E+03
L6 0.8425466462E+03  -.8594276790E+04  0.1284605966E+04  -.9955672036E+04
L7 0.0000000000E+00  0.2799952523E+01  0.1602701897E+02  0.1004712699E+02
L8 0.2565776218E+01  0.4249082368E+02  0.2858580983E+01  0.0000000000E+00
L9 0.0000000000E+00  0.0000000000E+00  0.0000000000E+00  0.9785271323E+00  0.0000000000E+00
L0    10000  0.2000000000E+02  -.7055603481E+04  0.1572382361E+04
L1 0.2914396044E+03  0.2914396044E+03  -.8627985843E+10  0.1000000000E+01
L2 0.1000000000E+01  0.3291410386E+02  0.3291410386E+02  0.3291410386E+02
L3 0.2744863264E+05  -.1235902351E+03  0.7594467690E+03  -.3597590848E+03
L4 0.9203248304E+02  0.2688323982E+03  0.2636366781E+03  0.2579693095E+03
L5 0.7904383857E+03  0.2932476638E+03  0.1136078787E+03  0.3290397593E+03
L6 0.7358953018E+03  -.8627985843E+04  0.1300519070E+04  -.1000629750E+05
L7 0.0000000000E+00  0.4694292251E+01  0.1108798181E+02  0.1210631599E+02
L8 0.3131223976E+01  0.4449209168E+02  0.2280681373E+01  0.0000000000E+00
L9 0.0000000000E+00  0.0000000000E+00  0.0000000000E+00  0.9852892237E+00  0.0000000000E+00
