L0  Nsteps           time(ps)         Etot             EKinetic        
L1  Temp             T_solute         T_solv           Pres_scal_solu  
L2  Pres_scal_solv   BoxX             BoxY             BoxZ            
L3  volume           pres_X           pres_Y           pres_Z          
L4  Pressure         EKCoM_x          EKCoM_y          EKCoM_z         
L5  EKComTot         VIRIAL_x         VIRIAL_y         VIRIAL_z        
L6  VIRIAL_tot       E_pot            E_vdw            E_el            
L7  E_hbon           E_bon            E_angle          E_dih           
L8  E_14vdw          E_14el           E_const          E_pol           
L9  AV_permMoment    AV_indMoment     AV_totMoment     Density          dV/dlambda      
L0     1000  0.2000000000E+01  -.7383587051E+04  0.1706692887E+04
L1 0.2930217105E+03  0.2930217105E+03  -.9090279938E+10  0.1000000000E+01
L2 0.1000000000E+01  0.3473060939E+02  0.3473060939E+02  0.3473060939E+02
L3 0.3225043496E+05  -.5253511134E+03  -.1086824351E+04  0.4855898523E+02
L4 -.5212054931E+03  0.2962073806E+03  0.2700346747E+03  0.2781420882E+03
L5 0.8443841435E+03  0.4181461516E+03  0.5222964902E+03  0.2668711062E+03
L6 0.1207313748E+04  -.9090279938E+04  0.1361324288E+04  -.1053018644E+05
L7 0.0000000000E+00  0.2432159253E+01  0.1010594988E+02  0.1442979874E+02
L8 0.2549046089E+01  0.4484395948E+02  0.4221298574E+01  0.0000000000E+00
L9 0.0000000000E+00  0.0000000000E+00  0.0000000000E+00  0.9053784730E+00  0.0000000000E+00
L0     2000  0.4000000000E+01  -.7439859031E+04  0.1761626908E+04
L1 0.3024533201E+03  0.3024533201E+03  -.9201485939E+10  0.1000000000E+01
L2 0.1000000000E+01  0.3414677714E+02  0.3414677714E+02  0.3414677714E+02
L3 0.3065073741E+05  -.5440356635E+03  -.3378754742E+02  -.4747967339E+03
L4 -.3508733149E+03  0.2860168186E+03  0.2729134030E+03  0.2968084152E+03
L5 0.8557386368E+03  0.4060288751E+03  0.2803667986E+03  0.4015466452E+03
L6 0.1087942319E+04  -.9201485939E+04  0.1364135180E+04  -.1064571259E+05
L7 0.0000000000E+00  0.3991367669E+01  0.8975785275E+01  0.1084624650E+02
L8 0.3605568262E+01  0.4547651241E+02  0.7195989614E+01  0.0000000000E+00
L9 0.0000000000E+00  0.0000000000E+00  0.0000000000E+00  0.9526312262E+00  0.0000000000E+00
L0     3000  0.6000000000E+01  -.7536247023E+04  0.1703047679E+04
L1 0.2923958656E+03  0.2923958656E+03  -.9239294702E+10  0.1000000000E+01
L2 0.1000000000E+01  0.3392141469E+02  0.3392141469E+02  0.3392141469E+02
L3 0.3004778152E+05  0.1258701420E+03  -.9470094943E+02  -.9891101402E+03
L4 -.3193136492E+03  0.2676882599E+03  0.2847057545E+03  0.2961026553E+03
L5 0.8484966697E+03  0.2404680347E+03  0.3051854420E+03  0.5100040651E+03
L6 0.1055657542E+04  -.9239294702E+04  0.1346182023E+04  -.1066158666E+05
L7 0.0000000000E+00  0.2889872912E+01  0.6009564328E+01  0.1107792177E+02
L8 0.2880831895E+01  0.4834892370E+02  0.4902822106E+01  0.0000000000E+00
L9 0.0000000000E+00  0.0000000000E+00  0.0000000000E+00  0.9717472667E+00  0.0000000000E+00
L0     4000  0.8000000000E+01  -.7641355189E+04  0.1706821755E+04
L1 0.2930438359E+03  0.2930438359E+03  -.9348176944E+10  0.1000000000E+01
L2 0.1000000000E+01  0.3382436032E+02  0.3382436032E+02  0.3382436032E+02
L3 0.2978918280E+05  0.4199982656E+03  0.3915904400E+03  -.1640945764E+03
L4 0.2158313764E+03  0.2950974684E+03  0.2818075919E+03  0.2660192660E+03
L5 0.8429243263E+03  0.2050518332E+03  0.1978524596E+03  0.3012003645E+03
L6 0.7041046573E+03  -.9348176944E+04  0.1463974993E+04  -.1089066270E+05
L7 0.0000000000E+00  0.2272885052E+01  0.7819705215E+01  0.1137735415E+02
L8 0.3503509093E+01  0.4921756454E+02  0.4319742929E+01  0.0000000000E+00
L9 0.0000000000E+00  0.0000000000E+00  0.0000000000E+00  0.9801829664E+00  0.0000000000E+00
L0     5000  0.1000000000E+02  -.7596152734E+04  0.1760999062E+04
L1 0.3023455253E+03  0.3023455253E+03  -.9357151796E+10  0.1000000000E+01
L2 0.1000000000E+01  0.3384430736E+02  0.3384430736E+02  0.3384430736E+02
L3 0.2984281937E+05  0.1319223790E+03  -.6695589320E+03  0.1671104291E+03
L4 -.1235087080E+03  0.2880276952E+03  0.2803973301E+03  0.2861231029E+03
L5 0.8545481282E+03  0.2596932375E+03  0.4242060559E+03  0.2502309107E+03
L6 0.9341302041E+03  -.9357151796E+04  0.1395233860E+04  -.1082885899E+05
L7 0.0000000000E+00  0.2626926584E+01  0.1191467630E+02  0.9701648298E+01
L8 0.3034991936E+01  0.4427430703E+02  0.4920788785E+01  0.0000000000E+00
L9 0.0000000000E+00  0.0000000000E+00  0.0000000000E+00  0.9784212812E+00  0.0000000000E+00
L0     6000  0.1200000000E+02  -.7577582914E+04  0.1679259649E+04
L1 0.2883117041E+03  0.2883117041E+03  -.9256842563E+10  0.1000000000E+01
L2 0.1000000000E+01  0.3387847580E+02  0.3387847580E+02  0.3387847580E+02
L3 0.2993268229E+05  -.2657970716E+03  0.6173948719E+03  -.3195664263E+02
L4 0.1065470526E+03  0.2653225269E+03  0.2920602787E+03  0.2695966163E+03
L5 0.8269794219E+03  0.3225826672E+03  0.1590561159E+03  0.2764809730E+03
L6 0.7581197560E+03  -.9256842563E+04  0.1408765215E+04  -.1073922161E+05
L7 0.0000000000E+00  0.2119910331E+01  0.7178916046E+01  0.1086259714E+02
L8 0.3843808794E+01  0.4818638334E+02  0.1422220789E+01  0.0000000000E+00
L9 0.0000000000E+00  0.0000000000E+00  0.0000000000E+00  0.9754838968E+00  0.0000000000E+00
L0     7000  0.1400000000E+02  -.7487339353E+04  0.1735429320E+04
L1 0.2979554622E+03  0.2979554622E+03  -.9222768673E+10  0.1000000000E+01
L2 0.1000000000E+01  0.3375897655E+02  0.3375897655E+02  0.3375897655E+02
L3 0.2961795024E+05  0.1639273645E+03  -.9555195387E+03  0.9393558065E+02
L4 -.2325521978E+03  0.2927890322E+03  0.2838926195E+03  0.2863241604E+03
L5 0.8630058121E+03  0.2578458030E+03  0.4875739162E+03  0.2663005815E+03
L6 0.1011720301E+04  -.9222768673E+04  0.1323316765E+04  -.1062109469E+05
L7 0.0000000000E+00  0.1971436083E+01  0.1038392037E+02  0.1081323045E+02
L8 0.2256485828E+01  0.4631597392E+02  0.3268209495E+01  0.0000000000E+00
L9 0.0000000000E+00  0.0000000000E+00  0.0000000000E+00  0.9858497744E+00  0.0000000000E+00
L0     8000  0.1600000000E+02  -.7511047941E+04  0.1738743943E+04
L1 0.2985245490E+03  0.2985245490E+03  -.9249791884E+10  0.1000000000E+01
L2 0.1000000000E+01  0.3382776155E+02  0.3382776155E+02  0.3382776155E+02
L3 0.2979874917E+05  0.2537186566E+02  0.1014661875E+03  -.1329313488E+03
L4 -.2031098563E+01  0.2754138303E+03  0.2809889125E+03  0.2994662948E+03
L5 0.8558690376E+03  0.2699724758E+03  0.2592280574E+03  0.3279752976E+03
L6 0.8571758308E+03  -.9249791884E+04  0.1364048849E+04  -.1070077500E+05
L7 0.0000000000E+00  0.2875533001E+01  0.1408292972E+02  0.1241398629E+02
L8 0.3160489443E+01  0.4764422950E+02  0.6757100378E+01  0.0000000000E+00
L9 0.0000000000E+00  0.0000000000E+00  0.0000000000E+00  0.9798682954E+00  0.0000000000E+00
L0     9000  0.1800000000E+02  -.7602428688E+04  0.1717977581E+04
L1 0.2949591770E+03  0.2949591770E+03  -.9320406269E+10  0.1000000000E+01
L2 0.1000000000E+01  0.3376273986E+02  0.3376273986E+02  0.3376273986E+02
L3 0.2962883189E+05  -.3791989661E+03  -.7632701830E+03  -.6624650169E+03
L4 -.6016447220E+03  0.2928853817E+03  0.2894057960E+03  0.2891428725E+03
L5 0.8714340502E+03  0.3737462228E+03  0.4521664428E+03  0.4304077050E+03
L6 0.1256320371E+04  -.9320406269E+04  0.1303239289E+04  -.1070502289E+05
L7 0.0000000000E+00  0.4187516396E+01  0.1278276524E+02  0.1133147005E+02
L8 0.3364650599E+01  0.4559650765E+02  0.4114420660E+01  0.0000000000E+00
L9 0.0000000000E+00  0.0000000000E+00  0.0000000000E+00  0.9854877056E+00  0.0000000000E+00
L0    10000  0.2000000000E+02  -.7496636373E+04  0.1759821663E+04
L1 0.3021433780E+03  0.3021433780E+03  -.9256458036E+10  0.1000000000E+01
L2 0.1000000000E+01  0.3384715715E+02  0.3384715715E+02  0.3384715715E+02
L3 0.2985130369E+05  -.5459244168E+03  -.7244754590E+03  -.1649370378E+03
L4 -.4784456379E+03  0.2908724051E+03  0.2996225321E+03  0.2880244873E+03
L5 0.8785194244E+03  0.4081600866E+03  0.4552705381E+03  0.3234599471E+03
L6 0.1186890572E+04  -.9256458036E+04  0.1317230455E+04  -.1064536117E+05
L7 0.0000000000E+00  0.2184925985E+01  0.9699963516E+01  0.1074154463E+02
L8 0.3292286686E+01  0.4400736646E+02  0.1746590184E+01  0.0000000000E+00
L9 0.0000000000E+00  0.0000000000E+00  0.0000000000E+00  0.9781431948E+00  0.0000000000E+00
