L0  Nsteps           time(ps)         Etot             EKinetic        
L1  Temp             T_solute         T_solv           Pres_scal_solu  
L2  Pres_scal_solv   BoxX             BoxY             BoxZ            
L3  volume           pres_X           pres_Y           pres_Z          
L4  Pressure         EKCoM_x          EKCoM_y          EKCoM_z         
L5  EKComTot         VIRIAL_x         VIRIAL_y         VIRIAL_z        
L6  VIRIAL_tot       E_pot            E_vdw            E_el            
L7  E_hbon           E_bon            E_angle          E_dih           
L8  E_14vdw          E_14el           E_const          E_pol           
L9  AV_permMoment    AV_indMoment     AV_totMoment     Density          dV/dlambda      
L0     1000  0.2000000000E+01  -.6859058630E+04  0.1611871219E+04
L1 0.2994205301E+03  0.2994205301E+03  -.8470929849E+10  0.1000000000E+01
L2 0.1000000000E+01  0.3386156068E+02  0.3386156068E+02  0.3386156068E+02
L3 0.2988994332E+05  -.2961680774E+03  -.6427313444E+03  -.1074880468E+04
L4 -.6712599631E+03  0.2829864637E+03  0.2580439357E+03  0.2660700613E+03
L5 0.8071004607E+03  0.3466982699E+03  0.3963085834E+03  0.4972988173E+03
L6 0.1240305671E+04  -.8470929849E+04  0.1262069652E+04  -.9810422191E+04
L7 0.0000000000E+00  0.5644577114E+01  0.6918181677E+01  0.1382655157E+02
L8 0.3118610915E+01  0.4451739797E+02  0.3397369833E+01  0.0000000000E+00
L9 0.0000000000E+00  0.0000000000E+00  0.0000000000E+00  0.9028122975E+00  0.0000000000E+00
L0     2000  0.4000000000E+01  -.6911011831E+04  0.1600819186E+04
L1 0.2973675090E+03  0.2973675090E+03  -.8511831017E+10  0.1000000000E+01
L2 0.1000000000E+01  0.3329079330E+02  0.3329079330E+02  0.3329079330E+02
L3 0.2840418336E+05  -.1137910334E+04  -.3026147030E+03  -.1014327117E+04
L4 -.8182840515E+03  0.2637789517E+03  0.2891425966E+03  0.2378102229E+03
L5 0.7907317712E+03  0.4963988862E+03  0.3510053026E+03  0.4451663745E+03
L6 0.1292570563E+04  -.8511831017E+04  0.1211968611E+04  -.9803014292E+04
L7 0.0000000000E+00  0.2162434121E+01  0.1496003925E+02  0.9042063772E+01
L8 0.3130316395E+01  0.4456919251E+02  0.5350617917E+01  0.0000000000E+00
L9 0.0000000000E+00  0.0000000000E+00  0.0000000000E+00  0.9500364104E+00  0.0000000000E+00
L0     3000  0.6000000000E+01  -.6959003021E+04  0.1626566039E+04
L1 0.3021502339E+03  0.3021502339E+03  -.8585569061E+10  0.1000000000E+01
L2 0.1000000000E+01  0.3300224828E+02  0.3300224828E+02  0.3300224828E+02
L3 0.2767050884E+05  -.8403416573E+03  0.8378145802E+03  -.6471570635E+03
L4 -.2165613802E+03  0.2652812679E+03  0.2748213160E+03  0.2815925912E+03
L5 0.8216951751E+03  0.4326327714E+03  0.1079730722E+03  0.4104719662E+03
L6 0.9510778099E+03  -.8585569061E+04  0.1268689603E+04  -.9929753121E+04
L7 0.0000000000E+00  0.4708597945E+01  0.1419792364E+02  0.1081621836E+02
L8 0.2748148615E+01  0.4113808236E+02  0.1885486970E+01  0.0000000000E+00
L9 0.0000000000E+00  0.0000000000E+00  0.0000000000E+00  0.9752263162E+00  0.0000000000E+00
L0     4000  0.8000000000E+01  -.6952113093E+04  0.1628729970E+04
L1 0.3025522047E+03  0.3025522047E+03  -.8580843063E+10  0.1000000000E+01
L2 0.1000000000E+01  0.3286267485E+02  0.3286267485E+02  0.3286267485E+02
L3 0.2732117880E+05  -.4638356131E+03  0.6997117943E+02  -.5764186775E+03
L4 -.3234277037E+03  0.2758853681E+03  0.2709388100E+03  0.2676511326E+03
L5 0.8144753107E+03  0.3670906739E+03  0.2571801795E+03  0.3809939642E+03
L6 0.1005264818E+04  -.8580843063E+04  0.1224429585E+04  -.9878777061E+04
L7 0.0000000000E+00  0.4611828923E+01  0.1050057084E+02  0.8922672304E+01
L8 0.2557832843E+01  0.4494647734E+02  0.1965030420E+01  0.0000000000E+00
L9 0.0000000000E+00  0.0000000000E+00  0.0000000000E+00  0.9876956117E+00  0.0000000000E+00
L0     5000  0.1000000000E+02  -.7020980035E+04  0.1582117818E+04
L1 0.2938935507E+03  0.2938935507E+03  -.8603097853E+10  0.1000000000E+01
L2 0.1000000000E+01  0.3290058112E+02  0.3290058112E+02  0.3290058112E+02
L3 0.2741619282E+05  -.8957909758E+03  -.1331992300E+03  -.3854430994E+03
L4 -.4714777684E+03  0.2459171956E+03  0.2716228834E+03  0.2495146258E+03
L5 0.7670547048E+03  0.4226716669E+03  0.2979053088E+03  0.3255689656E+03
L6 0.1046145941E+04  -.8603097853E+04  0.1245053416E+04  -.9923371568E+04
L7 0.0000000000E+00  0.1681734863E+01  0.1172148260E+02  0.9692174035E+01
L8 0.3820810523E+01  0.4363589215E+02  0.4668204897E+01  0.0000000000E+00
L9 0.0000000000E+00  0.0000000000E+00  0.0000000000E+00  0.9842726369E+00  0.0000000000E+00
L0     6000  0.1200000000E+02  -.6893389345E+04  0.1639612980E+04
L1 0.3045738282E+03  0.3045738282E+03  -.8533002325E+10  0.1000000000E+01
L2 0.1000000000E+01  0.3289144088E+02  0.3289144088E+02  0.3289144088E+02
L3 0.2739290520E+05  -.6287279112E+03  -.5387556941E+03  0.2983726603E+03
L4 -.2897036483E+03  0.2603744765E+03  0.2598450399E+03  0.2914906948E+03
L5 0.8117102112E+03  0.3843275828E+03  0.3660602097E+03  0.2326668102E+03
L6 0.9830546028E+03  -.8533002325E+04  0.1223929697E+04  -.9832642933E+04
L7 0.0000000000E+00  0.3842928031E+01  0.1140376387E+02  0.1111033938E+02
L8 0.3090511550E+01  0.4328719603E+02  0.2976171498E+01  0.0000000000E+00
L9 0.0000000000E+00  0.0000000000E+00  0.0000000000E+00  0.9851093997E+00  0.0000000000E+00
L0     7000  0.1400000000E+02  -.6966709807E+04  0.1601647065E+04
L1 0.2975212956E+03  0.2975212956E+03  -.8568356873E+10  0.1000000000E+01
L2 0.1000000000E+01  0.3292417429E+02  0.3292417429E+02  0.3292417429E+02
L3 0.2747352173E+05  0.3908690809E+03  -.2133190442E+03  0.4820105765E+03
L4 0.2198535377E+03  0.2571806474E+03  0.2700441168E+03  0.2743407419E+03
L5 0.8015655061E+03  0.1798943981E+03  0.3122235309E+03  0.1790331533E+03
L6 0.6711510823E+03  -.8568356873E+04  0.1298834683E+04  -.9950235020E+04
L7 0.0000000000E+00  0.6459350027E+01  0.9974686468E+01  0.9986561533E+01
L8 0.4661429753E+01  0.4543271832E+02  0.6528718339E+01  0.0000000000E+00
L9 0.0000000000E+00  0.0000000000E+00  0.0000000000E+00  0.9822187583E+00  0.0000000000E+00
L0     8000  0.1600000000E+02  -.7024729030E+04  0.1551075204E+04
L1 0.2881270875E+03  0.2881270875E+03  -.8575804234E+10  0.1000000000E+01
L2 0.1000000000E+01  0.3289608484E+02  0.3289608484E+02  0.3289608484E+02
L3 0.2740282342E+05  0.6016366264E+00  0.8409854230E+03  0.3588779915E+03
L4 0.4001550171E+03  0.2727666278E+03  0.2748778008E+03  0.2478673388E+03
L5 0.7955117673E+03  0.2726479727E+03  0.1090182975E+03  0.1770892685E+03
L6 0.5587555387E+03  -.8575804234E+04  0.1323693039E+04  -.9974520149E+04
L7 0.0000000000E+00  0.2144299247E+01  0.9733234785E+01  0.1160015411E+02
L8 0.3293619249E+01  0.4393879685E+02  0.4312772017E+01  0.0000000000E+00
L9 0.0000000000E+00  0.0000000000E+00  0.0000000000E+00  0.9847528479E+00  0.0000000000E+00
L0     9000  0.1800000000E+02  -.6971020231E+04  0.1634510656E+04
L1 0.3036260225E+03  0.3036260225E+03  -.8605530887E+10  0.1000000000E+01
L2 0.1000000000E+01  0.3282587152E+02  0.3282587152E+02  0.3282587152E+02
L3 0.2722872371E+05  -.1504489795E+03  0.5625619640E+03  -.4364785405E+03
L4 -.8121852005E+01  0.2658702786E+03  0.2591443224E+03  0.2737399399E+03
L5 0.7987545409E+03  0.2953533762E+03  0.1489005083E+03  0.3592755115E+03
L6 0.8035293960E+03  -.8605530887E+04  0.1278283680E+04  -.9964416825E+04
L7 0.0000000000E+00  0.3012250901E+01  0.1158607053E+02  0.1124037925E+02
L8 0.3102392661E+01  0.4747783376E+02  0.4183330661E+01  0.0000000000E+00
L9 0.0000000000E+00  0.0000000000E+00  0.0000000000E+00  0.9910493306E+00  0.0000000000E+00
L0    10000  0.2000000000E+02  -.7023240219E+04  0.1581869829E+04
L1 0.2938474844E+03  0.2938474844E+03  -.8605110049E+10  0.1000000000E+01
L2 0.1000000000E+01  0.3285102994E+02  0.3285102994E+02  0.3285102994E+02
L3 0.2729108985E+05  0.3162006161E+03  0.1613889758E+03  -.1472749492E+03
L4 0.1101048809E+03  0.2509795011E+03  0.2800906811E+03  0.2596125732E+03
L5 0.7906827555E+03  0.1888725556E+03  0.2483912605E+03  0.2885397694E+03
L6 0.7258035854E+03  -.8605110049E+04  0.1289882850E+04  -.9967437222E+04
L7 0.0000000000E+00  0.1020265565E+01  0.7033244646E+01  0.1121894309E+02
L8 0.3314896382E+01  0.4652792511E+02  0.3329049164E+01  0.0000000000E+00
L9 0.0000000000E+00  0.0000000000E+00  0.0000000000E+00  0.9887845649E+00  0.0000000000E+00
