L0  Nsteps           time(ps)         Etot             EKinetic        
L1  Temp             T_solute         T_solv           Pres_scal_solu  
L2  Pres_scal_solv   BoxX             BoxY             BoxZ            
L3  volume           pres_X           pres_Y           pres_Z          
L4  Pressure         EKCoM_x          EKCoM_y          EKCoM_z         
L5  EKComTot         VIRIAL_x         VIRIAL_y         VIRIAL_z        
L6  VIRIAL_tot       E_pot            E_vdw            E_el            
L7  E_hbon           E_bon            E_angle          E_dih           
L8  E_14vdw          E_14el           E_const          E_pol           
L9  AV_permMoment    AV_indMoment     AV_totMoment     Density          dV/dlambda      
L0     1000  0.2000000000E+01  -.7323114285E+04  0.1798031202E+04
L1 0.3102915462E+03  0.3102915462E+03  -.9121145487E+10  0.1000000000E+01
L2 0.1000000000E+01  0.3465633579E+02  0.3465633579E+02  0.3465633579E+02
L3 0.3204557440E+05  -.1184554558E+04  -.5329467933E+03  -.1531578595E+04
L4 -.1083026649E+04  0.2981773811E+03  0.2800533873E+03  0.2856137171E+03
L5 0.8638444855E+03  0.5713767607E+03  0.4029694086E+03  0.6388488796E+03
L6 0.1613195049E+04  -.9121145487E+04  0.1312092946E+04  -.1051114683E+05
L7 0.0000000000E+00  0.5442533830E+01  0.7486601710E+01  0.9231378703E+01
L8 0.3967032846E+01  0.4768494106E+02  0.4095909601E+01  0.0000000000E+00
L9 0.0000000000E+00  0.0000000000E+00  0.0000000000E+00  0.9064985180E+00  0.0000000000E+00
L0     2000  0.4000000000E+01  -.7500803038E+04  0.1629989217E+04
L1 0.2812920453E+03  0.2812920453E+03  -.9130792255E+10  0.1000000000E+01
L2 0.1000000000E+01  0.3419760491E+02  0.3419760491E+02  0.3419760491E+02
L3 0.3078790441E+05  -.8418636717E+02  -.8587388612E+03  -.2096629925E+03
L4 -.3841960736E+03  0.2797657998E+03  0.2790854678E+03  0.2714097926E+03
L5 0.8302610602E+03  0.2984200792E+03  0.4693675199E+03  0.3178675765E+03
L6 0.1085655176E+04  -.9130792255E+04  0.1350106093E+04  -.1055351903E+05
L7 0.0000000000E+00  0.5545177277E+01  0.8535518057E+01  0.9014976750E+01
L8 0.3291174864E+01  0.4418514349E+02  0.2048691943E+01  0.0000000000E+00
L9 0.0000000000E+00  0.0000000000E+00  0.0000000000E+00  0.9435285139E+00  0.0000000000E+00
L0     3000  0.6000000000E+01  -.7417535726E+04  0.1778920129E+04
L1 0.3069934920E+03  0.3069934920E+03  -.9196455855E+10  0.1000000000E+01
L2 0.1000000000E+01  0.3402098723E+02  0.3402098723E+02  0.3402098723E+02
L3 0.3031395651E+05  -.8806219519E+03  -.7188256662E+02  -.8838072557E+03
L4 -.6121039247E+03  0.2923886086E+03  0.3081802280E+03  0.3161758827E+03
L5 0.9167447193E+03  0.4845157453E+03  0.3238629982E+03  0.5089979638E+03
L6 0.1317376707E+04  -.9196455855E+04  0.1313955651E+04  -.1058332182E+05
L7 0.0000000000E+00  0.2430735129E+01  0.7159436468E+01  0.1081026229E+02
L8 0.2440035482E+01  0.4661161548E+02  0.3458233318E+01  0.0000000000E+00
L9 0.0000000000E+00  0.0000000000E+00  0.0000000000E+00  0.9582802458E+00  0.0000000000E+00
L0     4000  0.8000000000E+01  -.7526466856E+04  0.1699438143E+04
L1 0.2932770514E+03  0.2932770514E+03  -.9225904999E+10  0.1000000000E+01
L2 0.1000000000E+01  0.3378774742E+02  0.3378774742E+02  0.3378774742E+02
L3 0.2969396873E+05  -.4841832757E+03  -.2523419746E+03  -.2203155862E+03
L4 -.3189469455E+03  0.2738339743E+03  0.2817821130E+03  0.2847647977E+03
L5 0.8403808850E+03  0.3773087780E+03  0.3357101143E+03  0.3318484398E+03
L6 0.1044867332E+04  -.9225904999E+04  0.1333168155E+04  -.1063458487E+05
L7 0.0000000000E+00  0.4431941767E+01  0.9664906888E+01  0.9343855746E+01
L8 0.2620793076E+01  0.4773118625E+02  0.1719028448E+01  0.0000000000E+00
L9 0.0000000000E+00  0.0000000000E+00  0.0000000000E+00  0.9782884181E+00  0.0000000000E+00
L0     5000  0.1000000000E+02  -.7528891603E+04  0.1691889030E+04
L1 0.2919742786E+03  0.2919742786E+03  -.9220780633E+10  0.1000000000E+01
L2 0.1000000000E+01  0.3367170648E+02  0.3367170648E+02  0.3367170648E+02
L3 0.2938879174E+05  -.2460346874E+03  -.2582538991E+03  -.1288783488E+03
L4 -.2110556451E+03  0.2945391184E+03  0.2837183842E+03  0.2739011000E+03
L5 0.8521586026E+03  0.3465788025E+03  0.3383425979E+03  0.3011606244E+03
L6 0.9860820249E+03  -.9220780633E+04  0.1325514167E+04  -.1062660928E+05
L7 0.0000000000E+00  0.7373678082E+01  0.8125148271E+01  0.1193333262E+02
L8 0.2699671179E+01  0.4646134481E+02  0.3721304401E+01  0.0000000000E+00
L9 0.0000000000E+00  0.0000000000E+00  0.0000000000E+00  0.9884470908E+00  0.0000000000E+00
L0     6000  0.1200000000E+02  -.7387777417E+04  0.1762113619E+04
L1 0.3040931430E+03  0.3040931430E+03  -.9149891036E+10  0.1000000000E+01
L2 0.1000000000E+01  0.3377056194E+02  0.3377056194E+02  0.3377056194E+02
L3 0.2964673306E+05  0.3625994333E+03  0.4463418884E+03  0.4451107910E+03
L4 0.4180173709E+03  0.2877495890E+03  0.2818082122E+03  0.3208796800E+03
L5 0.8904374811E+03  0.2103817362E+03  0.1865722290E+03  0.2259063761E+03
L6 0.6228603413E+03  -.9149891036E+04  0.1390215195E+04  -.1061335003E+05
L7 0.0000000000E+00  0.2866770637E+01  0.7276373714E+01  0.9807456505E+01
L8 0.3421270854E+01  0.4622135548E+02  0.3650572993E+01  0.0000000000E+00
L9 0.0000000000E+00  0.0000000000E+00  0.0000000000E+00  0.9798471096E+00  0.0000000000E+00
L0     7000  0.1400000000E+02  -.7457149706E+04  0.1753260627E+04
L1 0.3025653560E+03  0.3025653560E+03  -.9210410333E+10  0.1000000000E+01
L2 0.1000000000E+01  0.3375740865E+02  0.3375740865E+02  0.3375740865E+02
L3 0.2961283041E+05  0.7108084456E+02  -.3511406715E+03  0.7105057356E+03
L4 0.1434819696E+03  0.2885902062E+03  0.2906010584E+03  0.2812623852E+03
L5 0.8604536499E+03  0.2734410278E+03  0.3654382765E+03  0.1298351170E+03
L6 0.7687144213E+03  -.9210410333E+04  0.1384905432E+04  -.1067785534E+05
L7 0.0000000000E+00  0.1544011268E+01  0.1437438767E+02  0.1239671340E+02
L8 0.3786834645E+01  0.4522792300E+02  0.5209705062E+01  0.0000000000E+00
L9 0.0000000000E+00  0.0000000000E+00  0.0000000000E+00  0.9809689009E+00  0.0000000000E+00
L0     8000  0.1600000000E+02  -.7450395823E+04  0.1770829310E+04
L1 0.3055972356E+03  0.3055972356E+03  -.9221225133E+10  0.1000000000E+01
L2 0.1000000000E+01  0.3361696906E+02  0.3361696906E+02  0.3361696906E+02
L3 0.2924665761E+05  -.8840044413E+02  -.1099939107E+04  -.5465498825E+03
L4 -.5782964777E+03  0.3061255081E+03  0.2990926508E+03  0.2883128189E+03
L5 0.8935309778E+03  0.3247329755E+03  0.5306195546E+03  0.4033564621E+03
L6 0.1258708992E+04  -.9221225133E+04  0.1274771912E+04  -.1057465402E+05
L7 0.0000000000E+00  0.1208840917E+01  0.7078950941E+01  0.1316999291E+02
L8 0.4172242504E+01  0.4951410563E+02  0.3512841668E+01  0.0000000000E+00
L9 0.0000000000E+00  0.0000000000E+00  0.0000000000E+00  0.9932507873E+00  0.0000000000E+00
L0     9000  0.1800000000E+02  -.7535138750E+04  0.1747034159E+04
L1 0.3014908362E+03  0.3014908362E+03  -.9282172910E+10  0.1000000000E+01
L2 0.1000000000E+01  0.3367105544E+02  0.3367105544E+02  0.3367105544E+02
L3 0.2938691558E+05  -.1214706849E+03  -.6331713093E+03  0.3177662772E+03
L4 -.1456252390E+03  0.2993513450E+03  0.2778471255E+03  0.2928775174E+03
L5 0.8700759880E+03  0.3250424075E+03  0.4117629233E+03  0.2256699168E+03
L6 0.9624752476E+03  -.9282172910E+04  0.1353115481E+04  -.1070814458E+05
L7 0.0000000000E+00  0.5613014442E+01  0.1107126521E+02  0.1062967037E+02
L8 0.1932442047E+01  0.4240729172E+02  0.1202502306E+01  0.0000000000E+00
L9 0.0000000000E+00  0.0000000000E+00  0.0000000000E+00  0.9885101966E+00  0.0000000000E+00
L0    10000  0.2000000000E+02  -.7560003308E+04  0.1711803760E+04
L1 0.2954110224E+03  0.2954110224E+03  -.9271807069E+10  0.1000000000E+01
L2 0.1000000000E+01  0.3363458510E+02  0.3363458510E+02  0.3363458510E+02
L3 0.2929205944E+05  -.4416091483E+03  -.2098976399E+03  -.3945607375E+03
L4 -.3486891752E+03  0.2729636330E+03  0.2733863139E+03  0.2796311279E+03
L5 0.8259810749E+03  0.3660625327E+03  0.3176363921E+03  0.3628114032E+03
L6 0.1046510328E+04  -.9271807069E+04  0.1332648950E+04  -.1067574711E+05
L7 0.0000000000E+00  0.1855344882E+01  0.4272823193E+01  0.1094734109E+02
L8 0.3284628769E+01  0.4815978410E+02  0.2771173104E+01  0.0000000000E+00
L9 0.0000000000E+00  0.0000000000E+00  0.0000000000E+00  0.9917112779E+00  0.0000000000E+00
