L0  Nsteps           time(ps)         Etot             EKinetic        
L1  Temp             T_solute         T_solv           Pres_scal_solu  
L2  Pres_scal_solv   BoxX             BoxY             BoxZ            
L3  volume           pres_X           pres_Y           pres_Z          
L4  Pressure         EKCoM_x          EKCoM_y          EKCoM_z         
L5  EKComTot         VIRIAL_x         VIRIAL_y         VIRIAL_z        
L6  VIRIAL_tot       E_pot            E_vdw            E_el            
L7  E_hbon           E_bon            E_angle          E_dih           
L8  E_14vdw          E_14el           E_const          E_pol           
L9  AV_permMoment    AV_indMoment     AV_totMoment     Density          dV/dlambda      
L0     1000  0.2000000000E+01  -.7109927851E+04  0.1759035867E+04
L1 0.3083200314E+03  0.3083200314E+03  -.8868963717E+10  0.1000000000E+01
L2 0.1000000000E+01  0.3455990607E+02  0.3455990607E+02  0.3455990607E+02
L3 0.3177861036E+05  -.1438437712E+04  -.1204624418E+04  -.3822437922E+03
L4 -.1008435307E+04  0.2873199615E+03  0.3033773619E+03  0.2889102189E+03
L5 0.8796075424E+03  0.6163098444E+03  0.5788910271E+03  0.3763344705E+03
L6 0.1571535342E+04  -.8868963717E+04  0.1252633921E+04  -.1020095421E+05
L7 0.0000000000E+00  0.3086255632E+01  0.7255657408E+01  0.1506893988E+02
L8 0.2948678485E+01  0.4757383588E+02  0.3423203534E+01  0.0000000000E+00
L9 0.0000000000E+00  0.0000000000E+00  0.0000000000E+00  0.8999925985E+00  0.0000000000E+00
L0     2000  0.4000000000E+01  -.7258049748E+04  0.1702929447E+04
L1 0.2984858187E+03  0.2984858187E+03  -.8960979195E+10  0.1000000000E+01
L2 0.1000000000E+01  0.3405789008E+02  0.3405789008E+02  0.3405789008E+02
L3 0.3041286597E+05  -.8308099735E+03  0.1252567776E+03  -.1304404487E+04
L4 -.6699858942E+03  0.2912213571E+03  0.2767062770E+03  0.3043389360E+03
L5 0.8722665702E+03  0.4730723302E+03  0.2492895781E+03  0.5898521494E+03
L6 0.1312214058E+04  -.8960979195E+04  0.1277937214E+04  -.1031822842E+05
L7 0.0000000000E+00  0.1944470110E+01  0.1294296448E+02  0.1380290828E+02
L8 0.2958963035E+01  0.4550139530E+02  0.2161307307E+01  0.0000000000E+00
L9 0.0000000000E+00  0.0000000000E+00  0.0000000000E+00  0.9404083832E+00  0.0000000000E+00
L0     3000  0.6000000000E+01  -.7416902405E+04  0.1626890892E+04
L1 0.2851579438E+03  0.2851579438E+03  -.9043793297E+10  0.1000000000E+01
L2 0.1000000000E+01  0.3378520254E+02  0.3378520254E+02  0.3378520254E+02
L3 0.2968614896E+05  0.4280733500E+03  -.4536660709E+02  -.8127489123E+02
L4 0.1004772839E+03  0.2621939435E+03  0.2707831984E+03  0.2681817869E+03
L5 0.8011589287E+03  0.1707344833E+03  0.2804759424E+03  0.2855464691E+03
L6 0.7367568948E+03  -.9043793297E+04  0.1393892028E+04  -.1051010644E+05
L7 0.0000000000E+00  0.2209986240E+01  0.8014485536E+01  0.9868829823E+01
L8 0.2972303584E+01  0.4706034144E+02  0.2295166593E+01  0.0000000000E+00
L9 0.0000000000E+00  0.0000000000E+00  0.0000000000E+00  0.9634295830E+00  0.0000000000E+00
L0     4000  0.8000000000E+01  -.7360910869E+04  0.1675706381E+04
L1 0.2937142180E+03  0.2937142180E+03  -.9036617250E+10  0.1000000000E+01
L2 0.1000000000E+01  0.3363105829E+02  0.3363105829E+02  0.3363105829E+02
L3 0.2928072299E+05  0.4326818611E+03  0.6937599008E+03  0.2659268674E+03
L4 0.4641228764E+03  0.2788107451E+03  0.2778620216E+03  0.2922783658E+03
L5 0.8489511324E+03  0.1876291752E+03  0.1316619551E+03  0.2362380474E+03
L6 0.5555291777E+03  -.9036617250E+04  0.1402460699E+04  -.1050978612E+05
L7 0.0000000000E+00  0.2771977833E+01  0.6069230614E+01  0.1051997334E+02
L8 0.3667676733E+01  0.4583721860E+02  0.1842094483E+01  0.0000000000E+00
L9 0.0000000000E+00  0.0000000000E+00  0.0000000000E+00  0.9767693959E+00  0.0000000000E+00
L0     5000  0.1000000000E+02  -.7394681266E+04  0.1717474335E+04
L1 0.3010352153E+03  0.3010352153E+03  -.9112155601E+10  0.1000000000E+01
L2 0.1000000000E+01  0.3355465985E+02  0.3355465985E+02  0.3355465985E+02
L3 0.2908403086E+05  -.5224866345E+03  -.6578565982E+03  -.2058669699E+03
L4 -.4620700675E+03  0.2934649247E+03  0.2985508560E+03  0.2787712515E+03
L5 0.8707870322E+03  0.4028319406E+03  0.4362535420E+03  0.3218633703E+03
L6 0.1160948853E+04  -.9112155601E+04  0.1307681469E+04  -.1049925725E+05
L7 0.0000000000E+00  0.3026798065E+01  0.1452836959E+02  0.1008336385E+02
L8 0.2499646759E+01  0.4408754495E+02  0.5194458853E+01  0.0000000000E+00
L9 0.0000000000E+00  0.0000000000E+00  0.0000000000E+00  0.9833751810E+00  0.0000000000E+00
L0     6000  0.1200000000E+02  -.7366826385E+04  0.1720546836E+04
L1 0.3015737568E+03  0.3015737568E+03  -.9087373221E+10  0.1000000000E+01
L2 0.1000000000E+01  0.3354610917E+02  0.3354610917E+02  0.3354610917E+02
L3 0.2906144169E+05  0.2562232581E+03  -.7083047817E+03  -.5169069830E+03
L4 -.3229961689E+03  0.2924517832E+03  0.2612225852E+03  0.2923032400E+03
L5 0.8459776084E+03  0.2388607310E+03  0.4093699425E+03  0.4004182852E+03
L6 0.1048648959E+04  -.9087373221E+04  0.1315236577E+04  -.1047347505E+05
L7 0.0000000000E+00  0.2521669357E+01  0.7700195556E+01  0.8602425828E+01
L8 0.3663269823E+01  0.4291368002E+02  0.5464015165E+01  0.0000000000E+00
L9 0.0000000000E+00  0.0000000000E+00  0.0000000000E+00  0.9841395489E+00  0.0000000000E+00
L0     7000  0.1400000000E+02  -.7270592684E+04  0.1776101289E+04
L1 0.3113112220E+03  0.3113112220E+03  -.9046693973E+10  0.1000000000E+01
L2 0.1000000000E+01  0.3344587384E+02  0.3344587384E+02  0.3344587384E+02
L3 0.2880001593E+05  0.5725450983E+03  0.1024010079E+03  0.3386346740E+03
L4 0.3378602601E+03  0.2825278341E+03  0.3155773080E+03  0.2959372531E+03
L5 0.8940423952E+03  0.1638528974E+03  0.2943520226E+03  0.2257463657E+03
L6 0.6839512856E+03  -.9046693973E+04  0.1352487611E+04  -.1048000363E+05
L7 0.0000000000E+00  0.4345824160E+01  0.1205452967E+02  0.1083817096E+02
L8 0.3032161672E+01  0.4591384677E+02  0.4637515562E+01  0.0000000000E+00
L9 0.0000000000E+00  0.0000000000E+00  0.0000000000E+00  0.9930728575E+00  0.0000000000E+00
L0     8000  0.1600000000E+02  -.7458915402E+04  0.1699678763E+04
L1 0.2979160457E+03  0.2979160457E+03  -.9158594165E+10  0.1000000000E+01
L2 0.1000000000E+01  0.3349845910E+02  0.3349845910E+02  0.3349845910E+02
L3 0.2893594086E+05  0.6708786454E+03  0.5556601474E+03  -.6046169332E+02
L4 0.3886923665E+03  0.2902209642E+03  0.2773127624E+03  0.2693227780E+03
L5 0.8368565047E+03  0.1505075337E+03  0.1615940912E+03  0.2819141917E+03
L6 0.5940158167E+03  -.9158594165E+04  0.1413837606E+04  -.1064668910E+05
L7 0.0000000000E+00  0.1757691731E+01  0.7177550457E+01  0.1057772888E+02
L8 0.4033418471E+01  0.4810743869E+02  0.2603497405E+01  0.0000000000E+00
L9 0.0000000000E+00  0.0000000000E+00  0.0000000000E+00  0.9884079543E+00  0.0000000000E+00
L0     9000  0.1800000000E+02  -.7414223578E+04  0.1709194914E+04
L1 0.2995840161E+03  0.2995840161E+03  -.9123418491E+10  0.1000000000E+01
L2 0.1000000000E+01  0.3349532355E+02  0.3349532355E+02  0.3349532355E+02
L3 0.2892971982E+05  0.4473959626E+02  -.5369310354E+03  -.5549279648E+03
L4 -.3490398013E+03  0.2902476048E+03  0.2635551895E+03  0.2783766687E+03
L5 0.8321794630E+03  0.2809323901E+03  0.3753494005E+03  0.3939180137E+03
L6 0.1050199804E+04  -.9123418491E+04  0.1302260190E+04  -.1049747941E+05
L7 0.0000000000E+00  0.9825599556E+00  0.9127627448E+01  0.1094114920E+02
L8 0.3393840900E+01  0.4452557760E+02  0.2829973239E+01  0.0000000000E+00
L9 0.0000000000E+00  0.0000000000E+00  0.0000000000E+00  0.9886205013E+00  0.0000000000E+00
L0    10000  0.2000000000E+02  -.7378069278E+04  0.1675741830E+04
L1 0.2937204313E+03  0.2937204313E+03  -.9053811108E+10  0.1000000000E+01
L2 0.1000000000E+01  0.3357607599E+02  0.3357607599E+02  0.3357607599E+02
L3 0.2913731661E+05  0.4080619214E+03  0.6687316767E+03  0.3511334810E+03
L4 0.4759756930E+03  0.2889889253E+03  0.2582363042E+03  0.2671062345E+03
L5 0.8143314639E+03  0.2034168227E+03  0.1180007844E+03  0.1934722376E+03
L6 0.5148898446E+03  -.9053811108E+04  0.1394587729E+04  -.1051772404E+05
L7 0.0000000000E+00  0.4321016606E+01  0.4314521521E+01  0.1056159969E+02
L8 0.2476173979E+01  0.4542202698E+02  0.2229863388E+01  0.0000000000E+00
L9 0.0000000000E+00  0.0000000000E+00  0.0000000000E+00  0.9815768040E+00  0.0000000000E+00
