L0  Nsteps           time(ps)         Etot             EKinetic        
L1  Temp             T_solute         T_solv           Pres_scal_solu  
L2  Pres_scal_solv   BoxX             BoxY             BoxZ            
L3  volume           pres_X           pres_Y           pres_Z          
L4  Pressure         EKCoM_x          EKCoM_y          EKCoM_z         
L5  EKComTot         VIRIAL_x         VIRIAL_y         VIRIAL_z        
L6  VIRIAL_tot       E_pot            E_vdw            E_el            
L7  E_hbon           E_bon            E_angle          E_dih           
L8  E_14vdw          E_14el           E_const          E_pol           
L9  AV_permMoment    AV_indMoment     AV_totMoment     Density          dV/dlambda      
L0     1000  0.2000000000E+01  -.7709618361E+04  0.1725189326E+04
L1 0.2893848206E+03  0.2893848206E+03  -.9434807687E+10  0.1000000000E+01
L2 0.1000000000E+01  0.3489279240E+02  0.3489279240E+02  0.3489279240E+02
L3 0.3270558870E+05  -.7306653523E+03  -.8540865507E+03  -.1250794199E+04
L4 -.9451820340E+03  0.2817795700E+03  0.3016682877E+03  0.2766387036E+03
L5 0.8600865613E+03  0.4537671417E+03  0.5027073426E+03  0.5710567382E+03
L6 0.1527531223E+04  -.9434807687E+04  0.1396019162E+04  -.1091336193E+05
L7 0.0000000000E+00  0.3595410788E+01  0.1383050076E+02  0.1397081741E+02
L8 0.3223747574E+01  0.4432014594E+02  0.3594459590E+01  0.0000000000E+00
L9 0.0000000000E+00  0.0000000000E+00  0.0000000000E+00  0.9138173784E+00  0.0000000000E+00
L0     2000  0.4000000000E+01  -.7646866979E+04  0.1766390718E+04
L1 0.2962959795E+03  0.2962959795E+03  -.9413257697E+10  0.1000000000E+01
L2 0.1000000000E+01  0.3437303020E+02  0.3437303020E+02  0.3437303020E+02
L3 0.3126531742E+05  -.1038102393E+04  -.3408334728E+03  -.1037839634E+04
L4 -.8055918331E+03  0.2926836900E+03  0.3076434387E+03  0.2718187662E+03
L5 0.8721458949E+03  0.5262765771E+03  0.3843374868E+03  0.5053525274E+03
L6 0.1415966591E+04  -.9413257697E+04  0.1325337568E+04  -.1080982671E+05
L7 0.0000000000E+00  0.3798380674E+01  0.8665539333E+01  0.1067299795E+02
L8 0.2032692331E+01  0.4400136571E+02  0.2060470850E+01  0.0000000000E+00
L9 0.0000000000E+00  0.0000000000E+00  0.0000000000E+00  0.9559133823E+00  0.0000000000E+00
L0     3000  0.6000000000E+01  -.7739614871E+04  0.1729718491E+04
L1 0.2901445470E+03  0.2901445470E+03  -.9469333362E+10  0.1000000000E+01
L2 0.1000000000E+01  0.3415742209E+02  0.3415742209E+02  0.3415742209E+02
L3 0.3067900200E+05  -.2943221808E+02  -.4443718314E+03  -.1297730012E+03
L4 -.2011923502E+03  0.3050677459E+03  0.2666908714E+03  0.2873559017E+03
L5 0.8591145189E+03  0.3115663607E+03  0.3648078868E+03  0.3160096971E+03
L6 0.9923839447E+03  -.9469333362E+04  0.1408058521E+04  -.1094886619E+05
L7 0.0000000000E+00  0.2478704575E+01  0.1203032237E+02  0.9934224794E+01
L8 0.2215399501E+01  0.4344474598E+02  0.1370911240E+01  0.0000000000E+00
L9 0.0000000000E+00  0.0000000000E+00  0.0000000000E+00  0.9741821238E+00  0.0000000000E+00
L0     4000  0.8000000000E+01  -.7757658682E+04  0.1722982259E+04
L1 0.2890146053E+03  0.2890146053E+03  -.9480640941E+10  0.1000000000E+01
L2 0.1000000000E+01  0.3402129346E+02  0.3402129346E+02  0.3402129346E+02
L3 0.3031329604E+05  0.1319446560E+03  0.3418532327E+03  -.6691932938E+03
L4 -.6513180173E+02  0.3059574009E+03  0.2768394984E+03  0.2783652199E+03
L5 0.8611621192E+03  0.2771713860E+03  0.2022582873E+03  0.4243613422E+03
L6 0.9037910154E+03  -.9480640941E+04  0.1409341548E+04  -.1096254085E+05
L7 0.0000000000E+00  0.2364320176E+01  0.8680488748E+01  0.9523197398E+01
L8 0.2940558086E+01  0.4712397873E+02  0.1925820144E+01  0.0000000000E+00
L9 0.0000000000E+00  0.0000000000E+00  0.0000000000E+00  0.9859348613E+00  0.0000000000E+00
L0     5000  0.1000000000E+02  -.7727637192E+04  0.1785218151E+04
L1 0.2994541101E+03  0.2994541101E+03  -.9512855343E+10  0.1000000000E+01
L2 0.1000000000E+01  0.3405065187E+02  0.3405065187E+02  0.3405065187E+02
L3 0.3039225420E+05  -.6792462314E+03  0.2332622687E+03  -.2081602457E+03
L4 -.2180480695E+03  0.2825535218E+03  0.2904495996E+03  0.3008746099E+03
L5 0.8738777313E+03  0.4311288610E+03  0.2394268348E+03  0.3464066684E+03
L6 0.1016962364E+04  -.9512855343E+04  0.1405312028E+04  -.1099363203E+05
L7 0.0000000000E+00  0.3413431746E+01  0.9522571939E+01  0.1038994994E+02
L8 0.2604561611E+01  0.4703256569E+02  0.2501576380E+01  0.0000000000E+00
L9 0.0000000000E+00  0.0000000000E+00  0.0000000000E+00  0.9833734320E+00  0.0000000000E+00
L0     6000  0.1200000000E+02  -.7748041780E+04  0.1784153936E+04
L1 0.2992755978E+03  0.2992755978E+03  -.9532195716E+10  0.1000000000E+01
L2 0.1000000000E+01  0.3393053873E+02  0.3393053873E+02  0.3393053873E+02
L3 0.3007103832E+05  -.1356848402E+03  -.4759305503E+02  0.3393682291E+03
L4 0.5203011128E+02  0.2936535874E+03  0.3085864894E+03  0.2872950228E+03
L5 0.8895350996E+03  0.3230190152E+03  0.3188867589E+03  0.2138476635E+03
L6 0.8557534375E+03  -.9532195716E+04  0.1407605019E+04  -.1101845162E+05
L7 0.0000000000E+00  0.2920466529E+01  0.1436614281E+02  0.1195558432E+02
L8 0.3655931239E+01  0.4400269604E+02  0.1750065989E+01  0.0000000000E+00
L9 0.0000000000E+00  0.0000000000E+00  0.0000000000E+00  0.9938777306E+00  0.0000000000E+00
L0     7000  0.1400000000E+02  -.7764466980E+04  0.1745819449E+04
L1 0.2928453362E+03  0.2928453362E+03  -.9510286429E+10  0.1000000000E+01
L2 0.1000000000E+01  0.3401513517E+02  0.3401513517E+02  0.3401513517E+02
L3 0.3029714890E+05  -.3841497115E+03  0.2315889292E+02  -.1798375556E+03
L4 -.1802761247E+03  0.2828878917E+03  0.2897480959E+03  0.2942672680E+03
L5 0.8669032557E+03  0.3666521704E+03  0.2846982731E+03  0.3334810502E+03
L6 0.9848314937E+03  -.9510286429E+04  0.1386725856E+04  -.1096839677E+05
L7 0.0000000000E+00  0.2763164543E+01  0.1229491460E+02  0.1199103966E+02
L8 0.1859638369E+01  0.4194345689E+02  0.5322693643E+00  0.0000000000E+00
L9 0.0000000000E+00  0.0000000000E+00  0.0000000000E+00  0.9864603241E+00  0.0000000000E+00
L0     8000  0.1600000000E+02  -.7763818495E+04  0.1769861760E+04
L1 0.2968782153E+03  0.2968782153E+03  -.9533680255E+10  0.1000000000E+01
L2 0.1000000000E+01  0.3394232760E+02  0.3394232760E+02  0.3394232760E+02
L3 0.3010027824E+05  0.7675048363E+03  0.6796649768E+03  0.1071831796E+04
L4 0.8396672029E+03  0.2802399273E+03  0.2981191228E+03  0.2883519800E+03
L5 0.8667110301E+03  0.1139721041E+03  0.1508804204E+03  0.5615651872E+02
L6 0.3210090432E+03  -.9533680255E+04  0.1517826021E+04  -.1112333130E+05
L7 0.0000000000E+00  0.3175889892E+01  0.1167542410E+02  0.1021653659E+02
L8 0.2576689382E+01  0.4093843374E+02  0.3242048135E+01  0.0000000000E+00
L9 0.0000000000E+00  0.0000000000E+00  0.0000000000E+00  0.9929122610E+00  0.0000000000E+00
L0     9000  0.1800000000E+02  -.7828371735E+04  0.1782526534E+04
L1 0.2990026159E+03  0.2990026159E+03  -.9610898269E+10  0.1000000000E+01
L2 0.1000000000E+01  0.3391512708E+02  0.3391512708E+02  0.3391512708E+02
L3 0.3003018054E+05  -.2592809293E+03  -.5200846717E+03  0.8240591296E+03
L4 0.1489784286E+02  0.2905257473E+03  0.3239970205E+03  0.3037134563E+03
L5 0.9182362241E+03  0.3465640661E+03  0.4364027834E+03  0.1256097741E+03
L6 0.9085766235E+03  -.9610898269E+04  0.1432986438E+04  -.1111796993E+05
L7 0.0000000000E+00  0.2265319711E+01  0.9457045819E+01  0.1192537250E+02
L8 0.3375576634E+01  0.4418942419E+02  0.2872482820E+01  0.0000000000E+00
L9 0.0000000000E+00  0.0000000000E+00  0.0000000000E+00  0.9952299583E+00  0.0000000000E+00
L0    10000  0.2000000000E+02  -.7739558499E+04  0.1748388753E+04
L1 0.2932763136E+03  0.2932763136E+03  -.9487947253E+10  0.1000000000E+01
L2 0.1000000000E+01  0.3402529232E+02  0.3402529232E+02  0.3402529232E+02
L3 0.3032400033E+05  0.4013738148E+03  -.1205371389E+03  -.4917473151E+03
L4 -.7030354641E+02  0.2797687290E+03  0.2823866003E+03  0.2866560485E+03
L5 0.8488113778E+03  0.1921711489E+03  0.3086931536E+03  0.3939771374E+03
L6 0.8948414399E+03  -.9487947253E+04  0.1391321837E+04  -.1094811388E+05
L7 0.0000000000E+00  0.2157368856E+01  0.8421748454E+01  0.1074527904E+02
L8 0.3376250133E+01  0.4259628423E+02  0.1547861327E+01  0.0000000000E+00
L9 0.0000000000E+00  0.0000000000E+00  0.0000000000E+00  0.9855868289E+00  0.0000000000E+00
