L0  Nsteps           time(ps)         Etot             EKinetic        
L1  Temp             T_solute         T_solv           Pres_scal_solu  
L2  Pres_scal_solv   BoxX             BoxY             BoxZ            
L3  volume           pres_X           pres_Y           pres_Z          
L4  Pressure         EKCoM_x          EKCoM_y          EKCoM_z         
L5  EKComTot         VIRIAL_x         VIRIAL_y         VIRIAL_z        
L6  VIRIAL_tot       E_pot            E_vdw            E_el            
L7  E_hbon           E_bon            E_angle          E_dih           
L8  E_14vdw          E_14el           E_const          E_pol           
L9  AV_permMoment    AV_indMoment     AV_totMoment     Density          dV/dlambda      
L0     1000  0.2000000000E+01  -.7162169842E+04  0.1710421690E+04
L1 0.3007418072E+03  0.3007418072E+03  -.8872591532E+10  0.1000000000E+01
L2 0.1000000000E+01  0.3449752881E+02  0.3449752881E+02  0.3449752881E+02
L3 0.3160636745E+05  -.5321201591E+03  -.9674457873E+03  -.1013499885E+04
L4 -.8376886106E+03  0.2877697542E+03  0.2905103003E+03  0.2820891431E+03
L5 0.8603691976E+03  0.4088130881E+03  0.5105787594E+03  0.5126336977E+03
L6 0.1432025545E+04  -.8872591532E+04  0.1298164073E+04  -.1024447912E+05
L7 0.0000000000E+00  0.2233708564E+01  0.7784787552E+01  0.1082251044E+02
L8 0.2492102553E+01  0.4842442781E+02  0.1965978442E+01  0.0000000000E+00
L9 0.0000000000E+00  0.0000000000E+00  0.0000000000E+00  0.9020575946E+00  0.0000000000E+00
L0     2000  0.4000000000E+01  -.7321320808E+04  0.1712577731E+04
L1 0.3011209018E+03  0.3011209018E+03  -.9033898540E+10  0.1000000000E+01
L2 0.1000000000E+01  0.3385892110E+02  0.3385892110E+02  0.3385892110E+02
L3 0.2988263212E+05  -.3126941814E+03  -.1003402395E+04  -.3355274273E+03
L4 -.5505413347E+03  0.2849391564E+03  0.2793418087E+03  0.2928909898E+03
L5 0.8571719549E+03  0.3521896117E+03  0.4951413722E+03  0.3650521413E+03
L6 0.1212383125E+04  -.9033898540E+04  0.1305911537E+04  -.1041373666E+05
L7 0.0000000000E+00  0.3386553730E+01  0.3848956596E+01  0.1069274917E+02
L8 0.3300202987E+01  0.4732235727E+02  0.5375763085E+01  0.0000000000E+00
L9 0.0000000000E+00  0.0000000000E+00  0.0000000000E+00  0.9540914494E+00  0.0000000000E+00
L0     3000  0.6000000000E+01  -.7403135113E+04  0.1704712564E+04
L1 0.2997379769E+03  0.2997379769E+03  -.9107847677E+10  0.1000000000E+01
L2 0.1000000000E+01  0.3367695824E+02  0.3367695824E+02  0.3367695824E+02
L3 0.2940149537E+05  0.4269762510E+03  -.1167110333E+03  0.2574002075E+03
L4 0.1892218084E+03  0.2740597257E+03  0.2770227975E+03  0.2925858744E+03
L5 0.8436683975E+03  0.1837094007E+03  0.3017194399E+03  0.2381186942E+03
L6 0.7235475348E+03  -.9107847677E+04  0.1399576902E+04  -.1058265575E+05
L7 0.0000000000E+00  0.1820474203E+01  0.8970139212E+01  0.1011794712E+02
L8 0.2586291491E+01  0.4651821659E+02  0.5218104177E+01  0.0000000000E+00
L9 0.0000000000E+00  0.0000000000E+00  0.0000000000E+00  0.9697045486E+00  0.0000000000E+00
L0     4000  0.8000000000E+01  -.7422994898E+04  0.1672561082E+04
L1 0.2940848126E+03  0.2940848126E+03  -.9095555979E+10  0.1000000000E+01
L2 0.1000000000E+01  0.3357503680E+02  0.3357503680E+02  0.3357503680E+02
L3 0.2913660538E+05  -.7404667103E+03  0.4579018213E+02  -.1792848731E+03
L4 -.2913204671E+03  0.2787730940E+03  0.2925993341E+03  0.2719136173E+03
L5 0.8432860455E+03  0.4340479269E+03  0.2829971970E+03  0.3095094043E+03
L6 0.1026554528E+04  -.9095555979E+04  0.1331286515E+04  -.1050440207E+05
L7 0.0000000000E+00  0.4113861119E+01  0.7649310027E+01  0.1045834163E+02
L8 0.3372292065E+01  0.4645204878E+02  0.5513721297E+01  0.0000000000E+00
L9 0.0000000000E+00  0.0000000000E+00  0.0000000000E+00  0.9785204357E+00  0.0000000000E+00
L0     5000  0.1000000000E+02  -.7398888225E+04  0.1695435939E+04
L1 0.2981068769E+03  0.2981068769E+03  -.9094324164E+10  0.1000000000E+01
L2 0.1000000000E+01  0.3347725625E+02  0.3347725625E+02  0.3347725625E+02
L3 0.2888180209E+05  0.5995834145E+03  0.6645161227E+03  -.9964398680E+03
L4 0.8921988972E+02  0.2658558636E+03  0.2859803629E+03  0.2717105684E+03
L5 0.8235467949E+03  0.1412236011E+03  0.1478508787E+03  0.4788353023E+03
L6 0.7679097821E+03  -.9094324164E+04  0.1362634500E+04  -.1053135031E+05
L7 0.0000000000E+00  0.5150171674E+01  0.6571298705E+01  0.1119643734E+02
L8 0.3654572657E+01  0.4445837723E+02  0.3360787142E+01  0.0000000000E+00
L9 0.0000000000E+00  0.0000000000E+00  0.0000000000E+00  0.9871532151E+00  0.0000000000E+00
L0     6000  0.1200000000E+02  -.7346782710E+04  0.1640546542E+04
L1 0.2884557269E+03  0.2884557269E+03  -.8987329252E+10  0.1000000000E+01
L2 0.1000000000E+01  0.3355182952E+02  0.3355182952E+02  0.3355182952E+02
L3 0.2907525709E+05  0.3711529192E+02  -.2803534015E+02  0.2410659158E+03
L4 0.8338195586E+02  0.2602002097E+03  0.2617491309E+03  0.2835914448E+03
L5 0.8055407854E+03  0.2524335724E+03  0.2676157241E+03  0.2331466972E+03
L6 0.7531959937E+03  -.8987329252E+04  0.1350549661E+04  -.1042261811E+05
L7 0.0000000000E+00  0.4198818277E+01  0.1264369498E+02  0.1316465296E+02
L8 0.3286142600E+01  0.4500381285E+02  0.6442078625E+01  0.0000000000E+00
L9 0.0000000000E+00  0.0000000000E+00  0.0000000000E+00  0.9805850970E+00  0.0000000000E+00
L0     7000  0.1400000000E+02  -.7380873641E+04  0.1694131996E+04
L1 0.2978776058E+03  0.2978776058E+03  -.9075005637E+10  0.1000000000E+01
L2 0.1000000000E+01  0.3357191496E+02  0.3357191496E+02  0.3357191496E+02
L3 0.2912823034E+05  -.6424783615E+03  -.5789731320E+03  0.6342255177E+03
L4 -.1957419919E+03  0.2864213805E+03  0.2699457558E+03  0.2680374586E+03
L5 0.8244045949E+03  0.4211094679E+03  0.3913207132E+03  0.1350794836E+03
L6 0.9475096647E+03  -.9075005637E+04  0.1332898339E+04  -.1048399694E+05
L7 0.0000000000E+00  0.3259469476E+01  0.8046178962E+01  0.1280053254E+02
L8 0.2628565279E+01  0.4662733991E+02  0.2730880834E+01  0.0000000000E+00
L9 0.0000000000E+00  0.0000000000E+00  0.0000000000E+00  0.9788017831E+00  0.0000000000E+00
L0     8000  0.1600000000E+02  -.7367297915E+04  0.1695505023E+04
L1 0.2981190238E+03  0.2981190238E+03  -.9062802937E+10  0.1000000000E+01
L2 0.1000000000E+01  0.3350685018E+02  0.3350685018E+02  0.3350685018E+02
L3 0.2896000926E+05  -.2053050847E+03  -.1225928024E+04  -.9516167054E+02
L4 -.5087982597E+03  0.2761112239E+03  0.2695610005E+03  0.2984103315E+03
L5 0.8440825560E+03  0.3189024748E+03  0.5250782650E+03  0.3182446523E+03
L6 0.1162225392E+04  -.9062802937E+04  0.1273564010E+04  -.1041691479E+05
L7 0.0000000000E+00  0.1619661917E+01  0.7707188885E+01  0.1257291778E+02
L8 0.4202067867E+01  0.5077040646E+02  0.3675602435E+01  0.0000000000E+00
L9 0.0000000000E+00  0.0000000000E+00  0.0000000000E+00  0.9844873853E+00  0.0000000000E+00
L0     9000  0.1800000000E+02  -.7402196229E+04  0.1748271088E+04
L1 0.3073968305E+03  0.3073968305E+03  -.9150467317E+10  0.1000000000E+01
L2 0.1000000000E+01  0.3352567110E+02  0.3352567110E+02  0.3352567110E+02
L3 0.2900711169E+05  0.2417943842E+03  -.4293790770E+03  0.6621163142E+03
L4 0.1581772071E+03  0.2819345296E+03  0.2834211295E+03  0.2920372140E+03
L5 0.8573928731E+03  0.2314559324E+03  0.3730611496E+03  0.1538094268E+03
L6 0.7583265088E+03  -.9150467317E+04  0.1394730791E+04  -.1061497686E+05
L7 0.0000000000E+00  0.6605490981E+00  0.6050524273E+01  0.1068038344E+02
L8 0.4829301050E+01  0.4438549119E+02  0.3172502213E+01  0.0000000000E+00
L9 0.0000000000E+00  0.0000000000E+00  0.0000000000E+00  0.9828887516E+00  0.0000000000E+00
L0    10000  0.2000000000E+02  -.7436440000E+04  0.1686180373E+04
L1 0.2964794797E+03  0.2964794797E+03  -.9122620373E+10  0.1000000000E+01
L2 0.1000000000E+01  0.3347895133E+02  0.3347895133E+02  0.3347895133E+02
L3 0.2888601572E+05  -.5896369009E+03  0.2772292896E+03  0.7823962128E+03
L4 0.1566628672E+03  0.2840671815E+03  0.3102718729E+03  0.2921909241E+03
L5 0.8865299786E+03  0.4066497955E+03  0.2526372660E+03  0.1295345965E+03
L6 0.7888216580E+03  -.9122620373E+04  0.1371326085E+04  -.1056509392E+05
L7 0.0000000000E+00  0.1814350351E+01  0.8405159581E+01  0.9599091088E+01
L8 0.2717797682E+01  0.4411237508E+02  0.4498688567E+01  0.0000000000E+00
L9 0.0000000000E+00  0.0000000000E+00  0.0000000000E+00  0.9870092183E+00  0.0000000000E+00
