L0  Nsteps           time(ps)         Etot             EKinetic        
L1  Temp             T_solute         T_solv           Pres_scal_solu  
L2  Pres_scal_solv   BoxX             BoxY             BoxZ            
L3  volume           pres_X           pres_Y           pres_Z          
L4  Pressure         EKCoM_x          EKCoM_y          EKCoM_z         
L5  EKComTot         VIRIAL_x         VIRIAL_y         VIRIAL_z        
L6  VIRIAL_tot       E_pot            E_vdw            E_el            
L7  E_hbon           E_bon            E_angle          E_dih           
L8  E_14vdw          E_14el           E_const          E_pol           
L9  AV_permMoment    AV_indMoment     AV_totMoment     Density          dV/dlambda      
L0     1000  0.2000000000E+01  -.8085499284E+04  0.1850480696E+04
L1 0.2964673435E+03  0.2964673435E+03  -.9935979980E+10  0.1000000000E+01
L2 0.1000000000E+01  0.3555321863E+02  0.3555321863E+02  0.3555321863E+02
L3 0.3459727808E+05  -.7808981424E+03  -.5376597100E+03  -.7713249237E+03
L4 -.6966275920E+03  0.3102484445E+03  0.3081169691E+03  0.3170933032E+03
L5 0.9354587169E+03  0.5046917082E+03  0.4419939796E+03  0.5091528401E+03
L6 0.1455838528E+04  -.9935979980E+04  0.1500180327E+04  -.1151248179E+05
L7 0.0000000000E+00  0.4040412052E+01  0.1170199252E+02  0.8852608193E+01
L8 0.4645200123E+01  0.4512529658E+02  0.1955974195E+01  0.0000000000E+00
L9 0.0000000000E+00  0.0000000000E+00  0.0000000000E+00  0.9044938032E+00  0.0000000000E+00
L0     2000  0.4000000000E+01  -.7965876588E+04  0.1866855451E+04
L1 0.2990907591E+03  0.2990907591E+03  -.9832732039E+10  0.1000000000E+01
L2 0.1000000000E+01  0.3515543140E+02  0.3515543140E+02  0.3515543140E+02
L3 0.3344814381E+05  0.9152489243E+02  -.6444938832E+03  -.7288714455E+03
L4 -.4272801454E+03  0.3144389413E+03  0.2772075168E+03  0.3168897887E+03
L5 0.9085362468E+03  0.2924062358E+03  0.4323559527E+03  0.4923503597E+03
L6 0.1217112548E+04  -.9832732039E+04  0.1472164819E+04  -.1137337120E+05
L7 0.0000000000E+00  0.2149476263E+01  0.6665313660E+01  0.1046186118E+02
L8 0.2704903281E+01  0.4475291625E+02  0.1739866809E+01  0.0000000000E+00
L9 0.0000000000E+00  0.0000000000E+00  0.0000000000E+00  0.9355683174E+00  0.0000000000E+00
L0     3000  0.6000000000E+01  -.8087977583E+04  0.1882854166E+04
L1 0.3016539292E+03  0.3016539292E+03  -.9970831749E+10  0.1000000000E+01
L2 0.1000000000E+01  0.3485736015E+02  0.3485736015E+02  0.3485736015E+02
L3 0.3260434790E+05  0.2908333475E+03  -.6990350259E+03  -.6653724883E+03
L4 -.3578580556E+03  0.3376625998E+03  0.3179046642E+03  0.3067248316E+03
L5 0.9622920957E+03  0.2694167414E+03  0.4819375917E+03  0.4628586347E+03
L6 0.1214212968E+04  -.9970831749E+04  0.1475663750E+04  -.1151982597E+05
L7 0.0000000000E+00  0.1450505204E+01  0.5456849497E+01  0.1045957489E+02
L8 0.4159611511E+01  0.4953124040E+02  0.2272685563E+01  0.0000000000E+00
L9 0.0000000000E+00  0.0000000000E+00  0.0000000000E+00  0.9597806931E+00  0.0000000000E+00
L0     4000  0.8000000000E+01  -.8050028970E+04  0.1876041357E+04
L1 0.3005624423E+03  0.3005624423E+03  -.9926070328E+10  0.1000000000E+01
L2 0.1000000000E+01  0.3471648782E+02  0.3471648782E+02  0.3471648782E+02
L3 0.3220899957E+05  -.3582264338E+02  0.1847950828E+03  0.4926638905E+03
L4 0.2138787766E+03  0.3095009620E+03  0.3099287488E+03  0.3229537412E+03
L5 0.9423834519E+03  0.3178050405E+03  0.2670912380E+03  0.2087488912E+03
L6 0.7936451697E+03  -.9926070328E+04  0.1527544310E+04  -.1153080456E+05
L7 0.0000000000E+00  0.1584482872E+01  0.1010463575E+02  0.1070916756E+02
L8 0.3368941436E+01  0.4802303767E+02  0.3399654057E+01  0.0000000000E+00
L9 0.0000000000E+00  0.0000000000E+00  0.0000000000E+00  0.9715614904E+00  0.0000000000E+00
L0     5000  0.1000000000E+02  -.8113221172E+04  0.1844455256E+04
L1 0.2955020016E+03  0.2955020016E+03  -.9957676427E+10  0.1000000000E+01
L2 0.1000000000E+01  0.3459685422E+02  0.3459685422E+02  0.3459685422E+02
L3 0.3187839117E+05  -.1502753225E+03  -.7902450735E+02  -.4201502151E+03
L4 -.2164833483E+03  0.2812023386E+03  0.2991792021E+03  0.3168216111E+03
L5 0.8972031517E+03  0.3156802257E+03  0.3173099104E+03  0.4132172898E+03
L6 0.1046207426E+04  -.9957676427E+04  0.1462473115E+04  -.1149447937E+05
L7 0.0000000000E+00  0.2974152226E+01  0.8035075204E+01  0.1121865431E+02
L8 0.3130051718E+01  0.4462796188E+02  0.4343930414E+01  0.0000000000E+00
L9 0.0000000000E+00  0.0000000000E+00  0.0000000000E+00  0.9816374818E+00  0.0000000000E+00
L0     6000  0.1200000000E+02  -.8125353677E+04  0.1873689322E+04
L1 0.3001856203E+03  0.3001856203E+03  -.9999042999E+10  0.1000000000E+01
L2 0.1000000000E+01  0.3446842533E+02  0.3446842533E+02  0.3446842533E+02
L3 0.3152455145E+05  0.4065093522E+03  -.5943911220E+03  -.3086329336E+03
L4 -.1655049011E+03  0.3264134202E+03  0.3117887888E+03  0.3134104159E+03
L5 0.9516126249E+03  0.2341826070E+03  0.4466471290E+03  0.3834345526E+03
L6 0.1064264289E+04  -.9999042999E+04  0.1452783581E+04  -.1152390165E+05
L7 0.0000000000E+00  0.1820352198E+01  0.6675486168E+01  0.1177863468E+02
L8 0.2546930097E+01  0.4711013371E+02  0.2143533696E+01  0.0000000000E+00
L9 0.0000000000E+00  0.0000000000E+00  0.0000000000E+00  0.9926556346E+00  0.0000000000E+00
L0     7000  0.1400000000E+02  -.7994170305E+04  0.1896391095E+04
L1 0.3038226939E+03  0.3038226939E+03  -.9890561399E+10  0.1000000000E+01
L2 0.1000000000E+01  0.3458139354E+02  0.3458139354E+02  0.3458139354E+02
L3 0.3183629556E+05  -.1314533758E+03  -.6571979882E+03  -.5187721916E+03
L4 -.4358078519E+03  0.3271920649E+03  0.3109960635E+03  0.2961631488E+03
L5 0.9343512772E+03  0.3573117794E+03  0.4615788514E+03  0.4150286418E+03
L6 0.1233919273E+04  -.9890561399E+04  0.1394400127E+04  -.1136481243E+05
L7 0.0000000000E+00  0.2997516655E+01  0.1044570300E+02  0.1355456550E+02
L8 0.2284742286E+01  0.4725582434E+02  0.3312550958E+01  0.0000000000E+00
L9 0.0000000000E+00  0.0000000000E+00  0.0000000000E+00  0.9829354540E+00  0.0000000000E+00
L0     8000  0.1600000000E+02  -.8113979472E+04  0.1865102753E+04
L1 0.2988099577E+03  0.2988099577E+03  -.9979082225E+10  0.1000000000E+01
L2 0.1000000000E+01  0.3447418120E+02  0.3447418120E+02  0.3447418120E+02
L3 0.3153901499E+05  0.2054060796E+01  0.5318505488E+03  0.3898722817E+03
L4 0.3079256304E+03  0.3280631962E+03  0.2817191190E+03  0.3228691194E+03
L5 0.9326514346E+03  0.3275969471E+03  0.1609949243E+03  0.2343724216E+03
L6 0.7229642930E+03  -.9979082225E+04  0.1521067261E+04  -.1157726169E+05
L7 0.0000000000E+00  0.5395954355E+01  0.5390663025E+01  0.1026314214E+02
L8 0.2599476554E+01  0.4805223238E+02  0.5410731983E+01  0.0000000000E+00
L9 0.0000000000E+00  0.0000000000E+00  0.0000000000E+00  0.9922004108E+00  0.0000000000E+00
L0     9000  0.1800000000E+02  -.8088747388E+04  0.1878381525E+04
L1 0.3009373628E+03  0.3009373628E+03  -.9967128913E+10  0.1000000000E+01
L2 0.1000000000E+01  0.3448287348E+02  0.3448287348E+02  0.3448287348E+02
L3 0.3156557343E+05  -.2561199374E+03  -.9138899517E+03  -.7785909944E+03
L4 -.6495336278E+03  0.3119507049E+03  0.3209393526E+03  0.3148775618E+03
L5 0.9477676193E+03  0.3701360548E+03  0.5285569522E+03  0.4917579324E+03
L6 0.1390450939E+04  -.9967128913E+04  0.1385753043E+04  -.1142794934E+05
L7 0.0000000000E+00  0.3790397973E+01  0.7434392014E+01  0.1045087829E+02
L8 0.3663776726E+01  0.4599422401E+02  0.3733710910E+01  0.0000000000E+00
L9 0.0000000000E+00  0.0000000000E+00  0.0000000000E+00  0.9913655994E+00  0.0000000000E+00
L0    10000  0.2000000000E+02  -.8146548360E+04  0.1870362541E+04
L1 0.2996526335E+03  0.2996526335E+03  -.1001691090E+11  0.1000000000E+01
L2 0.1000000000E+01  0.3454815288E+02  0.3454815288E+02  0.3454815288E+02
L3 0.3174455857E+05  -.9519843480E+03  -.8154650417E+03  0.4804047220E+03
L4 -.4290148892E+03  0.3007706713E+03  0.3031669802E+03  0.3285936009E+03
L5 0.9325312525E+03  0.5182688780E+03  0.4894748586E+03  0.2188363705E+03
L6 0.1226580107E+04  -.1001691090E+05  0.1429070723E+04  -.1151851209E+05
L7 0.0000000000E+00  0.2308778329E+01  0.6061556587E+01  0.1297306285E+02
L8 0.4094880535E+01  0.4419780355E+02  0.2894384235E+01  0.0000000000E+00
L9 0.0000000000E+00  0.0000000000E+00  0.0000000000E+00  0.9857759893E+00  0.0000000000E+00
