L0  Nsteps           time(ps)         Etot             EKinetic        
L1  Temp             T_solute         T_solv           Pres_scal_solu  
L2  Pres_scal_solv   BoxX             BoxY             BoxZ            
L3  volume           pres_X           pres_Y           pres_Z          
L4  Pressure         EKCoM_x          EKCoM_y          EKCoM_z         
L5  EKComTot         VIRIAL_x         VIRIAL_y         VIRIAL_z        
L6  VIRIAL_tot       E_pot            E_vdw            E_el            
L7  E_hbon           E_bon            E_angle          E_dih           
L8  E_14vdw          E_14el           E_const          E_pol           
L9  AV_permMoment    AV_indMoment     AV_totMoment     Density          dV/dlambda      
L0     1000  0.2000000000E+01  -.6845959281E+04  0.1602192033E+04
L1 0.2972933000E+03  0.2972933000E+03  -.8448151313E+10  0.1000000000E+01
L2 0.1000000000E+01  0.3393165862E+02  0.3393165862E+02  0.3393165862E+02
L3 0.3007670693E+05  -.7127614812E+03  -.1096389607E+04  -.1043881688E+04
L4 -.9510109252E+03  0.2635575910E+03  0.2700564726E+03  0.2761226616E+03
L5 0.8097367253E+03  0.4178452131E+03  0.5073859998E+03  0.5020860836E+03
L6 0.1427317297E+04  -.8448151313E+04  0.1230839846E+04  -.9748164798E+04
L7 0.0000000000E+00  0.2417872417E+01  0.1292415107E+02  0.8440486917E+01
L8 0.2117296845E+01  0.4239100734E+02  0.8828237472E+00  0.0000000000E+00
L9 0.0000000000E+00  0.0000000000E+00  0.0000000000E+00  0.8982008981E+00  0.0000000000E+00
L0     2000  0.4000000000E+01  -.6875936530E+04  0.1627334984E+04
L1 0.3019586778E+03  0.3019586778E+03  -.8503271514E+10  0.1000000000E+01
L2 0.1000000000E+01  0.3335804685E+02  0.3335804685E+02  0.3335804685E+02
L3 0.2857621055E+05  0.1124004551E+03  -.1269281557E+04  -.7496662823E+03
L4 -.6355157948E+03  0.2496435222E+03  0.2754155464E+03  0.2616369149E+03
L5 0.7866959835E+03  0.2265266385E+03  0.5364628351E+03  0.4158173245E+03
L6 0.1178806798E+04  -.8503271514E+04  0.1243449747E+04  -.9825542453E+04
L7 0.0000000000E+00  0.4215692905E+01  0.1208312302E+02  0.1408816463E+02
L8 0.2030990364E+01  0.4427316858E+02  0.2130052943E+01  0.0000000000E+00
L9 0.0000000000E+00  0.0000000000E+00  0.0000000000E+00  0.9453641561E+00  0.0000000000E+00
L0     3000  0.6000000000E+01  -.6959792054E+04  0.1610934874E+04
L1 0.2989155701E+03  0.2989155701E+03  -.8570726928E+10  0.1000000000E+01
L2 0.1000000000E+01  0.3304776098E+02  0.3304776098E+02  0.3304776098E+02
L3 0.2778506961E+05  -.5432087268E+03  -.3323837038E+03  0.3186117875E+03
L4 -.1856602144E+03  0.2594544658E+03  0.2894993124E+03  0.2550985838E+03
L5 0.8040523620E+03  0.3680807209E+03  0.3559665748E+03  0.1913853119E+03
L6 0.9154326076E+03  -.8570726928E+04  0.1258842878E+04  -.9914733636E+04
L7 0.0000000000E+00  0.5406985420E+01  0.1361703437E+02  0.1545648513E+02
L8 0.3370813989E+01  0.4287115094E+02  0.4441360723E+01  0.0000000000E+00
L9 0.0000000000E+00  0.0000000000E+00  0.0000000000E+00  0.9722820764E+00  0.0000000000E+00
L0     4000  0.8000000000E+01  -.7083206565E+04  0.1587976655E+04
L1 0.2946555784E+03  0.2946555784E+03  -.8671183220E+10  0.1000000000E+01
L2 0.1000000000E+01  0.3298646716E+02  0.3298646716E+02  0.3298646716E+02
L3 0.2763058386E+05  -.1547283833E+03  -.5798625199E+03  0.3882728678E+03
L4 -.1154393451E+03  0.2669510643E+03  0.2694087906E+03  0.2661684091E+03
L5 0.8025282639E+03  0.2977202944E+03  0.3847200407E+03  0.1889566076E+03
L6 0.8713969427E+03  -.8671183220E+04  0.1308094496E+04  -.1005175448E+05
L7 0.0000000000E+00  0.6171906112E+01  0.1188073169E+02  0.1117873687E+02
L8 0.1712457490E+01  0.3969531151E+02  0.1837618242E+01  0.0000000000E+00
L9 0.0000000000E+00  0.0000000000E+00  0.0000000000E+00  0.9777182167E+00  0.0000000000E+00
L0     5000  0.1000000000E+02  -.6918069481E+04  0.1655776770E+04
L1 0.3072361677E+03  0.3072361677E+03  -.8573846251E+10  0.1000000000E+01
L2 0.1000000000E+01  0.3297660212E+02  0.3297660212E+02  0.3297660212E+02
L3 0.2760576021E+05  0.5545916837E+03  0.4006123852E+02  -.8907902732E+03
L4 -.9871245033E+02  0.2645568700E+03  0.2825396451E+03  0.2833218562E+03
L5 0.8304183713E+03  0.1543700513E+03  0.2745802390E+03  0.4603049397E+03
L6 0.8892552301E+03  -.8573846251E+04  0.1273405742E+04  -.9926768985E+04
L7 0.0000000000E+00  0.5003496010E+01  0.1470699172E+02  0.9926733631E+01
L8 0.3156713971E+01  0.4298204211E+02  0.3741014313E+01  0.0000000000E+00
L9 0.0000000000E+00  0.0000000000E+00  0.0000000000E+00  0.9785974003E+00  0.0000000000E+00
L0     6000  0.1200000000E+02  -.6878867976E+04  0.1638309410E+04
L1 0.3039950274E+03  0.3039950274E+03  -.8517177386E+10  0.1000000000E+01
L2 0.1000000000E+01  0.3290028157E+02  0.3290028157E+02  0.3290028157E+02
L3 0.2741425786E+05  -.6690321197E+03  0.7948908676E+03  -.8518235099E+02
L4 0.1355879900E+02  0.2713048875E+03  0.2539375197E+03  0.2862227115E+03
L5 0.8114651187E+03  0.4033067448E+03  0.9710338903E+02  0.3030294211E+03
L6 0.8034395549E+03  -.8517177386E+04  0.1253323336E+04  -.9852166884E+04
L7 0.0000000000E+00  0.5560459338E+01  0.1347728832E+02  0.1137189695E+02
L8 0.2366546391E+01  0.4621228907E+02  0.2677681652E+01  0.0000000000E+00
L9 0.0000000000E+00  0.0000000000E+00  0.0000000000E+00  0.9854333942E+00  0.0000000000E+00
L0     7000  0.1400000000E+02  -.6963224382E+04  0.1600567441E+04
L1 0.2969918504E+03  0.2969918504E+03  -.8563791823E+10  0.1000000000E+01
L2 0.1000000000E+01  0.3290292864E+02  0.3290292864E+02  0.3290292864E+02
L3 0.2742056406E+05  -.5632954622E+03  0.8026254832E+03  0.1832475432E+03
L4 0.1408591881E+03  0.2488885528E+03  0.2785154358E+03  0.2614171630E+03
L5 0.7888211516E+03  0.3600538458E+03  0.1201188162E+03  0.2252536073E+03
L6 0.7054262693E+03  -.8563791823E+04  0.1289666116E+04  -.9929373096E+04
L7 0.0000000000E+00  0.5157349816E+01  0.9386105601E+01  0.9575709512E+01
L8 0.3533439332E+01  0.4479704403E+02  0.3465509366E+01  0.0000000000E+00
L9 0.0000000000E+00  0.0000000000E+00  0.0000000000E+00  0.9852067636E+00  0.0000000000E+00
L0     8000  0.1600000000E+02  -.6917807430E+04  0.1621081159E+04
L1 0.3007982548E+03  0.3007982548E+03  -.8538888589E+10  0.1000000000E+01
L2 0.1000000000E+01  0.3289760648E+02  0.3289760648E+02  0.3289760648E+02
L3 0.2740857443E+05  -.8331069650E+03  -.2925720798E+03  -.6455319064E+02
L4 -.3967440785E+03  0.2647330377E+03  0.2922674001E+03  0.2692001150E+03
L5 0.8262005528E+03  0.4290732308E+03  0.3499807000E+03  0.2819339947E+03
L6 0.1060987926E+04  -.8538888589E+04  0.1192076922E+04  -.9806481064E+04
L7 0.0000000000E+00  0.1890313357E+01  0.6963880629E+01  0.1248948357E+02
L8 0.3092858204E+01  0.4613078334E+02  0.4948233992E+01  0.0000000000E+00
L9 0.0000000000E+00  0.0000000000E+00  0.0000000000E+00  0.9856377332E+00  0.0000000000E+00
L0     9000  0.1800000000E+02  -.6902156155E+04  0.1613375000E+04
L1 0.2993683455E+03  0.2993683455E+03  -.8515531155E+10  0.1000000000E+01
L2 0.1000000000E+01  0.3288446443E+02  0.3288446443E+02  0.3288446443E+02
L3 0.2737426420E+05  0.3412659120E+03  0.4628311710E+03  -.1815166233E+03
L4 0.2075268199E+03  0.2562242491E+03  0.2762499927E+03  0.2533551378E+03
L5 0.7858293796E+03  0.1889897854E+03  0.1850653639E+03  0.2891166140E+03
L6 0.6631717633E+03  -.8515531155E+04  0.1277875622E+04  -.9869445264E+04
L7 0.0000000000E+00  0.5037263164E+01  0.1111701169E+02  0.1063047580E+02
L8 0.2878496242E+01  0.4389230911E+02  0.2482930675E+01  0.0000000000E+00
L9 0.0000000000E+00  0.0000000000E+00  0.0000000000E+00  0.9868731075E+00  0.0000000000E+00
L0    10000  0.2000000000E+02  -.7003361707E+04  0.1606220435E+04
L1 0.2980407866E+03  0.2980407866E+03  -.8609582142E+10  0.1000000000E+01
L2 0.1000000000E+01  0.3283031969E+02  0.3283031969E+02  0.3283031969E+02
L3 0.2723845965E+05  0.1117179267E+04  -.1810921132E+02  0.5245470650E+03
L4 0.5412057068E+03  0.2766905082E+03  0.2775103116E+03  0.2555790638E+03
L5 0.8097798836E+03  0.5768149334E+02  0.2810603959E+03  0.1527481759E+03
L6 0.4914900651E+03  -.8609582142E+04  0.1327748389E+04  -.1001125619E+05
L7 0.0000000000E+00  0.3027850620E+01  0.1020320892E+02  0.1001711952E+02
L8 0.3992075677E+01  0.4474342782E+02  0.1941972116E+01  0.0000000000E+00
L9 0.0000000000E+00  0.0000000000E+00  0.0000000000E+00  0.9917934244E+00  0.0000000000E+00
