L0  Nsteps           time(ps)         Etot             EKinetic        
L1  Temp             T_solute         T_solv           Pres_scal_solu  
L2  Pres_scal_solv   BoxX             BoxY             BoxZ            
L3  volume           pres_X           pres_Y           pres_Z          
L4  Pressure         EKCoM_x          EKCoM_y          EKCoM_z         
L5  EKComTot         VIRIAL_x         VIRIAL_y         VIRIAL_z        
L6  VIRIAL_tot       E_pot            E_vdw            E_el            
L7  E_hbon           E_bon            E_angle          E_dih           
L8  E_14vdw          E_14el           E_const          E_pol           
L9  AV_permMoment    AV_indMoment     AV_totMoment     Density          dV/dlambda      
L0     1000  0.2000000000E+01  -.7342041416E+04  0.1716063497E+04
L1 0.2989138585E+03  0.2989138585E+03  -.9058104913E+10  0.1000000000E+01
L2 0.1000000000E+01  0.3462679906E+02  0.3462679906E+02  0.3462679906E+02
L3 0.3196205244E+05  -.7463208698E+03  -.3897825013E+03  -.3697404154E+03
L4 -.5019479289E+03  0.2802987639E+03  0.2837263334E+03  0.2908472215E+03
L5 0.8548723188E+03  0.4519776259E+03  0.3733893979E+03  0.3758999332E+03
L6 0.1201266957E+04  -.9058104913E+04  0.1400381621E+04  -.1054053302E+05
L7 0.0000000000E+00  0.5392045658E+01  0.7071736541E+01  0.9825802937E+01
L8 0.4887974438E+01  0.5011705173E+02  0.4751877644E+01  0.0000000000E+00
L9 0.0000000000E+00  0.0000000000E+00  0.0000000000E+00  0.9004432615E+00  0.0000000000E+00
L0     2000  0.4000000000E+01  -.7356656291E+04  0.1715954575E+04
L1 0.2988948860E+03  0.2988948860E+03  -.9072610867E+10  0.1000000000E+01
L2 0.1000000000E+01  0.3410753358E+02  0.3410753358E+02  0.3410753358E+02
L3 0.3054472162E+05  -.5785370677E+03  0.1495113243E+03  -.1170004992E+03
L4 -.1820087476E+03  0.2979194220E+03  0.2830886802E+03  0.2837841832E+03
L5 0.8647922854E+03  0.4251009216E+03  0.2502211675E+03  0.3095047460E+03
L6 0.9848268351E+03  -.9072610867E+04  0.1354235128E+04  -.1049930431E+05
L7 0.0000000000E+00  0.3546982152E+01  0.5757556399E+01  0.9675248593E+01
L8 0.3592180976E+01  0.4724978645E+02  0.2636556547E+01  0.0000000000E+00
L9 0.0000000000E+00  0.0000000000E+00  0.0000000000E+00  0.9422254720E+00  0.0000000000E+00
L0     3000  0.6000000000E+01  -.7303367489E+04  0.1747016116E+04
L1 0.3043053647E+03  0.3043053647E+03  -.9050383606E+10  0.1000000000E+01
L2 0.1000000000E+01  0.3388900234E+02  0.3388900234E+02  0.3388900234E+02
L3 0.2996088208E+05  -.9963211806E+02  0.4791362663E+02  0.4633707466E+02
L4 -.1793805591E+01  0.2713951690E+03  0.2897159000E+03  0.3021890323E+03
L5 0.8633001013E+03  0.2928789412E+03  0.2793842373E+03  0.2921973230E+03
L6 0.8644605015E+03  -.9050383606E+04  0.1367463128E+04  -.1049244702E+05
L7 0.0000000000E+00  0.2298020286E+01  0.1049547007E+02  0.9923144478E+01
L8 0.4220213823E+01  0.4541195469E+02  0.2251479373E+01  0.0000000000E+00
L9 0.0000000000E+00  0.0000000000E+00  0.0000000000E+00  0.9605863630E+00  0.0000000000E+00
L0     4000  0.8000000000E+01  -.7308303611E+04  0.1718497701E+04
L1 0.2993378624E+03  0.2993378624E+03  -.9026801312E+10  0.1000000000E+01
L2 0.1000000000E+01  0.3377334075E+02  0.3377334075E+02  0.3377334075E+02
L3 0.2965513203E+05  -.2722197017E+03  0.4796949016E+03  -.1782238086E+03
L4 0.9750463795E+01  0.3037137234E+03  0.3007573082E+03  0.2712579952E+03
L5 0.8757290268E+03  0.3618137051E+03  0.1983757949E+03  0.3092963883E+03
L6 0.8694858883E+03  -.9026801312E+04  0.1327951397E+04  -.1042665713E+05
L7 0.0000000000E+00  0.2011976393E+01  0.6809775866E+01  0.1267869419E+02
L8 0.3907900210E+01  0.4421831527E+02  0.2277756121E+01  0.0000000000E+00
L9 0.0000000000E+00  0.0000000000E+00  0.0000000000E+00  0.9704901910E+00  0.0000000000E+00
L0     5000  0.1000000000E+02  -.7399168556E+04  0.1727964132E+04
L1 0.3009867800E+03  0.3009867800E+03  -.9127132688E+10  0.1000000000E+01
L2 0.1000000000E+01  0.3367371888E+02  0.3367371888E+02  0.3367371888E+02
L3 0.2939326012E+05  0.1842556514E+03  0.1199939904E+03  -.2065234164E+02
L4 0.9453243340E+02  0.2878172673E+03  0.2737974265E+03  0.2826161527E+03
L5 0.8442308464E+03  0.2488387643E+03  0.2484132058E+03  0.2869850681E+03
L6 0.7842370382E+03  -.9127132688E+04  0.1384650940E+04  -.1058108429E+05
L7 0.0000000000E+00  0.1363903709E+01  0.3631696649E+01  0.1006843509E+02
L8 0.3146565681E+01  0.4817792026E+02  0.2912138483E+01  0.0000000000E+00
L9 0.0000000000E+00  0.0000000000E+00  0.0000000000E+00  0.9791365308E+00  0.0000000000E+00
L0     6000  0.1200000000E+02  -.7392849891E+04  0.1703992364E+04
L1 0.2968112390E+03  0.2968112390E+03  -.9096842255E+10  0.1000000000E+01
L2 0.1000000000E+01  0.3364804813E+02  0.3364804813E+02  0.3364804813E+02
L3 0.2932623604E+05  -.1509197206E+03  -.8931334050E+02  0.3547054863E+03
L4 0.3815747506E+02  0.2835076544E+03  0.2726668363E+03  0.2908243511E+03
L5 0.8469988418E+03  0.3153612820E+03  0.2915176125E+03  0.2159590094E+03
L6 0.8228379039E+03  -.9096842255E+04  0.1355575725E+04  -.1052671583E+05
L7 0.0000000000E+00  0.4627053517E+01  0.6350717283E+01  0.1103542959E+02
L8 0.2299007790E+01  0.4725208927E+02  0.2733556530E+01  0.0000000000E+00
L9 0.0000000000E+00  0.0000000000E+00  0.0000000000E+00  0.9813743129E+00  0.0000000000E+00
L0     7000  0.1400000000E+02  -.7521972618E+04  0.1710855616E+04
L1 0.2980067199E+03  0.2980067199E+03  -.9232828234E+10  0.1000000000E+01
L2 0.1000000000E+01  0.3357287625E+02  0.3357287625E+02  0.3357287625E+02
L3 0.2912982582E+05  0.1317688662E+03  0.6194795941E+03  -.2915888444E+03
L4 0.1532198720E+03  0.2884064860E+03  0.2842025248E+03  0.2754226680E+03
L5 0.8480316788E+03  0.2607811686E+03  0.1543287472E+03  0.3365542130E+03
L6 0.7516641288E+03  -.9232828234E+04  0.1409650019E+04  -.1071547159E+05
L7 0.0000000000E+00  0.1929076155E+01  0.8005499016E+01  0.9449009206E+01
L8 0.3802531988E+01  0.4744579906E+02  0.2361417410E+01  0.0000000000E+00
L9 0.0000000000E+00  0.0000000000E+00  0.0000000000E+00  0.9879913093E+00  0.0000000000E+00
L0     8000  0.1600000000E+02  -.7428966514E+04  0.1732488455E+04
L1 0.3017748527E+03  0.3017748527E+03  -.9161454969E+10  0.1000000000E+01
L2 0.1000000000E+01  0.3360698480E+02  0.3360698480E+02  0.3360698480E+02
L3 0.2921874399E+05  0.5105105374E+03  -.6153575554E+03  0.5137173942E+03
L4 0.1362901254E+03  0.2830853753E+03  0.3090183615E+03  0.2857697931E+03
L5 0.8778735299E+03  0.1757302374E+03  0.4384217536E+03  0.1777402860E+03
L6 0.7918922770E+03  -.9161454969E+04  0.1373493815E+04  -.1060871105E+05
L7 0.0000000000E+00  0.2794097549E+01  0.6800990952E+01  0.1275584809E+02
L8 0.2607115025E+01  0.4518516046E+02  0.3619049246E+01  0.0000000000E+00
L9 0.0000000000E+00  0.0000000000E+00  0.0000000000E+00  0.9849846645E+00  0.0000000000E+00
L0     9000  0.1800000000E+02  -.7469806805E+04  0.1675372484E+04
L1 0.2918260628E+03  0.2918260628E+03  -.9145179290E+10  0.1000000000E+01
L2 0.1000000000E+01  0.3357704688E+02  0.3357704688E+02  0.3357704688E+02
L3 0.2914045621E+05  0.3702711033E+03  0.3453384471E+03  0.6045140144E+01
L4 0.2405515635E+03  0.2665865110E+03  0.2821674572E+03  0.2713407622E+03
L5 0.8200947305E+03  0.1889309169E+03  0.2097408972E+03  0.2700729373E+03
L6 0.6687447513E+03  -.9145179290E+04  0.1377634268E+04  -.1059440749E+05
L7 0.0000000000E+00  0.2331085797E+01  0.1046432970E+02  0.1100298266E+02
L8 0.1886136216E+01  0.4203653284E+02  0.3872869067E+01  0.0000000000E+00
L9 0.0000000000E+00  0.0000000000E+00  0.0000000000E+00  0.9876308915E+00  0.0000000000E+00
L0    10000  0.2000000000E+02  -.7446248906E+04  0.1693077046E+04
L1 0.2949099458E+03  0.2949099458E+03  -.9139325953E+10  0.1000000000E+01
L2 0.1000000000E+01  0.3358054833E+02  0.3358054833E+02  0.3358054833E+02
L3 0.2915067261E+05  0.2503823370E+03  -.1367340062E+02  -.7830896974E+03
L4 -.1821269204E+03  0.2749222372E+03  0.3066280973E+03  0.2540104599E+03
L5 0.8355607943E+03  0.2223920620E+03  0.3094967746E+03  0.4183025559E+03
L6 0.9501913925E+03  -.9139325953E+04  0.1326994071E+04  -.1054536634E+05
L7 0.0000000000E+00  0.2208419073E+01  0.7616415445E+01  0.1142563709E+02
L8 0.4402927670E+01  0.4996651463E+02  0.3426406957E+01  0.0000000000E+00
L9 0.0000000000E+00  0.0000000000E+00  0.0000000000E+00  0.9872847578E+00  0.0000000000E+00
