L0  Nsteps           time(ps)         Etot             EKinetic        
L1  Temp             T_solute         T_solv           Pres_scal_solu  
L2  Pres_scal_solv   BoxX             BoxY             BoxZ            
L3  volume           pres_X           pres_Y           pres_Z          
L4  Pressure         EKCoM_x          EKCoM_y          EKCoM_z         
L5  EKComTot         VIRIAL_x         VIRIAL_y         VIRIAL_z        
L6  VIRIAL_tot       E_pot            E_vdw            E_el            
L7  E_hbon           E_bon            E_angle          E_dih           
L8  E_14vdw          E_14el           E_const          E_pol           
L9  AV_permMoment    AV_indMoment     AV_totMoment     Density          dV/dlambda      
L0     1000  0.2000000000E+01  -.7438470318E+04  0.1686323286E+04
L1 0.2925185066E+03  0.2925185066E+03  -.9124793603E+10  0.1000000000E+01
L2 0.1000000000E+01  0.3449228109E+02  0.3449228109E+02  0.3449228109E+02
L3 0.3159241696E+05  -.1266078834E+04  -.1422137920E+04  -.3263129329E+03
L4 -.1004843229E+04  0.2799576816E+03  0.2843396934E+03  0.2703734956E+03
L5 0.8346708705E+03  0.5678301828E+03  0.6076958612E+03  0.3445683385E+03
L6 0.1520094382E+04  -.9124793603E+04  0.1327960858E+04  -.1052984031E+05
L7 0.0000000000E+00  0.9033765151E+00  0.8508561370E+01  0.1456844997E+02
L8 0.4021881604E+01  0.4570947129E+02  0.3374111177E+01  0.0000000000E+00
L9 0.0000000000E+00  0.0000000000E+00  0.0000000000E+00  0.9147664097E+00  0.0000000000E+00
L0     2000  0.4000000000E+01  -.7372751876E+04  0.1729708129E+04
L1 0.3000442696E+03  0.3000442696E+03  -.9102460005E+10  0.1000000000E+01
L2 0.1000000000E+01  0.3400687069E+02  0.3400687069E+02  0.3400687069E+02
L3 0.3027529160E+05  0.3383502469E+03  -.3655930718E+03  -.7587973855E+03
L4 -.2620134034E+03  0.2759259572E+03  0.3146672190E+03  0.2745996386E+03
L5 0.8651928147E+03  0.2022015290E+03  0.3943276903E+03  0.4399369003E+03
L6 0.1036466120E+04  -.9102460005E+04  0.1347676446E+04  -.1052871579E+05
L7 0.0000000000E+00  0.5362773719E+01  0.9013982626E+01  0.1053966213E+02
L8 0.5499524786E+01  0.4575389334E+02  0.2409499552E+01  0.0000000000E+00
L9 0.0000000000E+00  0.0000000000E+00  0.0000000000E+00  0.9545632862E+00  0.0000000000E+00
L0     3000  0.6000000000E+01  -.7508450412E+04  0.1715853581E+04
L1 0.2976409869E+03  0.2976409869E+03  -.9224303993E+10  0.1000000000E+01
L2 0.1000000000E+01  0.3369303556E+02  0.3369303556E+02  0.3369303556E+02
L3 0.2944331298E+05  0.1778368348E+03  0.9667344664E+03  -.2214856654E+03
L4 0.3076952120E+03  0.2733089754E+03  0.2797110271E+03  0.2923341862E+03
L5 0.8453541887E+03  0.2356242829E+03  0.7485419239E+02  0.3392683278E+03
L6 0.6497468031E+03  -.9224303993E+04  0.1427726074E+04  -.1072355020E+05
L7 0.0000000000E+00  0.2794756057E+01  0.1115048839E+02  0.9239887610E+01
L8 0.3069466639E+01  0.4114568330E+02  0.4119846507E+01  0.0000000000E+00
L9 0.0000000000E+00  0.0000000000E+00  0.0000000000E+00  0.9815363460E+00  0.0000000000E+00
L0     4000  0.8000000000E+01  -.7573156253E+04  0.1694206370E+04
L1 0.2938859478E+03  0.2938859478E+03  -.9267362622E+10  0.1000000000E+01
L2 0.1000000000E+01  0.3371776465E+02  0.3371776465E+02  0.3371776465E+02
L3 0.2950980386E+05  0.3358201639E+03  -.7368181133E+03  -.5146475412E+03
L4 -.3052151635E+03  0.2665450360E+03  0.2885757400E+03  0.2864978923E+03
L5 0.8416186684E+03  0.1952220245E+03  0.4450645171E+03  0.3958010743E+03
L6 0.1036087616E+04  -.9267362622E+04  0.1370732472E+04  -.1071128235E+05
L7 0.0000000000E+00  0.1549211197E+01  0.7659085744E+01  0.1136728524E+02
L8 0.4546315487E+01  0.4510896419E+02  0.2956389573E+01  0.0000000000E+00
L9 0.0000000000E+00  0.0000000000E+00  0.0000000000E+00  0.9793247685E+00  0.0000000000E+00
L0     5000  0.1000000000E+02  -.7479615259E+04  0.1695395853E+04
L1 0.2940922817E+03  0.2940922817E+03  -.9175011112E+10  0.1000000000E+01
L2 0.1000000000E+01  0.3364604525E+02  0.3364604525E+02  0.3364604525E+02
L3 0.2932116199E+05  -.7224279895E+03  -.6331499420E+02  0.7138020378E+03
L4 -.2398031533E+02  0.2742199176E+03  0.2817434948E+03  0.2599954424E+03
L5 0.8159588548E+03  0.4266716350E+03  0.2951046598E+03  0.1093640327E+03
L6 0.8311403274E+03  -.9175011112E+04  0.1371351000E+04  -.1061753878E+05
L7 0.0000000000E+00  0.2645614657E+01  0.8030505381E+01  0.9581900331E+01
L8 0.3546991591E+01  0.4347558918E+02  0.3896071716E+01  0.0000000000E+00
L9 0.0000000000E+00  0.0000000000E+00  0.0000000000E+00  0.9856253939E+00  0.0000000000E+00
L0     6000  0.1200000000E+02  -.7470586316E+04  0.1694575526E+04
L1 0.2939499835E+03  0.2939499835E+03  -.9165161842E+10  0.1000000000E+01
L2 0.1000000000E+01  0.3370545967E+02  0.3370545967E+02  0.3370545967E+02
L3 0.2947739579E+05  0.1382536853E+03  -.7685643877E+03  -.1576781065E+03
L4 -.2626629363E+03  0.2797320401E+03  0.2805885006E+03  0.2753623260E+03
L5 0.8356828667E+03  0.2504013413E+03  0.4436404328E+03  0.3088139410E+03
L6 0.1002855715E+04  -.9165161842E+04  0.1338619758E+04  -.1057298908E+05
L7 0.0000000000E+00  0.2024658415E+01  0.8425118326E+01  0.1056992372E+02
L8 0.3227934579E+01  0.4258751785E+02  0.2372332064E+01  0.0000000000E+00
L9 0.0000000000E+00  0.0000000000E+00  0.0000000000E+00  0.9804014587E+00  0.0000000000E+00
L0     7000  0.1400000000E+02  -.7538117508E+04  0.1680516909E+04
L1 0.2915113020E+03  0.2915113020E+03  -.9218634417E+10  0.1000000000E+01
L2 0.1000000000E+01  0.3367005477E+02  0.3367005477E+02  0.3367005477E+02
L3 0.2938526857E+05  -.4266412627E+03  -.9735829684E+03  -.1502411715E+03
L4 -.5168218009E+03  0.2771086420E+03  0.2750398122E+03  0.2652826579E+03
L5 0.8174311120E+03  0.3673382562E+03  0.4809411708E+03  0.2970569004E+03
L6 0.1145336327E+04  -.9218634417E+04  0.1314284849E+04  -.1060656470E+05
L7 0.0000000000E+00  0.2970911702E+01  0.5737829774E+01  0.1281676092E+02
L8 0.4686488772E+01  0.4617648732E+02  0.1256953300E+01  0.0000000000E+00
L9 0.0000000000E+00  0.0000000000E+00  0.0000000000E+00  0.9834751642E+00  0.0000000000E+00
L0     8000  0.1600000000E+02  -.7505679597E+04  0.1673838377E+04
L1 0.2903528086E+03  0.2903528086E+03  -.9179517974E+10  0.1000000000E+01
L2 0.1000000000E+01  0.3373504625E+02  0.3373504625E+02  0.3373504625E+02
L3 0.2955557697E+05  -.2677182118E+03  -.6528082294E+03  -.4221101971E+03
L4 -.4475455461E+03  0.3043301616E+03  0.2772452744E+03  0.2703397409E+03
L5 0.8519151769E+03  0.3612775664E+03  0.4161067074E+03  0.3601284785E+03
L6 0.1137512752E+04  -.9179517974E+04  0.1325811559E+04  -.1058056285E+05
L7 0.0000000000E+00  0.4071786115E+01  0.6652490369E+01  0.1519854117E+02
L8 0.3116527634E+01  0.4337088173E+02  0.2823091691E+01  0.0000000000E+00
L9 0.0000000000E+00  0.0000000000E+00  0.0000000000E+00  0.9778080754E+00  0.0000000000E+00
L0     9000  0.1800000000E+02  -.7492350459E+04  0.1772589029E+04
L1 0.3074826162E+03  0.3074826162E+03  -.9264939488E+10  0.1000000000E+01
L2 0.1000000000E+01  0.3362212598E+02  0.3362212598E+02  0.3362212598E+02
L3 0.2925931968E+05  0.5067832025E+02  -.5688741027E+03  -.2977590780E+03
L4 -.2719849535E+03  0.3114334021E+03  0.2974470601E+03  0.2850522731E+03
L5 0.8939327353E+03  0.3007614709E+03  0.4172415845E+03  0.3477549115E+03
L6 0.1065757967E+04  -.9264939488E+04  0.1343345032E+04  -.1067845171E+05
L7 0.0000000000E+00  0.1554392871E+01  0.1154101961E+02  0.1206982401E+02
L8 0.2540246852E+01  0.4062527476E+02  0.1836433744E+01  0.0000000000E+00
L9 0.0000000000E+00  0.0000000000E+00  0.0000000000E+00  0.9877086054E+00  0.0000000000E+00
L0    10000  0.2000000000E+02  -.7510891751E+04  0.1691258661E+04
L1 0.2933746227E+03  0.2933746227E+03  -.9202150411E+10  0.1000000000E+01
L2 0.1000000000E+01  0.3357666272E+02  0.3357666272E+02  0.3357666272E+02
L3 0.2914091228E+05  -.2438126613E+03  -.7997175964E+03  0.8444995823E+02
L4 -.3196934331E+03  0.2667389222E+03  0.2762320121E+03  0.3003083964E+03
L5 0.8432793308E+03  0.3178736536E+03  0.4439564618E+03  0.2825967407E+03
L6 0.1044426856E+04  -.9202150411E+04  0.1304704034E+04  -.1058134051E+05
L7 0.0000000000E+00  0.2061964031E+01  0.8161222300E+01  0.1368149416E+02
L8 0.3084545799E+01  0.4528596840E+02  0.2210871673E+01  0.0000000000E+00
L9 0.0000000000E+00  0.0000000000E+00  0.0000000000E+00  0.9917219322E+00  0.0000000000E+00
