L0  Nsteps           time(ps)         Etot             EKinetic        
L1  Temp             T_solute         T_solv           Pres_scal_solu  
L2  Pres_scal_solv   BoxX             BoxY             BoxZ            
L3  volume           pres_X           pres_Y           pres_Z          
L4  Pressure         EKCoM_x          EKCoM_y          EKCoM_z         
L5  EKComTot         VIRIAL_x         VIRIAL_y         VIRIAL_z        
L6  VIRIAL_tot       E_pot            E_vdw            E_el            
L7  E_hbon           E_bon            E_angle          E_dih           
L8  E_14vdw          E_14el           E_const          E_pol           
L9  AV_permMoment    AV_indMoment     AV_totMoment     Density          dV/dlambda      
L0     1000  0.2000000000E+01  -.7468843432E+04  0.1683136679E+04
L1 0.2916641236E+03  0.2916641236E+03  -.9151980112E+10  0.1000000000E+01
L2 0.1000000000E+01  0.3460432521E+02  0.3460432521E+02  0.3460432521E+02
L3 0.3190063160E+05  -.1465689585E+04  -.4975235243E+03  -.3562926615E+03
L4 -.7731685902E+03  0.2674472662E+03  0.2683153915E+03  0.2844637905E+03
L5 0.8202264482E+03  0.6039571802E+03  0.3825425785E+03  0.3662655677E+03
L6 0.1352765326E+04  -.9151980112E+04  0.1376869556E+04  -.1060247864E+05
L7 0.0000000000E+00  0.4759715750E+01  0.6894148188E+01  0.1087298489E+02
L8 0.3688475830E+01  0.4317498819E+02  0.4238663084E+01  0.0000000000E+00
L9 0.0000000000E+00  0.0000000000E+00  0.0000000000E+00  0.9068660136E+00  0.0000000000E+00
L0     2000  0.4000000000E+01  -.7325910339E+04  0.1773728310E+04
L1 0.3073623902E+03  0.3073623902E+03  -.9099638648E+10  0.1000000000E+01
L2 0.1000000000E+01  0.3402557842E+02  0.3402557842E+02  0.3402557842E+02
L3 0.3032537219E+05  -.2630058981E+03  -.4820402517E+03  -.1389395584E+03
L4 -.2946619027E+03  0.3292680848E+03  0.2872671790E+03  0.2850624141E+03
L5 0.9015976780E+03  0.3866702413E+03  0.3924745152E+03  0.3153865640E+03
L6 0.1094531320E+04  -.9099638648E+04  0.1333369231E+04  -.1050989627E+05
L7 0.0000000000E+00  0.3439551153E+01  0.1004903121E+02  0.1088883088E+02
L8 0.4568194462E+01  0.4576702900E+02  0.2175756756E+01  0.0000000000E+00
L9 0.0000000000E+00  0.0000000000E+00  0.0000000000E+00  0.9539734064E+00  0.0000000000E+00
L0     3000  0.6000000000E+01  -.7440701756E+04  0.1760238355E+04
L1 0.3050247691E+03  0.3050247691E+03  -.9200940110E+10  0.1000000000E+01
L2 0.1000000000E+01  0.3382664120E+02  0.3382664120E+02  0.3382664120E+02
L3 0.2979593325E+05  0.2921253247E+03  -.1703445891E+03  -.2912123403E+03
L4 -.5647720156E+02  0.2797693949E+03  0.3048411942E+03  0.2802867109E+03
L5 0.8648973001E+03  0.2171249189E+03  0.3413705418E+03  0.3427354031E+03
L6 0.9012308638E+03  -.9200940110E+04  0.1383395551E+04  -.1065786672E+05
L7 0.0000000000E+00  0.2445651064E+01  0.1094078086E+02  0.1126157905E+02
L8 0.3890943729E+01  0.4255260256E+02  0.2439497094E+01  0.0000000000E+00
L9 0.0000000000E+00  0.0000000000E+00  0.0000000000E+00  0.9709243998E+00  0.0000000000E+00
L0     4000  0.8000000000E+01  -.7500133350E+04  0.1747960918E+04
L1 0.3028972604E+03  0.3028972604E+03  -.9248094268E+10  0.1000000000E+01
L2 0.1000000000E+01  0.3361606913E+02  0.3361606913E+02  0.3361606913E+02
L3 0.2924304679E+05  -.1099032125E+03  -.1167654532E+03  -.5677529051E+02
L4 -.9448131874E+02  0.3067356665E+03  0.2918832069E+03  0.2854721884E+03
L5 0.8840910618E+03  0.3298664096E+03  0.3164582093E+03  0.2974213811E+03
L6 0.9437460000E+03  -.9248094268E+04  0.1358699082E+04  -.1067752772E+05
L7 0.0000000000E+00  0.1528911192E+01  0.8802293285E+01  0.1151035321E+02
L8 0.3517059040E+01  0.4415029877E+02  0.1225455636E+01  0.0000000000E+00
L9 0.0000000000E+00  0.0000000000E+00  0.0000000000E+00  0.9892812749E+00  0.0000000000E+00
L0     5000  0.1000000000E+02  -.7537029862E+04  0.1732417198E+04
L1 0.3002037504E+03  0.3002037504E+03  -.9269447060E+10  0.1000000000E+01
L2 0.1000000000E+01  0.3361144197E+02  0.3361144197E+02  0.3361144197E+02
L3 0.2923095415E+05  0.1389639038E+03  -.1528481575E+03  -.2481423355E+03
L4 -.8734219639E+02  0.2943551214E+03  0.2770850480E+03  0.2931594059E+03
L5 0.8645995753E+03  0.2651202238E+03  0.3092408821E+03  0.3453630039E+03
L6 0.9197241098E+03  -.9269447060E+04  0.1371926475E+04  -.1071615726E+05
L7 0.0000000000E+00  0.9476430517E+00  0.1083364640E+02  0.9265997456E+01
L8 0.2796043456E+01  0.4423323031E+02  0.6707165351E+01  0.0000000000E+00
L9 0.0000000000E+00  0.0000000000E+00  0.0000000000E+00  0.9896905336E+00  0.0000000000E+00
L0     6000  0.1200000000E+02  -.7492916973E+04  0.1685516389E+04
L1 0.2920764941E+03  0.2920764941E+03  -.9178433362E+10  0.1000000000E+01
L2 0.1000000000E+01  0.3370624053E+02  0.3370624053E+02  0.3370624053E+02
L3 0.2947648684E+05  0.8880042597E+03  0.1089129804E+04  0.6095188624E+03
L4 0.8622176420E+03  0.2568045367E+03  0.2800791013E+03  0.2689403076E+03
L5 0.8058239456E+03  0.6841908970E+02  0.4902592479E+02  0.1396340773E+03
L6 0.2570790918E+03  -.9178433362E+04  0.1496316755E+04  -.1075202857E+05
L7 0.0000000000E+00  0.3251681533E+01  0.1177417069E+02  0.9898664811E+01
L8 0.3940618697E+01  0.4482503013E+02  0.3588289300E+01  0.0000000000E+00
L9 0.0000000000E+00  0.0000000000E+00  0.0000000000E+00  0.9814466277E+00  0.0000000000E+00
L0     7000  0.1400000000E+02  -.7391444214E+04  0.1722934972E+04
L1 0.2985606128E+03  0.2985606128E+03  -.9114379186E+10  0.1000000000E+01
L2 0.1000000000E+01  0.3357901066E+02  0.3357901066E+02  0.3357901066E+02
L3 0.2914603044E+05  -.1618591637E+03  0.4599122094E+03  -.1084044946E+03
L4 0.6321618368E+02  0.2782376357E+03  0.2642624286E+03  0.2940747613E+03
L5 0.8365748255E+03  0.3121902552E+03  0.1677882847E+03  0.3168143855E+03
L6 0.7967929253E+03  -.9114379186E+04  0.1334440140E+04  -.1052712994E+05
L7 0.0000000000E+00  0.5725972289E+01  0.7447640109E+01  0.1235893610E+02
L8 0.3590628278E+01  0.4553245477E+02  0.3654977449E+01  0.0000000000E+00
L9 0.0000000000E+00  0.0000000000E+00  0.0000000000E+00  0.9925742260E+00  0.0000000000E+00
L0     8000  0.1600000000E+02  -.7496033451E+04  0.1734810232E+04
L1 0.3006184299E+03  0.3006184299E+03  -.9230843683E+10  0.1000000000E+01
L2 0.1000000000E+01  0.3365697206E+02  0.3365697206E+02  0.3365697206E+02
L3 0.2934902642E+05  0.3130552621E+03  0.3406111303E+03  0.8990447740E+02
L4 0.2478569566E+03  0.2764784985E+03  0.3000242048E+03  0.2780229171E+03
L5 0.8545256204E+03  0.2103526455E+03  0.2280777971E+03  0.2590326270E+03
L6 0.6974630695E+03  -.9230843683E+04  0.1422176564E+04  -.1072545076E+05
L7 0.0000000000E+00  0.2539084183E+01  0.8843497359E+01  0.1034389513E+02
L8 0.4527950667E+01  0.4562109632E+02  0.5549899616E+00  0.0000000000E+00
L9 0.0000000000E+00  0.0000000000E+00  0.0000000000E+00  0.9857089700E+00  0.0000000000E+00
L0     9000  0.1800000000E+02  -.7568234927E+04  0.1734311278E+04
L1 0.3005319682E+03  0.3005319682E+03  -.9302546205E+10  0.1000000000E+01
L2 0.1000000000E+01  0.3358302814E+02  0.3358302814E+02  0.3358302814E+02
L3 0.2915741548E+05  0.3368384594E+03  -.6491605300E+03  -.5620611589E+03
L4 -.2914610765E+03  0.2981019195E+03  0.2869981513E+03  0.2769325497E+03
L5 0.8620326205E+03  0.2274169169E+03  0.4232234321E+03  0.3948801692E+03
L6 0.1045520518E+04  -.9302546205E+04  0.1354097076E+04  -.1072898249E+05
L7 0.0000000000E+00  0.4248672231E+01  0.7214223240E+01  0.1228843629E+02
L8 0.3394249293E+01  0.4317593346E+02  0.2017692600E+01  0.0000000000E+00
L9 0.0000000000E+00  0.0000000000E+00  0.0000000000E+00  0.9921866574E+00  0.0000000000E+00
L0    10000  0.2000000000E+02  -.7512461763E+04  0.1725701736E+04
L1 0.2990400544E+03  0.2990400544E+03  -.9238163498E+10  0.1000000000E+01
L2 0.1000000000E+01  0.3364867470E+02  0.3364867470E+02  0.3364867470E+02
L3 0.2932904774E+05  -.2214218350E+03  -.4764286455E+03  -.5332403877E+03
L4 -.4103636227E+03  0.3105051582E+03  0.2608381204E+03  0.2975868803E+03
L5 0.8689301589E+03  0.3572436816E+03  0.3614044057E+03  0.4101451940E+03
L6 0.1128793281E+04  -.9238163498E+04  0.1329758524E+04  -.1064132655E+05
L7 0.0000000000E+00  0.4233181240E+01  0.8458569449E+01  0.1261685183E+02
L8 0.3057795674E+01  0.4181512924E+02  0.3223001002E+01  0.0000000000E+00
L9 0.0000000000E+00  0.0000000000E+00  0.0000000000E+00  0.9863804260E+00  0.0000000000E+00
