L0  Nsteps           time(ps)         Etot             EKinetic        
L1  Temp             T_solute         T_solv           Pres_scal_solu  
L2  Pres_scal_solv   BoxX             BoxY             BoxZ            
L3  volume           pres_X           pres_Y           pres_Z          
L4  Pressure         EKCoM_x          EKCoM_y          EKCoM_z         
L5  EKComTot         VIRIAL_x         VIRIAL_y         VIRIAL_z        
L6  VIRIAL_tot       E_pot            E_vdw            E_el            
L7  E_hbon           E_bon            E_angle          E_dih           
L8  E_14vdw          E_14el           E_const          E_pol           
L9  AV_permMoment    AV_indMoment     AV_totMoment     Density          dV/dlambda      
L0     1000  0.2000000000E+01  -.7392663901E+04  0.1724601531E+04
L1 0.2970084430E+03  0.2970084430E+03  -.9117265433E+10  0.1000000000E+01
L2 0.1000000000E+01  0.3460749777E+02  0.3460749777E+02  0.3460749777E+02
L3 0.3190969526E+05  -.7430429168E+03  -.9349019939E+03  -.9459524203E+03
L4 -.8746324437E+03  0.2886837460E+03  0.2955356777E+03  0.2659801158E+03
L5 0.8501995395E+03  0.4593285761E+03  0.5102422421E+03  0.4832244854E+03
L6 0.1452795304E+04  -.9117265433E+04  0.1325216458E+04  -.1051826686E+05
L7 0.0000000000E+00  0.1485105910E+01  0.8492923945E+01  0.1231064070E+02
L8 0.4373006112E+01  0.4579984522E+02  0.3323446904E+01  0.0000000000E+00
L9 0.0000000000E+00  0.0000000000E+00  0.0000000000E+00  0.9122336958E+00  0.0000000000E+00
L0     2000  0.4000000000E+01  -.7584468161E+04  0.1706419394E+04
L1 0.2938771409E+03  0.2938771409E+03  -.9290887555E+10  0.1000000000E+01
L2 0.1000000000E+01  0.3406294862E+02  0.3406294862E+02  0.3406294862E+02
L3 0.3042608847E+05  -.2353183125E+03  -.9295501959E+03  -.4792404152E+03
L4 -.5480363079E+03  0.2926415138E+03  0.2779286202E+03  0.3070138187E+03
L5 0.8775839527E+03  0.3441713105E+03  0.4814807030E+03  0.4119574625E+03
L6 0.1237609476E+04  -.9290887555E+04  0.1365329947E+04  -.1072873944E+05
L7 0.0000000000E+00  0.3089658790E+01  0.7084669708E+01  0.9713965840E+01
L8 0.3458492926E+01  0.4617101460E+02  0.3004134103E+01  0.0000000000E+00
L9 0.0000000000E+00  0.0000000000E+00  0.0000000000E+00  0.9567151319E+00  0.0000000000E+00
L0     3000  0.6000000000E+01  -.7486462925E+04  0.1733988145E+04
L1 0.2986249924E+03  0.2986249924E+03  -.9220451071E+10  0.1000000000E+01
L2 0.1000000000E+01  0.3382243599E+02  0.3382243599E+02  0.3382243599E+02
L3 0.2978369472E+05  -.8718218597E+02  0.6675142653E+03  0.5234545024E+03
L4 0.3679288606E+03  0.2897201830E+03  0.2973652724E+03  0.3020827863E+03
L5 0.8891682416E+03  0.3084081864E+03  0.1542797468E+03  0.1898773002E+03
L6 0.6525652334E+03  -.9220451071E+04  0.1428304635E+04  -.1072233732E+05
L7 0.0000000000E+00  0.2318414607E+01  0.1086387622E+02  0.1054444851E+02
L8 0.2996515770E+01  0.4552047160E+02  0.1337890895E+01  0.0000000000E+00
L9 0.0000000000E+00  0.0000000000E+00  0.0000000000E+00  0.9773501748E+00  0.0000000000E+00
L0     4000  0.8000000000E+01  -.7642856087E+04  0.1651945932E+04
L1 0.2844957981E+03  0.2844957981E+03  -.9294802019E+10  0.1000000000E+01
L2 0.1000000000E+01  0.3372950093E+02  0.3372950093E+02  0.3372950093E+02
L3 0.2953988729E+05  -.5850275025E+03  0.1310650065E+03  0.3831864662E+03
L4 -.2359200994E+02  0.2800231381E+03  0.2574608069E+03  0.2909212418E+03
L5 0.8284051869E+03  0.4044006020E+03  0.2295962483E+03  0.2094553951E+03
L6 0.8434522454E+03  -.9294802019E+04  0.1402310333E+04  -.1077715810E+05
L7 0.0000000000E+00  0.5466657719E+01  0.1084687852E+02  0.1160276532E+02
L8 0.4092034190E+01  0.4429478583E+02  0.3742625393E+01  0.0000000000E+00
L9 0.0000000000E+00  0.0000000000E+00  0.0000000000E+00  0.9854167335E+00  0.0000000000E+00
L0     5000  0.1000000000E+02  -.7535616266E+04  0.1694933270E+04
L1 0.2918990168E+03  0.2918990168E+03  -.9230549536E+10  0.1000000000E+01
L2 0.1000000000E+01  0.3368326611E+02  0.3368326611E+02  0.3368326611E+02
L3 0.2941811926E+05  0.4899943324E+03  0.5649607059E+02  -.9273389046E+02
L4 0.1512521708E+03  0.2815873270E+03  0.2845643386E+03  0.2673658612E+03
L5 0.8335175268E+03  0.1778434340E+03  0.2726027261E+03  0.2869999145E+03
L6 0.7374460746E+03  -.9230549536E+04  0.1393707769E+04  -.1069539707E+05
L7 0.0000000000E+00  0.1762910626E+01  0.6276889401E+01  0.9394123045E+01
L8 0.3757338117E+01  0.4659693700E+02  0.3351570797E+01  0.0000000000E+00
L9 0.0000000000E+00  0.0000000000E+00  0.0000000000E+00  0.9894955890E+00  0.0000000000E+00
L0     6000  0.1200000000E+02  -.7525063968E+04  0.1703727541E+04
L1 0.2934135538E+03  0.2934135538E+03  -.9228791509E+10  0.1000000000E+01
L2 0.1000000000E+01  0.3366400581E+02  0.3366400581E+02  0.3366400581E+02
L3 0.2936787549E+05  0.7024906318E+03  -.2103233724E+02  -.4473282064E+03
L4 0.7804336272E+02  0.2842390797E+03  0.2707107491E+03  0.2861497945E+03
L5 0.8410996233E+03  0.1357585025E+03  0.2751562085E+03  0.3806984579E+03
L6 0.7916131689E+03  -.9228791509E+04  0.1370133426E+04  -.1067388560E+05
L7 0.0000000000E+00  0.4282483077E+01  0.6490831974E+01  0.1403390546E+02
L8 0.1928617253E+01  0.4564197098E+02  0.2582852919E+01  0.0000000000E+00
L9 0.0000000000E+00  0.0000000000E+00  0.0000000000E+00  0.9911884587E+00  0.0000000000E+00
L0     7000  0.1400000000E+02  -.7533759135E+04  0.1717667533E+04
L1 0.2958142796E+03  0.2958142796E+03  -.9251426668E+10  0.1000000000E+01
L2 0.1000000000E+01  0.3366836620E+02  0.3366836620E+02  0.3366836620E+02
L3 0.2937918226E+05  0.3786856428E+03  -.5762231134E+03  0.5535645930E+03
L4 0.1186757074E+03  0.2905773601E+03  0.2558778704E+03  0.2823452631E+03
L5 0.8288004936E+03  0.2105063839E+03  0.3777170478E+03  0.1652971040E+03
L6 0.7535205357E+03  -.9251426668E+04  0.1396110423E+04  -.1072004248E+05
L7 0.0000000000E+00  0.1980917317E+01  0.1154004482E+02  0.8530829391E+01
L8 0.3023814224E+01  0.4594293840E+02  0.1486845053E+01  0.0000000000E+00
L9 0.0000000000E+00  0.0000000000E+00  0.0000000000E+00  0.9908069933E+00  0.0000000000E+00
L0     8000  0.1600000000E+02  -.7548517642E+04  0.1715539288E+04
L1 0.2954477562E+03  0.2954477562E+03  -.9264056931E+10  0.1000000000E+01
L2 0.1000000000E+01  0.3364774100E+02  0.3364774100E+02  0.3364774100E+02
L3 0.2932622050E+05  -.4438116987E+03  -.1076129332E+03  -.2372327072E+03
L4 -.2628857797E+03  0.2892233260E+03  0.2800706325E+03  0.2862462349E+03
L5 0.8555401935E+03  0.3828956773E+03  0.3027837708E+03  0.3363173474E+03
L6 0.1021996795E+04  -.9264056931E+04  0.1339548252E+04  -.1067873723E+05
L7 0.0000000000E+00  0.3865120103E+01  0.1013292835E+02  0.9813500258E+01
L8 0.2771062891E+01  0.4603330893E+02  0.2516125003E+01  0.0000000000E+00
L9 0.0000000000E+00  0.0000000000E+00  0.0000000000E+00  0.9925963438E+00  0.0000000000E+00
L0     9000  0.1800000000E+02  -.7457836345E+04  0.1770226672E+04
L1 0.3048659403E+03  0.3048659403E+03  -.9228063017E+10  0.1000000000E+01
L2 0.1000000000E+01  0.3367562964E+02  0.3367562964E+02  0.3367562964E+02
L3 0.2939766238E+05  0.4272539892E+03  0.1787666851E+01  0.5428739093E+03
L4 0.3239718551E+03  0.2885028439E+03  0.2727273448E+03  0.3054094952E+03
L5 0.8666396839E+03  0.1981055345E+03  0.2723491148E+03  0.1905496180E+03
L6 0.6610042673E+03  -.9228063017E+04  0.1395815555E+04  -.1070078324E+05
L7 0.0000000000E+00  0.2557056498E+01  0.1603277004E+02  0.1007986292E+02
L8 0.3584826028E+01  0.4287356858E+02  0.1776582863E+01  0.0000000000E+00
L9 0.0000000000E+00  0.0000000000E+00  0.0000000000E+00  0.9901841468E+00  0.0000000000E+00
L0    10000  0.2000000000E+02  -.7510689653E+04  0.1744261745E+04
L1 0.3003942972E+03  0.3003942972E+03  -.9254951397E+10  0.1000000000E+01
L2 0.1000000000E+01  0.3374009213E+02  0.3374009213E+02  0.3374009213E+02
L3 0.2956869796E+05  -.1089945565E+04  -.2838423386E+03  0.1940330478E+03
L4 -.3932516185E+03  0.2875380592E+03  0.2951719110E+03  0.2805398679E+03
L5 0.8632498381E+03  0.5194876387E+03  0.3555759470E+03  0.2392480041E+03
L6 0.1114311590E+04  -.9254951397E+04  0.1332955674E+04  -.1065973896E+05
L7 0.0000000000E+00  0.5401381482E+01  0.9229044446E+01  0.9998765604E+01
L8 0.2542776768E+01  0.4169086443E+02  0.2969059536E+01  0.0000000000E+00
L9 0.0000000000E+00  0.0000000000E+00  0.0000000000E+00  0.9844565790E+00  0.0000000000E+00
