L0  Nsteps           time(ps)         Etot             EKinetic        
L1  Temp             T_solute         T_solv           Pres_scal_solu  
L2  Pres_scal_solv   BoxX             BoxY             BoxZ            
L3  volume           pres_X           pres_Y           pres_Z          
L4  Pressure         EKCoM_x          EKCoM_y          EKCoM_z         
L5  EKComTot         VIRIAL_x         VIRIAL_y         VIRIAL_z        
L6  VIRIAL_tot       E_pot            E_vdw            E_el            
L7  E_hbon           E_bon            E_angle          E_dih           
L8  E_14vdw          E_14el           E_const          E_pol           
L9  AV_permMoment    AV_indMoment     AV_totMoment     Density          dV/dlambda      
L0     1000  0.2000000000E+01  -.7595840379E+04  0.1686850577E+04
L1 0.2878472473E+03  0.2878472473E+03  -.9282690955E+10  0.1000000000E+01
L2 0.1000000000E+01  0.3486295979E+02  0.3486295979E+02  0.3486295979E+02
L3 0.3262061916E+05  -.7911202427E+03  0.1137553993E+02  -.8666609641E+03
L4 -.5488018889E+03  0.2840929554E+03  0.2751402020E+03  0.2882472834E+03
L5 0.8474804407E+03  0.4698268977E+03  0.2724695285E+03  0.4917161732E+03
L6 0.1234012599E+04  -.9282690955E+04  0.1424489861E+04  -.1078066737E+05
L7 0.0000000000E+00  0.2565986196E+01  0.5719298128E+01  0.1168762972E+02
L8 0.2375007083E+01  0.4766223628E+02  0.3476393891E+01  0.0000000000E+00
L9 0.0000000000E+00  0.0000000000E+00  0.0000000000E+00  0.9006067620E+00  0.0000000000E+00
L0     2000  0.4000000000E+01  -.7543474050E+04  0.1698206384E+04
L1 0.2897850230E+03  0.2897850230E+03  -.9241680434E+10  0.1000000000E+01
L2 0.1000000000E+01  0.3438928440E+02  0.3438928440E+02  0.3438928440E+02
L3 0.3130812226E+05  -.5117167228E+03  -.4844561696E+03  0.2658526413E+03
L4 -.2434400837E+03  0.2795701248E+03  0.2579688939E+03  0.2871958746E+03
L5 0.8247348932E+03  0.3948738161E+03  0.3671300414E+03  0.2272920459E+03
L6 0.9892959034E+03  -.9241680434E+04  0.1392310822E+04  -.1071361245E+05
L7 0.0000000000E+00  0.1766474265E+01  0.1507165412E+02  0.1273072983E+02
L8 0.3125254543E+01  0.4476847542E+02  0.2158609023E+01  0.0000000000E+00
L9 0.0000000000E+00  0.0000000000E+00  0.0000000000E+00  0.9383619351E+00  0.0000000000E+00
L0     3000  0.6000000000E+01  -.7540345220E+04  0.1759950210E+04
L1 0.3003211016E+03  0.3003211016E+03  -.9300295430E+10  0.1000000000E+01
L2 0.1000000000E+01  0.3399733483E+02  0.3399733483E+02  0.3399733483E+02
L3 0.3025051150E+05  -.1495751752E+04  -.1823893518E+02  -.2941323099E+02
L4 -.5144679728E+03  0.2958607906E+03  0.2757701000E+03  0.3112392636E+03
L5 0.8828701542E+03  0.6215090961E+03  0.2797409985E+03  0.3176429792E+03
L6 0.1218893074E+04  -.9300295430E+04  0.1325934563E+04  -.1070036850E+05
L7 0.0000000000E+00  0.3385345601E+01  0.8095013806E+01  0.1069598146E+02
L8 0.2863735931E+01  0.4588390403E+02  0.3214522033E+01  0.0000000000E+00
L9 0.0000000000E+00  0.0000000000E+00  0.0000000000E+00  0.9711687089E+00  0.0000000000E+00
L0     4000  0.8000000000E+01  -.7622193327E+04  0.1690732364E+04
L1 0.2885096426E+03  0.2885096426E+03  -.9312925691E+10  0.1000000000E+01
L2 0.1000000000E+01  0.3395628533E+02  0.3395628533E+02  0.3395628533E+02
L3 0.3014033571E+05  -.6114271460E+03  -.3218909801E+03  0.2063044799E+03
L4 -.2423378821E+03  0.2857852558E+03  0.2716678015E+03  0.2835248188E+03
L5 0.8409778762E+03  0.4184175805E+03  0.3414932080E+03  0.2387727287E+03
L6 0.9986835172E+03  -.9312925691E+04  0.1373642273E+04  -.1076026434E+05
L7 0.0000000000E+00  0.2757678153E+01  0.5389873514E+01  0.1239776319E+02
L8 0.2716627218E+01  0.4770918543E+02  0.2725247913E+01  0.0000000000E+00
L9 0.0000000000E+00  0.0000000000E+00  0.0000000000E+00  0.9747187450E+00  0.0000000000E+00
L0     5000  0.1000000000E+02  -.7591930475E+04  0.1760839045E+04
L1 0.3004727739E+03  0.3004727739E+03  -.9352769519E+10  0.1000000000E+01
L2 0.1000000000E+01  0.3380948294E+02  0.3380948294E+02  0.3380948294E+02
L3 0.2975182161E+05  -.3586135743E+03  -.6357464413E+03  -.5389426403E+03
L4 -.5111008853E+03  0.2995809270E+03  0.2931772676E+03  0.2734580108E+03
L5 0.8662162054E+03  0.3763695476E+03  0.4293073412E+03  0.3888598385E+03
L6 0.1194536727E+04  -.9352769519E+04  0.1319875225E+04  -.1074406826E+05
L7 0.0000000000E+00  0.2299959853E+01  0.5731239258E+01  0.9305644062E+01
L8 0.3188004311E+01  0.4635491280E+02  0.4543756323E+01  0.0000000000E+00
L9 0.0000000000E+00  0.0000000000E+00  0.0000000000E+00  0.9874471074E+00  0.0000000000E+00
L0     6000  0.1200000000E+02  -.7518846081E+04  0.1761839818E+04
L1 0.3006435477E+03  0.3006435477E+03  -.9280685899E+10  0.1000000000E+01
L2 0.1000000000E+01  0.3387152580E+02  0.3387152580E+02  0.3387152580E+02
L3 0.2991435820E+05  0.4759287103E+03  -.2643236338E+03  0.2619393259E+01
L4 0.7140815658E+02  0.2923528868E+03  0.3103215408E+03  0.2994398775E+03
L5 0.9021143050E+03  0.1898872663E+03  0.3672294023E+03  0.2988759322E+03
L6 0.8559926008E+03  -.9280685899E+04  0.1379912279E+04  -.1073124392E+05
L7 0.0000000000E+00  0.1748419322E+01  0.7963697903E+01  0.1182032864E+02
L8 0.4482159585E+01  0.4244894862E+02  0.2182191478E+01  0.0000000000E+00
L9 0.0000000000E+00  0.0000000000E+00  0.0000000000E+00  0.9820819153E+00  0.0000000000E+00
L0     7000  0.1400000000E+02  -.7636862440E+04  0.1708610218E+04
L1 0.2915603521E+03  0.2915603521E+03  -.9345472658E+10  0.1000000000E+01
L2 0.1000000000E+01  0.3382386310E+02  0.3382386310E+02  0.3382386310E+02
L3 0.2978771904E+05  -.4564353502E+03  0.1217951360E+04  0.5540848902E+02
L4 0.2723081664E+03  0.2595875371E+03  0.2913949724E+03  0.2894812037E+03
L5 0.8404637132E+03  0.3574403019E+03  0.3028481075E+02  0.2776024703E+03
L6 0.6653275830E+03  -.9345472658E+04  0.1426484620E+04  -.1084557005E+05
L7 0.0000000000E+00  0.2318450469E+01  0.9390568007E+01  0.1386062926E+02
L8 0.3188692095E+01  0.4260474088E+02  0.2249690406E+01  0.0000000000E+00
L9 0.0000000000E+00  0.0000000000E+00  0.0000000000E+00  0.9862571269E+00  0.0000000000E+00
L0     8000  0.1600000000E+02  -.7603391268E+04  0.1746002862E+04
L1 0.2979411007E+03  0.2979411007E+03  -.9349394130E+10  0.1000000000E+01
L2 0.1000000000E+01  0.3366556473E+02  0.3366556473E+02  0.3366556473E+02
L3 0.2937201261E+05  0.3829406692E+02  -.6469764334E+02  0.1952564948E+03
L4 0.5628430613E+02  0.2906616704E+03  0.2886051756E+03  0.2726736204E+03
L5 0.8519404663E+03  0.2825665786E+03  0.3022817945E+03  0.2313977942E+03
L6 0.8162461673E+03  -.9349394130E+04  0.1371661983E+04  -.1079937987E+05
L7 0.0000000000E+00  0.5067491461E+01  0.6938833321E+01  0.1501892666E+02
L8 0.3167317147E+01  0.4319201621E+02  0.4939168487E+01  0.0000000000E+00
L9 0.0000000000E+00  0.0000000000E+00  0.0000000000E+00  0.1000215770E+01  0.0000000000E+00
L0     9000  0.1800000000E+02  -.7632709001E+04  0.1721106898E+04
L1 0.2936928082E+03  0.2936928082E+03  -.9353815899E+10  0.1000000000E+01
L2 0.1000000000E+01  0.3380312511E+02  0.3380312511E+02  0.3380312511E+02
L3 0.2973394102E+05  -.1897874280E+03  0.1197444705E+03  -.2198266906E+03
L4 -.9662321604E+02  0.3010828796E+03  0.2918461750E+03  0.2863193886E+03
L5 0.8792484432E+03  0.3416969480E+03  0.2662211367E+03  0.3333617893E+03
L6 0.9412798741E+03  -.9353815899E+04  0.1356267613E+04  -.1078063841E+05
L7 0.0000000000E+00  0.2392276270E+01  0.4695402363E+01  0.9236944455E+01
L8 0.3125392453E+01  0.4845493384E+02  0.2649947022E+01  0.0000000000E+00
L9 0.0000000000E+00  0.0000000000E+00  0.0000000000E+00  0.9880409116E+00  0.0000000000E+00
L0    10000  0.2000000000E+02  -.7692516088E+04  0.1724487624E+04
L1 0.2942697014E+03  0.2942697014E+03  -.9417003712E+10  0.1000000000E+01
L2 0.1000000000E+01  0.3383286853E+02  0.3383286853E+02  0.3383286853E+02
L3 0.2981217483E+05  -.2230025672E+03  -.4954862573E+01  0.3037204060E+03
L4 0.2525432543E+02  0.2903321076E+03  0.2850301274E+03  0.2886804200E+03
L5 0.8640426550E+03  0.3381797013E+03  0.2860932463E+03  0.2235139478E+03
L6 0.8477868955E+03  -.9417003712E+04  0.1426053285E+04  -.1091786529E+05
L7 0.0000000000E+00  0.7540981034E+01  0.8392069722E+01  0.1078194487E+02
L8 0.2632842031E+01  0.4325787537E+02  0.2202580101E+01  0.0000000000E+00
L9 0.0000000000E+00  0.0000000000E+00  0.0000000000E+00  0.9854480715E+00  0.0000000000E+00
