L0  Nsteps           time(ps)         Etot             EKinetic        
L1  Temp             T_solute         T_solv           Pres_scal_solu  
L2  Pres_scal_solv   BoxX             BoxY             BoxZ            
L3  volume           pres_X           pres_Y           pres_Z          
L4  Pressure         EKCoM_x          EKCoM_y          EKCoM_z         
L5  EKComTot         VIRIAL_x         VIRIAL_y         VIRIAL_z        
L6  VIRIAL_tot       E_pot            E_vdw            E_el            
L7  E_hbon           E_bon            E_angle          E_dih           
L8  E_14vdw          E_14el           E_const          E_pol           
L9  AV_permMoment    AV_indMoment     AV_totMoment     Density          dV/dlambda      
L0     1000  0.2000000000E+01  -.7537644783E+04  0.1728871394E+04
L1 0.2941201359E+03  0.2941201359E+03  -.9266516176E+10  0.1000000000E+01
L2 0.1000000000E+01  0.3484846122E+02  0.3484846122E+02  0.3484846122E+02
L3 0.3258015901E+05  -.1011575717E+04  -.7031787290E+02  -.7926862956E+03
L4 -.6248599619E+03  0.2965634236E+03  0.2797854316E+03  0.2846502958E+03
L5 0.8609991510E+03  0.5337598684E+03  0.2962737173E+03  0.4705210793E+03
L6 0.1300554665E+04  -.9266516176E+04  0.1406735996E+04  -.1074795747E+05
L7 0.0000000000E+00  0.1260044776E+01  0.8013480645E+01  0.1311040835E+02
L8 0.3002418950E+01  0.4694139869E+02  0.2377549629E+01  0.0000000000E+00
L9 0.0000000000E+00  0.0000000000E+00  0.0000000000E+00  0.9044799474E+00  0.0000000000E+00
L0     2000  0.4000000000E+01  -.7510325119E+04  0.1728870456E+04
L1 0.2941199764E+03  0.2941199764E+03  -.9239195575E+10  0.1000000000E+01
L2 0.1000000000E+01  0.3428961989E+02  0.3428961989E+02  0.3428961989E+02
L3 0.3103787401E+05  -.6122589417E+03  -.6225290236E+03  -.7615012279E+03
L4 -.6654297311E+03  0.2782152091E+03  0.2914807863E+03  0.2746021725E+03
L5 0.8442981679E+03  0.4149829528E+03  0.4305426834E+03  0.4447079851E+03
L6 0.1290233621E+04  -.9239195575E+04  0.1320296619E+04  -.1063735194E+05
L7 0.0000000000E+00  0.5903577209E+01  0.6956267085E+01  0.9774998062E+01
L8 0.4325928425E+01  0.4873096551E+02  0.2168013042E+01  0.0000000000E+00
L9 0.0000000000E+00  0.0000000000E+00  0.0000000000E+00  0.9494239361E+00  0.0000000000E+00
L0     3000  0.6000000000E+01  -.7623337748E+04  0.1718902260E+04
L1 0.2924241607E+03  0.2924241607E+03  -.9342240008E+10  0.1000000000E+01
L2 0.1000000000E+01  0.3404509405E+02  0.3404509405E+02  0.3404509405E+02
L3 0.3037624971E+05  -.3761044677E+02  0.1651779424E+03  0.4636844388E+03
L4 0.1970839782E+03  0.2664866000E+03  0.2816025104E+03  0.2952300442E+03
L5 0.8433191545E+03  0.2747090118E+03  0.2454912384E+03  0.1938591551E+03
L6 0.7140594053E+03  -.9342240008E+04  0.1429783908E+04  -.1084390409E+05
L7 0.0000000000E+00  0.3441131291E+01  0.4132172197E+01  0.9753195793E+01
L8 0.3122308388E+01  0.4855840001E+02  0.2872964251E+01  0.0000000000E+00
L9 0.0000000000E+00  0.0000000000E+00  0.0000000000E+00  0.9701033141E+00  0.0000000000E+00
L0     4000  0.8000000000E+01  -.7637255166E+04  0.1730536524E+04
L1 0.2944034122E+03  0.2944034122E+03  -.9367791690E+10  0.1000000000E+01
L2 0.1000000000E+01  0.3405137308E+02  0.3405137308E+02  0.3405137308E+02
L3 0.3039296483E+05  -.5182944901E+03  0.9272064016E+03  0.2875880882E+03
L4 0.2321666666E+03  0.2868799873E+03  0.2973417208E+03  0.2932677939E+03
L5 0.8774895020E+03  0.4002520999E+03  0.9452392008E+02  0.2303605669E+03
L6 0.7251365869E+03  -.9367791690E+04  0.1443988295E+04  -.1088551308E+05
L7 0.0000000000E+00  0.2060902560E+01  0.8357926064E+01  0.1049783675E+02
L8 0.4069288524E+01  0.4677390375E+02  0.1973237842E+01  0.0000000000E+00
L9 0.0000000000E+00  0.0000000000E+00  0.0000000000E+00  0.9695697893E+00  0.0000000000E+00
L0     5000  0.1000000000E+02  -.7648439495E+04  0.1741031277E+04
L1 0.2961888071E+03  0.2961888071E+03  -.9389470772E+10  0.1000000000E+01
L2 0.1000000000E+01  0.3399913423E+02  0.3399913423E+02  0.3399913423E+02
L3 0.3025427341E+05  -.5993023537E+02  0.1058718748E+03  -.4314984063E+03
L4 -.1285189223E+03  0.2752584058E+03  0.2996077899E+03  0.2796745733E+03
L5 0.8545407690E+03  0.2883077682E+03  0.2765549777E+03  0.3736301372E+03
L6 0.9384928831E+03  -.9389470772E+04  0.1423163280E+04  -.1088985273E+05
L7 0.0000000000E+00  0.2762378502E+01  0.9735309698E+01  0.1200986214E+02
L8 0.3855830420E+01  0.4399308302E+02  0.4862214008E+01  0.0000000000E+00
L9 0.0000000000E+00  0.0000000000E+00  0.0000000000E+00  0.9740144844E+00  0.0000000000E+00
L0     6000  0.1200000000E+02  -.7557913886E+04  0.1773627398E+04
L1 0.3017341447E+03  0.3017341447E+03  -.9331541284E+10  0.1000000000E+01
L2 0.1000000000E+01  0.3396478894E+02  0.3396478894E+02  0.3396478894E+02
L3 0.3016353895E+05  -.3071888263E+03  -.5334226842E+03  -.5036594377E+03
L4 -.4480903161E+03  0.2677556604E+03  0.2932618908E+03  0.3088550574E+03
L5 0.8698726086E+03  0.3344431376E+03  0.4090623694E+03  0.4181942469E+03
L6 0.1161699754E+04  -.9331541284E+04  0.1320829343E+04  -.1072893259E+05
L7 0.0000000000E+00  0.3115156179E+01  0.1047316255E+02  0.9994738187E+01
L8 0.3231552255E+01  0.4667896412E+02  0.3068384887E+01  0.0000000000E+00
L9 0.0000000000E+00  0.0000000000E+00  0.0000000000E+00  0.9769444017E+00  0.0000000000E+00
L0     7000  0.1400000000E+02  -.7646518254E+04  0.1742113741E+04
L1 0.2963729588E+03  0.2963729588E+03  -.9388631996E+10  0.1000000000E+01
L2 0.1000000000E+01  0.3388109438E+02  0.3388109438E+02  0.3388109438E+02
L3 0.2994073774E+05  -.3388479848E+03  -.2726570415E+03  -.3203596659E+03
L4 -.3106215641E+03  0.2794704525E+03  0.2916861501E+03  0.2991148491E+03
L5 0.8702714517E+03  0.3524874523E+03  0.3504399278E+03  0.3681478749E+03
L6 0.1071075255E+04  -.9388631996E+04  0.1361169012E+04  -.1083046991E+05
L7 0.0000000000E+00  0.4294806939E+01  0.1308159829E+02  0.9817979332E+01
L8 0.2631510774E+01  0.4593725909E+02  0.4905752395E+01  0.0000000000E+00
L9 0.0000000000E+00  0.0000000000E+00  0.0000000000E+00  0.9842142423E+00  0.0000000000E+00
L0     8000  0.1600000000E+02  -.7587989115E+04  0.1734340054E+04
L1 0.2950504787E+03  0.2950504787E+03  -.9322329169E+10  0.1000000000E+01
L2 0.1000000000E+01  0.3384752532E+02  0.3384752532E+02  0.3384752532E+02
L3 0.2984912768E+05  0.7748267793E+03  0.3900145281E+03  0.9490511648E+03
L4 0.7046308241E+03  0.2921675635E+03  0.2718349895E+03  0.2953592644E+03
L5 0.8593618174E+03  0.1257140963E+03  0.1880494619E+03  0.9147775022E+02
L6 0.4052413084E+03  -.9322329169E+04  0.1458895427E+04  -.1085736700E+05
L7 0.0000000000E+00  0.4906864674E+01  0.9314591666E+01  0.1056554310E+02
L8 0.2472628762E+01  0.4567850805E+02  0.3204264219E+01  0.0000000000E+00
L9 0.0000000000E+00  0.0000000000E+00  0.0000000000E+00  0.9872348978E+00  0.0000000000E+00
L0     9000  0.1800000000E+02  -.7654022206E+04  0.1693926044E+04
L1 0.2881751415E+03  0.2881751415E+03  -.9347948251E+10  0.1000000000E+01
L2 0.1000000000E+01  0.3393229336E+02  0.3393229336E+02  0.3393229336E+02
L3 0.3007581009E+05  -.2112660262E+03  0.3919566521E+03  -.1435516008E+03
L4 0.1237967502E+02  0.2790574603E+03  0.2672817579E+03  0.3106147309E+03
L5 0.8569539491E+03  0.3247877105E+03  0.1824395517E+03  0.3416876428E+03
L6 0.8489149049E+03  -.9347948251E+04  0.1401544953E+04  -.1082377667E+05
L7 0.0000000000E+00  0.5391259341E+01  0.9248123553E+01  0.1237449990E+02
L8 0.3105725121E+01  0.4268544051E+02  0.1478421935E+01  0.0000000000E+00
L9 0.0000000000E+00  0.0000000000E+00  0.0000000000E+00  0.9797940743E+00  0.0000000000E+00
L0    10000  0.2000000000E+02  -.7612640886E+04  0.1755911354E+04
L1 0.2987202450E+03  0.2987202450E+03  -.9368552241E+10  0.1000000000E+01
L2 0.1000000000E+01  0.3377999027E+02  0.3377999027E+02  0.3377999027E+02
L3 0.2967254026E+05  0.8384889465E+02  -.1140467918E+03  0.1856027844E+03
L4 0.5180162907E+02  0.2849997953E+03  0.2896381225E+03  0.2984478287E+03
L5 0.8730857465E+03  0.2670933801E+03  0.3139934728E+03  0.2588112833E+03
L6 0.8398981363E+03  -.9368552241E+04  0.1376199446E+04  -.1081871493E+05
L7 0.0000000000E+00  0.2511719721E+01  0.7080453444E+01  0.1287569633E+02
L8 0.3313568497E+01  0.4603651631E+02  0.2145286966E+01  0.0000000000E+00
L9 0.0000000000E+00  0.0000000000E+00  0.0000000000E+00  0.9931101365E+00  0.0000000000E+00
