L0  Nsteps           time(ps)         Etot             EKinetic        
L1  Temp             T_solute         T_solv           Pres_scal_solu  
L2  Pres_scal_solv   BoxX             BoxY             BoxZ            
L3  volume           pres_X           pres_Y           pres_Z          
L4  Pressure         EKCoM_x          EKCoM_y          EKCoM_z         
L5  EKComTot         VIRIAL_x         VIRIAL_y         VIRIAL_z        
L6  VIRIAL_tot       E_pot            E_vdw            E_el            
L7  E_hbon           E_bon            E_angle          E_dih           
L8  E_14vdw          E_14el           E_const          E_pol           
L9  AV_permMoment    AV_indMoment     AV_totMoment     Density          dV/dlambda      
L0     1000  0.2000000000E+01  -.7554324500E+04  0.1749483786E+04
L1 0.2934599955E+03  0.2934599955E+03  -.9303808287E+10  0.1000000000E+01
L2 0.1000000000E+01  0.3503483015E+02  0.3503483015E+02  0.3503483015E+02
L3 0.3310448133E+05  0.1018263485E+02  0.8553761643E+02  -.7589569314E+03
L4 -.2210788934E+03  0.2768750515E+03  0.2953382970E+03  0.2798245826E+03
L5 0.8520379310E+03  0.2744489803E+03  0.2749584691E+03  0.4606504260E+03
L6 0.1010057875E+04  -.9303808287E+04  0.1454880250E+04  -.1084128641E+05
L7 0.0000000000E+00  0.6266173317E+01  0.9146898689E+01  0.1130100441E+02
L8 0.2576577728E+01  0.4647891092E+02  0.6828309510E+01  0.0000000000E+00
L9 0.0000000000E+00  0.0000000000E+00  0.0000000000E+00  0.9028063309E+00  0.0000000000E+00
L0     2000  0.4000000000E+01  -.7657468366E+04  0.1770958058E+04
L1 0.2970621092E+03  0.2970621092E+03  -.9428426423E+10  0.1000000000E+01
L2 0.1000000000E+01  0.3448623412E+02  0.3448623412E+02  0.3448623412E+02
L3 0.3157337654E+05  0.2253304361E+02  -.1701509863E+03  -.2812534427E+03
L4 -.1429571285E+03  0.3052615724E+03  0.2784245342E+03  0.3023517563E+03
L5 0.8860378629E+03  0.3001412481E+03  0.3170890058E+03  0.3662627332E+03
L6 0.9834929872E+03  -.9428426423E+04  0.1434504259E+04  -.1093670689E+05
L7 0.0000000000E+00  0.2000923929E+01  0.7067223214E+01  0.9604466731E+01
L8 0.2901584686E+01  0.4716054445E+02  0.5041460123E+01  0.0000000000E+00
L9 0.0000000000E+00  0.0000000000E+00  0.0000000000E+00  0.9465866056E+00  0.0000000000E+00
L0     3000  0.6000000000E+01  -.7672674642E+04  0.1821661236E+04
L1 0.3055671063E+03  0.3055671063E+03  -.9494335878E+10  0.1000000000E+01
L2 0.1000000000E+01  0.3418491847E+02  0.3418491847E+02  0.3418491847E+02
L3 0.3075266694E+05  -.6941651759E+03  -.2937067713E+03  0.9131383219E+03
L4 -.2491120842E+02  0.3116550068E+03  0.2892681862E+03  0.3151725120E+03
L5 0.9160957051E+03  0.4652942600E+03  0.3542741683E+03  0.1130680350E+03
L6 0.9326364633E+03  -.9494335878E+04  0.1420748027E+04  -.1099158595E+05
L7 0.0000000000E+00  0.2045937578E+01  0.1031608438E+02  0.1189204623E+02
L8 0.3486512140E+01  0.4529491039E+02  0.3466551670E+01  0.0000000000E+00
L9 0.0000000000E+00  0.0000000000E+00  0.0000000000E+00  0.9718485680E+00  0.0000000000E+00
L0     4000  0.8000000000E+01  -.7675375454E+04  0.1831301638E+04
L1 0.3071841961E+03  0.3071841961E+03  -.9506677092E+10  0.1000000000E+01
L2 0.1000000000E+01  0.3410910641E+02  0.3410910641E+02  0.3410910641E+02
L3 0.3054874814E+05  0.1382316763E+03  -.3237043834E+03  -.1411744187E+03
L4 -.1088823752E+03  0.2990073661E+03  0.3153298032E+03  0.2996058462E+03
L5 0.9139430155E+03  0.2686154856E+03  0.3865000675E+03  0.3306447236E+03
L6 0.9857602767E+03  -.9506677092E+04  0.1412638152E+04  -.1099462335E+05
L7 0.0000000000E+00  0.3079001712E+01  0.1049805088E+02  0.1411790840E+02
L8 0.1633124979E+01  0.4312913751E+02  0.2850878870E+01  0.0000000000E+00
L9 0.0000000000E+00  0.0000000000E+00  0.0000000000E+00  0.9783358451E+00  0.0000000000E+00
L0     5000  0.1000000000E+02  -.7727244911E+04  0.1797267547E+04
L1 0.3014752868E+03  0.3014752868E+03  -.9524512458E+10  0.1000000000E+01
L2 0.1000000000E+01  0.3398515547E+02  0.3398515547E+02  0.3398515547E+02
L3 0.3021540972E+05  0.4142322511E+03  0.3038660909E+03  0.6348023412E+03
L4 0.4509668944E+03  0.2972206572E+03  0.2987445677E+03  0.2899818994E+03
L5 0.8859471243E+03  0.2071405329E+03  0.2326649827E+03  0.1519359756E+03
L6 0.5917414912E+03  -.9524512458E+04  0.1468838806E+04  -.1106675046E+05
L7 0.0000000000E+00  0.1651204249E+01  0.7051266508E+01  0.1177148897E+02
L8 0.3884560600E+01  0.4669548899E+02  0.2345189491E+01  0.0000000000E+00
L9 0.0000000000E+00  0.0000000000E+00  0.0000000000E+00  0.9891289113E+00  0.0000000000E+00
L0     6000  0.1200000000E+02  -.7818250305E+04  0.1750469236E+04
L1 0.2936252957E+03  0.2936252957E+03  -.9568719541E+10  0.1000000000E+01
L2 0.1000000000E+01  0.3395927207E+02  0.3395927207E+02  0.3395927207E+02
L3 0.3014816227E+05  0.2125124348E+03  -.1112568046E+04  0.3151800261E+03
L4 -.1949585283E+03  0.2995297754E+03  0.2992381555E+03  0.2857564505E+03
L5 0.8845243814E+03  0.2534190694E+03  0.5406419023E+03  0.2173690476E+03
L6 0.1011430019E+04  -.9568719541E+04  0.1389795606E+04  -.1103845367E+05
L7 0.0000000000E+00  0.1944199573E+01  0.1001630614E+02  0.1157770390E+02
L8 0.3995600637E+01  0.4709930788E+02  0.5305405138E+01  0.0000000000E+00
L9 0.0000000000E+00  0.0000000000E+00  0.0000000000E+00  0.9913352284E+00  0.0000000000E+00
L0     7000  0.1400000000E+02  -.7797051846E+04  0.1768514204E+04
L1 0.2966521749E+03  0.2966521749E+03  -.9565566050E+10  0.1000000000E+01
L2 0.1000000000E+01  0.3399321079E+02  0.3399321079E+02  0.3399321079E+02
L3 0.3023876201E+05  -.8352356790E+03  0.2752445036E+02  0.8978773088E+02
L4 -.2393078326E+03  0.2683718958E+03  0.3196581737E+03  0.2956500600E+03
L5 0.8836801294E+03  0.4501450004E+03  0.3136680023E+03  0.2761094740E+03
L6 0.1039922477E+04  -.9565566050E+04  0.1396842599E+04  -.1103230249E+05
L7 0.0000000000E+00  0.2005169846E+01  0.8101219144E+01  0.9164322767E+01
L8 0.2742173436E+01  0.4639672481E+02  0.1484230466E+01  0.0000000000E+00
L9 0.0000000000E+00  0.0000000000E+00  0.0000000000E+00  0.9883650435E+00  0.0000000000E+00
L0     8000  0.1600000000E+02  -.7703034318E+04  0.1769155029E+04
L1 0.2967596675E+03  0.2967596675E+03  -.9472189347E+10  0.1000000000E+01
L2 0.1000000000E+01  0.3405890551E+02  0.3405890551E+02  0.3405890551E+02
L3 0.3041256035E+05  0.2425130184E+03  0.6006359895E+03  0.4930171401E+03
L4 0.4453887160E+03  0.2894864459E+03  0.3205077156E+03  0.2784417882E+03
L5 0.8884359497E+03  0.2364047707E+03  0.1890394556E+03  0.1705293309E+03
L6 0.5959735572E+03  -.9472189347E+04  0.1467460716E+04  -.1101531573E+05
L7 0.0000000000E+00  0.2306054355E+01  0.1482180083E+02  0.9211999152E+01
L8 0.2600826828E+01  0.4419224837E+02  0.2532732496E+01  0.0000000000E+00
L9 0.0000000000E+00  0.0000000000E+00  0.0000000000E+00  0.9827168439E+00  0.0000000000E+00
L0     9000  0.1800000000E+02  -.7772245192E+04  0.1761907307E+04
L1 0.2955439280E+03  0.2955439280E+03  -.9534152498E+10  0.1000000000E+01
L2 0.1000000000E+01  0.3404219212E+02  0.3404219212E+02  0.3404219212E+02
L3 0.3037068908E+05  -.7697436497E+03  -.1158950898E+04  0.7663926852E+02
L4 -.6173517597E+03  0.3070698546E+03  0.2683793906E+03  0.2884745775E+03
L5 0.8639238227E+03  0.4753207330E+03  0.5217033469E+03  0.2717227352E+03
L6 0.1268746815E+04  -.9534152498E+04  0.1368424645E+04  -.1098370301E+05
L7 0.0000000000E+00  0.1466549219E+01  0.1333290691E+02  0.1309353995E+02
L8 0.3476656753E+01  0.4745918410E+02  0.2297031082E+01  0.0000000000E+00
L9 0.0000000000E+00  0.0000000000E+00  0.0000000000E+00  0.9840716899E+00  0.0000000000E+00
L0    10000  0.2000000000E+02  -.7742850700E+04  0.1810065131E+04
L1 0.3036219651E+03  0.3036219651E+03  -.9552915831E+10  0.1000000000E+01
L2 0.1000000000E+01  0.3396926280E+02  0.3396926280E+02  0.3396926280E+02
L3 0.3017462480E+05  -.4261138801E+03  0.2803591485E+03  -.2676620263E+03
L4 -.1378055859E+03  0.2992782943E+03  0.2998830080E+03  0.2922646875E+03
L5 0.8914259898E+03  0.3918171531E+03  0.2389976042E+03  0.3503926660E+03
L6 0.9812074233E+03  -.9552915831E+04  0.1412606795E+04  -.1104431034E+05
L7 0.0000000000E+00  0.4960353407E+01  0.1023235125E+02  0.1219840393E+02
L8 0.4785560181E+01  0.4360399174E+02  0.3007056101E+01  0.0000000000E+00
L9 0.0000000000E+00  0.0000000000E+00  0.0000000000E+00  0.9904658475E+00  0.0000000000E+00
