L0  Nsteps           time(ps)         Etot             EKinetic        
L1  Temp             T_solute         T_solv           Pres_scal_solu  
L2  Pres_scal_solv   BoxX             BoxY             BoxZ            
L3  volume           pres_X           pres_Y           pres_Z          
L4  Pressure         EKCoM_x          EKCoM_y          EKCoM_z         
L5  EKComTot         VIRIAL_x         VIRIAL_y         VIRIAL_z        
L6  VIRIAL_tot       E_pot            E_vdw            E_el            
L7  E_hbon           E_bon            E_angle          E_dih           
L8  E_14vdw          E_14el           E_const          E_pol           
L9  AV_permMoment    AV_indMoment     AV_totMoment     Density          dV/dlambda      
L0     1000  0.2000000000E+01  -.6842407184E+04  0.1566313376E+04
L1 0.2925777560E+03  0.2925777560E+03  -.8408720560E+10  0.1000000000E+01
L2 0.1000000000E+01  0.3383383950E+02  0.3383383950E+02  0.3383383950E+02
L3 0.2981585669E+05  -.7107221419E+03  0.1337622147E+03  -.6050487788E+03
L4 -.3940029020E+03  0.2620438040E+03  0.2616346322E+03  0.2327362948E+03
L5 0.7564147310E+03  0.4145556993E+03  0.2329309692E+03  0.3625720359E+03
L6 0.1010058704E+04  -.8408720560E+04  0.1302309292E+04  -.9790559000E+04
L7 0.0000000000E+00  0.3456719333E+01  0.1463318922E+02  0.1428070471E+02
L8 0.2608282113E+01  0.3948774144E+02  0.5062510954E+01  0.0000000000E+00
L9 0.0000000000E+00  0.0000000000E+00  0.0000000000E+00  0.9000386880E+00  0.0000000000E+00
L0     2000  0.4000000000E+01  -.6837470479E+04  0.1658330552E+04
L1 0.3097660014E+03  0.3097660014E+03  -.8495801030E+10  0.1000000000E+01
L2 0.1000000000E+01  0.3322999312E+02  0.3322999312E+02  0.3322999312E+02
L3 0.2824913611E+05  -.9809951842E+03  -.5012117830E+03  -.1324358818E+04
L4 -.9355219283E+03  0.2740112667E+03  0.2831560589E+03  0.2642575077E+03
L5 0.8214248333E+03  0.4734587803E+03  0.3850581330E+03  0.5335147656E+03
L6 0.1392031679E+04  -.8495801030E+04  0.1192224049E+04  -.9764470912E+04
L7 0.0000000000E+00  0.3123659243E+01  0.1126808577E+02  0.1311584245E+02
L8 0.3212165412E+01  0.4168458145E+02  0.4041498608E+01  0.0000000000E+00
L9 0.0000000000E+00  0.0000000000E+00  0.0000000000E+00  0.9499555822E+00  0.0000000000E+00
L0     3000  0.6000000000E+01  -.6725375517E+04  0.1696748243E+04
L1 0.3169421911E+03  0.3169421911E+03  -.8422123760E+10  0.1000000000E+01
L2 0.1000000000E+01  0.3296525805E+02  0.3296525805E+02  0.3296525805E+02
L3 0.2757560724E+05  0.7091362090E+03  0.5938300719E+03  0.4417247973E+03
L4 0.5815636927E+03  0.2950774861E+03  0.2783889942E+03  0.2934012471E+03
L5 0.8668677275E+03  0.1543395020E+03  0.1605351233E+03  0.2057347921E+03
L6 0.5206094174E+03  -.8422123760E+04  0.1284890515E+04  -.9781438349E+04
L7 0.0000000000E+00  0.3688197775E+01  0.7268086211E+01  0.1324512899E+02
L8 0.3228734356E+01  0.4492247181E+02  0.2071454388E+01  0.0000000000E+00
L9 0.0000000000E+00  0.0000000000E+00  0.0000000000E+00  0.9731580633E+00  0.0000000000E+00
L0     4000  0.8000000000E+01  -.7011143727E+04  0.1533980344E+04
L1 0.2865381434E+03  0.2865381434E+03  -.8545124071E+10  0.1000000000E+01
L2 0.1000000000E+01  0.3286654539E+02  0.3286654539E+02  0.3286654539E+02
L3 0.2733155924E+05  -.1893192143E+03  -.4485138667E+03  -.1225433638E+04
L4 -.6210889063E+03  0.2428424925E+03  0.2616686130E+03  0.2577029830E+03
L5 0.7622140885E+03  0.2800830078E+03  0.3498946685E+03  0.4987550090E+03
L6 0.1128732685E+04  -.8545124071E+04  0.1215066202E+04  -.9842044869E+04
L7 0.0000000000E+00  0.6059648642E+01  0.9613601316E+01  0.1080725920E+02
L8 0.4613449926E+01  0.4664078573E+02  0.4119851029E+01  0.0000000000E+00
L9 0.0000000000E+00  0.0000000000E+00  0.0000000000E+00  0.9818475523E+00  0.0000000000E+00
L0     5000  0.1000000000E+02  -.7000459667E+04  0.1596345352E+04
L1 0.2981875453E+03  0.2981875453E+03  -.8596805019E+10  0.1000000000E+01
L2 0.1000000000E+01  0.3275142751E+02  0.3275142751E+02  0.3275142751E+02
L3 0.2704335421E+05  0.5799074239E+03  0.1668161137E+03  -.1024098537E+03
L4 0.2147712280E+03  0.2729920230E+03  0.2544129873E+03  0.2734285618E+03
L5 0.8008335721E+03  0.1601227299E+03  0.2219450173E+03  0.2933609291E+03
L6 0.6754286764E+03  -.8596805019E+04  0.1304601128E+04  -.9979340577E+04
L7 0.0000000000E+00  0.5348566902E+01  0.9627067834E+01  0.1137713230E+02
L8 0.2864596815E+01  0.4611181808E+02  0.2605248473E+01  0.0000000000E+00
L9 0.0000000000E+00  0.0000000000E+00  0.0000000000E+00  0.9923112472E+00  0.0000000000E+00
L0     6000  0.1200000000E+02  -.6923447002E+04  0.1597805069E+04
L1 0.2984602116E+03  0.2984602116E+03  -.8521252071E+10  0.1000000000E+01
L2 0.1000000000E+01  0.3277225032E+02  0.3277225032E+02  0.3277225032E+02
L3 0.2709687897E+05  -.5044549509E+03  -.4531733458E+03  -.7698005754E+03
L4 -.5758096240E+03  0.2460570214E+03  0.2752936246E+03  0.2654377556E+03
L5 0.7867884016E+03  0.3444350783E+03  0.3636708189E+03  0.4155631229E+03
L6 0.1123669020E+04  -.8521252071E+04  0.1184354829E+04  -.9782779165E+04
L7 0.0000000000E+00  0.3765313695E+01  0.1313100973E+02  0.1113382215E+02
L8 0.2581540209E+01  0.4523387429E+02  0.1326705126E+01  0.0000000000E+00
L9 0.0000000000E+00  0.0000000000E+00  0.0000000000E+00  0.9903511238E+00  0.0000000000E+00
L0     7000  0.1400000000E+02  -.6932699313E+04  0.1613216194E+04
L1 0.3013389154E+03  0.3013389154E+03  -.8545915507E+10  0.1000000000E+01
L2 0.1000000000E+01  0.3281876479E+02  0.3281876479E+02  0.3281876479E+02
L3 0.2721076417E+05  0.8119133519E+03  -.2043449384E+03  -.2877466511E+03
L4 0.1066072541E+03  0.2641385199E+03  0.2668467009E+03  0.2598828427E+03
L5 0.7908680635E+03  0.1051349036E+03  0.3068652374E+03  0.3162346172E+03
L6 0.7282347582E+03  -.8545915507E+04  0.1283501192E+04  -.9907092885E+04
L7 0.0000000000E+00  0.5772528717E+01  0.8732404462E+01  0.1070070544E+02
L8 0.3278366046E+01  0.4636578488E+02  0.2826396899E+01  0.0000000000E+00
L9 0.0000000000E+00  0.0000000000E+00  0.0000000000E+00  0.9862062076E+00  0.0000000000E+00
L0     8000  0.1600000000E+02  -.7023292771E+04  0.1634150644E+04
L1 0.3052493425E+03  0.3052493425E+03  -.8657443415E+10  0.1000000000E+01
L2 0.1000000000E+01  0.3278623568E+02  0.3278623568E+02  0.3278623568E+02
L3 0.2713015516E+05  0.2010921998E+03  0.1838965567E+03  -.3411648494E+03
L4 0.1460796903E+02  0.2875290364E+03  0.2756392097E+03  0.2704762069E+03
L5 0.8336444530E+03  0.2482641738E+03  0.2397319341E+03  0.3370913763E+03
L6 0.8250874841E+03  -.8657443415E+04  0.1310030805E+04  -.1004480570E+05
L7 0.0000000000E+00  0.5099818289E+01  0.7451515757E+01  0.9992168324E+01
L8 0.3035708234E+01  0.4758945464E+02  0.4162820439E+01  0.0000000000E+00
L9 0.0000000000E+00  0.0000000000E+00  0.0000000000E+00  0.9891364196E+00  0.0000000000E+00
L0     9000  0.1800000000E+02  -.7000264284E+04  0.1580513435E+04
L1 0.2952302401E+03  0.2952302401E+03  -.8580777719E+10  0.1000000000E+01
L2 0.1000000000E+01  0.3278150138E+02  0.3278150138E+02  0.3278150138E+02
L3 0.2711748512E+05  0.3971149140E+03  0.6607870247E+03  0.1257658226E+03
L4 0.3945559204E+03  0.2376050152E+03  0.2688967694E+03  0.2972032761E+03
L5 0.8037050607E+03  0.1601013594E+03  0.1399330657E+03  0.2726579601E+03
L6 0.5726923853E+03  -.8580777719E+04  0.1317494773E+04  -.9970222236E+04
L7 0.0000000000E+00  0.1092589962E+01  0.1039068841E+02  0.8772841356E+01
L8 0.3269852180E+01  0.4493828660E+02  0.3485486017E+01  0.0000000000E+00
L9 0.0000000000E+00  0.0000000000E+00  0.0000000000E+00  0.9895985715E+00  0.0000000000E+00
L0    10000  0.2000000000E+02  -.6839324454E+04  0.1624817243E+04
L1 0.3035059204E+03  0.3035059204E+03  -.8464141696E+10  0.1000000000E+01
L2 0.1000000000E+01  0.3288100336E+02  0.3288100336E+02  0.3288100336E+02
L3 0.2736674159E+05  -.2961448395E+03  -.2373563603E+03  -.2201959338E+03
L4 -.2512323779E+03  0.2740768379E+03  0.2435578119E+03  0.2717162463E+03
L5 0.7893508961E+03  0.3324057452E+03  0.2903076967E+03  0.3150862008E+03
L6 0.9377996427E+03  -.8464141696E+04  0.1227720463E+04  -.9764026097E+04
L7 0.0000000000E+00  0.2264492448E+01  0.9949062867E+01  0.9831634553E+01
L8 0.4233326270E+01  0.4411258328E+02  0.1772838295E+01  0.0000000000E+00
L9 0.0000000000E+00  0.0000000000E+00  0.0000000000E+00  0.9805853011E+00  0.0000000000E+00
