L0  Nsteps           time(ps)         Etot             EKinetic        
L1  Temp             T_solute         T_solv           Pres_scal_solu  
L2  Pres_scal_solv   BoxX             BoxY             BoxZ            
L3  volume           pres_X           pres_Y           pres_Z          
L4  Pressure         EKCoM_x          EKCoM_y          EKCoM_z         
L5  EKComTot         VIRIAL_x         VIRIAL_y         VIRIAL_z        
L6  VIRIAL_tot       E_pot            E_vdw            E_el            
L7  E_hbon           E_bon            E_angle          E_dih           
L8  E_14vdw          E_14el           E_const          E_pol           
L9  AV_permMoment    AV_indMoment     AV_totMoment     Density          dV/dlambda      
L0     1000  0.2000000000E+01  -.7822245261E+04  0.1778216661E+04
L1 0.2924310528E+03  0.2924310528E+03  -.9600461922E+10  0.1000000000E+01
L2 0.1000000000E+01  0.3524916859E+02  0.3524916859E+02  0.3524916859E+02
L3 0.3371708629E+05  -.1163196035E+04  -.5748867260E+03  -.2156680246E+03
L4 -.6512502620E+03  0.2763138857E+03  0.2641611220E+03  0.3069753643E+03
L5 0.8474503720E+03  0.5585805108E+03  0.4036658409E+03  0.3593103823E+03
L6 0.1321556734E+04  -.9600461922E+04  0.1480518062E+04  -.1115801412E+05
L7 0.0000000000E+00  0.2853275157E+01  0.7655503211E+01  0.1421878293E+02
L8 0.2856762259E+01  0.4668967685E+02  0.2760131788E+01  0.0000000000E+00
L9 0.0000000000E+00  0.0000000000E+00  0.0000000000E+00  0.9041490274E+00  0.0000000000E+00
L0     2000  0.4000000000E+01  -.7760485906E+04  0.1825713018E+04
L1 0.3002419174E+03  0.3002419174E+03  -.9586198924E+10  0.1000000000E+01
L2 0.1000000000E+01  0.3459815989E+02  0.3459815989E+02  0.3459815989E+02
L3 0.3188078886E+05  0.4083083970E+03  0.6987307788E+03  -.4782487814E+03
L4 0.2095967982E+03  0.3106644137E+03  0.3068011609E+03  0.3173466729E+03
L5 0.9348122475E+03  0.2169785747E+03  0.1464782782E+03  0.4270802436E+03
L6 0.7905370964E+03  -.9586198924E+04  0.1486177319E+04  -.1114849808E+05
L7 0.0000000000E+00  0.1511228478E+01  0.9787646932E+01  0.1128910506E+02
L8 0.2929842868E+01  0.4731342356E+02  0.3290591638E+01  0.0000000000E+00
L9 0.0000000000E+00  0.0000000000E+00  0.0000000000E+00  0.9562269901E+00  0.0000000000E+00
L0     3000  0.6000000000E+01  -.7795136338E+04  0.1845503650E+04
L1 0.3034965238E+03  0.3034965238E+03  -.9640639987E+10  0.1000000000E+01
L2 0.1000000000E+01  0.3443368364E+02  0.3443368364E+02  0.3443368364E+02
L3 0.3142856504E+05  -.1476174429E+03  0.2538020765E+03  0.2095250740E+03
L4 0.1052365692E+03  0.3187631186E+03  0.3188903241E+03  0.2906591977E+03
L5 0.9283126404E+03  0.3521533024E+03  0.2614818104E+03  0.2432658774E+03
L6 0.8569009903E+03  -.9640639987E+04  0.1459416159E+04  -.1117793775E+05
L7 0.0000000000E+00  0.3680844935E+01  0.8615852157E+01  0.1352273227E+02
L8 0.2639690592E+01  0.4635648434E+02  0.3065996767E+01  0.0000000000E+00
L9 0.0000000000E+00  0.0000000000E+00  0.0000000000E+00  0.9699860853E+00  0.0000000000E+00
L0     4000  0.8000000000E+01  -.7879381410E+04  0.1832095016E+04
L1 0.3012914490E+03  0.3012914490E+03  -.9711476426E+10  0.1000000000E+01
L2 0.1000000000E+01  0.3446976484E+02  0.3446976484E+02  0.3446976484E+02
L3 0.3152739094E+05  0.4355258616E+03  -.8699356993E+02  0.4671754746E+02
L4 0.1317499464E+03  0.3040530903E+03  0.3149427528E+03  0.2955704784E+03
L5 0.9145663215E+03  0.2052299704E+03  0.3346820536E+03  0.2849700200E+03
L6 0.8248820439E+03  -.9711476426E+04  0.1505755406E+04  -.1129359755E+05
L7 0.0000000000E+00  0.2089992093E+01  0.9546817673E+01  0.1103952391E+02
L8 0.3217753713E+01  0.4669275209E+02  0.3778881196E+01  0.0000000000E+00
L9 0.0000000000E+00  0.0000000000E+00  0.0000000000E+00  0.9669455626E+00  0.0000000000E+00
L0     5000  0.1000000000E+02  -.7912395714E+04  0.1832526395E+04
L1 0.3013623901E+03  0.3013623901E+03  -.9744922109E+10  0.1000000000E+01
L2 0.1000000000E+01  0.3439629832E+02  0.3439629832E+02  0.3439629832E+02
L3 0.3132565569E+05  0.9059461517E+03  0.6387392210E+03  -.5282664861E+03
L4 0.3388062955E+03  0.3178773587E+03  0.2948120517E+03  0.3132076167E+03
L5 0.9258970272E+03  0.1136287369E+03  0.1508061356E+03  0.4323070814E+03
L6 0.6967419539E+03  -.9744922109E+04  0.1520533530E+04  -.1134113281E+05
L7 0.0000000000E+00  0.3952524860E+01  0.8472888790E+01  0.1096034880E+02
L8 0.2878256446E+01  0.4639788920E+02  0.3015262698E+01  0.0000000000E+00
L9 0.0000000000E+00  0.0000000000E+00  0.0000000000E+00  0.9731726312E+00  0.0000000000E+00
L0     6000  0.1200000000E+02  -.7848255483E+04  0.1770702038E+04
L1 0.2911952591E+03  0.2911952591E+03  -.9618957521E+10  0.1000000000E+01
L2 0.1000000000E+01  0.3436853709E+02  0.3436853709E+02  0.3436853709E+02
L3 0.3125041794E+05  -.1632205372E+03  -.2857312065E+02  0.6165007494E+03
L4 0.1415690305E+03  0.2934158559E+03  0.3088012251E+03  0.2874605729E+03
L5 0.8896776539E+03  0.3301260949E+03  0.3152276596E+03  0.1488022258E+03
L6 0.7941559803E+03  -.9618957521E+04  0.1438860292E+04  -.1113704097E+05
L7 0.0000000000E+00  0.2276769665E+01  0.6753450022E+01  0.1401044063E+02
L8 0.3542540210E+01  0.4705500595E+02  0.5584946070E+01  0.0000000000E+00
L9 0.0000000000E+00  0.0000000000E+00  0.0000000000E+00  0.9755156181E+00  0.0000000000E+00
L0     7000  0.1400000000E+02  -.7868994070E+04  0.1816760024E+04
L1 0.2987695809E+03  0.2987695809E+03  -.9685754094E+10  0.1000000000E+01
L2 0.1000000000E+01  0.3437633607E+02  0.3437633607E+02  0.3437633607E+02
L3 0.3127305225E+05  -.5743979626E+03  0.7724213303E+02  -.5356341375E+03
L4 -.3442633224E+03  0.3062570734E+03  0.2971622055E+03  0.2947956654E+03
L5 0.8982149443E+03  0.4355395733E+03  0.2797769487E+03  0.4153534056E+03
L6 0.1130669928E+04  -.9685754094E+04  0.1408037592E+04  -.1116708167E+05
L7 0.0000000000E+00  0.2918093870E+01  0.8381095986E+01  0.1218954997E+02
L8 0.2229833812E+01  0.4385581317E+02  0.3715598519E+01  0.0000000000E+00
L9 0.0000000000E+00  0.0000000000E+00  0.0000000000E+00  0.9748095750E+00  0.0000000000E+00
L0     8000  0.1600000000E+02  -.7954775093E+04  0.1788775075E+04
L1 0.2941674038E+03  0.2941674038E+03  -.9743550168E+10  0.1000000000E+01
L2 0.1000000000E+01  0.3426945989E+02  0.3426945989E+02  0.3426945989E+02
L3 0.3097990571E+05  -.8050885571E+02  0.5886825463E+03  0.1029985843E+04
L4 0.5127198445E+03  0.2953201072E+03  0.3025506993E+03  0.2896360448E+03
L5 0.8875068513E+03  0.3132707632E+03  0.1712951024E+03  0.5998526365E+02
L6 0.5445511293E+03  -.9743550168E+04  0.1533329287E+04  -.1135076836E+05
L7 0.0000000000E+00  0.2554577888E+01  0.5130672912E+01  0.1293757322E+02
L8 0.4196485059E+01  0.4682712323E+02  0.2242471870E+01  0.0000000000E+00
L9 0.0000000000E+00  0.0000000000E+00  0.0000000000E+00  0.9840336850E+00  0.0000000000E+00
L0     9000  0.1800000000E+02  -.7878693987E+04  0.1803945006E+04
L1 0.2966621273E+03  0.2966621273E+03  -.9682638993E+10  0.1000000000E+01
L2 0.1000000000E+01  0.3419785892E+02  0.3419785892E+02  0.3419785892E+02
L3 0.3078711270E+05  -.1542113748E+03  0.1083109667E+03  0.5075794178E+03
L4 0.1538930032E+03  0.3000012422E+03  0.3137976469E+03  0.3018456037E+03
L5 0.9156444928E+03  0.3341710039E+03  0.2897983801E+03  0.1893774554E+03
L6 0.8133468394E+03  -.9682638993E+04  0.1438184794E+04  -.1118967256E+05
L7 0.0000000000E+00  0.2867964049E+01  0.3944938068E+01  0.1182162305E+02
L8 0.2411757887E+01  0.4421965442E+02  0.3582833241E+01  0.0000000000E+00
L9 0.0000000000E+00  0.0000000000E+00  0.0000000000E+00  0.9901958351E+00  0.0000000000E+00
L0    10000  0.2000000000E+02  -.7940277081E+04  0.1749917997E+04
L1 0.2877772846E+03  0.2877772846E+03  -.9690195077E+10  0.1000000000E+01
L2 0.1000000000E+01  0.3423481748E+02  0.3423481748E+02  0.3423481748E+02
L3 0.3088615924E+05  0.3278783949E+03  0.6705410052E+03  0.4202287399E+03
L4 0.4728827133E+03  0.2869005487E+03  0.3000975572E+03  0.2785222568E+03
L5 0.8655203626E+03  0.2140163662E+03  0.1510428048E+03  0.1851094896E+03
L6 0.5501686607E+03  -.9690195077E+04  0.1502864738E+04  -.1126645739E+05
L7 0.0000000000E+00  0.1309922249E+01  0.9117902128E+01  0.1292108932E+02
L8 0.3412586244E+01  0.4382913075E+02  0.2806941542E+01  0.0000000000E+00
L9 0.0000000000E+00  0.0000000000E+00  0.0000000000E+00  0.9870204493E+00  0.0000000000E+00
