L0  Nsteps           time(ps)         Etot             EKinetic        
L1  Temp             T_solute         T_solv           Pres_scal_solu  
L2  Pres_scal_solv   BoxX             BoxY             BoxZ            
L3  volume           pres_X           pres_Y           pres_Z          
L4  Pressure         EKCoM_x          EKCoM_y          EKCoM_z         
L5  EKComTot         VIRIAL_x         VIRIAL_y         VIRIAL_z        
L6  VIRIAL_tot       E_pot            E_vdw            E_el            
L7  E_hbon           E_bon            E_angle          E_dih           
L8  E_14vdw          E_14el           E_const          E_pol           
L9  AV_permMoment    AV_indMoment     AV_totMoment     Density          dV/dlambda      
L0     1000  0.2000000000E+01  -.7489894553E+04  0.1782707996E+04
L1 0.3035868573E+03  0.3035868573E+03  -.9272602549E+10  0.1000000000E+01
L2 0.1000000000E+01  0.3479107277E+02  0.3479107277E+02  0.3479107277E+02
L3 0.3241883421E+05  -.7119997046E+02  -.5766968864E+03  -.5724300687E+03
L4 -.4067756418E+03  0.2787374644E+03  0.2885706492E+03  0.2918241513E+03
L5 0.8591322649E+03  0.2953499182E+03  0.4231261882E+03  0.4253841518E+03
L6 0.1143860258E+04  -.9272602549E+04  0.1444831591E+04  -.1078997451E+05
L7 0.0000000000E+00  0.2544318944E+01  0.9615230361E+01  0.1035778456E+02
L8 0.3649926852E+01  0.4347304172E+02  0.2900070553E+01  0.0000000000E+00
L9 0.0000000000E+00  0.0000000000E+00  0.0000000000E+00  0.9080580610E+00  0.0000000000E+00
L0     2000  0.4000000000E+01  -.7530668186E+04  0.1699642765E+04
L1 0.2894412358E+03  0.2894412358E+03  -.9230310951E+10  0.1000000000E+01
L2 0.1000000000E+01  0.3421201722E+02  0.3421201722E+02  0.3421201722E+02
L3 0.3082691222E+05  0.9157725300E+02  -.6838166007E+03  -.6317533081E+03
L4 -.4079975519E+03  0.2877623515E+03  0.2874983536E+03  0.2850365788E+03
L5 0.8602972839E+03  0.2674446667E+03  0.4392125585E+03  0.4251998196E+03
L6 0.1131857045E+04  -.9230310951E+04  0.1343967081E+04  -.1065024678E+05
L7 0.0000000000E+00  0.2702098423E+01  0.1162008094E+02  0.1066257551E+02
L8 0.2450255446E+01  0.4607816634E+02  0.2455572741E+01  0.0000000000E+00
L9 0.0000000000E+00  0.0000000000E+00  0.0000000000E+00  0.9549507758E+00  0.0000000000E+00
L0     3000  0.6000000000E+01  -.7545745154E+04  0.1793230798E+04
L1 0.3053788413E+03  0.3053788413E+03  -.9338975952E+10  0.1000000000E+01
L2 0.1000000000E+01  0.3394175837E+02  0.3394175837E+02  0.3394175837E+02
L3 0.3010139512E+05  0.2132844952E+03  -.4503683281E+03  -.1840313379E+03
L4 -.1403717236E+03  0.3219687089E+03  0.3090260231E+03  0.2816343863E+03
L5 0.9126291182E+03  0.2757622710E+03  0.4065948415E+03  0.3215033537E+03
L6 0.1003860466E+04  -.9338975952E+04  0.1382293122E+04  -.1079353783E+05
L7 0.0000000000E+00  0.1752880462E+01  0.8367002838E+01  0.1028140806E+02
L8 0.3271857480E+01  0.4690437196E+02  0.1691235416E+01  0.0000000000E+00
L9 0.0000000000E+00  0.0000000000E+00  0.0000000000E+00  0.9779674206E+00  0.0000000000E+00
L0     4000  0.8000000000E+01  -.7617354173E+04  0.1776357283E+04
L1 0.3025053605E+03  0.3025053605E+03  -.9393711456E+10  0.1000000000E+01
L2 0.1000000000E+01  0.3392087395E+02  0.3392087395E+02  0.3392087395E+02
L3 0.3004656404E+05  0.2382012934E+03  -.8017103729E+03  -.6400765361E+03
L4 -.4011952052E+03  0.3104681034E+03  0.2887700127E+03  0.2894736461E+03
L5 0.8887117622E+03  0.2589576336E+03  0.4621379965E+03  0.4278886925E+03
L6 0.1148984323E+04  -.9393711456E+04  0.1361833883E+04  -.1083759198E+05
L7 0.0000000000E+00  0.2564426233E+01  0.1085493613E+02  0.1273161028E+02
L8 0.4322608812E+01  0.4670186264E+02  0.4871195722E+01  0.0000000000E+00
L9 0.0000000000E+00  0.0000000000E+00  0.0000000000E+00  0.9797520840E+00  0.0000000000E+00
L0     5000  0.1000000000E+02  -.7591533608E+04  0.1800454551E+04
L1 0.3066090129E+03  0.3066090129E+03  -.9391988159E+10  0.1000000000E+01
L2 0.1000000000E+01  0.3390151577E+02  0.3390151577E+02  0.3390151577E+02
L3 0.2999375909E+05  0.3249782885E+03  0.2090211708E+03  -.1758704178E+03
L4 0.1193763472E+03  0.3062493176E+03  0.3045742610E+03  0.2902656583E+03
L5 0.9010892369E+03  0.2360970318E+03  0.2594533608E+03  0.3282303847E+03
L6 0.8237807774E+03  -.9391988159E+04  0.1418235088E+04  -.1088451502E+05
L7 0.0000000000E+00  0.1689332881E+01  0.1006693336E+02  0.1005692952E+02
L8 0.2759213466E+01  0.4639805067E+02  0.3321310111E+01  0.0000000000E+00
L9 0.0000000000E+00  0.0000000000E+00  0.0000000000E+00  0.9814769682E+00  0.0000000000E+00
L0     6000  0.1200000000E+02  -.7532051549E+04  0.1785252782E+04
L1 0.3040202225E+03  0.3040202225E+03  -.9317304331E+10  0.1000000000E+01
L2 0.1000000000E+01  0.3385544348E+02  0.3385544348E+02  0.3385544348E+02
L3 0.2987146376E+05  -.4232960414E+03  0.7542789368E+03  0.2259289147E+03
L4 0.1856372700E+03  0.2944267837E+03  0.3171873512E+03  0.2739321089E+03
L5 0.8855462438E+03  0.3854301152E+03  0.1550268549E+03  0.2253602303E+03
L6 0.7658172005E+03  -.9317304331E+04  0.1389884013E+04  -.1078834016E+05
L7 0.0000000000E+00  0.2090249050E+01  0.1056853740E+02  0.1231523802E+02
L8 0.2930348180E+01  0.4896268321E+02  0.4284760481E+01  0.0000000000E+00
L9 0.0000000000E+00  0.0000000000E+00  0.0000000000E+00  0.9854951862E+00  0.0000000000E+00
L0     7000  0.1400000000E+02  -.7627379885E+04  0.1728261927E+04
L1 0.2943149457E+03  0.2943149457E+03  -.9355641811E+10  0.1000000000E+01
L2 0.1000000000E+01  0.3391774509E+02  0.3391774509E+02  0.3391774509E+02
L3 0.3003575621E+05  0.4732756331E+03  0.3544675843E+03  0.7613392854E+03
L4 0.5296941676E+03  0.2814036409E+03  0.2853994291E+03  0.3111774402E+03
L5 0.8779805102E+03  0.1790957113E+03  0.2087742194E+03  0.1465988299E+03
L6 0.5344687606E+03  -.9355641811E+04  0.1472776740E+04  -.1090428274E+05
L7 0.0000000000E+00  0.3545313362E+01  0.1117165340E+02  0.1087784219E+02
L8 0.4026525750E+01  0.4481771780E+02  0.1425135204E+01  0.0000000000E+00
L9 0.0000000000E+00  0.0000000000E+00  0.0000000000E+00  0.9801046304E+00  0.0000000000E+00
L0     8000  0.1600000000E+02  -.7569338236E+04  0.1788299437E+04
L1 0.3045390537E+03  0.3045390537E+03  -.9357637674E+10  0.1000000000E+01
L2 0.1000000000E+01  0.3377745172E+02  0.3377745172E+02  0.3377745172E+02
L3 0.2966608106E+05  0.1365013312E+03  -.6236234308E+02  -.1793906460E+03
L4 -.3508388595E+02  0.2862888334E+03  0.3055878942E+03  0.2921620400E+03
L5 0.8840387676E+03  0.2571445323E+03  0.3189028332E+03  0.3304636079E+03
L6 0.9065109734E+03  -.9357637674E+04  0.1371991428E+04  -.1080207717E+05
L7 0.0000000000E+00  0.8667188003E+00  0.9173913922E+01  0.1039716596E+02
L8 0.2925834611E+01  0.4642800494E+02  0.2656431043E+01  0.0000000000E+00
L9 0.0000000000E+00  0.0000000000E+00  0.0000000000E+00  0.9923179161E+00  0.0000000000E+00
L0     9000  0.1800000000E+02  -.7706569468E+04  0.1723902237E+04
L1 0.2935725109E+03  0.2935725109E+03  -.9430471705E+10  0.1000000000E+01
L2 0.1000000000E+01  0.3391014775E+02  0.3391014775E+02  0.3391014775E+02
L3 0.3001708823E+05  0.6996716448E+03  -.1153828015E+04  0.3502628641E+03
L4 -.3463116878E+02  0.2990216920E+03  0.2823821625E+03  0.2969590778E+03
L5 0.8783629323E+03  0.1478677716E+03  0.5316499859E+03  0.2212898614E+03
L6 0.9008076189E+03  -.9430471705E+04  0.1430092713E+04  -.1093938412E+05
L7 0.0000000000E+00  0.1846712821E+01  0.1069152678E+02  0.1040899447E+02
L8 0.3839287266E+01  0.4793461631E+02  0.4098560411E+01  0.0000000000E+00
L9 0.0000000000E+00  0.0000000000E+00  0.0000000000E+00  0.9807141688E+00  0.0000000000E+00
L0    10000  0.2000000000E+02  -.7696851072E+04  0.1681161463E+04
L1 0.2862939564E+03  0.2862939564E+03  -.9378012535E+10  0.1000000000E+01
L2 0.1000000000E+01  0.3387125333E+02  0.3387125333E+02  0.3387125333E+02
L3 0.2991346761E+05  -.8119274568E+02  -.3111021553E+03  0.7961901227E+03
L4 0.1346317406E+03  0.2686121218E+03  0.2731352932E+03  0.2911450239E+03
L5 0.8328924389E+03  0.2860920872E+03  0.3401123964E+03  0.1197334568E+03
L6 0.7459379403E+03  -.9378012535E+04  0.1423440335E+04  -.1087958709E+05
L7 0.0000000000E+00  0.3082561826E+01  0.9838144647E+01  0.9744856525E+01
L8 0.2554161759E+01  0.4646306383E+02  0.6451430593E+01  0.0000000000E+00
L9 0.0000000000E+00  0.0000000000E+00  0.0000000000E+00  0.9841113751E+00  0.0000000000E+00
