L0  Nsteps           time(ps)         Etot             EKinetic        
L1  Temp             T_solute         T_solv           Pres_scal_solu  
L2  Pres_scal_solv   BoxX             BoxY             BoxZ            
L3  volume           pres_X           pres_Y           pres_Z          
L4  Pressure         EKCoM_x          EKCoM_y          EKCoM_z         
L5  EKComTot         VIRIAL_x         VIRIAL_y         VIRIAL_z        
L6  VIRIAL_tot       E_pot            E_vdw            E_el            
L7  E_hbon           E_bon            E_angle          E_dih           
L8  E_14vdw          E_14el           E_const          E_pol           
L9  AV_permMoment    AV_indMoment     AV_totMoment     Density          dV/dlambda      
L0     1000  0.2000000000E+01  -.7103809712E+04  0.1664347139E+04
L1 0.2960541856E+03  0.2960541856E+03  -.8768156851E+10  0.1000000000E+01
L2 0.1000000000E+01  0.3437891142E+02  0.3437891142E+02  0.3437891142E+02
L3 0.3128126618E+05  -.8247331856E+03  -.5891763407E+03  -.8927140502E+03
L4 -.7688745255E+03  0.2665136113E+03  0.2649899896E+03  0.2701285246E+03
L5 0.8016321255E+03  0.4521890137E+03  0.3976335598E+03  0.4711087245E+03
L6 0.1320931298E+04  -.8768156851E+04  0.1299002081E+04  -.1014402864E+05
L7 0.0000000000E+00  0.4822883185E+01  0.1164974479E+02  0.1094427945E+02
L8 0.2121571905E+01  0.4271765441E+02  0.4613569948E+01  0.0000000000E+00
L9 0.0000000000E+00  0.0000000000E+00  0.0000000000E+00  0.9009123586E+00  0.0000000000E+00
L0     2000  0.4000000000E+01  -.7200626042E+04  0.1716594302E+04
L1 0.3053479146E+03  0.3053479146E+03  -.8917220344E+10  0.1000000000E+01
L2 0.1000000000E+01  0.3388223158E+02  0.3388223158E+02  0.3388223158E+02
L3 0.2994443004E+05  -.1638437662E+03  -.6460044193E+03  -.8827653320E+03
L4 -.5642045058E+03  0.2870838952E+03  0.2754584514E+03  0.2734031289E+03
L5 0.8359454755E+03  0.3223942883E+03  0.4146805322E+03  0.4636501654E+03
L6 0.1200724986E+04  -.8917220344E+04  0.1320530690E+04  -.1030859878E+05
L7 0.0000000000E+00  0.2280003277E+01  0.1133913017E+02  0.9390730231E+01
L8 0.2817688625E+01  0.4286950727E+02  0.2150684917E+01  0.0000000000E+00
L9 0.0000000000E+00  0.0000000000E+00  0.0000000000E+00  0.9411326001E+00  0.0000000000E+00
L0     3000  0.6000000000E+01  -.7308147335E+04  0.1638350551E+04
L1 0.2914299107E+03  0.2914299107E+03  -.8946497885E+10  0.1000000000E+01
L2 0.1000000000E+01  0.3353399397E+02  0.3353399397E+02  0.3353399397E+02
L3 0.2902904938E+05  0.7756639623E+03  -.4884147214E+03  -.1938613549E+03
L4 0.3112929535E+02  0.2816780398E+03  0.2818307564E+03  0.2672848035E+03
L5 0.8307935996E+03  0.1196228258E+03  0.3838725632E+03  0.3077871922E+03
L6 0.8112825812E+03  -.8946497885E+04  0.1360257556E+04  -.1038697548E+05
L7 0.0000000000E+00  0.2613829093E+01  0.1424823667E+02  0.1295264535E+02
L8 0.3829736631E+01  0.3988602857E+02  0.6689561831E+01  0.0000000000E+00
L9 0.0000000000E+00  0.0000000000E+00  0.0000000000E+00  0.9708095820E+00  0.0000000000E+00
L0     4000  0.8000000000E+01  -.7330266274E+04  0.1656730962E+04
L1 0.2946994196E+03  0.2946994196E+03  -.8986997236E+10  0.1000000000E+01
L2 0.1000000000E+01  0.3344109699E+02  0.3344109699E+02  0.3344109699E+02
L3 0.2878837270E+05  0.1226832322E+03  0.6773110504E+02  0.1125583817E+02
L4 0.6722339179E+02  0.2748356023E+03  0.2738971441E+03  0.2657021701E+03
L5 0.8144349164E+03  0.2494165762E+03  0.2598637779E+03  0.2633700466E+03
L6 0.7726504007E+03  -.8986997236E+04  0.1362216691E+04  -.1042475832E+05
L7 0.0000000000E+00  0.3015125462E+01  0.1029765889E+02  0.1545195489E+02
L8 0.2629959343E+01  0.4066390022E+02  0.3485796537E+01  0.0000000000E+00
L9 0.0000000000E+00  0.0000000000E+00  0.0000000000E+00  0.9789257487E+00  0.0000000000E+00
L0     5000  0.1000000000E+02  -.7261416122E+04  0.1668138823E+04
L1 0.2967286506E+03  0.2967286506E+03  -.8929554945E+10  0.1000000000E+01
L2 0.1000000000E+01  0.3345937195E+02  0.3345937195E+02  0.3345937195E+02
L3 0.2883693534E+05  -.4351927432E+03  -.4254152682E+03  -.5003950642E+03
L4 -.4536676919E+03  0.2938905888E+03  0.2626540986E+03  0.2701932888E+03
L5 0.8267379762E+03  0.3842112958E+03  0.3509455704E+03  0.3740462062E+03
L6 0.1109203072E+04  -.8929554945E+04  0.1281542155E+04  -.1028594201E+05
L7 0.0000000000E+00  0.2414253858E+01  0.1250590691E+02  0.9706157876E+01
L8 0.3004179909E+01  0.4384255837E+02  0.3371854658E+01  0.0000000000E+00
L9 0.0000000000E+00  0.0000000000E+00  0.0000000000E+00  0.9772771955E+00  0.0000000000E+00
L0     6000  0.1200000000E+02  -.7229092747E+04  0.1710702016E+04
L1 0.3042997943E+03  0.3042997943E+03  -.8939794762E+10  0.1000000000E+01
L2 0.1000000000E+01  0.3338282138E+02  0.3338282138E+02  0.3338282138E+02
L3 0.2863940690E+05  -.7885104294E+03  0.1466622894E+02  -.5216772290E+03
L4 -.4318404765E+03  0.2756257791E+03  0.2812373135E+03  0.3152630808E+03
L5 0.8721261734E+03  0.4381537232E+03  0.2782143072E+03  0.4227913066E+03
L6 0.1139159337E+04  -.8939794762E+04  0.1273392857E+04  -.1028831049E+05
L7 0.0000000000E+00  0.3611679261E+01  0.1125895134E+02  0.9048824712E+01
L8 0.3322260659E+01  0.4581252843E+02  0.2068622083E+01  0.0000000000E+00
L9 0.0000000000E+00  0.0000000000E+00  0.0000000000E+00  0.9840175599E+00  0.0000000000E+00
L0     7000  0.1400000000E+02  -.7328797832E+04  0.1658358806E+04
L1 0.2949889806E+03  0.2949889806E+03  -.8987156638E+10  0.1000000000E+01
L2 0.1000000000E+01  0.3334563484E+02  0.3334563484E+02  0.3334563484E+02
L3 0.2854202400E+05  0.1454006527E+03  0.2694700113E+03  0.3887623820E+03
L4 0.2678776820E+03  0.2405366404E+03  0.2886436180E+03  0.2826748923E+03
L5 0.8118551507E+03  0.2106685331E+03  0.2332892639E+03  0.2028155772E+03
L6 0.6467733742E+03  -.8987156638E+04  0.1366002257E+04  -.1043237748E+05
L7 0.0000000000E+00  0.2638444317E+01  0.1352899362E+02  0.1025751856E+02
L8 0.3874096722E+01  0.4532598157E+02  0.3593547757E+01  0.0000000000E+00
L9 0.0000000000E+00  0.0000000000E+00  0.0000000000E+00  0.9873749423E+00  0.0000000000E+00
L0     8000  0.1600000000E+02  -.7319830893E+04  0.1695447069E+04
L1 0.3015862433E+03  0.3015862433E+03  -.9015277962E+10  0.1000000000E+01
L2 0.1000000000E+01  0.3334134733E+02  0.3334134733E+02  0.3334134733E+02
L3 0.2853235270E+05  -.5600933936E+03  0.7837766294E+02  -.2905351540E+03
L4 -.2574169616E+03  0.2650882371E+03  0.2964113445E+03  0.3001062997E+03
L5 0.8616058813E+03  0.3801032716E+03  0.2803165116E+03  0.3597676190E+03
L6 0.1020187402E+04  -.9015277962E+04  0.1309818590E+04  -.1039507765E+05
L7 0.0000000000E+00  0.4940147184E+01  0.6136302724E+01  0.1091528395E+02
L8 0.2639301261E+01  0.4363919345E+02  0.1710870284E+01  0.0000000000E+00
L9 0.0000000000E+00  0.0000000000E+00  0.0000000000E+00  0.9877096219E+00  0.0000000000E+00
L0     9000  0.1800000000E+02  -.7285997827E+04  0.1707345923E+04
L1 0.3037028123E+03  0.3037028123E+03  -.8993343750E+10  0.1000000000E+01
L2 0.1000000000E+01  0.3336206466E+02  0.3336206466E+02  0.3336206466E+02
L3 0.2858562714E+05  0.1249307877E+01  -.5897622436E+03  -.2471502817E+03
L4 -.2785544058E+03  0.2713029534E+03  0.2913238072E+03  0.2750712518E+03
L5 0.8376980124E+03  0.2710459294E+03  0.4126574594E+03  0.3259182612E+03
L6 0.1009621650E+04  -.8993343750E+04  0.1315123240E+04  -.1039185526E+05
L7 0.0000000000E+00  0.3246553936E+01  0.1207235153E+02  0.1181885527E+02
L8 0.4686879196E+01  0.4688548151E+02  0.4678151598E+01  0.0000000000E+00
L9 0.0000000000E+00  0.0000000000E+00  0.0000000000E+00  0.9858688479E+00  0.0000000000E+00
L0    10000  0.2000000000E+02  -.7347945589E+04  0.1661129409E+04
L1 0.2954818155E+03  0.2954818155E+03  -.9009074997E+10  0.1000000000E+01
L2 0.1000000000E+01  0.3348166513E+02  0.3348166513E+02  0.3348166513E+02
L3 0.2889359560E+05  -.2108251069E+03  -.3396411053E+03  0.3746570273E+03
L4 -.5860306163E+02  0.2779325329E+03  0.2780329746E+03  0.2576349338E+03
L5 0.8136004413E+03  0.3217735377E+03  0.3486612197E+03  0.1797251404E+03
L6 0.8501598977E+03  -.9009074997E+04  0.1362455479E+04  -.1044302549E+05
L7 0.0000000000E+00  0.6985417670E+01  0.6322147135E+01  0.1152792605E+02
L8 0.2656550435E+01  0.4100761018E+02  0.2995366696E+01  0.0000000000E+00
L9 0.0000000000E+00  0.0000000000E+00  0.0000000000E+00  0.9753607579E+00  0.0000000000E+00
