L0  Nsteps           time(ps)         Etot             EKinetic        
L1  Temp             T_solute         T_solv           Pres_scal_solu  
L2  Pres_scal_solv   BoxX             BoxY             BoxZ            
L3  volume           pres_X           pres_Y           pres_Z          
L4  Pressure         EKCoM_x          EKCoM_y          EKCoM_z         
L5  EKComTot         VIRIAL_x         VIRIAL_y         VIRIAL_z        
L6  VIRIAL_tot       E_pot            E_vdw            E_el            
L7  E_hbon           E_bon            E_angle          E_dih           
L8  E_14vdw          E_14el           E_const          E_pol           
L9  AV_permMoment    AV_indMoment     AV_totMoment     Density          dV/dlambda      
L0     1000  0.2000000000E+01  -.7159003202E+04  0.1631013317E+04
L1 0.2944969339E+03  0.2944969339E+03  -.8790016519E+10  0.1000000000E+01
L2 0.1000000000E+01  0.3409034620E+02  0.3409034620E+02  0.3409034620E+02
L3 0.3050039918E+05  -.1387096255E+04  -.6862891020E+03  -.4909193446E+03
L4 -.8547682339E+03  0.2561123515E+03  0.2644845457E+03  0.3030824012E+03
L5 0.8236792984E+03  0.5605993146E+03  0.4151345699E+03  0.4108460404E+03
L6 0.1386579925E+04  -.8790016519E+04  0.1300059772E+04  -.1016305703E+05
L7 0.0000000000E+00  0.4047091047E+01  0.6421052827E+01  0.1382403323E+02
L8 0.2450888592E+01  0.4362410348E+02  0.2613567693E+01  0.0000000000E+00
L9 0.0000000000E+00  0.0000000000E+00  0.0000000000E+00  0.9102452829E+00  0.0000000000E+00
L0     2000  0.4000000000E+01  -.7085630239E+04  0.1632345086E+04
L1 0.2947373991E+03  0.2947373991E+03  -.8717975326E+10  0.1000000000E+01
L2 0.1000000000E+01  0.3354330259E+02  0.3354330259E+02  0.3354330259E+02
L3 0.2905179029E+05  0.6520363815E+03  0.1333723615E+03  0.9751461851E+03
L4 0.5868516427E+03  0.2950459344E+03  0.2694845754E+03  0.2567483913E+03
L5 0.8212789011E+03  0.1587128346E+03  0.2415979912E+03  0.5285685098E+02
L6 0.4531676768E+03  -.8717975326E+04  0.1401863323E+04  -.1019857725E+05
L7 0.0000000000E+00  0.3521192382E+01  0.9003234504E+01  0.1224498702E+02
L8 0.3642076075E+01  0.4793779471E+02  0.2389313052E+01  0.0000000000E+00
L9 0.0000000000E+00  0.0000000000E+00  0.0000000000E+00  0.9556328269E+00  0.0000000000E+00
L0     3000  0.6000000000E+01  -.7020788332E+04  0.1683325951E+04
L1 0.3039425406E+03  0.3039425406E+03  -.8704114283E+10  0.1000000000E+01
L2 0.1000000000E+01  0.3326543606E+02  0.3326543606E+02  0.3326543606E+02
L3 0.2833769288E+05  0.4301646626E+02  -.3847790824E+03  -.1734160387E+03
L4 -.1717262183E+03  0.2903489455E+03  0.2923949312E+03  0.2687468318E+03
L5 0.8514907085E+03  0.2815757906E+03  0.3708701479E+03  0.3041148179E+03
L6 0.9565607564E+03  -.8704114283E+04  0.1244701519E+04  -.1002341047E+05
L7 0.0000000000E+00  0.9175163080E+00  0.5407996197E+01  0.1044673977E+02
L8 0.4610574758E+01  0.5035110999E+02  0.2860731280E+01  0.0000000000E+00
L9 0.0000000000E+00  0.0000000000E+00  0.0000000000E+00  0.9797143545E+00  0.0000000000E+00
L0     4000  0.8000000000E+01  -.7144231425E+04  0.1667836280E+04
L1 0.3011457145E+03  0.3011457145E+03  -.8812067705E+10  0.1000000000E+01
L2 0.1000000000E+01  0.3322678698E+02  0.3322678698E+02  0.3322678698E+02
L3 0.2823874601E+05  -.2401599329E+03  -.2296119761E+03  0.3000572895E+03
L4 -.5657153982E+02  0.2701547723E+03  0.2766770351E+03  0.2819802912E+03
L5 0.8288120986E+03  0.3189640680E+03  0.3233425996E+03  0.2209976586E+03
L6 0.8633043261E+03  -.8812067705E+04  0.1289078912E+04  -.1017069019E+05
L7 0.0000000000E+00  0.1734706135E+01  0.6953703574E+01  0.9723415202E+01
L8 0.4022592039E+01  0.4460304023E+02  0.2506115854E+01  0.0000000000E+00
L9 0.0000000000E+00  0.0000000000E+00  0.0000000000E+00  0.9831472147E+00  0.0000000000E+00
L0     5000  0.1000000000E+02  -.7209183882E+04  0.1688172694E+04
L1 0.3048176720E+03  0.3048176720E+03  -.8897356576E+10  0.1000000000E+01
L2 0.1000000000E+01  0.3323199702E+02  0.3323199702E+02  0.3323199702E+02
L3 0.2825226041E+05  -.4111900334E+02  -.3914467212E+03  -.9294895699E+01
L4 -.1472868734E+03  0.2760893784E+03  0.2839074229E+03  0.2836931667E+03
L5 0.8436899680E+03  0.2844502655E+03  0.3635018095E+03  0.2855831340E+03
L6 0.9335352091E+03  -.8897356576E+04  0.1320553140E+04  -.1030163284E+05
L7 0.0000000000E+00  0.3257076126E+01  0.1236446430E+02  0.1101762894E+02
L8 0.4120940680E+01  0.4728601938E+02  0.5676998098E+01  0.0000000000E+00
L9 0.0000000000E+00  0.0000000000E+00  0.0000000000E+00  0.9826769284E+00  0.0000000000E+00
L0     6000  0.1200000000E+02  -.7233257484E+04  0.1632885178E+04
L1 0.2948349185E+03  0.2948349185E+03  -.8866142663E+10  0.1000000000E+01
L2 0.1000000000E+01  0.3321569241E+02  0.3321569241E+02  0.3321569241E+02
L3 0.2821016083E+05  -.1535589314E+03  0.2144209263E+03  0.1360448236E+03
L4 0.6563560618E+02  0.2539017358E+03  0.2849600478E+03  0.2846026024E+03
L5 0.8234643861E+03  0.2850789440E+03  0.2414259740E+03  0.2569812993E+03
L6 0.7834862173E+03  -.8866142663E+04  0.1332464598E+04  -.1027273763E+05
L7 0.0000000000E+00  0.4132246499E+01  0.8394431248E+01  0.1252517594E+02
L8 0.3517528503E+01  0.4244643016E+02  0.3114558324E+01  0.0000000000E+00
L9 0.0000000000E+00  0.0000000000E+00  0.0000000000E+00  0.9841434315E+00  0.0000000000E+00
L0     7000  0.1400000000E+02  -.7220289996E+04  0.1668584822E+04
L1 0.3012808717E+03  0.3012808717E+03  -.8888874818E+10  0.1000000000E+01
L2 0.1000000000E+01  0.3313359009E+02  0.3313359009E+02  0.3313359009E+02
L3 0.2800254979E+05  -.3414106346E+03  -.7738922780E+03  0.3746131121E+02
L4 -.3592805338E+03  0.2694740030E+03  0.2841254621E+03  0.2639492607E+03
L5 0.8175487258E+03  0.3382807780E+03  0.4400931634E+03  0.2563994314E+03
L6 0.1034773373E+04  -.8888874818E+04  0.1276882173E+04  -.1024191876E+05
L7 0.0000000000E+00  0.1945607269E+01  0.8719923344E+01  0.1092139425E+02
L8 0.4214917540E+01  0.4528329742E+02  0.5076627607E+01  0.0000000000E+00
L9 0.0000000000E+00  0.0000000000E+00  0.0000000000E+00  0.9914398756E+00  0.0000000000E+00
L0     8000  0.1600000000E+02  -.7197710899E+04  0.1598669033E+04
L1 0.2886568268E+03  0.2886568268E+03  -.8796379932E+10  0.1000000000E+01
L2 0.1000000000E+01  0.3318554178E+02  0.3318554178E+02  0.3318554178E+02
L3 0.2813271828E+05  0.6236857153E+03  0.3229198855E+03  0.7669283073E+02
L4 0.3410994772E+03  0.2720904778E+03  0.2687708614E+03  0.2705324413E+03
L5 0.8113937805E+03  0.1458106228E+03  0.2033881288E+03  0.2550041724E+03
L6 0.6042029240E+03  -.8796379932E+04  0.1350781132E+04  -.1022186742E+05
L7 0.0000000000E+00  0.1801142929E+01  0.7319734021E+01  0.1341978051E+02
L8 0.4206832016E+01  0.4573087985E+02  0.2227984398E+01  0.0000000000E+00
L9 0.0000000000E+00  0.0000000000E+00  0.0000000000E+00  0.9868525398E+00  0.0000000000E+00
L0     9000  0.1800000000E+02  -.7163980834E+04  0.1671251502E+04
L1 0.3017623693E+03  0.3017623693E+03  -.8835232336E+10  0.1000000000E+01
L2 0.1000000000E+01  0.3321228136E+02  0.3321228136E+02  0.3321228136E+02
L3 0.2820081955E+05  0.3562589489E+03  0.6692392582E+03  -.5205547623E+02
L4 0.3244809103E+03  0.2825760354E+03  0.2995711225E+03  0.2644517274E+03
L5 0.8465988853E+03  0.2102684112E+03  0.1637398658E+03  0.2750170979E+03
L6 0.6490253749E+03  -.8835232336E+04  0.1342505412E+04  -.1025260949E+05
L7 0.0000000000E+00  0.3664486024E+01  0.9167767339E+01  0.1295072338E+02
L8 0.4613407004E+01  0.4102108591E+02  0.3454274492E+01  0.0000000000E+00
L9 0.0000000000E+00  0.0000000000E+00  0.0000000000E+00  0.9844694205E+00  0.0000000000E+00
L0    10000  0.2000000000E+02  -.7226063709E+04  0.1641608756E+04
L1 0.2964100539E+03  0.2964100539E+03  -.8867672465E+10  0.1000000000E+01
L2 0.1000000000E+01  0.3324279882E+02  0.3324279882E+02  0.3324279882E+02
L3 0.2828010782E+05  -.1123696041E+03  -.8379661377E+03  0.1648772368E+03
L4 -.2618195017E+03  0.2748035106E+03  0.2696418091E+03  0.2851859514E+03
L5 0.8296312711E+03  0.2976745811E+03  0.4401966733E+03  0.2516277759E+03
L6 0.9894990303E+03  -.8867672465E+04  0.1308474012E+04  -.1025694907E+05
L7 0.0000000000E+00  0.3149757091E+01  0.1435258908E+02  0.9741198429E+01
L8 0.3934140934E+01  0.4606247544E+02  0.3562432462E+01  0.0000000000E+00
L9 0.0000000000E+00  0.0000000000E+00  0.0000000000E+00  0.9817092871E+00  0.0000000000E+00
