L0  Nsteps           time(ps)         Etot             EKinetic        
L1  Temp             T_solute         T_solv           Pres_scal_solu  
L2  Pres_scal_solv   BoxX             BoxY             BoxZ            
L3  volume           pres_X           pres_Y           pres_Z          
L4  Pressure         EKCoM_x          EKCoM_y          EKCoM_z         
L5  EKComTot         VIRIAL_x         VIRIAL_y         VIRIAL_z        
L6  VIRIAL_tot       E_pot            E_vdw            E_el            
L7  E_hbon           E_bon            E_angle          E_dih           
L8  E_14vdw          E_14el           E_const          E_pol           
L9  AV_permMoment    AV_indMoment     AV_totMoment     Density          dV/dlambda      
L0     1000  0.2000000000E+01  -.7595895072E+04  0.1679286231E+04
L1 0.2851062692E+03  0.2851062692E+03  -.9275181303E+10  0.1000000000E+01
L2 0.1000000000E+01  0.3482176202E+02  0.3482176202E+02  0.3482176202E+02
L3 0.3250604636E+05  -.9075379323E+03  -.3417065538E+03  -.1364052764E+04
L4 -.8710990833E+03  0.2892561932E+03  0.2733535915E+03  0.2967444073E+03
L5 0.8593541921E+03  0.5015735587E+03  0.3532954129E+03  0.6158628474E+03
L6 0.1470731819E+04  -.9275181303E+04  0.1374272225E+04  -.1072555453E+05
L7 0.0000000000E+00  0.3281763990E+01  0.6753257580E+01  0.1351238146E+02
L8 0.3091158302E+01  0.4735933741E+02  0.2103104484E+01  0.0000000000E+00
L9 0.0000000000E+00  0.0000000000E+00  0.0000000000E+00  0.9083828198E+00  0.0000000000E+00
L0     2000  0.4000000000E+01  -.7560703134E+04  0.1727387688E+04
L1 0.2932728502E+03  0.2932728502E+03  -.9288090823E+10  0.1000000000E+01
L2 0.1000000000E+01  0.3430061704E+02  0.3430061704E+02  0.3430061704E+02
L3 0.3106706264E+05  -.5475065083E+03  0.2056092232E+03  -.9142359808E+03
L4 -.4187110886E+03  0.2892906463E+03  0.2879530566E+03  0.2795637657E+03
L5 0.8568074686E+03  0.4117088660E+03  0.2419804249E+03  0.4839798583E+03
L6 0.1137669149E+04  -.9288090823E+04  0.1369752331E+04  -.1073117901E+05
L7 0.0000000000E+00  0.2320887052E+01  0.6865031970E+01  0.1166868221E+02
L8 0.3957887108E+01  0.4577436492E+02  0.2749000842E+01  0.0000000000E+00
L9 0.0000000000E+00  0.0000000000E+00  0.0000000000E+00  0.9504578658E+00  0.0000000000E+00
L0     3000  0.6000000000E+01  -.7594396147E+04  0.1750431318E+04
L1 0.2971851572E+03  0.2971851572E+03  -.9344827465E+10  0.1000000000E+01
L2 0.1000000000E+01  0.3402946229E+02  0.3402946229E+02  0.3402946229E+02
L3 0.3033586335E+05  -.4128838929E+03  -.3859964591E+03  -.2020281052E+03
L4 -.3336361524E+03  0.2982323849E+03  0.2762431292E+03  0.3010801365E+03
L5 0.8755556506E+03  0.3883772265E+03  0.3605176439E+03  0.3451888844E+03
L6 0.1094083755E+04  -.9344827465E+04  0.1354870107E+04  -.1077454740E+05
L7 0.0000000000E+00  0.4411865871E+01  0.5911957271E+01  0.1192344757E+02
L8 0.2886463048E+01  0.4755043149E+02  0.2165667814E+01  0.0000000000E+00
L9 0.0000000000E+00  0.0000000000E+00  0.0000000000E+00  0.9733671897E+00  0.0000000000E+00
L0     4000  0.8000000000E+01  -.7603153208E+04  0.1763075713E+04
L1 0.2993319004E+03  0.2993319004E+03  -.9366228922E+10  0.1000000000E+01
L2 0.1000000000E+01  0.3395795439E+02  0.3395795439E+02  0.3395795439E+02
L3 0.3014386597E+05  0.2860178750E+03  -.1321656945E+03  0.1393586616E+03
L4 0.9773694736E+02  0.2821025645E+03  0.3095370601E+03  0.3030768709E+03
L5 0.8947164955E+03  0.2200515758E+03  0.3382101352E+03  0.2728432964E+03
L6 0.8311050074E+03  -.9366228922E+04  0.1417520901E+04  -.1085869104E+05
L7 0.0000000000E+00  0.1892472370E+01  0.7635038051E+01  0.1220306465E+02
L8 0.3245125636E+01  0.4659481211E+02  0.3370706372E+01  0.0000000000E+00
L9 0.0000000000E+00  0.0000000000E+00  0.0000000000E+00  0.9795669237E+00  0.0000000000E+00
L0     5000  0.1000000000E+02  -.7617552654E+04  0.1786481614E+04
L1 0.3033057131E+03  0.3033057131E+03  -.9404034268E+10  0.1000000000E+01
L2 0.1000000000E+01  0.3393867824E+02  0.3393867824E+02  0.3393867824E+02
L3 0.3009363334E+05  -.4545337392E+03  -.2496860005E+03  -.2001050284E+03
L4 -.3014415894E+03  0.3153564831E+03  0.2881786939E+03  0.2964930054E+03
L5 0.9000281825E+03  0.4138023145E+03  0.3422572887E+03  0.3398330354E+03
L6 0.1095892639E+04  -.9404034268E+04  0.1360444265E+04  -.1083387428E+05
L7 0.0000000000E+00  0.1512797668E+01  0.1035903668E+02  0.9962917838E+01
L8 0.1638558787E+01  0.4341083148E+02  0.2511604234E+01  0.0000000000E+00
L9 0.0000000000E+00  0.0000000000E+00  0.0000000000E+00  0.9812020277E+00  0.0000000000E+00
L0     6000  0.1200000000E+02  -.7667515795E+04  0.1761003664E+04
L1 0.2989801114E+03  0.2989801114E+03  -.9428519459E+10  0.1000000000E+01
L2 0.1000000000E+01  0.3388400131E+02  0.3388400131E+02  0.3388400131E+02
L3 0.2994674484E+05  0.4128506733E+03  -.2200711231E+02  0.5866047412E+03
L4 0.3258161007E+03  0.2995143002E+03  0.2778690468E+03  0.3029197653E+03
L5 0.8803031122E+03  0.2105329073E+03  0.2826122230E+03  0.1764892899E+03
L6 0.6696344202E+03  -.9428519459E+04  0.1446682974E+04  -.1094784952E+05
L7 0.0000000000E+00  0.4089116625E+01  0.8257970366E+01  0.1125185310E+02
L8 0.2674644530E+01  0.4547627479E+02  0.8972303810E+00  0.0000000000E+00
L9 0.0000000000E+00  0.0000000000E+00  0.0000000000E+00  0.9860148143E+00  0.0000000000E+00
L0     7000  0.1400000000E+02  -.7660909116E+04  0.1769649239E+04
L1 0.3004479421E+03  0.3004479421E+03  -.9430558355E+10  0.1000000000E+01
L2 0.1000000000E+01  0.3395829227E+02  0.3395829227E+02  0.3395829227E+02
L3 0.3014639876E+05  -.9389420919E+03  0.1941232936E+02  -.6091064102E+03
L4 -.5095453909E+03  0.2816506357E+03  0.2871454656E+03  0.3041583342E+03
L5 0.8729544355E+03  0.4853693037E+03  0.2829336469E+03  0.4363138182E+03
L6 0.1204616769E+04  -.9430558355E+04  0.1339519357E+04  -.1084550634E+05
L7 0.0000000000E+00  0.3115343489E+01  0.9498236301E+01  0.1256234393E+02
L8 0.2612197970E+01  0.4594176312E+02  0.1698741562E+01  0.0000000000E+00
L9 0.0000000000E+00  0.0000000000E+00  0.0000000000E+00  0.9794846240E+00  0.0000000000E+00
L0     8000  0.1600000000E+02  -.7616870959E+04  0.1742843867E+04
L1 0.2958969730E+03  0.2958969730E+03  -.9359714826E+10  0.1000000000E+01
L2 0.1000000000E+01  0.3395310996E+02  0.3395310996E+02  0.3395310996E+02
L3 0.3013146385E+05  -.2100643557E+03  -.3894961908E+03  0.3380578765E+03
L4 -.8716755666E+02  0.2966827382E+03  0.2798834574E+03  0.2858578884E+03
L5 0.8624240841E+03  0.3422370172E+03  0.3643490875E+03  0.2125471034E+03
L6 0.9191332080E+03  -.9359714826E+04  0.1380639070E+04  -.1081342914E+05
L7 0.0000000000E+00  0.3912067647E+01  0.7028135111E+01  0.1085856497E+02
L8 0.3384093518E+01  0.4601963586E+02  0.1872747282E+01  0.0000000000E+00
L9 0.0000000000E+00  0.0000000000E+00  0.0000000000E+00  0.9799701138E+00  0.0000000000E+00
L0     9000  0.1800000000E+02  -.7720817372E+04  0.1749963486E+04
L1 0.2971057295E+03  0.2971057295E+03  -.9470780858E+10  0.1000000000E+01
L2 0.1000000000E+01  0.3386924696E+02  0.3386924696E+02  0.3386924696E+02
L3 0.2990930550E+05  -.3798341477E+03  -.7369226025E+03  0.2236931268E+03
L4 -.2976878745E+03  0.2924425157E+03  0.2821098665E+03  0.3029749459E+03
L5 0.8775273281E+03  0.3742055340E+03  0.4407396699E+03  0.2548228107E+03
L6 0.1069768015E+04  -.9470780858E+04  0.1384350489E+04  -.1092716613E+05
L7 0.0000000000E+00  0.3276759940E+01  0.6865648913E+01  0.1204252548E+02
L8 0.2329964080E+01  0.4501540322E+02  0.2504479615E+01  0.0000000000E+00
L9 0.0000000000E+00  0.0000000000E+00  0.0000000000E+00  0.9872490704E+00  0.0000000000E+00
L0    10000  0.2000000000E+02  -.7608800322E+04  0.1744065358E+04
L1 0.2961043555E+03  0.2961043555E+03  -.9352865680E+10  0.1000000000E+01
L2 0.1000000000E+01  0.3391352396E+02  0.3391352396E+02  0.3391352396E+02
L3 0.3002687822E+05  -.1271488494E+03  -.1793834539E+03  -.7194778721E+03
L4 -.3420033918E+03  0.2819282373E+03  0.3122081647E+03  0.2782252304E+03
L5 0.8723616324E+03  0.3094058626E+03  0.3509739998E+03  0.4337086932E+03
L6 0.1094088556E+04  -.9352865680E+04  0.1335776413E+04  -.1076295683E+05
L7 0.0000000000E+00  0.2414980344E+01  0.6844450022E+01  0.1192226851E+02
L8 0.2317940912E+01  0.4909467760E+02  0.1720421888E+01  0.0000000000E+00
L9 0.0000000000E+00  0.0000000000E+00  0.0000000000E+00  0.9833834154E+00  0.0000000000E+00
