L0  Nsteps           time(ps)         Etot             EKinetic        
L1  Temp             T_solute         T_solv           Pres_scal_solu  
L2  Pres_scal_solv   BoxX             BoxY             BoxZ            
L3  volume           pres_X           pres_Y           pres_Z          
L4  Pressure         EKCoM_x          EKCoM_y          EKCoM_z         
L5  EKComTot         VIRIAL_x         VIRIAL_y         VIRIAL_z        
L6  VIRIAL_tot       E_pot            E_vdw            E_el            
L7  E_hbon           E_bon            E_angle          E_dih           
L8  E_14vdw          E_14el           E_const          E_pol           
L9  AV_permMoment    AV_indMoment     AV_totMoment     Density          dV/dlambda      
L0     1000  0.2000000000E+01  -.7038542718E+04  0.1603491154E+04
L1 0.2929967963E+03  0.2929967963E+03  -.8642033872E+10  0.1000000000E+01
L2 0.1000000000E+01  0.3385735154E+02  0.3385735154E+02  0.3385735154E+02
L3 0.2987983931E+05  -.8229199038E+03  -.1426334994E+04  -.9361299434E+03
L4 -.1061794947E+04  0.2756646073E+03  0.2412215365E+03  0.2622634468E+03
L5 0.7791495906E+03  0.4526316544E+03  0.5479516215E+03  0.4635760545E+03
L6 0.1464159330E+04  -.8642033872E+04  0.1223221741E+04  -.9938846862E+04
L7 0.0000000000E+00  0.2410160444E+01  0.1163325613E+02  0.1098939816E+02
L8 0.2752873278E+01  0.4376158260E+02  0.2043977804E+01  0.0000000000E+00
L9 0.0000000000E+00  0.0000000000E+00  0.0000000000E+00  0.9181361287E+00  0.0000000000E+00
L0     2000  0.4000000000E+01  -.6970886289E+04  0.1637191826E+04
L1 0.2991547280E+03  0.2991547280E+03  -.8608078115E+10  0.1000000000E+01
L2 0.1000000000E+01  0.3346045239E+02  0.3346045239E+02  0.3346045239E+02
L3 0.2883818157E+05  0.3721068061E+03  -.2851015059E+03  0.3565584372E+03
L4 0.1478545791E+03  0.2837004087E+03  0.2768563761E+03  0.2752757716E+03
L5 0.8358325564E+03  0.2064693363E+03  0.3360294272E+03  0.2012717758E+03
L6 0.7437705393E+03  -.8608078115E+04  0.1332435850E+04  -.1002078335E+05
L7 0.0000000000E+00  0.6503153573E+01  0.1200698636E+02  0.1140113922E+02
L8 0.3699380008E+01  0.4415585790E+02  0.2502866471E+01  0.0000000000E+00
L9 0.0000000000E+00  0.0000000000E+00  0.0000000000E+00  0.9512999259E+00  0.0000000000E+00
L0     3000  0.6000000000E+01  -.7045781954E+04  0.1651207123E+04
L1 0.3017156632E+03  0.3017156632E+03  -.8696989077E+10  0.1000000000E+01
L2 0.1000000000E+01  0.3319133046E+02  0.3319133046E+02  0.3319133046E+02
L3 0.2814878310E+05  0.4082855046E+03  -.4765421010E+03  -.5099504005E+03
L4 -.1927356657E+03  0.2873360125E+03  0.2721004955E+03  0.2861147170E+03
L5 0.8455512250E+03  0.2046217949E+03  0.3686427597E+03  0.3894251405E+03
L6 0.9626896951E+03  -.8696989077E+04  0.1268313308E+04  -.1004276443E+05
L7 0.0000000000E+00  0.4000668932E+01  0.1382225726E+02  0.9294760167E+01
L8 0.3057772362E+01  0.4449896536E+02  0.2787624910E+01  0.0000000000E+00
L9 0.0000000000E+00  0.0000000000E+00  0.0000000000E+00  0.9745984360E+00  0.0000000000E+00
L0     4000  0.8000000000E+01  -.7005452016E+04  0.1648512063E+04
L1 0.3012232104E+03  0.3012232104E+03  -.8653964079E+10  0.1000000000E+01
L2 0.1000000000E+01  0.3319728316E+02  0.3319728316E+02  0.3319728316E+02
L3 0.2816211422E+05  0.1516400243E+03  0.1038215639E+04  0.4013693488E+03
L4 0.5304083373E+03  0.2812994348E+03  0.2602616031E+03  0.3013900423E+03
L5 0.8429510803E+03  0.2505642605E+03  0.4983075671E+02  0.2200384535E+03
L6 0.5204334706E+03  -.8653964079E+04  0.1337180314E+04  -.1006179525E+05
L7 0.0000000000E+00  0.1912962216E+01  0.6981415187E+01  0.1004603898E+02
L8 0.3068000870E+01  0.4613326085E+02  0.2509178977E+01  0.0000000000E+00
L9 0.0000000000E+00  0.0000000000E+00  0.0000000000E+00  0.9741370897E+00  0.0000000000E+00
L0     5000  0.1000000000E+02  -.7156839053E+04  0.1604602551E+04
L1 0.2931998755E+03  0.2931998755E+03  -.8761441604E+10  0.1000000000E+01
L2 0.1000000000E+01  0.3312391975E+02  0.3312391975E+02  0.3312391975E+02
L3 0.2797748763E+05  -.3193077046E+03  -.1836072891E+02  -.7794054900E+02
L4 -.1385363275E+03  0.2663916734E+03  0.2484360573E+03  0.2539250097E+03
L5 0.7687527404E+03  0.3306863018E+03  0.2521331063E+03  0.2696188328E+03
L6 0.8524382409E+03  -.8761441604E+04  0.1313475120E+04  -.1015049883E+05
L7 0.0000000000E+00  0.2762919750E+01  0.8346562307E+01  0.1356713673E+02
L8 0.3916390991E+01  0.4512770177E+02  0.1861397292E+01  0.0000000000E+00
L9 0.0000000000E+00  0.0000000000E+00  0.0000000000E+00  0.9805655302E+00  0.0000000000E+00
L0     6000  0.1200000000E+02  -.7031734380E+04  0.1655845363E+04
L1 0.3025631824E+03  0.3025631824E+03  -.8687579742E+10  0.1000000000E+01
L2 0.1000000000E+01  0.3295755999E+02  0.3295755999E+02  0.3295755999E+02
L3 0.2755666646E+05  -.2984987283E+02  0.4237484711E+03  0.8953989966E+03
L4 0.4297658650E+03  0.2535623028E+03  0.2980505554E+03  0.2693381098E+03
L5 0.8209509680E+03  0.2594823579E+03  0.2140095182E+03  0.9175573353E+02
L6 0.5652476096E+03  -.8687579742E+04  0.1310989119E+04  -.1007418333E+05
L7 0.0000000000E+00  0.2270876388E+01  0.9665677311E+01  0.1091474483E+02
L8 0.3163546349E+01  0.4675636273E+02  0.2843261206E+01  0.0000000000E+00
L9 0.0000000000E+00  0.0000000000E+00  0.0000000000E+00  0.9955398645E+00  0.0000000000E+00
L0     7000  0.1400000000E+02  -.7022591866E+04  0.1674384300E+04
L1 0.3059506966E+03  0.3059506966E+03  -.8696976166E+10  0.1000000000E+01
L2 0.1000000000E+01  0.3308671977E+02  0.3308671977E+02  0.3308671977E+02
L3 0.2788285197E+05  -.5863569974E+02  0.2385473341E+03  -.1569379440E+02
L4 0.5473927999E+02  0.2782421867E+03  0.2865300007E+03  0.2975792244E+03
L5 0.8623514118E+03  0.2900089194E+03  0.2386594591E+03  0.3007285803E+03
L6 0.8293969587E+03  -.8696976166E+04  0.1283835339E+04  -.1005908926E+05
L7 0.0000000000E+00  0.6528499548E+00  0.1308499759E+02  0.1137763616E+02
L8 0.3109189762E+01  0.4550269406E+02  0.4550384685E+01  0.0000000000E+00
L9 0.0000000000E+00  0.0000000000E+00  0.0000000000E+00  0.9838936137E+00  0.0000000000E+00
L0     8000  0.1600000000E+02  -.7071679469E+04  0.1650572421E+04
L1 0.3015996878E+03  0.3015996878E+03  -.8722251890E+10  0.1000000000E+01
L2 0.1000000000E+01  0.3313200531E+02  0.3313200531E+02  0.3313200531E+02
L3 0.2799839443E+05  -.3026068580E+03  -.2447410301E+03  -.3653762307E+03
L4 -.3042413729E+03  0.2458566537E+03  0.2961511194E+03  0.2938465064E+03
L5 0.8358542795E+03  0.3068339934E+03  0.3454681014E+03  0.3674723016E+03
L6 0.1019774396E+04  -.8722251890E+04  0.1270698694E+04  -.1007137771E+05
L7 0.0000000000E+00  0.2157087246E+01  0.9470702492E+01  0.1398378929E+02
L8 0.2927824414E+01  0.4709776163E+02  0.2789958624E+01  0.0000000000E+00
L9 0.0000000000E+00  0.0000000000E+00  0.0000000000E+00  0.9798333277E+00  0.0000000000E+00
L0     9000  0.1800000000E+02  -.7090943608E+04  0.1614716615E+04
L1 0.2950479607E+03  0.2950479607E+03  -.8705660223E+10  0.1000000000E+01
L2 0.1000000000E+01  0.3300792362E+02  0.3300792362E+02  0.3300792362E+02
L3 0.2768488362E+05  0.8195742029E+02  -.6800259230E+03  -.1694258555E+03
L4 -.2558314527E+03  0.2519816108E+03  0.2816183629E+03  0.2689273367E+03
L5 0.8025273104E+03  0.2356515590E+03  0.4171138251E+03  0.3026855124E+03
L6 0.9554508966E+03  -.8705660223E+04  0.1238720771E+04  -.1002003272E+05
L7 0.0000000000E+00  0.1283685518E+01  0.8814144918E+01  0.1142654992E+02
L8 0.4053959822E+01  0.4630906825E+02  0.3764317513E+01  0.0000000000E+00
L9 0.0000000000E+00  0.0000000000E+00  0.0000000000E+00  0.9909292147E+00  0.0000000000E+00
L0    10000  0.2000000000E+02  -.7134367356E+04  0.1639635375E+04
L1 0.2996012237E+03  0.2996012237E+03  -.8774002731E+10  0.1000000000E+01
L2 0.1000000000E+01  0.3296975432E+02  0.3296975432E+02  0.3296975432E+02
L3 0.2758904959E+05  -.5668787601E+03  -.3862613423E+03  0.6778564716E+02
L4 -.2951181517E+03  0.2733908945E+03  0.2958323410E+03  0.2523809065E+03
L5 0.8216041420E+03  0.3859507443E+03  0.3725286678E+03  0.2389213402E+03
L6 0.9974007523E+03  -.8774002731E+04  0.1250264204E+04  -.1009836048E+05
L7 0.0000000000E+00  0.3384178586E+01  0.7307802631E+01  0.1246090344E+02
L8 0.2644554304E+01  0.4517135553E+02  0.3124752550E+01  0.0000000000E+00
L9 0.0000000000E+00  0.0000000000E+00  0.0000000000E+00  0.9943713321E+00  0.0000000000E+00
