L0  Nsteps           time(ps)         Etot             EKinetic        
L1  Temp             T_solute         T_solv           Pres_scal_solu  
L2  Pres_scal_solv   BoxX             BoxY             BoxZ            
L3  volume           pres_X           pres_Y           pres_Z          
L4  Pressure         EKCoM_x          EKCoM_y          EKCoM_z         
L5  EKComTot         VIRIAL_x         VIRIAL_y         VIRIAL_z        
L6  VIRIAL_tot       E_pot            E_vdw            E_el            
L7  E_hbon           E_bon            E_angle          E_dih           
L8  E_14vdw          E_14el           E_const          E_pol           
L9  AV_permMoment    AV_indMoment     AV_totMoment     Density          dV/dlambda      
L0     1000  0.2000000000E+01  -.7616674280E+04  0.1788617464E+04
L1 0.3000243140E+03  0.3000243140E+03  -.9405291744E+10  0.1000000000E+01
L2 0.1000000000E+01  0.3509339492E+02  0.3509339492E+02  0.3509339492E+02
L3 0.3327168439E+05  -.7338462588E+03  0.1837088264E+03  -.1034444651E+04
L4 -.5281940279E+03  0.2897678978E+03  0.3061214097E+03  0.3213228405E+03
L5 0.9172121480E+03  0.4654940713E+03  0.2621306573E+03  0.5690300382E+03
L6 0.1296654767E+04  -.9405291744E+04  0.1448766366E+04  -.1093283384E+05
L7 0.0000000000E+00  0.1614534805E+01  0.9647096252E+01  0.1275559613E+02
L8 0.3147651041E+01  0.4732237610E+02  0.4288478764E+01  0.0000000000E+00
L9 0.0000000000E+00  0.0000000000E+00  0.0000000000E+00  0.8982693804E+00  0.0000000000E+00
L0     2000  0.4000000000E+01  -.7606796601E+04  0.1824220783E+04
L1 0.3059964469E+03  0.3059964469E+03  -.9431017383E+10  0.1000000000E+01
L2 0.1000000000E+01  0.3450733348E+02  0.3450733348E+02  0.3450733348E+02
L3 0.3163326568E+05  -.3664422112E+03  -.3651473713E+03  -.1719469974E+04
L4 -.8170198523E+03  0.3069962573E+03  0.3138150560E+03  0.2929920899E+03
L5 0.9138034033E+03  0.3904231569E+03  0.3969471630E+03  0.6844591330E+03
L6 0.1471829453E+04  -.9431017383E+04  0.1325672576E+04  -.1083219076E+05
L7 0.0000000000E+00  0.4007254535E+01  0.8744332667E+01  0.1162441336E+02
L8 0.3352425758E+01  0.4439369204E+02  0.3378686795E+01  0.0000000000E+00
L9 0.0000000000E+00  0.0000000000E+00  0.0000000000E+00  0.9447944967E+00  0.0000000000E+00
L0     3000  0.6000000000E+01  -.7678545969E+04  0.1781538212E+04
L1 0.2988368338E+03  0.2988368338E+03  -.9460084180E+10  0.1000000000E+01
L2 0.1000000000E+01  0.3414107664E+02  0.3414107664E+02  0.3414107664E+02
L3 0.3063483349E+05  -.6238590582E+03  0.3051542962E+03  -.1236711203E+03
L4 -.1474586274E+03  0.2953941581E+03  0.2975590564E+03  0.2949560008E+03
L5 0.8879092153E+03  0.4329435229E+03  0.2302781873E+03  0.3222231918E+03
L6 0.9854449020E+03  -.9460084180E+04  0.1383136767E+04  -.1092118212E+05
L7 0.0000000000E+00  0.3491892695E+01  0.8197342443E+01  0.1230831238E+02
L8 0.3418667024E+01  0.4729880292E+02  0.3246159781E+01  0.0000000000E+00
L9 0.0000000000E+00  0.0000000000E+00  0.0000000000E+00  0.9755866745E+00  0.0000000000E+00
L0     4000  0.8000000000E+01  -.7701538314E+04  0.1753998378E+04
L1 0.2942172771E+03  0.2942172771E+03  -.9455536692E+10  0.1000000000E+01
L2 0.1000000000E+01  0.3403619154E+02  0.3403619154E+02  0.3403619154E+02
L3 0.3035163839E+05  0.1411533341E+03  0.8750462202E+03  0.4483894521E+03
L4 0.4881963354E+03  0.2901046066E+03  0.2980591237E+03  0.3053166397E+03
L5 0.8934803700E+03  0.2592706072E+03  0.1069111439E+03  0.2073689702E+03
L6 0.5735507212E+03  -.9455536692E+04  0.1470286720E+04  -.1100489337E+05
L7 0.0000000000E+00  0.3028233193E+01  0.1322369699E+02  0.1359250600E+02
L8 0.1891288562E+01  0.4240190545E+02  0.4932329199E+01  0.0000000000E+00
L9 0.0000000000E+00  0.0000000000E+00  0.0000000000E+00  0.9846893581E+00  0.0000000000E+00
L0     5000  0.1000000000E+02  -.7656376388E+04  0.1781495665E+04
L1 0.2988296969E+03  0.2988296969E+03  -.9437872052E+10  0.1000000000E+01
L2 0.1000000000E+01  0.3404527518E+02  0.3404527518E+02  0.3404527518E+02
L3 0.3037707618E+05  -.3037320109E+03  0.7379537322E+03  -.2212265847E+03
L4 0.7099837889E+02  0.3108458085E+03  0.3016504111E+03  0.2855811536E+03
L5 0.8980773732E+03  0.3772496365E+03  0.1403142630E+03  0.3339471195E+03
L6 0.8515110190E+03  -.9437872052E+04  0.1386824810E+04  -.1089920082E+05
L7 0.0000000000E+00  0.3024990263E+01  0.7143805814E+01  0.1296355670E+02
L8 0.3210718820E+01  0.4556981848E+02  0.2591065626E+01  0.0000000000E+00
L9 0.0000000000E+00  0.0000000000E+00  0.0000000000E+00  0.9838647783E+00  0.0000000000E+00
L0     6000  0.1200000000E+02  -.7860417387E+04  0.1707632450E+04
L1 0.2864398143E+03  0.2864398143E+03  -.9568049836E+10  0.1000000000E+01
L2 0.1000000000E+01  0.3398647419E+02  0.3398647419E+02  0.3398647419E+02
L3 0.3021978763E+05  -.2079923638E+02  0.2321448375E+02  0.3928292727E+03
L4 0.1317481734E+03  0.2717972201E+03  0.2814189913E+03  0.2763946282E+03
L5 0.8296108395E+03  0.2763209366E+03  0.2763699721E+03  0.1909564792E+03
L6 0.7436473879E+03  -.9568049836E+04  0.1458283392E+04  -.1110100381E+05
L7 0.0000000000E+00  0.9417759053E+00  0.1251328424E+02  0.1059877315E+02
L8 0.3629460412E+01  0.4435487330E+02  0.2632419517E+01  0.0000000000E+00
L9 0.0000000000E+00  0.0000000000E+00  0.0000000000E+00  0.9889856174E+00  0.0000000000E+00
L0     7000  0.1400000000E+02  -.7721729527E+04  0.1798941268E+04
L1 0.3017560383E+03  0.3017560383E+03  -.9520670795E+10  0.1000000000E+01
L2 0.1000000000E+01  0.3410173895E+02  0.3410173895E+02  0.3410173895E+02
L3 0.3052962648E+05  -.6961672646E+03  -.9319183577E+03  0.5640611092E+03
L4 -.3546748377E+03  0.3269370398E+03  0.2767194812E+03  0.3001905201E+03
L5 0.9038470410E+03  0.4799018981E+03  0.4814845811E+03  0.1762525931E+03
L6 0.1137639072E+04  -.9520670795E+04  0.1392866433E+04  -.1098776877E+05
L7 0.0000000000E+00  0.8457753209E+00  0.9034211550E+01  0.1187290645E+02
L8 0.3764623356E+01  0.4552358078E+02  0.3190439987E+01  0.0000000000E+00
L9 0.0000000000E+00  0.0000000000E+00  0.0000000000E+00  0.9789486074E+00  0.0000000000E+00
L0     8000  0.1600000000E+02  -.7703601798E+04  0.1782593303E+04
L1 0.2990138158E+03  0.2990138158E+03  -.9486195102E+10  0.1000000000E+01
L2 0.1000000000E+01  0.3403600328E+02  0.3403600328E+02  0.3403600328E+02
L3 0.3035189104E+05  0.4542876011E+03  -.1054707017E+03  0.2777031999E+03
L4 0.2088400331E+03  0.3026661493E+03  0.2986712232E+03  0.2882158826E+03
L5 0.8895532550E+03  0.2034292426E+03  0.3217107826E+03  0.2275529755E+03
L6 0.7526930007E+03  -.9486195102E+04  0.1431449345E+04  -.1099348155E+05
L7 0.0000000000E+00  0.3677653925E+01  0.1111181435E+02  0.1168629483E+02
L8 0.2909877313E+01  0.4218734210E+02  0.4264124317E+01  0.0000000000E+00
L9 0.0000000000E+00  0.0000000000E+00  0.0000000000E+00  0.9846811615E+00  0.0000000000E+00
L0     9000  0.1800000000E+02  -.7733772650E+04  0.1727912594E+04
L1 0.2898416240E+03  0.2898416240E+03  -.9461685244E+10  0.1000000000E+01
L2 0.1000000000E+01  0.3403859911E+02  0.3403859911E+02  0.3403859911E+02
L3 0.3035892136E+05  0.1160828534E+04  -.5375402324E+03  -.9117577410E+02
L4 0.1773708424E+03  0.3087945044E+03  0.2823403769E+03  0.2754974855E+03
L5 0.8666323669E+03  0.5515844800E+02  0.3997906125E+03  0.2954190012E+03
L6 0.7503680616E+03  -.9461685244E+04  0.1421679141E+04  -.1095912196E+05
L7 0.0000000000E+00  0.4157464688E+01  0.8322396220E+01  0.1076212207E+02
L8 0.2830333999E+01  0.4713271201E+02  0.2552541047E+01  0.0000000000E+00
L9 0.0000000000E+00  0.0000000000E+00  0.0000000000E+00  0.9844531354E+00  0.0000000000E+00
L0    10000  0.2000000000E+02  -.7772180370E+04  0.1766874833E+04
L1 0.2963771853E+03  0.2963771853E+03  -.9539055203E+10  0.1000000000E+01
L2 0.1000000000E+01  0.3404030332E+02  0.3404030332E+02  0.3404030332E+02
L3 0.3036348868E+05  0.3141092299E+03  -.1573523464E+02  0.2258214194E+03
L4 0.1747318049E+03  0.2744948935E+03  0.2921761207E+03  0.3027151880E+03
L5 0.8693862022E+03  0.2058530486E+03  0.2956147192E+03  0.2533667533E+03
L6 0.7548345211E+03  -.9539055203E+04  0.1452800688E+04  -.1106213824E+05
L7 0.0000000000E+00  0.3369078054E+01  0.9860178346E+01  0.8802486617E+01
L8 0.2551552581E+01  0.4466627406E+02  0.1032775971E+01  0.0000000000E+00
L9 0.0000000000E+00  0.0000000000E+00  0.0000000000E+00  0.9843050526E+00  0.0000000000E+00
