L0  Nsteps           time(ps)         Etot             EKinetic        
L1  Temp             T_solute         T_solv           Pres_scal_solu  
L2  Pres_scal_solv   BoxX             BoxY             BoxZ            
L3  volume           pres_X           pres_Y           pres_Z          
L4  Pressure         EKCoM_x          EKCoM_y          EKCoM_z         
L5  EKComTot         VIRIAL_x         VIRIAL_y         VIRIAL_z        
L6  VIRIAL_tot       E_pot            E_vdw            E_el            
L7  E_hbon           E_bon            E_angle          E_dih           
L8  E_14vdw          E_14el           E_const          E_pol           
L9  AV_permMoment    AV_indMoment     AV_totMoment     Density          dV/dlambda      
L0     1000  0.2000000000E+01  -.7609919068E+04  0.1797903896E+04
L1 0.2991885204E+03  0.2991885204E+03  -.9407822965E+10  0.1000000000E+01
L2 0.1000000000E+01  0.3513879228E+02  0.3513879228E+02  0.3513879228E+02
L3 0.3340136891E+05  -.4623587813E+03  -.7302094292E+03  -.7898341764E+03
L4 -.6608007956E+03  0.2776141986E+03  0.2957005062E+03  0.2970021864E+03
L5 0.8703168911E+03  0.3887617645E+03  0.4712373490E+03  0.4868723689E+03
L6 0.1346871482E+04  -.9407822965E+04  0.1404854097E+04  -.1088874604E+05
L7 0.0000000000E+00  0.4309283466E+01  0.1137765362E+02  0.9954254279E+01
L8 0.2891215399E+01  0.4415970127E+02  0.3376868619E+01  0.0000000000E+00
L9 0.0000000000E+00  0.0000000000E+00  0.0000000000E+00  0.9019471504E+00  0.0000000000E+00
L0     2000  0.4000000000E+01  -.7688355826E+04  0.1766559217E+04
L1 0.2939724639E+03  0.2939724639E+03  -.9454915043E+10  0.1000000000E+01
L2 0.1000000000E+01  0.3465726005E+02  0.3465726005E+02  0.3465726005E+02
L3 0.3204539795E+05  -.1266662302E+04  0.4143668782E+03  0.4790628933E+03
L4 -.1244108435E+03  0.3090733943E+03  0.2793430282E+03  0.3046768198E+03
L5 0.8930932423E+03  0.6012080599E+03  0.1837761757E+03  0.1941889037E+03
L6 0.9791731393E+03  -.9454915043E+04  0.1442209694E+04  -.1097274725E+05
L7 0.0000000000E+00  0.6593431685E+01  0.1333799973E+02  0.1009628156E+02
L8 0.2806632077E+01  0.4123062893E+02  0.1557535369E+01  0.0000000000E+00
L9 0.0000000000E+00  0.0000000000E+00  0.0000000000E+00  0.9401121979E+00  0.0000000000E+00
L0     3000  0.6000000000E+01  -.7804332376E+04  0.1790020538E+04
L1 0.2978766537E+03  0.2978766537E+03  -.9594352914E+10  0.1000000000E+01
L2 0.1000000000E+01  0.3426829557E+02  0.3426829557E+02  0.3426829557E+02
L3 0.3097846186E+05  -.8882965200E+02  -.3738047455E+03  0.1401765805E+03
L4 -.1074859390E+03  0.2888937336E+03  0.2824094971E+03  0.2917637598E+03
L5 0.8630669905E+03  0.3086987129E+03  0.3657509833E+03  0.2605107468E+03
L6 0.9349604429E+03  -.9594352914E+04  0.1454178053E+04  -.1112295270E+05
L7 0.0000000000E+00  0.2201350436E+01  0.5583957636E+01  0.1114187447E+02
L8 0.3239721023E+01  0.4548752812E+02  0.6767299781E+01  0.0000000000E+00
L9 0.0000000000E+00  0.0000000000E+00  0.0000000000E+00  0.9724908113E+00  0.0000000000E+00
L0     4000  0.8000000000E+01  -.7807474912E+04  0.1786790745E+04
L1 0.2973391850E+03  0.2973391850E+03  -.9594265658E+10  0.1000000000E+01
L2 0.1000000000E+01  0.3410221363E+02  0.3410221363E+02  0.3410221363E+02
L3 0.3053073826E+05  0.7300491296E+03  -.1174730689E+04  -.4396824423E+03
L4 -.2947880007E+03  0.2983236468E+03  0.2874846027E+03  0.2962939373E+03
L5 0.8821021869E+03  0.1379082782E+03  0.5456108698E+03  0.3929063682E+03
L6 0.1076425516E+04  -.9594265658E+04  0.1388659876E+04  -.1105590881E+05
L7 0.0000000000E+00  0.4941500942E+01  0.9121906297E+01  0.1171870706E+02
L8 0.3334790468E+01  0.4156459627E+02  0.2301779350E+01  0.0000000000E+00
L9 0.0000000000E+00  0.0000000000E+00  0.0000000000E+00  0.9867520807E+00  0.0000000000E+00
L0     5000  0.1000000000E+02  -.7757342622E+04  0.1821666246E+04
L1 0.3031428042E+03  0.3031428042E+03  -.9579008868E+10  0.1000000000E+01
L2 0.1000000000E+01  0.3406051771E+02  0.3406051771E+02  0.3406051771E+02
L3 0.3041763680E+05  0.6298713332E+03  -.1047389409E+03  -.2651074196E+02
L4 0.1662072168E+03  0.3157529726E+03  0.3223324754E+03  0.2762387780E+03
L5 0.9143242260E+03  0.1778626165E+03  0.3452617454E+03  0.2820424643E+03
L6 0.8051668262E+03  -.9579008868E+04  0.1416389387E+04  -.1107180802E+05
L7 0.0000000000E+00  0.1531827334E+01  0.9095004408E+01  0.1169707394E+02
L8 0.3198938536E+01  0.4546937626E+02  0.5417540282E+01  0.0000000000E+00
L9 0.0000000000E+00  0.0000000000E+00  0.0000000000E+00  0.9904211066E+00  0.0000000000E+00
L0     6000  0.1200000000E+02  -.7866191607E+04  0.1768623063E+04
L1 0.2943159078E+03  0.2943159078E+03  -.9634814670E+10  0.1000000000E+01
L2 0.1000000000E+01  0.3407204566E+02  0.3407204566E+02  0.3407204566E+02
L3 0.3044749567E+05  0.4977770863E+03  0.1074125711E+04  0.7175922405E+02
L4 0.5478873405E+03  0.2858911069E+03  0.3046508410E+03  0.2844384491E+03
L5 0.8749803970E+03  0.1768116269E+03  0.6927424934E+02  0.2687136215E+03
L6 0.5147994978E+03  -.9634814670E+04  0.1508746009E+04  -.1122097053E+05
L7 0.0000000000E+00  0.1577320407E+01  0.1018038876E+02  0.1536792528E+02
L8 0.3096998731E+01  0.4485121430E+02  0.2336003066E+01  0.0000000000E+00
L9 0.0000000000E+00  0.0000000000E+00  0.0000000000E+00  0.9894498328E+00  0.0000000000E+00
L0     7000  0.1400000000E+02  -.7678199724E+04  0.1852919897E+04
L1 0.3083437127E+03  0.3083437127E+03  -.9531119621E+10  0.1000000000E+01
L2 0.1000000000E+01  0.3410161955E+02  0.3410161955E+02  0.3410161955E+02
L3 0.3052760245E+05  -.2606803999E+03  0.3957713851E+02  0.1033606916E+04
L4 0.2708345516E+03  0.3084755971E+03  0.3167209537E+03  0.3044882959E+03
L5 0.9296848467E+03  0.3657496157E+03  0.3080254716E+03  0.7739480614E+02
L6 0.7511698934E+03  -.9531119621E+04  0.1425965589E+04  -.1103259631E+05
L7 0.0000000000E+00  0.3531788918E+01  0.9090588725E+01  0.1317250792E+02
L8 0.2304980113E+01  0.4492936270E+02  0.2481875570E+01  0.0000000000E+00
L9 0.0000000000E+00  0.0000000000E+00  0.0000000000E+00  0.9868534404E+00  0.0000000000E+00
L0     8000  0.1600000000E+02  -.7789857551E+04  0.1802981194E+04
L1 0.3000334316E+03  0.3000334316E+03  -.9592838745E+10  0.1000000000E+01
L2 0.1000000000E+01  0.3413638478E+02  0.3413638478E+02  0.3413638478E+02
L3 0.3062207399E+05  -.7942913576E+03  -.1132985035E+03  0.6093151582E+03
L4 -.9942490098E+02  0.3105837600E+03  0.2827200823E+03  0.3059016300E+03
L5 0.8992054723E+03  0.4856373489E+03  0.3076898990E+03  0.1716148797E+03
L6 0.9649421276E+03  -.9592838745E+04  0.1416733952E+04  -.1108883465E+05
L7 0.0000000000E+00  0.5581696992E+01  0.1289368377E+02  0.1065048482E+02
L8 0.3480698803E+01  0.4455044279E+02  0.2104943218E+01  0.0000000000E+00
L9 0.0000000000E+00  0.0000000000E+00  0.0000000000E+00  0.9838089187E+00  0.0000000000E+00
L0     9000  0.1800000000E+02  -.7712973792E+04  0.1764445559E+04
L1 0.2936207309E+03  0.2936207309E+03  -.9477419352E+10  0.1000000000E+01
L2 0.1000000000E+01  0.3416220680E+02  0.3416220680E+02  0.3416220680E+02
L3 0.3069124028E+05  0.3899136534E+03  -.7447540255E+03  0.4700067844E+03
L4 0.3838880409E+02  0.3017759710E+03  0.2835677421E+03  0.2978124406E+03
L5 0.8831561537E+03  0.2156489428E+03  0.4480745512E+03  0.1939938459E+03
L6 0.8577173399E+03  -.9477419352E+04  0.1402199943E+04  -.1095614820E+05
L7 0.0000000000E+00  0.5068269742E+01  0.7829795509E+01  0.1210024686E+02
L8 0.2829773386E+01  0.4564094421E+02  0.3059875365E+01  0.0000000000E+00
L9 0.0000000000E+00  0.0000000000E+00  0.0000000000E+00  0.9815917906E+00  0.0000000000E+00
L0    10000  0.2000000000E+02  -.7802497604E+04  0.1824311267E+04
L1 0.3035829611E+03  0.3035829611E+03  -.9626808871E+10  0.1000000000E+01
L2 0.1000000000E+01  0.3408880962E+02  0.3408880962E+02  0.3408880962E+02
L3 0.3049433475E+05  0.1679742326E+03  -.2962249635E+03  -.2962341966E+03
L4 -.1414949759E+03  0.3201353091E+03  0.2995361844E+03  0.3324349262E+03
L5 0.9521064197E+03  0.2832699550E+03  0.3645487640E+03  0.3974495321E+03
L6 0.1045268251E+04  -.9626808871E+04  0.1395727303E+04  -.1109791515E+05
L7 0.0000000000E+00  0.4949689001E+01  0.8781988633E+01  0.1118229708E+02
L8 0.3163815490E+01  0.4411481316E+02  0.3186374696E+01  0.0000000000E+00
L9 0.0000000000E+00  0.0000000000E+00  0.0000000000E+00  0.9879300452E+00  0.0000000000E+00
