L0  Nsteps           time(ps)         Etot             EKinetic        
L1  Temp             T_solute         T_solv           Pres_scal_solu  
L2  Pres_scal_solv   BoxX             BoxY             BoxZ            
L3  volume           pres_X           pres_Y           pres_Z          
L4  Pressure         EKCoM_x          EKCoM_y          EKCoM_z         
L5  EKComTot         VIRIAL_x         VIRIAL_y         VIRIAL_z        
L6  VIRIAL_tot       E_pot            E_vdw            E_el            
L7  E_hbon           E_bon            E_angle          E_dih           
L8  E_14vdw          E_14el           E_const          E_pol           
L9  AV_permMoment    AV_indMoment     AV_totMoment     Density          dV/dlambda      
L0     1000  0.2000000000E+01  -.8016291215E+04  0.1827402773E+04
L1 0.2944574417E+03  0.2944574417E+03  -.9843693988E+10  0.1000000000E+01
L2 0.1000000000E+01  0.3535342299E+02  0.3535342299E+02  0.3535342299E+02
L3 0.3401698542E+05  -.1181080213E+04  -.2911136222E+03  -.3275901830E+03
L4 -.5999280060E+03  0.2998174894E+03  0.3001271834E+03  0.3290374576E+03
L5 0.9289821304E+03  0.5889732159E+03  0.3713985247E+03  0.4092391038E+03
L6 0.1369610844E+04  -.9843693988E+04  0.1483222912E+04  -.1140014370E+05
L7 0.0000000000E+00  0.1451890643E+01  0.7337632844E+01  0.1339762251E+02
L8 0.3701413192E+01  0.4517115702E+02  0.2167089440E+01  0.0000000000E+00
L9 0.0000000000E+00  0.0000000000E+00  0.0000000000E+00  0.9146466863E+00  0.0000000000E+00
L0     2000  0.4000000000E+01  -.7900453741E+04  0.1902526394E+04
L1 0.3065624410E+03  0.3065624410E+03  -.9802980134E+10  0.1000000000E+01
L2 0.1000000000E+01  0.3485246457E+02  0.3485246457E+02  0.3485246457E+02
L3 0.3259052060E+05  -.6317848355E+03  -.1896471136E+03  -.1574577795E+03
L4 -.3262965762E+03  0.2962875792E+03  0.3075763139E+03  0.3401675486E+03
L5 0.9440314416E+03  0.4444769573E+03  0.3520593186E+03  0.3771003287E+03
L6 0.1173636605E+04  -.9802980134E+04  0.1444208320E+04  -.1132612480E+05
L7 0.0000000000E+00  0.3096536476E+01  0.8002692916E+01  0.1504622180E+02
L8 0.4861689679E+01  0.4582402061E+02  0.2105181550E+01  0.0000000000E+00
L9 0.0000000000E+00  0.0000000000E+00  0.0000000000E+00  0.9546801468E+00  0.0000000000E+00
L0     3000  0.6000000000E+01  -.7946464441E+04  0.1835214188E+04
L1 0.2957161294E+03  0.2957161294E+03  -.9781678629E+10  0.1000000000E+01
L2 0.1000000000E+01  0.3458328788E+02  0.3458328788E+02  0.3458328788E+02
L3 0.3183980701E+05  -.2245220009E+03  0.3912373705E+03  0.3434122104E+03
L4 0.1700425267E+03  0.3055214265E+03  0.3166671738E+03  0.3156177671E+03
L5 0.9378063674E+03  0.3569714895E+03  0.2270136554E+03  0.2369235644E+03
L6 0.8209087092E+03  -.9781678629E+04  0.1450484766E+04  -.1131026892E+05
L7 0.0000000000E+00  0.2453486356E+01  0.1044427087E+02  0.1076473603E+02
L8 0.3812416681E+01  0.4769380925E+02  0.2936803364E+01  0.0000000000E+00
L9 0.0000000000E+00  0.0000000000E+00  0.0000000000E+00  0.9771894342E+00  0.0000000000E+00
L0     4000  0.8000000000E+01  -.8016160008E+04  0.1851108781E+04
L1 0.2982772950E+03  0.2982772950E+03  -.9867268789E+10  0.1000000000E+01
L2 0.1000000000E+01  0.3436619119E+02  0.3436619119E+02  0.3436619119E+02
L3 0.3124487707E+05  -.8228473202E+03  0.1749219513E+03  0.1491637407E+03
L4 -.1662538761E+03  0.3201680101E+03  0.2855595495E+03  0.3241497835E+03
L5 0.9298773431E+03  0.5052033403E+03  0.2462244988E+03  0.2906070334E+03
L6 0.1042034873E+04  -.9867268789E+04  0.1413649606E+04  -.1135381843E+05
L7 0.0000000000E+00  0.2848317571E+01  0.5096684080E+01  0.1119428950E+02
L8 0.4063869307E+01  0.4716486963E+02  0.2532007940E+01  0.0000000000E+00
L9 0.0000000000E+00  0.0000000000E+00  0.0000000000E+00  0.9957959802E+00  0.0000000000E+00
L0     5000  0.1000000000E+02  -.8037937126E+04  0.1912807145E+04
L1 0.3082190236E+03  0.3082190236E+03  -.9950744271E+10  0.1000000000E+01
L2 0.1000000000E+01  0.3451525898E+02  0.3451525898E+02  0.3451525898E+02
L3 0.3165296585E+05  -.1922597598E+03  -.5311482643E+02  0.2655231187E+02
L4 -.7294075811E+02  0.3172923040E+03  0.3401996822E+03  0.3152026507E+03
L5 0.9726946368E+03  0.3610908188E+03  0.3522997208E+03  0.3091537935E+03
L6 0.1022544333E+04  -.9950744271E+04  0.1464271301E+04  -.1148494545E+05
L7 0.0000000000E+00  0.2359189962E+01  0.6574130409E+01  0.1050212262E+02
L8 0.3539109908E+01  0.4554084522E+02  0.1414482921E+01  0.0000000000E+00
L9 0.0000000000E+00  0.0000000000E+00  0.0000000000E+00  0.9829575890E+00  0.0000000000E+00
L0     6000  0.1200000000E+02  -.8118065745E+04  0.1813319463E+04
L1 0.2921881361E+03  0.2921881361E+03  -.9931385208E+10  0.1000000000E+01
L2 0.1000000000E+01  0.3443044290E+02  0.3443044290E+02  0.3443044290E+02
L3 0.3142064042E+05  0.5274049083E+03  -.1145061612E+04  -.8167144887E+02
L4 -.2331093842E+03  0.2967408583E+03  0.3079849183E+03  0.2945212767E+03
L5 0.8992470533E+03  0.1774750983E+03  0.5669257079E+03  0.3129902126E+03
L6 0.1057391019E+04  -.9931385208E+04  0.1447567282E+04  -.1145991637E+05
L7 0.0000000000E+00  0.3221537678E+01  0.9854239022E+01  0.1281786793E+02
L8 0.3196382452E+01  0.4828709514E+02  0.3586759480E+01  0.0000000000E+00
L9 0.0000000000E+00  0.0000000000E+00  0.0000000000E+00  0.9902256152E+00  0.0000000000E+00
L0     7000  0.1400000000E+02  -.7992308081E+04  0.1867926234E+04
L1 0.3009871652E+03  0.3009871652E+03  -.9860234316E+10  0.1000000000E+01
L2 0.1000000000E+01  0.3447344142E+02  0.3447344142E+02  0.3447344142E+02
L3 0.3153789220E+05  -.2698942085E+03  0.8599156463E+03  -.6340849392E+03
L4 -.1468783382E+02  0.3284847627E+03  0.2885564116E+03  0.2862856006E+03
L5 0.9033267749E+03  0.3897455832E+03  0.9337201536E+02  0.4302107479E+03
L6 0.9133283465E+03  -.9860234316E+04  0.1438150967E+04  -.1137201478E+05
L7 0.0000000000E+00  0.1170919265E+01  0.5496163352E+01  0.1149355677E+02
L8 0.4226195930E+01  0.4833957304E+02  0.2903090240E+01  0.0000000000E+00
L9 0.0000000000E+00  0.0000000000E+00  0.0000000000E+00  0.9865441479E+00  0.0000000000E+00
L0     8000  0.1600000000E+02  -.8064179319E+04  0.1841775662E+04
L1 0.2967734085E+03  0.2967734085E+03  -.9905954980E+10  0.1000000000E+01
L2 0.1000000000E+01  0.3442142720E+02  0.3442142720E+02  0.3442142720E+02
L3 0.3139600596E+05  -.2857418418E+03  -.4257219841E+03  -.3263167894E+02
L4 -.2480318349E+03  0.3048063539E+03  0.3295275120E+03  0.3123113219E+03
L5 0.9466451878E+03  0.3693724938E+03  0.4257235224E+03  0.3196847661E+03
L6 0.1114780782E+04  -.9905954980E+04  0.1425441567E+04  -.1140284354E+05
L7 0.0000000000E+00  0.3792855777E+01  0.7863571846E+01  0.1167807307E+02
L8 0.3103556077E+01  0.4234298179E+02  0.2665957330E+01  0.0000000000E+00
L9 0.0000000000E+00  0.0000000000E+00  0.0000000000E+00  0.9910025828E+00  0.0000000000E+00
L0     9000  0.1800000000E+02  -.8102601694E+04  0.1802286889E+04
L1 0.2904104090E+03  0.2904104090E+03  -.9904888583E+10  0.1000000000E+01
L2 0.1000000000E+01  0.3448149776E+02  0.3448149776E+02  0.3448149776E+02
L3 0.3155983719E+05  0.5061228365E+03  0.1220022567E+03  -.4898294067E+03
L4 0.4609856215E+02  0.3037250598E+03  0.3086059718E+03  0.3040175949E+03
L5 0.9163486265E+03  0.1887649241E+03  0.2808945252E+03  0.4152768604E+03
L6 0.8849363097E+03  -.9904888583E+04  0.1470902534E+04  -.1144898101E+05
L7 0.0000000000E+00  0.1149725907E+01  0.7150781908E+01  0.1020436355E+02
L8 0.2776372439E+01  0.4915996323E+02  0.2748681120E+01  0.0000000000E+00
L9 0.0000000000E+00  0.0000000000E+00  0.0000000000E+00  0.9858581591E+00  0.0000000000E+00
L0    10000  0.2000000000E+02  -.8031953312E+04  0.1897981429E+04
L1 0.3058300908E+03  0.3058300908E+03  -.9929934741E+10  0.1000000000E+01
L2 0.1000000000E+01  0.3442548390E+02  0.3442548390E+02  0.3442548390E+02
L3 0.3140623283E+05  0.3367017916E+03  -.3167962463E+03  0.1728645864E+03
L4 0.6425671056E+02  0.3197095975E+03  0.2998685580E+03  0.2990856466E+03
L5 0.9186638020E+03  0.2436037803E+03  0.3714750590E+03  0.2600124936E+03
L6 0.8750913330E+03  -.9929934741E+04  0.1487318757E+04  -.1149135176E+05
L7 0.0000000000E+00  0.2345784063E+01  0.6553792744E+01  0.1238420012E+02
L8 0.3543861984E+01  0.4636767507E+02  0.2902950919E+01  0.0000000000E+00
L9 0.0000000000E+00  0.0000000000E+00  0.0000000000E+00  0.9906798806E+00  0.0000000000E+00
