L0  Nsteps           time(ps)         Etot             EKinetic        
L1  Temp             T_solute         T_solv           Pres_scal_solu  
L2  Pres_scal_solv   BoxX             BoxY             BoxZ            
L3  volume           pres_X           pres_Y           pres_Z          
L4  Pressure         EKCoM_x          EKCoM_y          EKCoM_z         
L5  EKComTot         VIRIAL_x         VIRIAL_y         VIRIAL_z        
L6  VIRIAL_tot       E_pot            E_vdw            E_el            
L7  E_hbon           E_bon            E_angle          E_dih           
L8  E_14vdw          E_14el           E_const          E_pol           
L9  AV_permMoment    AV_indMoment     AV_totMoment     Density          dV/dlambda      
L0     1000  0.2000000000E+01  -.7436212485E+04  0.1749482743E+04
L1 0.3003682911E+03  0.3003682911E+03  -.9185695228E+10  0.1000000000E+01
L2 0.1000000000E+01  0.3471563030E+02  0.3471563030E+02  0.3471563030E+02
L3 0.3220860465E+05  -.4523635184E+03  -.4593753694E+03  -.5264648836E+03
L4 -.4794012571E+03  0.3005237370E+03  0.2782418785E+03  0.2730524512E+03
L5 0.8518180668E+03  0.4053852366E+03  0.3847287815E+03  0.3950912428E+03
L6 0.1185205261E+04  -.9185695228E+04  0.1409900115E+04  -.1067978977E+05
L7 0.0000000000E+00  0.6125411842E+01  0.7136211799E+01  0.1284573048E+02
L8 0.3784132080E+01  0.4795545687E+02  0.6347479617E+01  0.0000000000E+00
L9 0.0000000000E+00  0.0000000000E+00  0.0000000000E+00  0.9065543160E+00  0.0000000000E+00
L0     2000  0.4000000000E+01  -.7448328542E+04  0.1737323532E+04
L1 0.2982806790E+03  0.2982806790E+03  -.9185652074E+10  0.1000000000E+01
L2 0.1000000000E+01  0.3426114666E+02  0.3426114666E+02  0.3426114666E+02
L3 0.3095932389E+05  -.1026185242E+03  -.1413291856E+03  -.3455081358E+03
L4 -.1964852819E+03  0.2848459462E+03  0.2942302039E+03  0.3039069613E+03
L5 0.8829831114E+03  0.3077110834E+03  0.3257207292E+03  0.3808919989E+03
L6 0.1014323811E+04  -.9185652074E+04  0.1391597547E+04  -.1064627814E+05
L7 0.0000000000E+00  0.3639868891E+01  0.6994242381E+01  0.1006369364E+02
L8 0.2709162504E+01  0.4380954148E+02  0.1812008520E+01  0.0000000000E+00
L9 0.0000000000E+00  0.0000000000E+00  0.0000000000E+00  0.9431358921E+00  0.0000000000E+00
L0     3000  0.6000000000E+01  -.7460425325E+04  0.1735535172E+04
L1 0.2979736359E+03  0.2979736359E+03  -.9195960498E+10  0.1000000000E+01
L2 0.1000000000E+01  0.3394488235E+02  0.3394488235E+02  0.3394488235E+02
L3 0.3010963481E+05  -.7399370993E+02  0.1159552808E+03  -.3819775219E+03
L4 -.1133386503E+03  0.2936499549E+03  0.2690477590E+03  0.2832360162E+03
L5 0.8459337302E+03  0.3096845084E+03  0.2439200670E+03  0.3660111469E+03
L6 0.9196157224E+03  -.9195960498E+04  0.1361742524E+04  -.1063787556E+05
L7 0.0000000000E+00  0.2256042088E+01  0.1180617598E+02  0.1382575202E+02
L8 0.3321737206E+01  0.4382378335E+02  0.5139046636E+01  0.0000000000E+00
L9 0.0000000000E+00  0.0000000000E+00  0.0000000000E+00  0.9697510362E+00  0.0000000000E+00
L0     4000  0.8000000000E+01  -.7582509073E+04  0.1663587709E+04
L1 0.2856209924E+03  0.2856209924E+03  -.9246096782E+10  0.1000000000E+01
L2 0.1000000000E+01  0.3393237457E+02  0.3393237457E+02  0.3393237457E+02
L3 0.3007626628E+05  0.3350789063E+03  -.5451969089E+03  -.2139620063E+02
L4 -.7717140108E+02  0.2800408289E+03  0.2846353251E+03  0.2882410379E+03
L5 0.8529171920E+03  0.2075091734E+03  0.4026494217E+03  0.2928724899E+03
L6 0.9030310849E+03  -.9246096782E+04  0.1391954277E+04  -.1071267206E+05
L7 0.0000000000E+00  0.1731917477E+01  0.7514927996E+01  0.1104212349E+02
L8 0.3218619085E+01  0.4671735895E+02  0.4396057570E+01  0.0000000000E+00
L9 0.0000000000E+00  0.0000000000E+00  0.0000000000E+00  0.9708269402E+00  0.0000000000E+00
L0     5000  0.1000000000E+02  -.7552833981E+04  0.1754476879E+04
L1 0.3012257332E+03  0.3012257332E+03  -.9307310860E+10  0.1000000000E+01
L2 0.1000000000E+01  0.3370251106E+02  0.3370251106E+02  0.3370251106E+02
L3 0.2947033466E+05  -.8868481934E+03  0.2399231393E+03  -.9106558647E+03
L4 -.5191936396E+03  0.2901677899E+03  0.2994755092E+03  0.2816087087E+03
L5 0.8712520078E+03  0.4782687158E+03  0.2485876966E+03  0.4747592531E+03
L6 0.1201615665E+04  -.9307310860E+04  0.1312528995E+04  -.1069191991E+05
L7 0.0000000000E+00  0.4682246170E+01  0.6519360711E+01  0.1206785578E+02
L8 0.2639360391E+01  0.4332756995E+02  0.2843660003E+01  0.0000000000E+00
L9 0.0000000000E+00  0.0000000000E+00  0.0000000000E+00  0.9907878516E+00  0.0000000000E+00
L0     6000  0.1200000000E+02  -.7578859996E+04  0.1713589850E+04
L1 0.2942058485E+03  0.2942058485E+03  -.9292449845E+10  0.1000000000E+01
L2 0.1000000000E+01  0.3365158119E+02  0.3365158119E+02  0.3365158119E+02
L3 0.2933505623E+05  0.4141514072E+03  0.4866961766E+03  -.3064789736E+03
L4 0.1981228701E+03  0.2983025734E+03  0.2956096933E+03  0.2578757326E+03
L5 0.8517879992E+03  0.2108640839E+03  0.1928550538E+03  0.3225816784E+03
L6 0.7263008161E+03  -.9292449845E+04  0.1397407142E+04  -.1076528799E+05
L7 0.0000000000E+00  0.3601307333E+01  0.1089886078E+02  0.1005176937E+02
L8 0.2467263295E+01  0.4602403308E+02  0.2387763576E+01  0.0000000000E+00
L9 0.0000000000E+00  0.0000000000E+00  0.0000000000E+00  0.9953568634E+00  0.0000000000E+00
L0     7000  0.1400000000E+02  -.7648575612E+04  0.1666591222E+04
L1 0.2861366649E+03  0.2861366649E+03  -.9315166834E+10  0.1000000000E+01
L2 0.1000000000E+01  0.3362634272E+02  0.3362634272E+02  0.3362634272E+02
L3 0.2927007089E+05  0.1645114623E+03  -.4984695088E+03  -.1845004626E+03
L4 -.1728195030E+03  0.2785067610E+03  0.2696332065E+03  0.2822058963E+03
L5 0.8303458638E+03  0.2438509141E+03  0.3746403760E+03  0.3210726094E+03
L6 0.9395638994E+03  -.9315166834E+04  0.1355653012E+04  -.1074437513E+05
L7 0.0000000000E+00  0.1731845378E+01  0.9544620994E+01  0.1170604961E+02
L8 0.2406682338E+01  0.4530363937E+02  0.2862442876E+01  0.0000000000E+00
L9 0.0000000000E+00  0.0000000000E+00  0.0000000000E+00  0.9975667525E+00  0.0000000000E+00
L0     8000  0.1600000000E+02  -.7453610794E+04  0.1767225723E+04
L1 0.3034145793E+03  0.3034145793E+03  -.9220836517E+10  0.1000000000E+01
L2 0.1000000000E+01  0.3367294101E+02  0.3367294101E+02  0.3367294101E+02
L3 0.2939218174E+05  -.4920231788E+03  -.1987768167E+03  -.1224402882E+03
L4 -.2710800946E+03  0.2896860671E+03  0.2952241912E+03  0.2904094184E+03
L5 0.8753196766E+03  0.3937676688E+03  0.3372730424E+03  0.3163101927E+03
L6 0.1047350904E+04  -.9220836517E+04  0.1306886156E+04  -.1059741586E+05
L7 0.0000000000E+00  0.1766532230E+01  0.8479092658E+01  0.1024419067E+02
L8 0.3655826732E+01  0.4378283296E+02  0.1764707932E+01  0.0000000000E+00
L9 0.0000000000E+00  0.0000000000E+00  0.0000000000E+00  0.9934223263E+00  0.0000000000E+00
L0     9000  0.1800000000E+02  -.7548476115E+04  0.1709125903E+04
L1 0.2934394345E+03  0.2934394345E+03  -.9257602018E+10  0.1000000000E+01
L2 0.1000000000E+01  0.3367722141E+02  0.3367722141E+02  0.3367722141E+02
L3 0.2940184973E+05  0.1066202550E+04  -.4634426050E+03  0.3480157962E+03
L4 0.3169252471E+03  0.2862642048E+03  0.2642990820E+03  0.2885997988E+03
L5 0.8391630856E+03  0.6064765658E+02  0.3623670531E+03  0.2149570161E+03
L6 0.6379717258E+03  -.9257602018E+04  0.1392825829E+04  -.1073339433E+05
L7 0.0000000000E+00  0.3969113623E+01  0.1089626116E+02  0.1112458885E+02
L8 0.5097836741E+01  0.4972698315E+02  0.2151700482E+01  0.0000000000E+00
L9 0.0000000000E+00  0.0000000000E+00  0.0000000000E+00  0.9930956668E+00  0.0000000000E+00
L0    10000  0.2000000000E+02  -.7562735605E+04  0.1711886505E+04
L1 0.2939134016E+03  0.2939134016E+03  -.9274622110E+10  0.1000000000E+01
L2 0.1000000000E+01  0.3376167073E+02  0.3376167073E+02  0.3376167073E+02
L3 0.2962437049E+05  0.2601574737E+03  -.3479858485E+03  0.1523800628E+03
L4 0.2151722933E+02  0.2836582997E+03  0.2861426751E+03  0.2773725958E+03
L5 0.8471735705E+03  0.2281903622E+03  0.3603364202E+03  0.2448837817E+03
L6 0.8334105641E+03  -.9274622110E+04  0.1386388758E+04  -.1073836227E+05
L7 0.0000000000E+00  0.4350580424E+01  0.6395245463E+01  0.1307283163E+02
L8 0.4884818998E+01  0.4676877264E+02  0.1879150013E+01  0.0000000000E+00
L9 0.0000000000E+00  0.0000000000E+00  0.0000000000E+00  0.9856361190E+00  0.0000000000E+00
