L0  Nsteps           time(ps)         Etot             EKinetic        
L1  Temp             T_solute         T_solv           Pres_scal_solu  
L2  Pres_scal_solv   BoxX             BoxY             BoxZ            
L3  volume           pres_X           pres_Y           pres_Z          
L4  Pressure         EKCoM_x          EKCoM_y          EKCoM_z         
L5  EKComTot         VIRIAL_x         VIRIAL_y         VIRIAL_z        
L6  VIRIAL_tot       E_pot            E_vdw            E_el            
L7  E_hbon           E_bon            E_angle          E_dih           
L8  E_14vdw          E_14el           E_const          E_pol           
L9  AV_permMoment    AV_indMoment     AV_totMoment     Density          dV/dlambda      
L0     1000  0.2000000000E+01  -.7362292517E+04  0.1714085698E+04
L1 0.2970271570E+03  0.2970271570E+03  -.9076378214E+10  0.1000000000E+01
L2 0.1000000000E+01  0.3457008219E+02  0.3457008219E+02  0.3457008219E+02
L3 0.3180624294E+05  -.1081769496E+04  -.4496025286E+03  -.1021098069E+04
L4 -.8508233646E+03  0.2916332711E+03  0.2880825518E+03  0.2694363925E+03
L5 0.8491522155E+03  0.5392635136E+03  0.3910020587E+03  0.5031782048E+03
L6 0.1433443777E+04  -.9076378214E+04  0.1334690369E+04  -.1048202202E+05
L7 0.0000000000E+00  0.8865937842E+00  0.8553903413E+01  0.1234371341E+02
L8 0.2157083168E+01  0.4280284269E+02  0.4209302020E+01  0.0000000000E+00
L9 0.0000000000E+00  0.0000000000E+00  0.0000000000E+00  0.9095572419E+00  0.0000000000E+00
L0     2000  0.4000000000E+01  -.7359119689E+04  0.1757581246E+04
L1 0.3045643291E+03  0.3045643291E+03  -.9116700934E+10  0.1000000000E+01
L2 0.1000000000E+01  0.3402316558E+02  0.3402316558E+02  0.3402316558E+02
L3 0.3032085092E+05  -.1338842718E+04  -.1125487527E+04  -.5599824904E+03
L4 -.1008104245E+04  0.2778394705E+03  0.3013511469E+03  0.2981364702E+03
L5 0.8773270876E+03  0.5700040249E+03  0.5469569655E+03  0.4203368098E+03
L6 0.1537297800E+04  -.9116700934E+04  0.1250641481E+04  -.1044439627E+05
L7 0.0000000000E+00  0.4084831238E+01  0.9000956847E+01  0.9848090250E+01
L8 0.3058393153E+01  0.4556375573E+02  0.5497829655E+01  0.0000000000E+00
L9 0.0000000000E+00  0.0000000000E+00  0.0000000000E+00  0.9541156572E+00  0.0000000000E+00
L0     3000  0.6000000000E+01  -.7456608644E+04  0.1731591648E+04
L1 0.3000606941E+03  0.3000606941E+03  -.9188200292E+10  0.1000000000E+01
L2 0.1000000000E+01  0.3383091272E+02  0.3383091272E+02  0.3383091272E+02
L3 0.2980761702E+05  -.6095143074E+03  -.3669014912E+03  0.3616157380E+03
L4 -.2049333535E+03  0.2667147979E+03  0.2981032647E+03  0.3087216135E+03
L5 0.8735396761E+03  0.3974726392E+03  0.3768138813E+03  0.2311449386E+03
L6 0.1005431459E+04  -.9188200292E+04  0.1361132895E+04  -.1062126322E+05
L7 0.0000000000E+00  0.1135766309E+01  0.7795424567E+01  0.1180420998E+02
L8 0.4416976205E+01  0.4398391346E+02  0.2793738362E+01  0.0000000000E+00
L9 0.0000000000E+00  0.0000000000E+00  0.0000000000E+00  0.9705438240E+00  0.0000000000E+00
L0     4000  0.8000000000E+01  -.7401760057E+04  0.1737674484E+04
L1 0.3011147648E+03  0.3011147648E+03  -.9139434541E+10  0.1000000000E+01
L2 0.1000000000E+01  0.3367003528E+02  0.3367003528E+02  0.3367003528E+02
L3 0.2938236906E+05  0.5009151886E+03  0.7337417308E+02  0.1135576294E+04
L4 0.5699552185E+03  0.2897789175E+03  0.2775190673E+03  0.3040434289E+03
L5 0.8713414137E+03  0.1838516938E+03  0.2620028230E+03  0.6390608252E+02
L6 0.5097605993E+03  -.9139434541E+04  0.1428193379E+04  -.1064857329E+05
L7 0.0000000000E+00  0.4012243205E+01  0.9576810021E+01  0.1068166208E+02
L8 0.4792359181E+01  0.4998938597E+02  0.1892913429E+01  0.0000000000E+00
L9 0.0000000000E+00  0.0000000000E+00  0.0000000000E+00  0.9845904034E+00  0.0000000000E+00
L0     5000  0.1000000000E+02  -.7552431391E+04  0.1721247870E+04
L1 0.2982682617E+03  0.2982682617E+03  -.9273679261E+10  0.1000000000E+01
L2 0.1000000000E+01  0.3356521767E+02  0.3356521767E+02  0.3356521767E+02
L3 0.2911127346E+05  -.6435885626E+03  -.1957363494E+02  -.4694491395E+03
L4 -.3775371124E+03  0.2755696841E+03  0.2923694566E+03  0.2925104315E+03
L5 0.8604495722E+03  0.4104119685E+03  0.2964704518E+03  0.3908676710E+03
L6 0.1097750091E+04  -.9273679261E+04  0.1340129131E+04  -.1069001656E+05
L7 0.0000000000E+00  0.4337631667E+01  0.7724441417E+01  0.1142432251E+02
L8 0.4244533880E+01  0.4460932488E+02  0.3867915680E+01  0.0000000000E+00
L9 0.0000000000E+00  0.0000000000E+00  0.0000000000E+00  0.9937592957E+00  0.0000000000E+00
L0     6000  0.1200000000E+02  -.7492604118E+04  0.1697297956E+04
L1 0.2941180755E+03  0.2941180755E+03  -.9189902074E+10  0.1000000000E+01
L2 0.1000000000E+01  0.3363075367E+02  0.3363075367E+02  0.3363075367E+02
L3 0.2928132452E+05  0.2111252781E+03  0.1438434648E+03  -.5674392358E+03
L4 -.7082349766E+02  0.2734296800E+03  0.2809732115E+03  0.2841440865E+03
L5 0.8385469780E+03  0.2289371059E+03  0.2506596173E+03  0.4037263197E+03
L6 0.8833230429E+03  -.9189902074E+04  0.1349113868E+04  -.1061826664E+05
L7 0.0000000000E+00  0.4911185561E+01  0.1080337533E+02  0.1136077845E+02
L8 0.2889553791E+01  0.4582168565E+02  0.3464116201E+01  0.0000000000E+00
L9 0.0000000000E+00  0.0000000000E+00  0.0000000000E+00  0.9879880463E+00  0.0000000000E+00
L0     7000  0.1400000000E+02  -.7569677987E+04  0.1707188503E+04
L1 0.2958319694E+03  0.2958319694E+03  -.9276866491E+10  0.1000000000E+01
L2 0.1000000000E+01  0.3361696769E+02  0.3361696769E+02  0.3361696769E+02
L3 0.2924670429E+05  -.3438040977E+03  -.1232374330E+04  -.2165037694E+03
L4 -.5975607323E+03  0.2557480038E+03  0.2819470502E+03  0.3102959653E+03
L5 0.8479910193E+03  0.3281156692E+03  0.5413507449E+03  0.3558680585E+03
L6 0.1225334473E+04  -.9276866491E+04  0.1320786133E+04  -.1067383950E+05
L7 0.0000000000E+00  0.4061754213E+01  0.1027122391E+02  0.1333825179E+02
L8 0.2655745030E+01  0.4431726802E+02  0.1542628494E+01  0.0000000000E+00
L9 0.0000000000E+00  0.0000000000E+00  0.0000000000E+00  0.9891575586E+00  0.0000000000E+00
L0     8000  0.1600000000E+02  -.7534888182E+04  0.1675986481E+04
L1 0.2904250939E+03  0.2904250939E+03  -.9210874663E+10  0.1000000000E+01
L2 0.1000000000E+01  0.3364475976E+02  0.3364475976E+02  0.3364475976E+02
L3 0.2931666087E+05  0.4975187479E+03  0.3280567426E+03  0.4108494609E+03
L4 0.4121416505E+03  0.2783289154E+03  0.2715338439E+03  0.2799638776E+03
L5 0.8298266369E+03  0.1733552084E+03  0.2023156837E+03  0.1932769113E+03
L6 0.5689478034E+03  -.9210874663E+04  0.1436728635E+04  -.1072350609E+05
L7 0.0000000000E+00  0.3092942034E+01  0.8831449246E+01  0.1182366552E+02
L8 0.4542562519E+01  0.4518396701E+02  0.2428208853E+01  0.0000000000E+00
L9 0.0000000000E+00  0.0000000000E+00  0.0000000000E+00  0.9867971914E+00  0.0000000000E+00
L0     9000  0.1800000000E+02  -.7503666761E+04  0.1687619884E+04
L1 0.2924410005E+03  0.2924410005E+03  -.9191286646E+10  0.1000000000E+01
L2 0.1000000000E+01  0.3367794737E+02  0.3367794737E+02  0.3367794737E+02
L3 0.2940375415E+05  0.3451139607E+02  0.5023601458E+03  0.4104873758E+03
L4 0.3157863059E+03  0.2810961814E+03  0.2837403926E+03  0.2686673542E+03
L5 0.8335039282E+03  0.2737928352E+03  0.1774302891E+03  0.1817994851E+03
L6 0.6330226094E+03  -.9191286646E+04  0.1417468200E+04  -.1068334325E+05
L7 0.0000000000E+00  0.2242017774E+01  0.7298028486E+01  0.1181514103E+02
L8 0.3077187868E+01  0.4736146970E+02  0.2794557682E+01  0.0000000000E+00
L9 0.0000000000E+00  0.0000000000E+00  0.0000000000E+00  0.9838743196E+00  0.0000000000E+00
L0    10000  0.2000000000E+02  -.7462280671E+04  0.1710144858E+04
L1 0.2963442644E+03  0.2963442644E+03  -.9172425529E+10  0.1000000000E+01
L2 0.1000000000E+01  0.3358656913E+02  0.3358656913E+02  0.3358656913E+02
L3 0.2916495590E+05  0.8116851570E+02  0.7500446878E+02  0.9108969597E+03
L4 0.3556899814E+03  0.2881435434E+03  0.2657398243E+03  0.2910586741E+03
L5 0.8449420418E+03  0.2711060576E+03  0.2499961881E+03  0.9985899605E+02
L6 0.6209612418E+03  -.9172425529E+04  0.1385433422E+04  -.1062979626E+05
L7 0.0000000000E+00  0.3075888847E+01  0.6463502815E+01  0.9788139620E+01
L8 0.2592304758E+01  0.4702859235E+02  0.2988882618E+01  0.0000000000E+00
L9 0.0000000000E+00  0.0000000000E+00  0.0000000000E+00  0.9919301339E+00  0.0000000000E+00
