L0  Nsteps           time(ps)         Etot             EKinetic        
L1  Temp             T_solute         T_solv           Pres_scal_solu  
L2  Pres_scal_solv   BoxX             BoxY             BoxZ            
L3  volume           pres_X           pres_Y           pres_Z          
L4  Pressure         EKCoM_x          EKCoM_y          EKCoM_z         
L5  EKComTot         VIRIAL_x         VIRIAL_y         VIRIAL_z        
L6  VIRIAL_tot       E_pot            E_vdw            E_el            
L7  E_hbon           E_bon            E_angle          E_dih           
L8  E_14vdw          E_14el           E_const          E_pol           
L9  AV_permMoment    AV_indMoment     AV_totMoment     Density          dV/dlambda      
L0     1000  0.2000000000E+01  -.7196027539E+04  0.1723871647E+04
L1 0.3037434789E+03  0.3037434789E+03  -.8919899185E+10  0.1000000000E+01
L2 0.1000000000E+01  0.3438939885E+02  0.3438939885E+02  0.3438939885E+02
L3 0.3130991161E+05  -.2712013632E+03  -.9983479190E+03  -.1047035844E+04
L4 -.7721950422E+03  0.2883511040E+03  0.2920878373E+03  0.2886325082E+03
L5 0.8690714496E+03  0.3494636378E+03  0.5170556256E+03  0.5245716370E+03
L6 0.1391090900E+04  -.8919899185E+04  0.1306409168E+04  -.1030302688E+05
L7 0.0000000000E+00  0.5378275513E+01  0.8503545532E+01  0.1053038316E+02
L8 0.2555646196E+01  0.4560544101E+02  0.4145230650E+01  0.0000000000E+00
L9 0.0000000000E+00  0.0000000000E+00  0.0000000000E+00  0.9086876578E+00  0.0000000000E+00
L0     2000  0.4000000000E+01  -.7257561372E+04  0.1725792048E+04
L1 0.3040818507E+03  0.3040818507E+03  -.8983353421E+10  0.1000000000E+01
L2 0.1000000000E+01  0.3386256483E+02  0.3386256483E+02  0.3386256483E+02
L3 0.2989182059E+05  -.7224539701E+03  -.2423774560E+03  -.1692049330E+03
L4 -.3780121197E+03  0.2765916815E+03  0.2931062604E+03  0.2949656116E+03
L5 0.8646635535E+03  0.4320160563E+03  0.3452498794E+03  0.3313673369E+03
L6 0.1108633272E+04  -.8983353421E+04  0.1320034904E+04  -.1037741978E+05
L7 0.0000000000E+00  0.3251143484E+01  0.7732548181E+01  0.1101542139E+02
L8 0.3302052933E+01  0.4496319159E+02  0.3767093335E+01  0.0000000000E+00
L9 0.0000000000E+00  0.0000000000E+00  0.0000000000E+00  0.9517965011E+00  0.0000000000E+00
L0     3000  0.6000000000E+01  -.7338265820E+04  0.1687857790E+04
L1 0.2973978939E+03  0.2973978939E+03  -.9026123610E+10  0.1000000000E+01
L2 0.1000000000E+01  0.3357663426E+02  0.3357663426E+02  0.3357663426E+02
L3 0.2914045481E+05  0.3141348466E+03  -.7033017095E+03  -.1274591351E+03
L4 -.1722086660E+03  0.2755250166E+03  0.2761707886E+03  0.2745414972E+03
L5 0.8262373024E+03  0.2096426759E+03  0.4236716576E+03  0.3012730307E+03
L6 0.9345873642E+03  -.9026123610E+04  0.1340211283E+04  -.1044583930E+05
L7 0.0000000000E+00  0.5070700766E+01  0.1340840985E+02  0.1077769983E+02
L8 0.3139130337E+01  0.4482850358E+02  0.2279966429E+01  0.0000000000E+00
L9 0.0000000000E+00  0.0000000000E+00  0.0000000000E+00  0.9763378930E+00  0.0000000000E+00
L0     4000  0.8000000000E+01  -.7381873526E+04  0.1684195277E+04
L1 0.2967525649E+03  0.2967525649E+03  -.9066068804E+10  0.1000000000E+01
L2 0.1000000000E+01  0.3349351133E+02  0.3349351133E+02  0.3349351133E+02
L3 0.2892439700E+05  0.2089432369E+03  -.3760110425E+03  -.1504873248E+03
L4 -.1058517101E+03  0.2808188991E+03  0.2820607252E+03  0.2791934571E+03
L5 0.8420730814E+03  0.2373229099E+03  0.3603354399E+03  0.3105206020E+03
L6 0.9081789518E+03  -.9066068804E+04  0.1343342396E+04  -.1049006766E+05
L7 0.0000000000E+00  0.3079450052E+01  0.1122400769E+02  0.1358951319E+02
L8 0.2939763632E+01  0.4472017917E+02  0.5103545442E+01  0.0000000000E+00
L9 0.0000000000E+00  0.0000000000E+00  0.0000000000E+00  0.9836308860E+00  0.0000000000E+00
L0     5000  0.1000000000E+02  -.7299747761E+04  0.1675973990E+04
L1 0.2953039870E+03  0.2953039870E+03  -.8975721751E+10  0.1000000000E+01
L2 0.1000000000E+01  0.3346294799E+02  0.3346294799E+02  0.3346294799E+02
L3 0.2884416755E+05  0.2139699695E+03  0.2853303110E+03  0.4888688597E+03
L4 0.3293897134E+03  0.2640432831E+03  0.2684233290E+03  0.2791306768E+03
L5 0.8115972888E+03  0.2196244224E+03  0.2091904967E+03  0.1776444832E+03
L6 0.6064594024E+03  -.8975721751E+04  0.1367088766E+04  -.1041685859E+05
L7 0.0000000000E+00  0.4558884100E+01  0.1260231607E+02  0.1002599249E+02
L8 0.2691404248E+01  0.4150427247E+02  0.2665206550E+01  0.0000000000E+00
L9 0.0000000000E+00  0.0000000000E+00  0.0000000000E+00  0.9863668350E+00  0.0000000000E+00
L0     6000  0.1200000000E+02  -.7462541790E+04  0.1648017324E+04
L1 0.2903780662E+03  0.2903780662E+03  -.9110559114E+10  0.1000000000E+01
L2 0.1000000000E+01  0.3343288659E+02  0.3343288659E+02  0.3343288659E+02
L3 0.2876735364E+05  0.5506605076E+03  0.1655483229E+02  -.5759369526E+03
L4 -.2907204254E+01  0.2692693036E+03  0.2767518091E+03  0.2889596034E+03
L5 0.8349807160E+03  0.1552599658E+03  0.2733242790E+03  0.4082022032E+03
L6 0.8367864480E+03  -.9110559114E+04  0.1363672718E+04  -.1054540122E+05
L7 0.0000000000E+00  0.1663049913E+01  0.1039525472E+02  0.1096757134E+02
L8 0.2465365465E+01  0.4348014226E+02  0.2198003203E+01  0.0000000000E+00
L9 0.0000000000E+00  0.0000000000E+00  0.0000000000E+00  0.9890006083E+00  0.0000000000E+00
L0     7000  0.1400000000E+02  -.7360598744E+04  0.1715435043E+04
L1 0.3022569625E+03  0.3022569625E+03  -.9076033787E+10  0.1000000000E+01
L2 0.1000000000E+01  0.3337274182E+02  0.3337274182E+02  0.3337274182E+02
L3 0.2861304413E+05  -.5293816675E+02  -.5621796032E+03  -.1766746488E+03
L4 -.2639308063E+03  0.2804198417E+03  0.2730692686E+03  0.2986374338E+03
L5 0.8521265441E+03  0.2913214241E+03  0.3888391876E+03  0.3350201301E+03
L6 0.1015180742E+04  -.9076033787E+04  0.1298150901E+04  -.1044456996E+05
L7 0.0000000000E+00  0.2917444953E+01  0.6987033482E+01  0.1309714319E+02
L8 0.3108886398E+01  0.4252638588E+02  0.1748374902E+01  0.0000000000E+00
L9 0.0000000000E+00  0.0000000000E+00  0.0000000000E+00  0.9943342664E+00  0.0000000000E+00
L0     8000  0.1600000000E+02  -.7299359508E+04  0.1760516518E+04
L1 0.3102002477E+03  0.3102002477E+03  -.9059876025E+10  0.1000000000E+01
L2 0.1000000000E+01  0.3350783352E+02  0.3350783352E+02  0.3350783352E+02
L3 0.2896110171E+05  0.2448712398E+03  -.3899335995E+03  0.3109695452E+03
L4 0.5530239519E+02  0.2751030190E+03  0.2754047989E+03  0.3072615767E+03
L5 0.8577693946E+03  0.2240631631E+03  0.3566807982E+03  0.2424444884E+03
L6 0.8231884498E+03  -.9059876025E+04  0.1351042150E+04  -.1048540342E+05
L7 0.0000000000E+00  0.8061094517E+01  0.8548689767E+01  0.9122390897E+01
L8 0.2682006877E+01  0.4244035333E+02  0.3630706535E+01  0.0000000000E+00
L9 0.0000000000E+00  0.0000000000E+00  0.0000000000E+00  0.9823842522E+00  0.0000000000E+00
L0     9000  0.1800000000E+02  -.7317581196E+04  0.1710547368E+04
L1 0.3013957619E+03  0.3013957619E+03  -.9028128564E+10  0.1000000000E+01
L2 0.1000000000E+01  0.3350574138E+02  0.3350574138E+02  0.3350574138E+02
L3 0.2895474107E+05  0.3612502483E+03  0.2143859657E+03  0.6777582606E+03
L4 0.4177981582E+03  0.2661241172E+03  0.3053124298E+03  0.2845404680E+03
L5 0.8559770149E+03  0.1908432835E+03  0.2606366010E+03  0.1433026221E+03
L6 0.5947825066E+03  -.9028128564E+04  0.1400452677E+04  -.1050752998E+05
L7 0.0000000000E+00  0.3579294733E+01  0.7959376530E+01  0.1084115370E+02
L8 0.5063396984E+01  0.4797464801E+02  0.3530869061E+01  0.0000000000E+00
L9 0.0000000000E+00  0.0000000000E+00  0.0000000000E+00  0.9826000578E+00  0.0000000000E+00
L0    10000  0.2000000000E+02  -.7426371357E+04  0.1659020856E+04
L1 0.2923168714E+03  0.2923168714E+03  -.9085392213E+10  0.1000000000E+01
L2 0.1000000000E+01  0.3346670020E+02  0.3346670020E+02  0.3346670020E+02
L3 0.2885526636E+05  -.3690639958E+03  0.4004721169E+01  -.2725715983E+03
L4 -.2125436243E+03  0.2617536499E+03  0.2759426088E+03  0.2718862722E+03
L5 0.8095825308E+03  0.3383985650E+03  0.2751109332E+03  0.3284922463E+03
L6 0.9420017444E+03  -.9085392213E+04  0.1341466979E+04  -.1049748210E+05
L7 0.0000000000E+00  0.2164120335E+01  0.5990084877E+01  0.9440472043E+01
L8 0.3695507291E+01  0.4728910313E+02  0.2043618647E+01  0.0000000000E+00
L9 0.0000000000E+00  0.0000000000E+00  0.0000000000E+00  0.9859874412E+00  0.0000000000E+00
