L0  Nsteps           time(ps)         Etot             EKinetic        
L1  Temp             T_solute         T_solv           Pres_scal_solu  
L2  Pres_scal_solv   BoxX             BoxY             BoxZ            
L3  volume           pres_X           pres_Y           pres_Z          
L4  Pressure         EKCoM_x          EKCoM_y          EKCoM_z         
L5  EKComTot         VIRIAL_x         VIRIAL_y         VIRIAL_z        
L6  VIRIAL_tot       E_pot            E_vdw            E_el            
L7  E_hbon           E_bon            E_angle          E_dih           
L8  E_14vdw          E_14el           E_const          E_pol           
L9  AV_permMoment    AV_indMoment     AV_totMoment     Density          dV/dlambda      
L0     1000  0.2000000000E+01  -.7561891136E+04  0.1797083344E+04
L1 0.3017461345E+03  0.3017461345E+03  -.9358974480E+10  0.1000000000E+01
L2 0.1000000000E+01  0.3496750044E+02  0.3496750044E+02  0.3496750044E+02
L3 0.3291522600E+05  -.4698898445E+03  -.2221586343E+03  -.1236176180E+04
L4 -.6427415531E+03  0.2875784723E+03  0.3221958854E+03  0.2846164290E+03
L5 0.8943907867E+03  0.3988923932E+03  0.3748238554E+03  0.5774587178E+03
L6 0.1351174966E+04  -.9358974480E+04  0.1413526899E+04  -.1084460028E+05
L7 0.0000000000E+00  0.1449122067E+01  0.1147840835E+02  0.1134771497E+02
L8 0.2538425908E+01  0.4214779469E+02  0.3137437262E+01  0.0000000000E+00
L9 0.0000000000E+00  0.0000000000E+00  0.0000000000E+00  0.9070883654E+00  0.0000000000E+00
L0     2000  0.4000000000E+01  -.7589055122E+04  0.1751185483E+04
L1 0.2940394791E+03  0.2940394791E+03  -.9340240606E+10  0.1000000000E+01
L2 0.1000000000E+01  0.3448229348E+02  0.3448229348E+02  0.3448229348E+02
L3 0.3156279826E+05  -.6795486804E+01  -.2269335768E+03  -.4550142691E+03
L4 -.2295811109E+03  0.2809392314E+03  0.2838862863E+03  0.2958541713E+03
L5 0.8606796891E+03  0.2824828950E+03  0.3354365437E+03  0.3992152649E+03
L6 0.1017134704E+04  -.9340240606E+04  0.1405051653E+04  -.1081885119E+05
L7 0.0000000000E+00  0.2744606630E+01  0.9904997223E+01  0.1151194373E+02
L8 0.2593971957E+01  0.4477237591E+02  0.2031030342E+01  0.0000000000E+00
L9 0.0000000000E+00  0.0000000000E+00  0.0000000000E+00  0.9459560050E+00  0.0000000000E+00
L0     3000  0.6000000000E+01  -.7713250081E+04  0.1763835190E+04
L1 0.2961634764E+03  0.2961634764E+03  -.9477085272E+10  0.1000000000E+01
L2 0.1000000000E+01  0.3414538039E+02  0.3414538039E+02  0.3414538039E+02
L3 0.3064708112E+05  -.2712960962E+03  0.3911882421E+03  -.1287527301E+04
L4 -.3892117182E+03  0.3019404437E+03  0.3019045592E+03  0.2878630409E+03
L5 0.8917080438E+03  0.3617801209E+03  0.2156203167E+03  0.5718524502E+03
L6 0.1149252888E+04  -.9477085272E+04  0.1368701134E+04  -.1092240426E+05
L7 0.0000000000E+00  0.1903935945E+01  0.1054208471E+02  0.1340844363E+02
L8 0.3702291437E+01  0.4366037488E+02  0.3400726602E+01  0.0000000000E+00
L9 0.0000000000E+00  0.0000000000E+00  0.0000000000E+00  0.9742206259E+00  0.0000000000E+00
L0     4000  0.8000000000E+01  -.7749719946E+04  0.1791883306E+04
L1 0.3008730023E+03  0.3008730023E+03  -.9541603252E+10  0.1000000000E+01
L2 0.1000000000E+01  0.3397542325E+02  0.3397542325E+02  0.3397542325E+02
L3 0.3019046297E+05  0.1965777091E+03  -.1421944483E+03  0.1801494127E+03
L4 0.7817755785E+02  0.2987635437E+03  0.2852237448E+03  0.2794515788E+03
L5 0.8634388673E+03  0.2560504899E+03  0.3161202241E+03  0.2403081195E+03
L6 0.8124788336E+03  -.9541603252E+04  0.1441925794E+04  -.1106029219E+05
L7 0.0000000000E+00  0.5015834735E+01  0.8130288685E+01  0.1007837001E+02
L8 0.4105228261E+01  0.4662770333E+02  0.2805716741E+01  0.0000000000E+00
L9 0.0000000000E+00  0.0000000000E+00  0.0000000000E+00  0.9889553064E+00  0.0000000000E+00
L0     5000  0.1000000000E+02  -.7733087654E+04  0.1785603594E+04
L1 0.2998185833E+03  0.2998185833E+03  -.9518691249E+10  0.1000000000E+01
L2 0.1000000000E+01  0.3396177450E+02  0.3396177450E+02  0.3396177450E+02
L3 0.3015434306E+05  0.4653378396E+03  -.5271509576E+03  0.1727229732E+02
L4 -.1484694021E+02  0.3018888779E+03  0.2783072204E+03  0.2783944739E+03
L5 0.8585905723E+03  0.2008997038E+03  0.3927112842E+03  0.2746459822E+03
L6 0.8682569701E+03  -.9518691249E+04  0.1421817762E+04  -.1101735540E+05
L7 0.0000000000E+00  0.4328624886E+01  0.1176781779E+02  0.1078205055E+02
L8 0.2911941658E+01  0.4226204903E+02  0.4793906265E+01  0.0000000000E+00
L9 0.0000000000E+00  0.0000000000E+00  0.0000000000E+00  0.9901399109E+00  0.0000000000E+00
L0     6000  0.1200000000E+02  -.7713925809E+04  0.1846644453E+04
L1 0.3100678816E+03  0.3100678816E+03  -.9560570262E+10  0.1000000000E+01
L2 0.1000000000E+01  0.3393627747E+02  0.3393627747E+02  0.3393627747E+02
L3 0.3008521382E+05  -.1106690731E+03  0.6933301940E+03  0.7863672554E+03
L4 0.4563427921E+03  0.2947943446E+03  0.3377683649E+03  0.2716054855E+03
L5 0.9041681950E+03  0.3187570559E+03  0.1876444794E+03  0.1013366744E+03
L6 0.6077382097E+03  -.9560570262E+04  0.1482527465E+04  -.1111505085E+05
L7 0.0000000000E+00  0.1969971354E+01  0.7303339095E+01  0.1148500165E+02
L8 0.3395997966E+01  0.4406994723E+02  0.3728866421E+01  0.0000000000E+00
L9 0.0000000000E+00  0.0000000000E+00  0.0000000000E+00  0.9924150359E+00  0.0000000000E+00
L0     7000  0.1400000000E+02  -.7758673607E+04  0.1762998982E+04
L1 0.2960230697E+03  0.2960230697E+03  -.9521672590E+10  0.1000000000E+01
L2 0.1000000000E+01  0.3393923966E+02  0.3393923966E+02  0.3393923966E+02
L3 0.3009493412E+05  -.3303869488E+03  -.3335660531E+03  -.2501053065E+02
L4 -.2296545108E+03  0.3226048099E+03  0.2605393009E+03  0.2876203438E+03
L5 0.8707644546E+03  0.3941652265E+03  0.3327882981E+03  0.2930375190E+03
L6 0.1019991044E+04  -.9521672590E+04  0.1377179545E+04  -.1097502755E+05
L7 0.0000000000E+00  0.5054280144E+01  0.7951730922E+01  0.1121303848E+02
L8 0.2986889279E+01  0.4524462845E+02  0.3724843106E+01  0.0000000000E+00
L9 0.0000000000E+00  0.0000000000E+00  0.0000000000E+00  0.9920944978E+00  0.0000000000E+00
L0     8000  0.1600000000E+02  -.7719164281E+04  0.1774240003E+04
L1 0.2979105362E+03  0.2979105362E+03  -.9493404284E+10  0.1000000000E+01
L2 0.1000000000E+01  0.3398023443E+02  0.3398023443E+02  0.3398023443E+02
L3 0.3020181820E+05  0.3546645562E+03  0.6158957030E+03  0.9033886318E+03
L4 0.6246496303E+03  0.2763053605E+03  0.2928128794E+03  0.2926594087E+03
L5 0.8617776486E+03  0.1992136897E+03  0.1589386934E+03  0.9629431459E+02
L6 0.4544466977E+03  -.9493404284E+04  0.1489705219E+04  -.1105639675E+05
L7 0.0000000000E+00  0.3220383142E+01  0.1184422037E+02  0.1120412751E+02
L8 0.2529933888E+01  0.4152677863E+02  0.2961802045E+01  0.0000000000E+00
L9 0.0000000000E+00  0.0000000000E+00  0.0000000000E+00  0.9885834804E+00  0.0000000000E+00
L0     9000  0.1800000000E+02  -.7684443105E+04  0.1855295566E+04
L1 0.3115204796E+03  0.3115204796E+03  -.9539738671E+10  0.1000000000E+01
L2 0.1000000000E+01  0.3405300003E+02  0.3405300003E+02  0.3405300003E+02
L3 0.3039998453E+05  -.6166512387E+03  -.1070053867E+04  -.5630320739E+03
L4 -.7499123933E+03  0.3014414249E+03  0.3015948669E+03  0.3134632012E+03
L5 0.9164994930E+03  0.4363593181E+03  0.5357132864E+03  0.4366496905E+03
L6 0.1408722295E+04  -.9539738671E+04  0.1324661073E+04  -.1093821543E+05
L7 0.0000000000E+00  0.2184007961E+01  0.1061412409E+02  0.9097633126E+01
L8 0.2766163514E+01  0.4526173712E+02  0.3892021738E+01  0.0000000000E+00
L9 0.0000000000E+00  0.0000000000E+00  0.0000000000E+00  0.9821392681E+00  0.0000000000E+00
L0    10000  0.2000000000E+02  -.7645586183E+04  0.1817350150E+04
L1 0.3051491099E+03  0.3051491099E+03  -.9462936334E+10  0.1000000000E+01
L2 0.1000000000E+01  0.3408937763E+02  0.3408937763E+02  0.3408937763E+02
L3 0.3049485467E+05  0.7181166767E+03  0.1673675912E+03  -.2021819028E+03
L4 0.2277674551E+03  0.3078371784E+03  0.3049257470E+03  0.3047866585E+03
L5 0.9175495838E+03  0.1502292138E+03  0.2681929064E+03  0.3491603364E+03
L6 0.7675824566E+03  -.9462936334E+04  0.1430110223E+04  -.1096282730E+05
L7 0.0000000000E+00  0.2510629700E+01  0.8759531152E+01  0.9627732562E+01
L8 0.3319536158E+01  0.4441032719E+02  0.1152984792E+01  0.0000000000E+00
L9 0.0000000000E+00  0.0000000000E+00  0.0000000000E+00  0.9790838117E+00  0.0000000000E+00
