L0  Nsteps           time(ps)         Etot             EKinetic        
L1  Temp             T_solute         T_solv           Pres_scal_solu  
L2  Pres_scal_solv   BoxX             BoxY             BoxZ            
L3  volume           pres_X           pres_Y           pres_Z          
L4  Pressure         EKCoM_x          EKCoM_y          EKCoM_z         
L5  EKComTot         VIRIAL_x         VIRIAL_y         VIRIAL_z        
L6  VIRIAL_tot       E_pot            E_vdw            E_el            
L7  E_hbon           E_bon            E_angle          E_dih           
L8  E_14vdw          E_14el           E_const          E_pol           
L9  AV_permMoment    AV_indMoment     AV_totMoment     Density          dV/dlambda      
L0     1000  0.2000000000E+01  -.7635099622E+04  0.1759299375E+04
L1 0.2959944546E+03  0.2959944546E+03  -.9394398997E+10  0.1000000000E+01
L2 0.1000000000E+01  0.3501423833E+02  0.3501423833E+02  0.3501423833E+02
L3 0.3304918187E+05  -.1843632606E+04  -.1201120900E+04  -.7100109715E+03
L4 -.1251588159E+04  0.2817897826E+03  0.3037963349E+03  0.2977117180E+03
L5 0.8832978355E+03  0.7203120726E+03  0.5894922408E+03  0.4665933250E+03
L6 0.1776397638E+04  -.9394398997E+04  0.1339154089E+04  -.1080749293E+05
L7 0.0000000000E+00  0.5774012446E+01  0.7347605151E+01  0.1066652673E+02
L8 0.1615778312E+01  0.4521793968E+02  0.3317983168E+01  0.0000000000E+00
L9 0.0000000000E+00  0.0000000000E+00  0.0000000000E+00  0.9016012900E+00  0.0000000000E+00
L0     2000  0.4000000000E+01  -.7620300410E+04  0.1763844899E+04
L1 0.2967592192E+03  0.2967592192E+03  -.9384145309E+10  0.1000000000E+01
L2 0.1000000000E+01  0.3447419654E+02  0.3447419654E+02  0.3447419654E+02
L3 0.3154096507E+05  -.9111014100E+03  -.5101879837E+03  0.3105422556E+03
L4 -.3702490461E+03  0.2945600257E+03  0.3066926537E+03  0.2929348595E+03
L5 0.8941875388E+03  0.5013827604E+03  0.4225068461E+03  0.2224408422E+03
L6 0.1146330449E+04  -.9384145309E+04  0.1391374103E+04  -.1085550496E+05
L7 0.0000000000E+00  0.2458423359E+01  0.7520295215E+01  0.1386806412E+02
L8 0.2511668241E+01  0.4856858049E+02  0.5058512515E+01  0.0000000000E+00
L9 0.0000000000E+00  0.0000000000E+00  0.0000000000E+00  0.9447138012E+00  0.0000000000E+00
L0     3000  0.6000000000E+01  -.7635144671E+04  0.1789566276E+04
L1 0.3010867288E+03  0.3010867288E+03  -.9424710947E+10  0.1000000000E+01
L2 0.1000000000E+01  0.3419190575E+02  0.3419190575E+02  0.3419190575E+02
L3 0.3077170974E+05  -.6137750961E+03  -.6300210549E+02  0.4034342937E+03
L4 -.9111430264E+02  0.3076122627E+03  0.3021973996E+03  0.2791795484E+03
L5 0.8889892107E+03  0.4435429367E+03  0.3161502607E+03  0.1898323335E+03
L6 0.9495255308E+03  -.9424710947E+04  0.1403218565E+04  -.1090465172E+05
L7 0.0000000000E+00  0.2940184085E+01  0.8900833165E+01  0.1109420679E+02
L8 0.2771376509E+01  0.4738488840E+02  0.3630714034E+01  0.0000000000E+00
L9 0.0000000000E+00  0.0000000000E+00  0.0000000000E+00  0.9683304977E+00  0.0000000000E+00
L0     4000  0.8000000000E+01  -.7753642133E+04  0.1781147069E+04
L1 0.2996702338E+03  0.2996702338E+03  -.9534789202E+10  0.1000000000E+01
L2 0.1000000000E+01  0.3405422808E+02  0.3405422808E+02  0.3405422808E+02
L3 0.3040206646E+05  0.1321914386E+03  -.6095992471E+03  -.4370546829E+03
L4 -.3048208305E+03  0.2700223437E+03  0.2855923785E+03  0.3121300933E+03
L5 0.8677448155E+03  0.2410980333E+03  0.4189764918E+03  0.4077603809E+03
L6 0.1067834906E+04  -.9534789202E+04  0.1404481895E+04  -.1102018448E+05
L7 0.0000000000E+00  0.3234279015E+01  0.1150182218E+02  0.1338067940E+02
L8 0.2144203384E+01  0.4776513624E+02  0.2887257508E+01  0.0000000000E+00
L9 0.0000000000E+00  0.0000000000E+00  0.0000000000E+00  0.9801039363E+00  0.0000000000E+00
L0     5000  0.1000000000E+02  -.7673934162E+04  0.1778996660E+04
L1 0.2993084369E+03  0.2993084369E+03  -.9452930822E+10  0.1000000000E+01
L2 0.1000000000E+01  0.3395693225E+02  0.3395693225E+02  0.3395693225E+02
L3 0.3014257121E+05  -.4102263521E+03  -.4306253777E+03  -.4583622257E+03
L4 -.4330713185E+03  0.2787444449E+03  0.2897324315E+03  0.2977051730E+03
L5 0.8661820494E+03  0.3677383841E+03  0.3831517073E+03  0.3971416423E+03
L6 0.1148031734E+04  -.9452930822E+04  0.1327914896E+04  -.1085540618E+05
L7 0.0000000000E+00  0.4308898430E+01  0.6594814211E+01  0.1274595025E+02
L8 0.2489041483E+01  0.4666373920E+02  0.1758020513E+01  0.0000000000E+00
L9 0.0000000000E+00  0.0000000000E+00  0.0000000000E+00  0.9885415811E+00  0.0000000000E+00
L0     6000  0.1200000000E+02  -.7652418258E+04  0.1742158188E+04
L1 0.2931105245E+03  0.2931105245E+03  -.9394576446E+10  0.1000000000E+01
L2 0.1000000000E+01  0.3402608221E+02  0.3402608221E+02  0.3402608221E+02
L3 0.3032533074E+05  0.6177907559E+03  0.8044077116E+02  -.4237345737E+02
L4 0.2186193566E+03  0.2791084174E+03  0.3079506095E+03  0.2687416792E+03
L5 0.8558007061E+03  0.1442731404E+03  0.2903940929E+03  0.2779898539E+03
L6 0.7126570872E+03  -.9394576446E+04  0.1415000047E+04  -.1088534496E+05
L7 0.0000000000E+00  0.2272952420E+01  0.7418252192E+01  0.1187293100E+02
L8 0.2641672522E+01  0.4878919044E+02  0.2773472295E+01  0.0000000000E+00
L9 0.0000000000E+00  0.0000000000E+00  0.0000000000E+00  0.9825840075E+00  0.0000000000E+00
L0     7000  0.1400000000E+02  -.7703246073E+04  0.1746812232E+04
L1 0.2938935472E+03  0.2938935472E+03  -.9450058305E+10  0.1000000000E+01
L2 0.1000000000E+01  0.3403136990E+02  0.3403136990E+02  0.3403136990E+02
L3 0.3034034856E+05  -.3221964153E+03  -.2531108203E+03  0.2580478363E+03
L4 -.1057531331E+03  0.2991131074E+03  0.2896267438E+03  0.2803662760E+03
L5 0.8691061272E+03  0.3694685744E+03  0.3448965392E+03  0.2240184237E+03
L6 0.9383835373E+03  -.9450058305E+04  0.1385779398E+04  -.1091473092E+05
L7 0.0000000000E+00  0.1345929705E+01  0.9945696113E+01  0.1334113370E+02
L8 0.3621059871E+01  0.4668200005E+02  0.3957401689E+01  0.0000000000E+00
L9 0.0000000000E+00  0.0000000000E+00  0.0000000000E+00  0.9820976496E+00  0.0000000000E+00
L0     8000  0.1600000000E+02  -.7751428904E+04  0.1784021517E+04
L1 0.3001538472E+03  0.3001538472E+03  -.9535450421E+10  0.1000000000E+01
L2 0.1000000000E+01  0.3402287247E+02  0.3402287247E+02  0.3402287247E+02
L3 0.3031779146E+05  -.5100960248E+03  0.1975643547E+03  -.1873696760E+03
L4 -.1666337820E+03  0.2950317566E+03  0.2945507524E+03  0.3040141770E+03
L5 0.8935966860E+03  0.4063345542E+03  0.2514422702E+03  0.3448981833E+03
L6 0.1002675008E+04  -.9535450421E+04  0.1421551676E+04  -.1103052424E+05
L7 0.0000000000E+00  0.5816774692E+01  0.7378616916E+01  0.9961588490E+01
L8 0.2851612583E+01  0.4558338487E+02  0.1930170783E+01  0.0000000000E+00
L9 0.0000000000E+00  0.0000000000E+00  0.0000000000E+00  0.9828283517E+00  0.0000000000E+00
L0     9000  0.1800000000E+02  -.7802600824E+04  0.1760609788E+04
L1 0.2962149258E+03  0.2962149258E+03  -.9563210612E+10  0.1000000000E+01
L2 0.1000000000E+01  0.3390635586E+02  0.3390635586E+02  0.3390635586E+02
L3 0.3000821094E+05  -.1404746928E+04  0.7872604774E+03  -.8215341650E+03
L4 -.4796735386E+03  0.3052414502E+03  0.2945731317E+03  0.2874521780E+03
L5 0.8872667599E+03  0.6086269186E+03  0.1245472117E+03  0.4648802418E+03
L6 0.1198054372E+04  -.9563210612E+04  0.1366532029E+04  -.1100719793E+05
L7 0.0000000000E+00  0.3517767021E+01  0.8924711451E+01  0.1334534534E+02
L8 0.3021834139E+01  0.4671850624E+02  0.1927122146E+01  0.0000000000E+00
L9 0.0000000000E+00  0.0000000000E+00  0.0000000000E+00  0.9929677269E+00  0.0000000000E+00
L0    10000  0.2000000000E+02  -.7636514030E+04  0.1790940270E+04
L1 0.3013178973E+03  0.3013178973E+03  -.9427454300E+10  0.1000000000E+01
L2 0.1000000000E+01  0.3397833344E+02  0.3397833344E+02  0.3397833344E+02
L3 0.3019884079E+05  -.2143800914E+02  -.5904779658E+02  -.3746011258E+03
L4 -.1516956438E+03  0.2856323953E+03  0.2821749091E+03  0.3096702598E+03
L5 0.8774775642E+03  0.2902918094E+03  0.2950085697E+03  0.3910874163E+03
L6 0.9763877953E+03  -.9427454300E+04  0.1372354772E+04  -.1087824265E+05
L7 0.0000000000E+00  0.2921999442E+01  0.1289382960E+02  0.1117436830E+02
L8 0.1666292159E+01  0.4489100690E+02  0.4886077523E+01  0.0000000000E+00
L9 0.0000000000E+00  0.0000000000E+00  0.0000000000E+00  0.9866996290E+00  0.0000000000E+00
