L0  Nsteps           time(ps)         Etot             EKinetic        
L1  Temp             T_solute         T_solv           Pres_scal_solu  
L2  Pres_scal_solv   BoxX             BoxY             BoxZ            
L3  volume           pres_X           pres_Y           pres_Z          
L4  Pressure         EKCoM_x          EKCoM_y          EKCoM_z         
L5  EKComTot         VIRIAL_x         VIRIAL_y         VIRIAL_z        
L6  VIRIAL_tot       E_pot            E_vdw            E_el            
L7  E_hbon           E_bon            E_angle          E_dih           
L8  E_14vdw          E_14el           E_const          E_pol           
L9  AV_permMoment    AV_indMoment     AV_totMoment     Density          dV/dlambda      
L0     1000  0.2000000000E+01  -.6892444578E+04  0.1590433643E+04
L1 0.2931656927E+03  0.2931656927E+03  -.8482878221E+10  0.1000000000E+01
L2 0.1000000000E+01  0.3404103549E+02  0.3404103549E+02  0.3404103549E+02
L3 0.3036735652E+05  -.5446120953E+02  -.9516999744E+03  -.5834160357E+03
L4 -.5298590732E+03  0.3000769252E+03  0.2855575501E+03  0.2392458542E+03
L5 0.8248803295E+03  0.3119797722E+03  0.4935576894E+03  0.3667551744E+03
L6 0.1172292636E+04  -.8482878221E+04  0.1293564121E+04  -.9852312478E+04
L7 0.0000000000E+00  0.5080001924E+01  0.1114831205E+02  0.1035474608E+02
L8 0.2457799563E+01  0.4394196445E+02  0.2887311765E+01  0.0000000000E+00
L9 0.0000000000E+00  0.0000000000E+00  0.0000000000E+00  0.8955150834E+00  0.0000000000E+00
L0     2000  0.4000000000E+01  -.6948957145E+04  0.1650268822E+04
L1 0.3041951510E+03  0.3041951510E+03  -.8599225967E+10  0.1000000000E+01
L2 0.1000000000E+01  0.3333982055E+02  0.3333982055E+02  0.3333982055E+02
L3 0.2852819051E+05  0.1483859047E+03  0.4414628607E+03  -.1076004051E+04
L4 -.1620517619E+03  0.2583373384E+03  0.2651197739E+03  0.2834763133E+03
L5 0.8069334256E+03  0.2278707760E+03  0.1744787132E+03  0.5044012364E+03
L6 0.9067507256E+03  -.8599225967E+04  0.1315402061E+04  -.9985023538E+04
L7 0.0000000000E+00  0.2591452910E+01  0.8357647194E+01  0.9865125377E+01
L8 0.3252309054E+01  0.4431937841E+02  0.2009596227E+01  0.0000000000E+00
L9 0.0000000000E+00  0.0000000000E+00  0.0000000000E+00  0.9532474835E+00  0.0000000000E+00
L0     3000  0.6000000000E+01  -.7049435315E+04  0.1614947614E+04
L1 0.2976843692E+03  0.2976843692E+03  -.8664382929E+10  0.1000000000E+01
L2 0.1000000000E+01  0.3305907386E+02  0.3305907386E+02  0.3305907386E+02
L3 0.2781394137E+05  -.4221236667E+03  0.1775350276E+03  -.7088896003E+03
L4 -.3178260798E+03  0.2577398245E+03  0.2525890457E+03  0.2635602691E+03
L5 0.7738891392E+03  0.3422402346E+03  0.2170502123E+03  0.4054652763E+03
L6 0.9647557232E+03  -.8664382929E+04  0.1278345620E+04  -.1002430927E+05
L7 0.0000000000E+00  0.5542326104E+01  0.9855556658E+01  0.1271173561E+02
L8 0.2429706611E+01  0.4640465165E+02  0.4636743212E+01  0.0000000000E+00
L9 0.0000000000E+00  0.0000000000E+00  0.0000000000E+00  0.9777264374E+00  0.0000000000E+00
L0     4000  0.8000000000E+01  -.7027043037E+04  0.1585001450E+04
L1 0.2921643729E+03  0.2921643729E+03  -.8612044488E+10  0.1000000000E+01
L2 0.1000000000E+01  0.3302120942E+02  0.3302120942E+02  0.3302120942E+02
L3 0.2771822560E+05  -.4130433012E+03  -.2486239228E+03  0.1701803481E+02
L4 -.2148830630E+03  0.2565919566E+03  0.2694970779E+03  0.2444053302E+03
L5 0.7704943646E+03  0.3389901307E+03  0.3190951642E+03  0.2410103956E+03
L6 0.8990956904E+03  -.8612044488E+04  0.1258354475E+04  -.9947006780E+04
L7 0.0000000000E+00  0.2940511508E+01  0.8460911060E+01  0.1087273521E+02
L8 0.3799246897E+01  0.4684953851E+02  0.3684873673E+01  0.0000000000E+00
L9 0.0000000000E+00  0.0000000000E+00  0.0000000000E+00  0.9811026941E+00  0.0000000000E+00
L0     5000  0.1000000000E+02  -.7086096507E+04  0.1627813372E+04
L1 0.3000559230E+03  0.3000559230E+03  -.8713909879E+10  0.1000000000E+01
L2 0.1000000000E+01  0.3298814298E+02  0.3298814298E+02  0.3298814298E+02
L3 0.2763500855E+05  -.4384494881E+03  0.2233224555E+03  -.3907750932E+03
L4 -.2019673753E+03  0.2764553999E+03  0.2741575093E+03  0.2543579425E+03
L5 0.8049708517E+03  0.3636592682E+03  0.2297405752E+03  0.3320797798E+03
L6 0.9254796233E+03  -.8713909879E+04  0.1280143919E+04  -.1007072527E+05
L7 0.0000000000E+00  0.2610391639E+01  0.1011842471E+02  0.1118119627E+02
L8 0.4836848505E+01  0.4559305390E+02  0.2331552205E+01  0.0000000000E+00
L9 0.0000000000E+00  0.0000000000E+00  0.0000000000E+00  0.9840570797E+00  0.0000000000E+00
L0     6000  0.1200000000E+02  -.7091110244E+04  0.1606324543E+04
L1 0.2960948728E+03  0.2960948728E+03  -.8697434787E+10  0.1000000000E+01
L2 0.1000000000E+01  0.3287845686E+02  0.3287845686E+02  0.3287845686E+02
L3 0.2735903876E+05  -.8167113184E+02  0.7040890286E+03  0.2772608820E+03
L4 0.2998929262E+03  0.2508324233E+03  0.2558985644E+03  0.2806550863E+03
L5 0.7873860740E+03  0.2669139023E+03  0.1172597002E+03  0.2260609481E+03
L6 0.6102345506E+03  -.8697434787E+04  0.1338322342E+04  -.1011371986E+05
L7 0.0000000000E+00  0.3965444734E+01  0.1079160937E+02  0.1439523658E+02
L8 0.3493320118E+01  0.4381280684E+02  0.1504313302E+01  0.0000000000E+00
L9 0.0000000000E+00  0.0000000000E+00  0.0000000000E+00  0.9939832335E+00  0.0000000000E+00
L0     7000  0.1400000000E+02  -.7088960300E+04  0.1575281110E+04
L1 0.2903726162E+03  0.2903726162E+03  -.8664241410E+10  0.1000000000E+01
L2 0.1000000000E+01  0.3296873328E+02  0.3296873328E+02  0.3296873328E+02
L3 0.2758602152E+05  -.4566879916E+03  0.1489777607E+03  -.1083908208E+02
L4 -.1061831043E+03  0.2433414871E+03  0.2657755847E+03  0.2623416999E+03
L5 0.7714587716E+03  0.3340118268E+03  0.2361977012E+03  0.2644936795E+03
L6 0.8347032076E+03  -.8664241410E+04  0.1293730146E+04  -.1003472747E+05
L7 0.0000000000E+00  0.2208417221E+01  0.8629460341E+01  0.1497328362E+02
L8 0.2331681324E+01  0.4411654123E+02  0.4496529629E+01  0.0000000000E+00
L9 0.0000000000E+00  0.0000000000E+00  0.0000000000E+00  0.9858045600E+00  0.0000000000E+00
L0     8000  0.1600000000E+02  -.7018498204E+04  0.1624536877E+04
L1 0.2994519645E+03  0.2994519645E+03  -.8643035082E+10  0.1000000000E+01
L2 0.1000000000E+01  0.3300875002E+02  0.3300875002E+02  0.3300875002E+02
L3 0.2768697133E+05  -.6753960454E+02  -.5719026792E+03  -.1380968794E+03
L4 -.2591797210E+03  0.2697622573E+03  0.2712160471E+03  0.2683501725E+03
L5 0.8093284769E+03  0.2832205678E+03  0.3851764988E+03  0.2958681111E+03
L6 0.9642651777E+03  -.8643035082E+04  0.1251219842E+04  -.9973375386E+04
L7 0.0000000000E+00  0.1511463867E+01  0.9839411714E+01  0.1030876059E+02
L8 0.3768355144E+01  0.4740097675E+02  0.6291494666E+01  0.0000000000E+00
L9 0.0000000000E+00  0.0000000000E+00  0.0000000000E+00  0.9822102058E+00  0.0000000000E+00
L0     9000  0.1800000000E+02  -.6938907163E+04  0.1662207364E+04
L1 0.3063957905E+03  0.3063957905E+03  -.8601114527E+10  0.1000000000E+01
L2 0.1000000000E+01  0.3293231789E+02  0.3293231789E+02  0.3293231789E+02
L3 0.2749449232E+05  -.9291695553E+01  -.1257002909E+03  0.8588726958E+02
L4 -.1636823895E+02  0.2826721378E+03  0.2474202246E+03  0.2914561280E+03
L5 0.8215484905E+03  0.2845107802E+03  0.2722938202E+03  0.2744607401E+03
L6 0.8312653404E+03  -.8601114527E+04  0.1249472259E+04  -.9923053842E+04
L7 0.0000000000E+00  0.3937199412E+01  0.6242907647E+01  0.1046775011E+02
L8 0.3966556870E+01  0.4575228941E+02  0.2100352069E+01  0.0000000000E+00
L9 0.0000000000E+00  0.0000000000E+00  0.0000000000E+00  0.9890863046E+00  0.0000000000E+00
L0    10000  0.2000000000E+02  -.7059973695E+04  0.1590443319E+04
L1 0.2931674762E+03  0.2931674762E+03  -.8650417014E+10  0.1000000000E+01
L2 0.1000000000E+01  0.3300144859E+02  0.3300144859E+02  0.3300144859E+02
L3 0.2766887704E+05  -.8487007685E+03  0.3103171930E+03  -.5727638781E+03
L4 -.3703824845E+03  0.2512745038E+03  0.2697729195E+03  0.2529534250E+03
L5 0.7740008483E+03  0.4202807318E+03  0.2079778320E+03  0.3670108951E+03
L6 0.9952694588E+03  -.8650417014E+04  0.1250251494E+04  -.9969478946E+04
L7 0.0000000000E+00  0.3640179528E+01  0.5352932099E+01  0.1157180128E+02
L8 0.1634906593E+01  0.4523784289E+02  0.1372776632E+01  0.0000000000E+00
L9 0.0000000000E+00  0.0000000000E+00  0.0000000000E+00  0.9828525304E+00  0.0000000000E+00
