L0  Nsteps           time(ps)         Etot             EKinetic        
L1  Temp             T_solute         T_solv           Pres_scal_solu  
L2  Pres_scal_solv   BoxX             BoxY             BoxZ            
L3  volume           pres_X           pres_Y           pres_Z          
L4  Pressure         EKCoM_x          EKCoM_y          EKCoM_z         
L5  EKComTot         VIRIAL_x         VIRIAL_y         VIRIAL_z        
L6  VIRIAL_tot       E_pot            E_vdw            E_el            
L7  E_hbon           E_bon            E_angle          E_dih           
L8  E_14vdw          E_14el           E_const          E_pol           
L9  AV_permMoment    AV_indMoment     AV_totMoment     Density          dV/dlambda      
L0     1000  0.2000000000E+01  -.8060980624E+04  0.1833472989E+04
L1 0.2929032576E+03  0.2929032576E+03  -.9894453614E+10  0.1000000000E+01
L2 0.1000000000E+01  0.3542605290E+02  0.3542605290E+02  0.3542605290E+02
L3 0.3422754007E+05  -.3578295281E+03  -.9728499533E+03  -.9315203316E+03
L4 -.7540666043E+03  0.3030064237E+03  0.3144742736E+03  0.2819235769E+03
L5 0.8994042743E+03  0.3911536078E+03  0.5541246581E+03  0.5113928850E+03
L6 0.1456671151E+04  -.9894453614E+04  0.1464813728E+04  -.1143210627E+05
L7 0.0000000000E+00  0.4468148373E+01  0.7648006371E+01  0.9934750963E+01
L8 0.1949918284E+01  0.4644856287E+02  0.2389543300E+01  0.0000000000E+00
L9 0.0000000000E+00  0.0000000000E+00  0.0000000000E+00  0.9168866321E+00  0.0000000000E+00
L0     2000  0.4000000000E+01  -.8117290684E+04  0.1840789031E+04
L1 0.2940720190E+03  0.2940720190E+03  -.9958079715E+10  0.1000000000E+01
L2 0.1000000000E+01  0.3492304391E+02  0.3492304391E+02  0.3492304391E+02
L3 0.3278954177E+05  -.1570502957E+03  -.6896909114E+03  -.7719909125E+03
L4 -.5395773732E+03  0.3110508406E+03  0.2964930496E+03  0.3198685558E+03
L5 0.9274124459E+03  0.3481129971E+03  0.4592525808E+03  0.5020499895E+03
L6 0.1309415568E+04  -.9958079715E+04  0.1462686897E+04  -.1149326892E+05
L7 0.0000000000E+00  0.3905309702E+01  0.6643202139E+01  0.1112047218E+02
L8 0.2943009358E+01  0.4417483053E+02  0.3715486753E+01  0.0000000000E+00
L9 0.0000000000E+00  0.0000000000E+00  0.0000000000E+00  0.9570970575E+00  0.0000000000E+00
L0     3000  0.6000000000E+01  -.8103579651E+04  0.1840907462E+04
L1 0.2940909388E+03  0.2940909388E+03  -.9944487113E+10  0.1000000000E+01
L2 0.1000000000E+01  0.3465373214E+02  0.3465373214E+02  0.3465373214E+02
L3 0.3203477741E+05  0.2824338258E+02  0.2230326312E+02  0.4532869244E+03
L4 0.1679445234E+03  0.2836380006E+03  0.2740488560E+03  0.3287997260E+03
L5 0.8864865826E+03  0.2771262913E+03  0.2689066828E+03  0.2242912579E+03
L6 0.7703242320E+03  -.9944487113E+04  0.1517890017E+04  -.1153432666E+05
L7 0.0000000000E+00  0.1657215199E+01  0.7799039105E+01  0.1017883999E+02
L8 0.4643566859E+01  0.4575660557E+02  0.1914265925E+01  0.0000000000E+00
L9 0.0000000000E+00  0.0000000000E+00  0.0000000000E+00  0.9796470112E+00  0.0000000000E+00
L0     4000  0.8000000000E+01  -.8128833575E+04  0.1892729094E+04
L1 0.3023696125E+03  0.3023696125E+03  -.1002156267E+11  0.1000000000E+01
L2 0.1000000000E+01  0.3457035941E+02  0.3457035941E+02  0.3457035941E+02
L3 0.3180373316E+05  0.5962347262E+03  0.2279579590E+03  0.8632779810E+02
L4 0.3035068278E+03  0.3104545904E+03  0.3001439379E+03  0.3115364754E+03
L5 0.9221350037E+03  0.1739799534E+03  0.2479656961E+03  0.2917765479E+03
L6 0.7137221974E+03  -.1002156267E+05  0.1540657461E+04  -.1164685164E+05
L7 0.0000000000E+00  0.7317532818E+01  0.1065917724E+02  0.1143884461E+02
L8 0.3744170375E+01  0.4708444115E+02  0.4387339955E+01  0.0000000000E+00
L9 0.0000000000E+00  0.0000000000E+00  0.0000000000E+00  0.9867638425E+00  0.0000000000E+00
L0     5000  0.1000000000E+02  -.8138695413E+04  0.1880037552E+04
L1 0.3003420976E+03  0.3003420976E+03  -.1001873297E+11  0.1000000000E+01
L2 0.1000000000E+01  0.3457069875E+02  0.3457069875E+02  0.3457069875E+02
L3 0.3180557936E+05  -.1857053168E+03  0.2426191785E+02  0.1100604205E+03
L4 -.1712765948E+02  0.3185673979E+03  0.3204731624E+03  0.3093174919E+03
L5 0.9483580522E+03  0.3610767249E+03  0.3149194291E+03  0.2841238438E+03
L6 0.9601199978E+03  -.1001873297E+05  0.1481305914E+04  -.1158017095E+05
L7 0.0000000000E+00  0.3738412839E+01  0.1044020094E+02  0.1072289465E+02
L8 0.2059213813E+01  0.4815052771E+02  0.5020819034E+01  0.0000000000E+00
L9 0.0000000000E+00  0.0000000000E+00  0.0000000000E+00  0.9867065646E+00  0.0000000000E+00
L0     6000  0.1200000000E+02  -.8192765095E+04  0.1856633329E+04
L1 0.2966031970E+03  0.2966031970E+03  -.1004939842E+11  0.1000000000E+01
L2 0.1000000000E+01  0.3452027518E+02  0.3452027518E+02  0.3452027518E+02
L3 0.3166789488E+05  0.2851931412E+03  -.3155866761E+03  -.1384674518E+04
L4 -.4716893511E+03  0.3040343035E+03  0.3049566707E+03  0.3054416323E+03
L5 0.9144326065E+03  0.2390340798E+03  0.3768840826E+03  0.6210318078E+03
L6 0.1236949970E+04  -.1004939842E+05  0.1433556171E+04  -.1155897844E+05
L7 0.0000000000E+00  0.3184621626E+01  0.8931836342E+01  0.1184555426E+02
L8 0.2995721012E+01  0.4643125924E+02  0.2634850140E+01  0.0000000000E+00
L9 0.0000000000E+00  0.0000000000E+00  0.0000000000E+00  0.9909965301E+00  0.0000000000E+00
L0     7000  0.1400000000E+02  -.8117731486E+04  0.1850040300E+04
L1 0.2955499393E+03  0.2955499393E+03  -.9967771786E+10  0.1000000000E+01
L2 0.1000000000E+01  0.3442842771E+02  0.3442842771E+02  0.3442842771E+02
L3 0.3141475246E+05  0.4390609133E+03  -.4487872038E+03  -.2922044925E+03
L4 -.1006435943E+03  0.3109501438E+03  0.3003215190E+03  0.3155961073E+03
L5 0.9268677700E+03  0.2116808348E+03  0.4017898898E+03  0.3816619700E+03
L6 0.9951326947E+03  -.9967771786E+04  0.1435202901E+04  -.1147424733E+05
L7 0.0000000000E+00  0.3662578468E+01  0.9105931678E+01  0.1011157743E+02
L8 0.1783960807E+01  0.4455749903E+02  0.2051096023E+01  0.0000000000E+00
L9 0.0000000000E+00  0.0000000000E+00  0.0000000000E+00  0.9989820542E+00  0.0000000000E+00
L0     8000  0.1600000000E+02  -.8120805715E+04  0.1850818488E+04
L1 0.2956742573E+03  0.2956742573E+03  -.9971624204E+10  0.1000000000E+01
L2 0.1000000000E+01  0.3454920373E+02  0.3454920373E+02  0.3454920373E+02
L3 0.3174683744E+05  0.3661708936E+03  -.3751783685E+03  -.6234116817E+03
L4 -.2108063855E+03  0.3118925889E+03  0.3040079130E+03  0.3036216452E+03
L5 0.9195221472E+03  0.2282281567E+03  0.3897304151E+03  0.4460616515E+03
L6 0.1064020223E+04  -.9971624204E+04  0.1429570215E+04  -.1147279608E+05
L7 0.0000000000E+00  0.2601385023E+01  0.8085082612E+01  0.1140661694E+02
L8 0.2781584082E+01  0.4458167422E+02  0.2145315478E+01  0.0000000000E+00
L9 0.0000000000E+00  0.0000000000E+00  0.0000000000E+00  0.9885322909E+00  0.0000000000E+00
L0     9000  0.1800000000E+02  -.8094441900E+04  0.1877516664E+04
L1 0.2999393775E+03  0.2999393775E+03  -.9971958564E+10  0.1000000000E+01
L2 0.1000000000E+01  0.3462816490E+02  0.3462816490E+02  0.3462816490E+02
L3 0.3196429738E+05  0.2317669250E+03  0.1056289546E+03  -.2256800521E+03
L4 0.3723860916E+02  0.2944727501E+03  0.3190583785E+03  0.3188413477E+03
L5 0.9323724763E+03  0.2411548297E+03  0.2947584652E+03  0.3707589845E+03
L6 0.9066722794E+03  -.9971958564E+04  0.1483639938E+04  -.1152313513E+05
L7 0.0000000000E+00  0.1401450797E+01  0.4036257391E+01  0.9718058063E+01
L8 0.3304677304E+01  0.4814149538E+02  0.9346866154E+00  0.0000000000E+00
L9 0.0000000000E+00  0.0000000000E+00  0.0000000000E+00  0.9818070945E+00  0.0000000000E+00
L0    10000  0.2000000000E+02  -.8176654750E+04  0.1895163521E+04
L1 0.3027585201E+03  0.3027585201E+03  -.1007181827E+11  0.1000000000E+01
L2 0.1000000000E+01  0.3461225731E+02  0.3461225731E+02  0.3461225731E+02
L3 0.3192083101E+05  -.4835836163E+03  0.1379507401E+03  -.1379116669E+03
L4 -.1611815144E+03  0.3106656229E+03  0.3122911189E+03  0.3070514524E+03
L5 0.9300081942E+03  0.4217626271E+03  0.2805987426E+03  0.3387348522E+03
L6 0.1041096222E+04  -.1007181827E+05  0.1503814086E+04  -.1165596252E+05
L7 0.0000000000E+00  0.2327253235E+01  0.1113385304E+02  0.1157266676E+02
L8 0.2655548670E+01  0.4902068140E+02  0.3620165073E+01  0.0000000000E+00
L9 0.0000000000E+00  0.0000000000E+00  0.0000000000E+00  0.9831440143E+00  0.0000000000E+00
