L0  Nsteps           time(ps)         Etot             EKinetic        
L1  Temp             T_solute         T_solv           Pres_scal_solu  
L2  Pres_scal_solv   BoxX             BoxY             BoxZ            
L3  volume           pres_X           pres_Y           pres_Z          
L4  Pressure         EKCoM_x          EKCoM_y          EKCoM_z         
L5  EKComTot         VIRIAL_x         VIRIAL_y         VIRIAL_z        
L6  VIRIAL_tot       E_pot            E_vdw            E_el            
L7  E_hbon           E_bon            E_angle          E_dih           
L8  E_14vdw          E_14el           E_const          E_pol           
L9  AV_permMoment    AV_indMoment     AV_totMoment     Density          dV/dlambda      
L0     1000  0.2000000000E+01  -.7874139357E+04  0.1794801682E+04
L1 0.2928615373E+03  0.2928615373E+03  -.9668941039E+10  0.1000000000E+01
L2 0.1000000000E+01  0.3520170538E+02  0.3520170538E+02  0.3520170538E+02
L3 0.3358362323E+05  -.1757775501E+04  -.1060907471E+04  -.1692994429E+04
L4 -.1503892467E+04  0.2820579162E+03  0.2969164877E+03  0.3050559057E+03
L5 0.8840303096E+03  0.7069195707E+03  0.5533422391E+03  0.7142597058E+03
L6 0.1974521516E+04  -.9668941039E+04  0.1318863095E+04  -.1106292524E+05
L7 0.0000000000E+00  0.2235240407E+01  0.1034066538E+02  0.1380545970E+02
L8 0.2331396860E+01  0.4223590460E+02  0.4172439197E+01  0.0000000000E+00
L9 0.0000000000E+00  0.0000000000E+00  0.0000000000E+00  0.9148686770E+00  0.0000000000E+00
L0     2000  0.4000000000E+01  -.7900739897E+04  0.1869372036E+04
L1 0.3050293376E+03  0.3050293376E+03  -.9770111933E+10  0.1000000000E+01
L2 0.1000000000E+01  0.3466957895E+02  0.3466957895E+02  0.3466957895E+02
L3 0.3207996744E+05  0.9786585784E+02  -.9640589839E+03  0.8849093191E+02
L4 -.2592340647E+03  0.2993912691E+03  0.3242438186E+03  0.2997680522E+03
L5 0.9234031400E+03  0.2767957821E+03  0.5468279018E+03  0.2793370690E+03
L6 0.1102960753E+04  -.9770111933E+04  0.1463549317E+04  -.1130638038E+05
L7 0.0000000000E+00  0.5214058256E+01  0.8481451917E+01  0.1112148329E+02
L8 0.2466708647E+01  0.4198187343E+02  0.3453555101E+01  0.0000000000E+00
L9 0.0000000000E+00  0.0000000000E+00  0.0000000000E+00  0.9577505030E+00  0.0000000000E+00
L0     3000  0.6000000000E+01  -.7941790442E+04  0.1845022079E+04
L1 0.3010561042E+03  0.3010561042E+03  -.9786812521E+10  0.1000000000E+01
L2 0.1000000000E+01  0.3446453619E+02  0.3446453619E+02  0.3446453619E+02
L3 0.3151372979E+05  -.4754731860E+03  -.2825669857E+03  0.4236866087E+03
L4 -.1114511877E+03  0.3024600366E+03  0.3135427124E+03  0.2994704590E+03
L5 0.9154732081E+03  0.4103006668E+03  0.3776308728E+03  0.2033753852E+03
L6 0.9913069249E+03  -.9786812521E+04  0.1459879087E+04  -.1131782660E+05
L7 0.0000000000E+00  0.1389195946E+01  0.5266588977E+01  0.1185528148E+02
L8 0.4469786656E+01  0.4710304819E+02  0.1051089374E+01  0.0000000000E+00
L9 0.0000000000E+00  0.0000000000E+00  0.0000000000E+00  0.9749593322E+00  0.0000000000E+00
L0     4000  0.8000000000E+01  -.7931558907E+04  0.1856498456E+04
L1 0.3029287286E+03  0.3029287286E+03  -.9788057362E+10  0.1000000000E+01
L2 0.1000000000E+01  0.3436407144E+02  0.3436407144E+02  0.3436407144E+02
L3 0.3123973164E+05  -.1797978551E+03  -.6010956821E+03  -.4024229288E+03
L4 -.3944388220E+03  0.3096069078E+03  0.2889609103E+03  0.3114940691E+03
L5 0.9100618872E+03  0.3500317545E+03  0.4241082442E+03  0.4019728191E+03
L6 0.1176112818E+04  -.9788057362E+04  0.1419221597E+04  -.1128369033E+05
L7 0.0000000000E+00  0.1605254139E+01  0.1465059405E+02  0.1076734975E+02
L8 0.3062903853E+01  0.4191977271E+02  0.4405494802E+01  0.0000000000E+00
L9 0.0000000000E+00  0.0000000000E+00  0.0000000000E+00  0.9835105276E+00  0.0000000000E+00
L0     5000  0.1000000000E+02  -.7888524653E+04  0.1871985164E+04
L1 0.3054557271E+03  0.3054557271E+03  -.9760509817E+10  0.1000000000E+01
L2 0.1000000000E+01  0.3437172977E+02  0.3437172977E+02  0.3437172977E+02
L3 0.3125947270E+05  -.2610097767E+03  0.2522494292E+03  0.6238428838E+02
L4 0.1787464694E+02  0.3120186028E+03  0.3124193705E+03  0.3254566683E+03
L5 0.9498946416E+03  0.3707398137E+03  0.2556690368E+03  0.3114216348E+03
L6 0.9378304853E+03  -.9760509817E+04  0.1448925472E+04  -.1128268026E+05
L7 0.0000000000E+00  0.1993228802E+01  0.1331519122E+02  0.1008833985E+02
L8 0.2597515382E+01  0.4336634148E+02  0.1884353595E+01  0.0000000000E+00
L9 0.0000000000E+00  0.0000000000E+00  0.0000000000E+00  0.9828894188E+00  0.0000000000E+00
L0     6000  0.1200000000E+02  -.7982897475E+04  0.1825735362E+04
L1 0.2979090505E+03  0.2979090505E+03  -.9808632837E+10  0.1000000000E+01
L2 0.1000000000E+01  0.3430677517E+02  0.3430677517E+02  0.3430677517E+02
L3 0.3108227217E+05  0.8707190049E+02  -.1676622673E+02  0.3249978631E+03
L4 0.1317678456E+03  0.3072735536E+03  0.2983935194E+03  0.2984893549E+03
L5 0.9041564279E+03  0.2877954190E+03  0.3021441533E+03  0.2257867713E+03
L6 0.8157263435E+03  -.9808632837E+04  0.1480823546E+04  -.1136439468E+05
L7 0.0000000000E+00  0.1389888175E+01  0.6453616108E+01  0.1022621351E+02
L8 0.4282642696E+01  0.4605032718E+02  0.6535613811E+01  0.0000000000E+00
L9 0.0000000000E+00  0.0000000000E+00  0.0000000000E+00  0.9884928868E+00  0.0000000000E+00
L0     7000  0.1400000000E+02  -.7995052952E+04  0.1813593835E+04
L1 0.2959278921E+03  0.2959278921E+03  -.9808646786E+10  0.1000000000E+01
L2 0.1000000000E+01  0.3430316023E+02  0.3430316023E+02  0.3430316023E+02
L3 0.3107242497E+05  0.5404214687E+03  -.5043877848E+03  0.3838602599E+03
L4 0.1399646479E+03  0.3066921994E+03  0.3049573007E+03  0.3091824707E+03
L5 0.9208319707E+03  0.1858372832E+03  0.4177539733E+03  0.2233394718E+03
L6 0.8269307283E+03  -.9808646786E+04  0.1478024570E+04  -.1136461102E+05
L7 0.0000000000E+00  0.2449694465E+01  0.5960260761E+01  0.1770469718E+02
L8 0.3129848493E+01  0.4627483459E+02  0.2420331320E+01  0.0000000000E+00
L9 0.0000000000E+00  0.0000000000E+00  0.0000000000E+00  0.9888061516E+00  0.0000000000E+00
L0     8000  0.1600000000E+02  -.8100395314E+04  0.1781025773E+04
L1 0.2906136934E+03  0.2906136934E+03  -.9881421087E+10  0.1000000000E+01
L2 0.1000000000E+01  0.3426670157E+02  0.3426670157E+02  0.3426670157E+02
L3 0.3097307964E+05  0.8082863013E+03  0.8979661241E+02  -.7007236058E+02
L4 0.2760035177E+03  0.3171959136E+03  0.2898311726E+03  0.2782705133E+03
L5 0.8852975995E+03  0.1370160774E+03  0.2698140835E+03  0.2938907539E+03
L6 0.7007209148E+03  -.9881421087E+04  0.1509935589E+04  -.1145994078E+05
L7 0.0000000000E+00  0.4789234115E+01  0.6211855258E+01  0.9573795272E+01
L8 0.2952434807E+01  0.4240107636E+02  0.2655711885E+01  0.0000000000E+00
L9 0.0000000000E+00  0.0000000000E+00  0.0000000000E+00  0.9919777208E+00  0.0000000000E+00
L0     9000  0.1800000000E+02  -.7949078089E+04  0.1834611597E+04
L1 0.2993574042E+03  0.2993574042E+03  -.9783689686E+10  0.1000000000E+01
L2 0.1000000000E+01  0.3437221420E+02  0.3437221420E+02  0.3437221420E+02
L3 0.3126094548E+05  -.2729076585E+03  0.1860999868E+03  -.2207732600E+02
L4 -.3629499925E+02  0.3012409117E+03  0.2980527914E+03  0.2996726250E+03
L5 0.8989663282E+03  0.3626417659E+03  0.2561825918E+03  0.3046397508E+03
L6 0.9234641085E+03  -.9783689686E+04  0.1451171209E+04  -.1131401296E+05
L7 0.0000000000E+00  0.4437255591E+01  0.8413795306E+01  0.1034766214E+02
L8 0.3829752481E+01  0.4661258115E+02  0.5511022243E+01  0.0000000000E+00
L9 0.0000000000E+00  0.0000000000E+00  0.0000000000E+00  0.9828431122E+00  0.0000000000E+00
L0    10000  0.2000000000E+02  -.7889285269E+04  0.1846164388E+04
L1 0.3012424972E+03  0.3012424972E+03  -.9735449657E+10  0.1000000000E+01
L2 0.1000000000E+01  0.3437184825E+02  0.3437184825E+02  0.3437184825E+02
L3 0.3126044225E+05  0.3234553007E+03  -.4019550121E+03  -.5632072294E+03
L4 -.2139023136E+03  0.3124896100E+03  0.2942335233E+03  0.3002940713E+03
L5 0.9070172047E+03  0.2397173319E+03  0.3846669831E+03  0.4270067053E+03
L6 0.1051391020E+04  -.9735449657E+04  0.1415453936E+04  -.1122623440E+05
L7 0.0000000000E+00  0.1714102136E+01  0.9914695775E+01  0.1091156148E+02
L8 0.3461375391E+01  0.4518584206E+02  0.4143234462E+01  0.0000000000E+00
L9 0.0000000000E+00  0.0000000000E+00  0.0000000000E+00  0.9828589340E+00  0.0000000000E+00
