L0  Nsteps           time(ps)         Etot             EKinetic        
L1  Temp             T_solute         T_solv           Pres_scal_solu  
L2  Pres_scal_solv   BoxX             BoxY             BoxZ            
L3  volume           pres_X           pres_Y           pres_Z          
L4  Pressure         EKCoM_x          EKCoM_y          EKCoM_z         
L5  EKComTot         VIRIAL_x         VIRIAL_y         VIRIAL_z        
L6  VIRIAL_tot       E_pot            E_vdw            E_el            
L7  E_hbon           E_bon            E_angle          E_dih           
L8  E_14vdw          E_14el           E_const          E_pol           
L9  AV_permMoment    AV_indMoment     AV_totMoment     Density          dV/dlambda      
L0     1000  0.2000000000E+01  -.8161404007E+04  0.1912653797E+04
L1 0.2998413839E+03  0.2998413839E+03  -.1007405780E+11  0.1000000000E+01
L2 0.1000000000E+01  0.3579472698E+02  0.3579472698E+02  0.3579472698E+02
L3 0.3530809274E+05  -.1361792182E+04  -.7632151563E+03  -.8889931692E+03
L4 -.1004666836E+04  0.3351774595E+03  0.3139645180E+03  0.3162866715E+03
L5 0.9654286489E+03  0.6812297079E+03  0.5079091773E+03  0.5421934501E+03
L6 0.1731332335E+04  -.1007405780E+05  0.1460416234E+04  -.1160989625E+05
L7 0.0000000000E+00  0.1153802795E+01  0.7625522177E+01  0.9962921460E+01
L8 0.4398754883E+01  0.4944047642E+02  0.2840731852E+01  0.0000000000E+00
L9 0.0000000000E+00  0.0000000000E+00  0.0000000000E+00  0.9057727822E+00  0.0000000000E+00
L0     2000  0.4000000000E+01  -.8196250895E+04  0.1882434771E+04
L1 0.2951040318E+03  0.2951040318E+03  -.1007868567E+11  0.1000000000E+01
L2 0.1000000000E+01  0.3529237740E+02  0.3529237740E+02  0.3529237740E+02
L3 0.3384027264E+05  -.6967087884E+03  -.4812003384E+03  0.1762300110E+03
L4 -.3338930386E+03  0.2942770526E+03  0.3165320814E+03  0.3075471582E+03
L5 0.9183562922E+03  0.4639613764E+03  0.4337290443E+03  0.2646261118E+03
L6 0.1162316533E+04  -.1007868567E+05  0.1510463428E+04  -.1166751142E+05
L7 0.0000000000E+00  0.2600341310E+01  0.1112578032E+02  0.1187831248E+02
L8 0.3512193667E+01  0.4384302800E+02  0.5402671042E+01  0.0000000000E+00
L9 0.0000000000E+00  0.0000000000E+00  0.0000000000E+00  0.9450606303E+00  0.0000000000E+00
L0     3000  0.6000000000E+01  -.8327582262E+04  0.1902769066E+04
L1 0.2982917824E+03  0.2982917824E+03  -.1023035133E+11  0.1000000000E+01
L2 0.1000000000E+01  0.3488875399E+02  0.3488875399E+02  0.3488875399E+02
L3 0.3269127422E+05  0.2323606969E+03  -.9138257490E+02  0.6841228765E+02
L4 0.6979680323E+02  0.3210748368E+03  0.3014120606E+03  0.3201035868E+03
L5 0.9425904843E+03  0.2664045819E+03  0.3229127220E+03  0.3040074171E+03
L6 0.8933247210E+03  -.1023035133E+05  0.1564494403E+04  -.1186844070E+05
L7 0.0000000000E+00  0.2633404736E+01  0.1091285772E+02  0.1182251120E+02
L8 0.3105410672E+01  0.4378734452E+02  0.1333438309E+01  0.0000000000E+00
L9 0.0000000000E+00  0.0000000000E+00  0.0000000000E+00  0.9782766243E+00  0.0000000000E+00
L0     4000  0.8000000000E+01  -.8309387341E+04  0.1846201152E+04
L1 0.2894237888E+03  0.2894237888E+03  -.1015558849E+11  0.1000000000E+01
L2 0.1000000000E+01  0.3480838542E+02  0.3480838542E+02  0.3480838542E+02
L3 0.3246562032E+05  0.8130013307E+03  0.1567130052E+03  -.4968453686E+03
L4 0.1576229891E+03  0.3192148031E+03  0.2987604103E+03  0.2921925192E+03
L5 0.9101677326E+03  0.1292506999E+03  0.2621431941E+03  0.4082843155E+03
L6 0.7996782095E+03  -.1015558849E+05  0.1540769901E+04  -.1176677534E+05
L7 0.0000000000E+00  0.1927275293E+01  0.8733279291E+01  0.1070674494E+02
L8 0.3036996065E+01  0.4310918510E+02  0.2903469005E+01  0.0000000000E+00
L9 0.0000000000E+00  0.0000000000E+00  0.0000000000E+00  0.9850761845E+00  0.0000000000E+00
L0     5000  0.1000000000E+02  -.8253666910E+04  0.1907222060E+04
L1 0.2989898658E+03  0.2989898658E+03  -.1016088897E+11  0.1000000000E+01
L2 0.1000000000E+01  0.3484514322E+02  0.3484514322E+02  0.3484514322E+02
L3 0.3256827809E+05  -.3064732930E+02  0.3453198994E+03  0.4704637193E+03
L4 0.2617120965E+03  0.3450256576E+03  0.3365045730E+03  0.2805653925E+03
L5 0.9620956231E+03  0.3522092885E+03  0.2555627497E+03  0.1702902785E+03
L6 0.7780623167E+03  -.1016088897E+05  0.1544578142E+04  -.1177783110E+05
L7 0.0000000000E+00  0.1985630507E+01  0.8592094669E+01  0.1139722473E+02
L8 0.2974057247E+01  0.4552145048E+02  0.1893534156E+01  0.0000000000E+00
L9 0.0000000000E+00  0.0000000000E+00  0.0000000000E+00  0.9819711470E+00  0.0000000000E+00
L0     6000  0.1200000000E+02  -.8171322627E+04  0.1936868211E+04
L1 0.3036374099E+03  0.3036374099E+03  -.1010819084E+11  0.1000000000E+01
L2 0.1000000000E+01  0.3485660986E+02  0.3485660986E+02  0.3485660986E+02
L3 0.3260078343E+05  -.8982313018E+03  0.6559854280E+03  0.6739109855E+03
L4 0.1438883706E+03  0.3119694739E+03  0.3357602783E+03  0.3287885933E+03
L5 0.9765183455E+03  0.5227220064E+03  0.1818460360E+03  0.1706684670E+03
L6 0.8752365094E+03  -.1010819084E+05  0.1519418403E+04  -.1170628859E+05
L7 0.0000000000E+00  0.3487242736E+01  0.8034930255E+01  0.1038609073E+02
L8 0.3907949637E+01  0.4970645340E+02  0.3156679132E+01  0.0000000000E+00
L9 0.0000000000E+00  0.0000000000E+00  0.0000000000E+00  0.9809920508E+00  0.0000000000E+00
L0     7000  0.1400000000E+02  -.8114110233E+04  0.1941104432E+04
L1 0.3043015105E+03  0.3043015105E+03  -.1005521467E+11  0.1000000000E+01
L2 0.1000000000E+01  0.3486660104E+02  0.3486660104E+02  0.3486660104E+02
L3 0.3263082507E+05  -.7439134122E+03  -.8694821742E+03  -.1620779481E+02
L4 -.5432011271E+03  0.3205439479E+03  0.3031696320E+03  0.3221537020E+03
L5 0.9458672818E+03  0.4952496274E+03  0.5073647327E+03  0.3259600506E+03
L6 0.1328574411E+04  -.1005521467E+05  0.1387134021E+04  -.1151448943E+05
L7 0.0000000000E+00  0.2969385416E+01  0.7718009043E+01  0.1064859874E+02
L8 0.1945385309E+01  0.4481034643E+02  0.4049019198E+01  0.0000000000E+00
L9 0.0000000000E+00  0.0000000000E+00  0.0000000000E+00  0.9800888983E+00  0.0000000000E+00
L0     8000  0.1600000000E+02  -.8268086583E+04  0.1910306945E+04
L1 0.2994734746E+03  0.2994734746E+03  -.1017839353E+11  0.1000000000E+01
L2 0.1000000000E+01  0.3478350989E+02  0.3478350989E+02  0.3478350989E+02
L3 0.3239676253E+05  0.1136622851E+03  0.1549033971E+03  -.5186209872E+03
L4 -.8335176835E+02  0.3139845334E+03  0.3169433501E+03  0.3090112935E+03
L5 0.9399391771E+03  0.2874827821E+03  0.2808257292E+03  0.4299341173E+03
L6 0.9982426286E+03  -.1017839353E+05  0.1486743045E+04  -.1173937004E+05
L7 0.0000000000E+00  0.4757531431E+01  0.8755789024E+01  0.1012473508E+02
L8 0.2404439731E+01  0.4534115479E+02  0.2849818860E+01  0.0000000000E+00
L9 0.0000000000E+00  0.0000000000E+00  0.0000000000E+00  0.9871699175E+00  0.0000000000E+00
L0     9000  0.1800000000E+02  -.8261813014E+04  0.1905962331E+04
L1 0.2987923817E+03  0.2987923817E+03  -.1016777535E+11  0.1000000000E+01
L2 0.1000000000E+01  0.3487156797E+02  0.3487156797E+02  0.3487156797E+02
L3 0.3264248604E+05  0.3814201084E+03  -.5540931909E+03  0.8985897813E+03
L4 0.2419722329E+03  0.3203536198E+03  0.3322078474E+03  0.3011367438E+03
L5 0.9536982110E+03  0.2307463196E+03  0.4623813589E+03  0.9003040078E+02
L6 0.7831580793E+03  -.1016777535E+05  0.1557035637E+04  -.1179652381E+05
L7 0.0000000000E+00  0.4022496577E+01  0.1039281836E+02  0.9616071540E+01
L8 0.1653801704E+01  0.4399888565E+02  0.2028755208E+01  0.0000000000E+00
L9 0.0000000000E+00  0.0000000000E+00  0.0000000000E+00  0.9797387782E+00  0.0000000000E+00
L0    10000  0.2000000000E+02  -.8139752599E+04  0.1978141975E+04
L1 0.3101077824E+03  0.3101077824E+03  -.1011789457E+11  0.1000000000E+01
L2 0.1000000000E+01  0.3489855576E+02  0.3489855576E+02  0.3489855576E+02
L3 0.3271939657E+05  -.4997384846E+03  -.2560317405E+02  0.1576606405E+03
L4 -.1225603394E+03  0.3241149793E+03  0.3328839262E+03  0.3221847358E+03
L5 0.9791836413E+03  0.4417955216E+03  0.3389130705E+03  0.2850581381E+03
L6 0.1065766730E+04  -.1011789457E+05  0.1467430767E+04  -.1166341069E+05
L7 0.0000000000E+00  0.3319059594E+01  0.9845698599E+01  0.1150103070E+02
L8 0.4113932025E+01  0.4417736510E+02  0.5128267809E+01  0.0000000000E+00
L9 0.0000000000E+00  0.0000000000E+00  0.0000000000E+00  0.9774357949E+00  0.0000000000E+00
