L0  Nsteps           time(ps)         Etot             EKinetic        
L1  Temp             T_solute         T_solv           Pres_scal_solu  
L2  Pres_scal_solv   BoxX             BoxY             BoxZ            
L3  volume           pres_X           pres_Y           pres_Z          
L4  Pressure         EKCoM_x          EKCoM_y          EKCoM_z         
L5  EKComTot         VIRIAL_x         VIRIAL_y         VIRIAL_z        
L6  VIRIAL_tot       E_pot            E_vdw            E_el            
L7  E_hbon           E_bon            E_angle          E_dih           
L8  E_14vdw          E_14el           E_const          E_pol           
L9  AV_permMoment    AV_indMoment     AV_totMoment     Density          dV/dlambda      
L0     1000  0.2000000000E+01  -.7452457254E+04  0.1706165128E+04
L1 0.2938333515E+03  0.2938333515E+03  -.9158622381E+10  0.1000000000E+01
L2 0.1000000000E+01  0.3465470158E+02  0.3465470158E+02  0.3465470158E+02
L3 0.3204113456E+05  -.1169527743E+04  -.7692572881E+03  -.1408150716E+04
L4 -.1115645249E+04  0.2656269586E+03  0.2892899057E+03  0.2825785640E+03
L5 0.8374954283E+03  0.5353232623E+03  0.4666827451E+03  0.6073019794E+03
L6 0.1609307987E+04  -.9158622381E+04  0.1309495141E+04  -.1053830345E+05
L7 0.0000000000E+00  0.1669990744E+01  0.7742983129E+01  0.1169500101E+02
L8 0.2962979398E+01  0.4252985153E+02  0.3585126984E+01  0.0000000000E+00
L9 0.0000000000E+00  0.0000000000E+00  0.0000000000E+00  0.9084915264E+00  0.0000000000E+00
L0     2000  0.4000000000E+01  -.7446922896E+04  0.1770012187E+04
L1 0.3048290020E+03  0.3048290020E+03  -.9216935083E+10  0.1000000000E+01
L2 0.1000000000E+01  0.3411727309E+02  0.3411727309E+02  0.3411727309E+02
L3 0.3057110922E+05  -.5625098008E+03  0.2129512618E+03  -.4315945336E+03
L4 -.2603843576E+03  0.2639225228E+03  0.3032602405E+03  0.3165338525E+03
L5 0.8837166158E+03  0.3876875297E+03  0.2564060980E+03  0.4114945098E+03
L6 0.1055588137E+04  -.9216935083E+04  0.1378934037E+04  -.1067041974E+05
L7 0.0000000000E+00  0.7748912389E+01  0.8952526605E+01  0.9431460309E+01
L8 0.3178157363E+01  0.4243746226E+02  0.2802106069E+01  0.0000000000E+00
L9 0.0000000000E+00  0.0000000000E+00  0.0000000000E+00  0.9521767442E+00  0.0000000000E+00
L0     3000  0.6000000000E+01  -.7578257437E+04  0.1677501399E+04
L1 0.2888969247E+03  0.2888969247E+03  -.9255758836E+10  0.1000000000E+01
L2 0.1000000000E+01  0.3376383139E+02  0.3376383139E+02  0.3376383139E+02
L3 0.2963009853E+05  -.2359357373E+03  0.6116824127E+03  -.3566044846E+03
L4 0.6380730257E+01  0.2692710019E+03  0.2848436623E+03  0.2884106190E+03
L5 0.8425252832E+03  0.3195843716E+03  0.1544021968E+03  0.3644566367E+03
L6 0.8384432051E+03  -.9255758836E+04  0.1384223872E+04  -.1071760442E+05
L7 0.0000000000E+00  0.2371921300E+01  0.9582990326E+01  0.1062616118E+02
L8 0.3985239720E+01  0.4712004690E+02  0.3935350073E+01  0.0000000000E+00
L9 0.0000000000E+00  0.0000000000E+00  0.0000000000E+00  0.9824165524E+00  0.0000000000E+00
L0     4000  0.8000000000E+01  -.7566370338E+04  0.1737847813E+04
L1 0.2992896989E+03  0.2992896989E+03  -.9304218151E+10  0.1000000000E+01
L2 0.1000000000E+01  0.3369166432E+02  0.3369166432E+02  0.3369166432E+02
L3 0.2944131290E+05  -.6422186206E+03  -.4651146831E+03  0.2087431359E+03
L4 -.2995300559E+03  0.2562552392E+03  0.2998330749E+03  0.2847034859E+03
L5 0.8407918000E+03  0.3923359742E+03  0.3983869722E+03  0.2404725675E+03
L6 0.1031195514E+04  -.9304218151E+04  0.1355128093E+04  -.1073270174E+05
L7 0.0000000000E+00  0.1826914691E+01  0.9673735168E+01  0.1119528889E+02
L8 0.4008948629E+01  0.4417367663E+02  0.2476933966E+01  0.0000000000E+00
L9 0.0000000000E+00  0.0000000000E+00  0.0000000000E+00  0.9887160718E+00  0.0000000000E+00
L0     5000  0.1000000000E+02  -.7535615327E+04  0.1741121411E+04
L1 0.2998534734E+03  0.2998534734E+03  -.9276736739E+10  0.1000000000E+01
L2 0.1000000000E+01  0.3371527692E+02  0.3371527692E+02  0.3371527692E+02
L3 0.2950234790E+05  0.6519366681E+03  -.1812029378E+03  -.3323102436E+03
L4 0.4614116223E+02  0.2766015458E+03  0.3018581060E+03  0.2952102470E+03
L5 0.8736698988E+03  0.1381752592E+03  0.3403330853E+03  0.3657699736E+03
L6 0.8442783181E+03  -.9276736739E+04  0.1379549645E+04  -.1072914626E+05
L7 0.0000000000E+00  0.1639489878E+01  0.8597069014E+01  0.9996531208E+01
L8 0.3852906667E+01  0.4706943607E+02  0.1704438878E+01  0.0000000000E+00
L9 0.0000000000E+00  0.0000000000E+00  0.0000000000E+00  0.9866705978E+00  0.0000000000E+00
L0     6000  0.1200000000E+02  -.7563399843E+04  0.1743146924E+04
L1 0.3002023043E+03  0.3002023043E+03  -.9306546766E+10  0.1000000000E+01
L2 0.1000000000E+01  0.3373436196E+02  0.3373436196E+02  0.3373436196E+02
L3 0.2955343586E+05  -.1598746662E+03  -.5829937503E+03  -.2098761916E+03
L4 -.3175815360E+03  0.2909052089E+03  0.2876707343E+03  0.2834046483E+03
L5 0.8619805915E+03  0.3249103209E+03  0.4116726681E+03  0.3280450130E+03
L6 0.1064628002E+04  -.9306546766E+04  0.1358881114E+04  -.1074164664E+05
L7 0.0000000000E+00  0.5302106794E+01  0.1447263055E+02  0.8998044536E+01
L8 0.2889747712E+01  0.4312848335E+02  0.1427746306E+01  0.0000000000E+00
L9 0.0000000000E+00  0.0000000000E+00  0.0000000000E+00  0.9849649761E+00  0.0000000000E+00
L0     7000  0.1400000000E+02  -.7471022950E+04  0.1696013309E+04
L1 0.2920850196E+03  0.2920850196E+03  -.9167036259E+10  0.1000000000E+01
L2 0.1000000000E+01  0.3373271793E+02  0.3373271793E+02  0.3373271793E+02
L3 0.2954779511E+05  0.3124463447E+03  0.5453756381E+03  -.3080035382E+03
L4 0.1832728149E+03  0.2884646746E+03  0.2908292844E+03  0.2665847740E+03
L5 0.8458787330E+03  0.2220204700E+03  0.1748508097E+03  0.3320841804E+03
L6 0.7289554600E+03  -.9167036259E+04  0.1368642968E+04  -.1060685669E+05
L7 0.0000000000E+00  0.5062656979E+01  0.4549345182E+01  0.1011788949E+02
L8 0.3131173563E+01  0.4572746225E+02  0.2588935527E+01  0.0000000000E+00
L9 0.0000000000E+00  0.0000000000E+00  0.0000000000E+00  0.9851530085E+00  0.0000000000E+00
L0     8000  0.1600000000E+02  -.7502159398E+04  0.1738092405E+04
L1 0.2993318222E+03  0.2993318222E+03  -.9240251803E+10  0.1000000000E+01
L2 0.1000000000E+01  0.3363913421E+02  0.3363913421E+02  0.3363913421E+02
L3 0.2930219608E+05  0.9379516228E+02  -.1251655420E+03  0.9941960239E+03
L4 0.3209418814E+03  0.2823463171E+03  0.3038584678E+03  0.2855916445E+03
L5 0.8717964295E+03  0.2625658206E+03  0.3302546754E+03  0.7592527651E+02
L6 0.6687457725E+03  -.9240251803E+04  0.1392143707E+04  -.1071046229E+05
L7 0.0000000000E+00  0.2960029260E+01  0.8029249729E+01  0.1367168379E+02
L8 0.4582806693E+01  0.4616074795E+02  0.2662262942E+01  0.0000000000E+00
L9 0.0000000000E+00  0.0000000000E+00  0.0000000000E+00  0.9934101583E+00  0.0000000000E+00
L0     9000  0.1800000000E+02  -.7401033177E+04  0.1811570366E+04
L1 0.3119860930E+03  0.3119860930E+03  -.9212603543E+10  0.1000000000E+01
L2 0.1000000000E+01  0.3378766963E+02  0.3378766963E+02  0.3378766963E+02
L3 0.2969147986E+05  0.7006178322E+03  0.5327845462E+03  0.3965971890E+03
L4 0.5433331891E+03  0.3075322049E+03  0.2977901841E+03  0.3036529921E+03
L5 0.9089753810E+03  0.1578157239E+03  0.1839383468E+03  0.2189033143E+03
L6 0.5606573850E+03  -.9212603543E+04  0.1435007909E+04  -.1072244319E+05
L7 0.0000000000E+00  0.1828409489E+01  0.1049316756E+02  0.1083698459E+02
L8 0.3309559694E+01  0.4601846782E+02  0.2345144634E+01  0.0000000000E+00
L9 0.0000000000E+00  0.0000000000E+00  0.0000000000E+00  0.9803855983E+00  0.0000000000E+00
L0    10000  0.2000000000E+02  -.7556606696E+04  0.1727462966E+04
L1 0.2975012352E+03  0.2975012352E+03  -.9284069662E+10  0.1000000000E+01
L2 0.1000000000E+01  0.3381891377E+02  0.3381891377E+02  0.3381891377E+02
L3 0.2977559871E+05  0.2326648094E+03  -.4298686691E+03  -.6342151563E+02
L4 -.8687512510E+02  0.2892945569E+03  0.2854110973E+03  0.2833799808E+03
L5 0.8580856350E+03  0.2394350724E+03  0.3775308738E+03  0.2969710523E+03
L6 0.9139369986E+03  -.9284069662E+04  0.1386952229E+04  -.1074993518E+05
L7 0.0000000000E+00  0.3975528604E+01  0.1530519875E+02  0.1146226398E+02
L8 0.2703366939E+01  0.4116457420E+02  0.4302353583E+01  0.0000000000E+00
L9 0.0000000000E+00  0.0000000000E+00  0.0000000000E+00  0.9776159170E+00  0.0000000000E+00
