L0  Nsteps           time(ps)         Etot             EKinetic        
L1  Temp             T_solute         T_solv           Pres_scal_solu  
L2  Pres_scal_solv   BoxX             BoxY             BoxZ            
L3  volume           pres_X           pres_Y           pres_Z          
L4  Pressure         EKCoM_x          EKCoM_y          EKCoM_z         
L5  EKComTot         VIRIAL_x         VIRIAL_y         VIRIAL_z        
L6  VIRIAL_tot       E_pot            E_vdw            E_el            
L7  E_hbon           E_bon            E_angle          E_dih           
L8  E_14vdw          E_14el           E_const          E_pol           
L9  AV_permMoment    AV_indMoment     AV_totMoment     Density          dV/dlambda      
L0     1000  0.2000000000E+01  -.7290213059E+04  0.1633268569E+04
L1 0.2896045979E+03  0.2896045979E+03  -.8923481628E+10  0.1000000000E+01
L2 0.1000000000E+01  0.3444124687E+02  0.3444124687E+02  0.3444124687E+02
L3 0.3145193222E+05  -.1016838942E+04  -.6442845312E+03  -.8602308445E+03
L4 -.8404514392E+03  0.2967125221E+03  0.2441363979E+03  0.2785874892E+03
L5 0.8194364092E+03  0.5268864247E+03  0.3899780635E+03  0.4733112378E+03
L6 0.1390175726E+04  -.8923481628E+04  0.1343020023E+04  -.1033915518E+05
L7 0.0000000000E+00  0.4017933332E+01  0.8147509425E+01  0.9871842364E+01
L8 0.3245083264E+01  0.4375790679E+02  0.3613251736E+01  0.0000000000E+00
L9 0.0000000000E+00  0.0000000000E+00  0.0000000000E+00  0.8988773541E+00  0.0000000000E+00
L0     2000  0.4000000000E+01  -.7193030363E+04  0.1719226473E+04
L1 0.3048463069E+03  0.3048463069E+03  -.8912256836E+10  0.1000000000E+01
L2 0.1000000000E+01  0.3372455552E+02  0.3372455552E+02  0.3372455552E+02
L3 0.2952812661E+05  -.4572945243E+03  -.6991664838E+03  -.3161686421E+03
L4 -.4908765501E+03  0.2815550168E+03  0.2618988495E+03  0.2888405054E+03
L5 0.8322943717E+03  0.3787376082E+03  0.4104832018E+03  0.3560315307E+03
L6 0.1145252341E+04  -.8912256836E+04  0.1290778269E+04  -.1027411346E+05
L7 0.0000000000E+00  0.2735623754E+01  0.7854748325E+01  0.1109471806E+02
L8 0.3289258297E+01  0.4371971273E+02  0.2384291827E+01  0.0000000000E+00
L9 0.0000000000E+00  0.0000000000E+00  0.0000000000E+00  0.9574406797E+00  0.0000000000E+00
L0     3000  0.6000000000E+01  -.7335336984E+04  0.1662542819E+04
L1 0.2947953898E+03  0.2947953898E+03  -.8997879802E+10  0.1000000000E+01
L2 0.1000000000E+01  0.3346913199E+02  0.3346913199E+02  0.3346913199E+02
L3 0.2886111558E+05  -.8683117263E+02  0.5743559256E+02  -.9388956427E+02
L4 -.4109504811E+02  0.2664898658E+03  0.2887091407E+03  0.2721215364E+03
L5 0.8273205429E+03  0.2845260790E+03  0.2767788562E+03  0.2916238896E+03
L6 0.8529288248E+03  -.8997879802E+04  0.1345326362E+04  -.1041874445E+05
L7 0.0000000000E+00  0.1829767449E+01  0.1030621883E+02  0.9354799885E+01
L8 0.3264154855E+01  0.4508633012E+02  0.5697014197E+01  0.0000000000E+00
L9 0.0000000000E+00  0.0000000000E+00  0.0000000000E+00  0.9795681508E+00  0.0000000000E+00
L0     4000  0.8000000000E+01  -.7385244029E+04  0.1666647542E+04
L1 0.2955232228E+03  0.2955232228E+03  -.9051891571E+10  0.1000000000E+01
L2 0.1000000000E+01  0.3351726122E+02  0.3351726122E+02  0.3351726122E+02
L3 0.2898564846E+05  0.1435019101E+03  0.9970829552E+02  -.1869846311E+03
L4 0.1874185820E+02  0.2844434295E+03  0.2777687002E+03  0.2715073333E+03
L5 0.8337194630E+03  0.2545071874E+03  0.2569683382E+03  0.3105145994E+03
L6 0.8219901250E+03  -.9051891571E+04  0.1369756027E+04  -.1049771449E+05
L7 0.0000000000E+00  0.2792521202E+01  0.6538108687E+01  0.1472988538E+02
L8 0.3405635854E+01  0.4756944774E+02  0.1031288743E+01  0.0000000000E+00
L9 0.0000000000E+00  0.0000000000E+00  0.0000000000E+00  0.9753595700E+00  0.0000000000E+00
L0     5000  0.1000000000E+02  -.7401350657E+04  0.1624765535E+04
L1 0.2880968743E+03  0.2880968743E+03  -.9026116193E+10  0.1000000000E+01
L2 0.1000000000E+01  0.3343216860E+02  0.3343216860E+02  0.3343216860E+02
L3 0.2876625626E+05  -.9519231563E+03  0.5695926964E+02  0.2402128552E+01
L4 -.2975205860E+03  0.2720384641E+03  0.2673097096E+03  0.2626983172E+03
L5 0.8020464908E+03  0.4691181297E+03  0.2555172516E+03  0.2622009969E+03
L6 0.9868363782E+03  -.9026116193E+04  0.1324302372E+04  -.1042724979E+05
L7 0.0000000000E+00  0.1530630754E+01  0.8207443481E+01  0.1302945764E+02
L8 0.4691338899E+01  0.4502183373E+02  0.4350525351E+01  0.0000000000E+00
L9 0.0000000000E+00  0.0000000000E+00  0.0000000000E+00  0.9827983647E+00  0.0000000000E+00
L0     6000  0.1200000000E+02  -.7337246640E+04  0.1681051375E+04
L1 0.2980772525E+03  0.2980772525E+03  -.9018298015E+10  0.1000000000E+01
L2 0.1000000000E+01  0.3341169267E+02  0.3341169267E+02  0.3341169267E+02
L3 0.2871317182E+05  0.6955681746E+03  -.2133079039E+03  -.1067836375E+04
L4 -.1951920349E+03  0.2743633206E+03  0.2650246915E+03  0.2710443532E+03
L5 0.8104323653E+03  0.1306233828E+03  0.3091050074E+03  0.4917139292E+03
L6 0.9314423194E+03  -.9018298015E+04  0.1318867119E+04  -.1041013221E+05
L7 0.0000000000E+00  0.4560795401E+01  0.7521220506E+01  0.1082603535E+02
L8 0.3564764001E+01  0.4371942061E+02  0.2774841111E+01  0.0000000000E+00
L9 0.0000000000E+00  0.0000000000E+00  0.0000000000E+00  0.9846153465E+00  0.0000000000E+00
L0     7000  0.1400000000E+02  -.7411966061E+04  0.1654465410E+04
L1 0.2933631362E+03  0.2933631362E+03  -.9066431471E+10  0.1000000000E+01
L2 0.1000000000E+01  0.3340253305E+02  0.3340253305E+02  0.3340253305E+02
L3 0.2868963612E+05  -.3009503980E+03  -.2062226176E+03  -.1633526126E+03
L4 -.2235085427E+03  0.2770712985E+03  0.2838459328E+03  0.2620656342E+03
L5 0.8229828655E+03  0.3392120558E+03  0.3264271347E+03  0.2957949634E+03
L6 0.9614341539E+03  -.9066431471E+04  0.1348323307E+04  -.1048878989E+05
L7 0.0000000000E+00  0.3770438478E+01  0.5575174949E+01  0.1222534255E+02
L8 0.3178696774E+01  0.4698839131E+02  0.2297069476E+01  0.0000000000E+00
L9 0.0000000000E+00  0.0000000000E+00  0.0000000000E+00  0.9854230810E+00  0.0000000000E+00
L0     8000  0.1600000000E+02  -.7347901615E+04  0.1691371002E+04
L1 0.2999070870E+03  0.2999070870E+03  -.9039272616E+10  0.1000000000E+01
L2 0.1000000000E+01  0.3332251466E+02  0.3332251466E+02  0.3332251466E+02
L3 0.2848359048E+05  -.7835723323E+03  0.4381007873E+03  0.9333226776E+02
L4 -.8404642574E+02  0.2779655966E+03  0.2933137625E+03  0.2827437760E+03
L5 0.8540231351E+03  0.4385969823E+03  0.2035036280E+03  0.2636107733E+03
L6 0.9057113837E+03  -.9039272616E+04  0.1332079699E+04  -.1044785582E+05
L7 0.0000000000E+00  0.3995366130E+01  0.8825898902E+01  0.1013388767E+02
L8 0.3545421605E+01  0.4672420641E+02  0.3278728076E+01  0.0000000000E+00
L9 0.0000000000E+00  0.0000000000E+00  0.0000000000E+00  0.9925514704E+00  0.0000000000E+00
L0     9000  0.1800000000E+02  -.7221290358E+04  0.1674582147E+04
L1 0.2969301549E+03  0.2969301549E+03  -.8895872505E+10  0.1000000000E+01
L2 0.1000000000E+01  0.3338276274E+02  0.3338276274E+02  0.3338276274E+02
L3 0.2863843056E+05  0.3315564415E+03  0.1987372883E+03  -.8565014505E+03
L4 -.1087359069E+03  0.2779496632E+03  0.2584491489E+03  0.2784181523E+03
L5 0.8148169644E+03  0.2096115059E+03  0.2174867716E+03  0.4549544023E+03
L6 0.8820526797E+03  -.8895872505E+04  0.1279555046E+04  -.1024886656E+05
L7 0.0000000000E+00  0.1932361654E+01  0.8756939877E+01  0.1011962917E+02
L8 0.2925968540E+01  0.4365342622E+02  0.6050685068E+01  0.0000000000E+00
L9 0.0000000000E+00  0.0000000000E+00  0.0000000000E+00  0.9871850189E+00  0.0000000000E+00
L0    10000  0.2000000000E+02  -.7253442881E+04  0.1707428157E+04
L1 0.3027542770E+03  0.3027542770E+03  -.8960871038E+10  0.1000000000E+01
L2 0.1000000000E+01  0.3338891167E+02  0.3338891167E+02  0.3338891167E+02
L3 0.2865447489E+05  -.1309243666E+03  -.4589645232E+03  0.9851339486E+01
L4 -.1933458501E+03  0.2769560296E+03  0.2673645527E+03  0.2942185202E+03
L5 0.8385391025E+03  0.3039563872E+03  0.3620161944E+03  0.2921868916E+03
L6 0.9581594732E+03  -.8960871038E+04  0.1288050655E+04  -.1031996790E+05
L7 0.0000000000E+00  0.2575740756E+01  0.8821253842E+01  0.8352841235E+01
L8 0.3234946137E+01  0.4567706070E+02  0.2384360678E+01  0.0000000000E+00
L9 0.0000000000E+00  0.0000000000E+00  0.0000000000E+00  0.9866322703E+00  0.0000000000E+00
