L0  Nsteps           time(ps)         Etot             EKinetic        
L1  Temp             T_solute         T_solv           Pres_scal_solu  
L2  Pres_scal_solv   BoxX             BoxY             BoxZ            
L3  volume           pres_X           pres_Y           pres_Z          
L4  Pressure         EKCoM_x          EKCoM_y          EKCoM_z         
L5  EKComTot         VIRIAL_x         VIRIAL_y         VIRIAL_z        
L6  VIRIAL_tot       E_pot            E_vdw            E_el            
L7  E_hbon           E_bon            E_angle          E_dih           
L8  E_14vdw          E_14el           E_const          E_pol           
L9  AV_permMoment    AV_indMoment     AV_totMoment     Density          dV/dlambda      
L0     1000  0.2000000000E+01  -.7243449003E+04  0.1690374123E+04
L1 0.3000474994E+03  0.3000474994E+03  -.8933823126E+10  0.1000000000E+01
L2 0.1000000000E+01  0.3440018091E+02  0.3440018091E+02  0.3440018091E+02
L3 0.3133906320E+05  -.5462539192E+03  -.6126486452E+03  -.8279055013E+03
L4 -.6622693552E+03  0.2684343631E+03  0.2809168980E+03  0.2820521093E+03
L5 0.8314033703E+03  0.3916418662E+03  0.4190997232E+03  0.4687860914E+03
L6 0.1279527681E+04  -.8933823126E+04  0.1366561059E+04  -.1037524289E+05
L7 0.0000000000E+00  0.1818252978E+01  0.6103837045E+01  0.1043008887E+02
L8 0.2252130343E+01  0.4729025854E+02  0.6964132172E+01  0.0000000000E+00
L9 0.0000000000E+00  0.0000000000E+00  0.0000000000E+00  0.9011600844E+00  0.0000000000E+00
L0     2000  0.4000000000E+01  -.7202905379E+04  0.1664813514E+04
L1 0.2955103993E+03  0.2955103993E+03  -.8867718894E+10  0.1000000000E+01
L2 0.1000000000E+01  0.3387001703E+02  0.3387001703E+02  0.3387001703E+02
L3 0.2991091088E+05  -.4570291391E+03  -.4083198299E+03  0.4611446756E+03
L4 -.1347347645E+03  0.2637022967E+03  0.2890385865E+03  0.2693298481E+03
L5 0.8220707313E+03  0.3620875729E+03  0.3769381444E+03  0.1700586148E+03
L6 0.9090843321E+03  -.8867718894E+04  0.1335691524E+04  -.1027690889E+05
L7 0.0000000000E+00  0.2935974254E+01  0.9518104438E+01  0.1182255652E+02
L8 0.3146157536E+01  0.4374543575E+02  0.2330241652E+01  0.0000000000E+00
L9 0.0000000000E+00  0.0000000000E+00  0.0000000000E+00  0.9441876564E+00  0.0000000000E+00
L0     3000  0.6000000000E+01  -.7156505162E+04  0.1687040393E+04
L1 0.2994557502E+03  0.2994557502E+03  -.8843545554E+10  0.1000000000E+01
L2 0.1000000000E+01  0.3366865376E+02  0.3366865376E+02  0.3366865376E+02
L3 0.2938020096E+05  -.1340279232E+02  -.6045789822E+03  0.6696077843E+03
L4 0.1720866991E+02  0.2979724900E+03  0.2800561973E+03  0.2827398839E+03
L5 0.8607685712E+03  0.3008065343E+03  0.4078954983E+03  0.1411501271E+03
L6 0.8498521596E+03  -.8843545554E+04  0.1320818274E+04  -.1024020401E+05
L7 0.0000000000E+00  0.2296581268E+01  0.8237416539E+01  0.9652608444E+01
L8 0.3159246763E+01  0.4820525660E+02  0.4289076290E+01  0.0000000000E+00
L9 0.0000000000E+00  0.0000000000E+00  0.0000000000E+00  0.9612430112E+00  0.0000000000E+00
L0     4000  0.8000000000E+01  -.7294986141E+04  0.1701387452E+04
L1 0.3020024051E+03  0.3020024051E+03  -.8996373593E+10  0.1000000000E+01
L2 0.1000000000E+01  0.3357997132E+02  0.3357997132E+02  0.3357997132E+02
L3 0.2914955118E+05  0.1229446876E+03  -.3432004516E+03  -.7659592221E+03
L4 -.3287383287E+03  0.2879762121E+03  0.2995274929E+03  0.2866839958E+03
L5 0.8741877008E+03  0.2621834282E+03  0.3715281239E+03  0.4473759386E+03
L6 0.1081087491E+04  -.8996373593E+04  0.1320285352E+04  -.1038519170E+05
L7 0.0000000000E+00  0.1117741181E+01  0.4425845351E+01  0.9899518332E+01
L8 0.4191259100E+01  0.4576885467E+02  0.3129532357E+01  0.0000000000E+00
L9 0.0000000000E+00  0.0000000000E+00  0.0000000000E+00  0.9688489772E+00  0.0000000000E+00
L0     5000  0.1000000000E+02  -.7308888212E+04  0.1656478270E+04
L1 0.2940308633E+03  0.2940308633E+03  -.8965366482E+10  0.1000000000E+01
L2 0.1000000000E+01  0.3335125098E+02  0.3335125098E+02  0.3335125098E+02
L3 0.2855831564E+05  -.1174798099E+04  0.2424149520E+03  -.4638043453E+03
L4 -.4653958307E+03  0.2474116263E+03  0.2812967492E+03  0.2903417355E+03
L5 0.8190501109E+03  0.4888756339E+03  0.2314716040E+03  0.3856705040E+03
L6 0.1106017742E+04  -.8965366482E+04  0.1263302651E+04  -.1030371051E+05
L7 0.0000000000E+00  0.2679702322E+01  0.6018655747E+01  0.1172922656E+02
L8 0.3243247925E+01  0.4782904613E+02  0.3541500356E+01  0.0000000000E+00
L9 0.0000000000E+00  0.0000000000E+00  0.0000000000E+00  0.9889068107E+00  0.0000000000E+00
L0     6000  0.1200000000E+02  -.7245769257E+04  0.1689722274E+04
L1 0.2999317938E+03  0.2999317938E+03  -.8935491531E+10  0.1000000000E+01
L2 0.1000000000E+01  0.3333018134E+02  0.3333018134E+02  0.3333018134E+02
L3 0.2850174535E+05  0.9160208797E+03  0.2495553797E+03  0.3637982114E+03
L4 0.5097914903E+03  0.2914667427E+03  0.2790303374E+03  0.2664247209E+03
L5 0.8369218010E+03  0.1035638748E+03  0.2278391773E+03  0.1917989905E+03
L6 0.5232020426E+03  -.8935491531E+04  0.1362062544E+04  -.1037034432E+05
L7 0.0000000000E+00  0.5547215082E+01  0.8319045813E+01  0.1200170499E+02
L8 0.2151976561E+01  0.4289676598E+02  0.1873537066E+01  0.0000000000E+00
L9 0.0000000000E+00  0.0000000000E+00  0.0000000000E+00  0.9908695941E+00  0.0000000000E+00
L0     7000  0.1400000000E+02  -.7349555101E+04  0.1662121032E+04
L1 0.2950324739E+03  0.2950324739E+03  -.9011676132E+10  0.1000000000E+01
L2 0.1000000000E+01  0.3333326355E+02  0.3333326355E+02  0.3333326355E+02
L3 0.2851059609E+05  -.1234387100E+02  0.6894827489E+03  -.2601010473E+03
L4 0.1390126102E+03  0.2706905804E+03  0.2716230324E+03  0.2843217738E+03
L5 0.8266353866E+03  0.2732234583E+03  0.1301458892E+03  0.3376927293E+03
L6 0.7410620767E+03  -.9011676132E+04  0.1354211183E+04  -.1044030102E+05
L7 0.0000000000E+00  0.2548721661E+01  0.1081640355E+02  0.1089897052E+02
L8 0.2544474873E+01  0.4363811400E+02  0.3967021123E+01  0.0000000000E+00
L9 0.0000000000E+00  0.0000000000E+00  0.0000000000E+00  0.9905619916E+00  0.0000000000E+00
L0     8000  0.1600000000E+02  -.7320876147E+04  0.1669881114E+04
L1 0.2964099165E+03  0.2964099165E+03  -.8990757261E+10  0.1000000000E+01
L2 0.1000000000E+01  0.3329669781E+02  0.3329669781E+02  0.3329669781E+02
L3 0.2841752759E+05  -.8576321982E+03  -.6335329992E+03  0.1133229378E+04
L4 -.1193119397E+03  0.2591354961E+03  0.2860742644E+03  0.2909922662E+03
L5 0.8362020267E+03  0.4345412953E+03  0.4156465475E+03  0.5922041209E+02
L6 0.9094082549E+03  -.8990757261E+04  0.1309437889E+04  -.1037004419E+05
L7 0.0000000000E+00  0.1037497061E+01  0.6546603514E+01  0.9780743052E+01
L8 0.3346605956E+01  0.4611085744E+02  0.3026733019E+01  0.0000000000E+00
L9 0.0000000000E+00  0.0000000000E+00  0.0000000000E+00  0.9938061204E+00  0.0000000000E+00
L0     9000  0.1800000000E+02  -.7364055144E+04  0.1633995597E+04
L1 0.2900401078E+03  0.2900401078E+03  -.8998050741E+10  0.1000000000E+01
L2 0.1000000000E+01  0.3328812378E+02  0.3328812378E+02  0.3328812378E+02
L3 0.2839599374E+05  -.4000862075E+03  -.3684273619E+03  -.7901055873E+02
L4 -.2825080427E+03  0.2663410340E+03  0.2919739669E+03  0.2688944578E+03
L5 0.8272094587E+03  0.3481059946E+03  0.3672688612E+03  0.2850417158E+03
L6 0.1000416572E+04  -.8998050741E+04  0.1303677583E+04  -.1038642432E+05
L7 0.0000000000E+00  0.9870471932E+00  0.1180337617E+02  0.1147345205E+02
L8 0.3163011727E+01  0.4953304201E+02  0.7736066908E+01  0.0000000000E+00
L9 0.0000000000E+00  0.0000000000E+00  0.0000000000E+00  0.9945597644E+00  0.0000000000E+00
L0    10000  0.2000000000E+02  -.7318457180E+04  0.1653317794E+04
L1 0.2934698674E+03  0.2934698674E+03  -.8971774973E+10  0.1000000000E+01
L2 0.1000000000E+01  0.3333787382E+02  0.3333787382E+02  0.3333787382E+02
L3 0.2852315663E+05  0.5956171432E+02  -.6929596834E+03  0.1906517301E+03
L4 -.1475820796E+03  0.2509651817E+03  0.2532865680E+03  0.2950008193E+03
L5 0.7992525689E+03  0.2387381410E+03  0.3955397975E+03  0.2558631537E+03
L6 0.8901410923E+03  -.8971774973E+04  0.1311604558E+04  -.1035721700E+05
L7 0.0000000000E+00  0.2393180301E+01  0.6059384671E+01  0.1076731832E+02
L8 0.2524868293E+01  0.4827059234E+02  0.3822121827E+01  0.0000000000E+00
L9 0.0000000000E+00  0.0000000000E+00  0.0000000000E+00  0.9901257847E+00  0.0000000000E+00
