L0  Nsteps           time(ps)         Etot             EKinetic        
L1  Temp             T_solute         T_solv           Pres_scal_solu  
L2  Pres_scal_solv   BoxX             BoxY             BoxZ            
L3  volume           pres_X           pres_Y           pres_Z          
L4  Pressure         EKCoM_x          EKCoM_y          EKCoM_z         
L5  EKComTot         VIRIAL_x         VIRIAL_y         VIRIAL_z        
L6  VIRIAL_tot       E_pot            E_vdw            E_el            
L7  E_hbon           E_bon            E_angle          E_dih           
L8  E_14vdw          E_14el           E_const          E_pol           
L9  AV_permMoment    AV_indMoment     AV_totMoment     Density          dV/dlambda      
L0     1000  0.2000000000E+01  -.7863079889E+04  0.1813698442E+04
L1 0.2962331256E+03  0.2962331256E+03  -.9676778331E+10  0.1000000000E+01
L2 0.1000000000E+01  0.3519124655E+02  0.3519124655E+02  0.3519124655E+02
L3 0.3355073132E+05  -.6700393645E+03  -.1498817679E+03  -.7183724496E+03
L4 -.5127645274E+03  0.2818689349E+03  0.3102172659E+03  0.3014795942E+03
L5 0.8935657951E+03  0.4436616225E+03  0.3464088322E+03  0.4749431479E+03
L6 0.1265013603E+04  -.9676778331E+04  0.1489154656E+04  -.1124200451E+05
L7 0.0000000000E+00  0.5257351441E+01  0.8029116773E+01  0.1077856818E+02
L8 0.2377057694E+01  0.4687506781E+02  0.2754362992E+01  0.0000000000E+00
L9 0.0000000000E+00  0.0000000000E+00  0.0000000000E+00  0.9148738930E+00  0.0000000000E+00
L0     2000  0.4000000000E+01  -.7828329911E+04  0.1855344139E+04
L1 0.3030351577E+03  0.3030351577E+03  -.9683674050E+10  0.1000000000E+01
L2 0.1000000000E+01  0.3470667931E+02  0.3470667931E+02  0.3470667931E+02
L3 0.3218400027E+05  -.6210925982E+03  -.7999742130E+03  -.3337315322E+03
L4 -.5849327811E+03  0.3217821410E+03  0.2977694113E+03  0.3138091434E+03
L5 0.9333606957E+03  0.4656464145E+03  0.4830682045E+03  0.3911116980E+03
L6 0.1339826317E+04  -.9683674050E+04  0.1396317134E+04  -.1115194534E+05
L7 0.0000000000E+00  0.3402067738E+01  0.9368841229E+01  0.1021276748E+02
L8 0.1811627054E+01  0.4191979597E+02  0.5239056071E+01  0.0000000000E+00
L9 0.0000000000E+00  0.0000000000E+00  0.0000000000E+00  0.9537250783E+00  0.0000000000E+00
L0     3000  0.6000000000E+01  -.7919689208E+04  0.1803827130E+04
L1 0.2946208346E+03  0.2946208346E+03  -.9723516338E+10  0.1000000000E+01
L2 0.1000000000E+01  0.3445953943E+02  0.3445953943E+02  0.3445953943E+02
L3 0.3150137516E+05  -.7574319778E+03  -.2192811012E+03  -.7991902317E+03
L4 -.5919677703E+03  0.2759302842E+03  0.2992296342E+03  0.3170564718E+03
L5 0.8922163902E+03  0.4476537833E+03  0.3489446174E+03  0.4982473208E+03
L6 0.1294845721E+04  -.9723516338E+04  0.1376433798E+04  -.1117692782E+05
L7 0.0000000000E+00  0.3734646952E+01  0.1183379181E+02  0.9670479727E+01
L8 0.2051760026E+01  0.4341587196E+02  0.6271132261E+01  0.0000000000E+00
L9 0.0000000000E+00  0.0000000000E+00  0.0000000000E+00  0.9743920075E+00  0.0000000000E+00
L0     4000  0.8000000000E+01  -.7931831231E+04  0.1817507991E+04
L1 0.2968553429E+03  0.2968553429E+03  -.9749339223E+10  0.1000000000E+01
L2 0.1000000000E+01  0.3434587844E+02  0.3434587844E+02  0.3434587844E+02
L3 0.3119102902E+05  -.9597603277E+03  -.5282072501E+03  -.6526830219E+03
L4 -.7135501999E+03  0.2963141429E+03  0.2916172446E+03  0.3213382029E+03
L5 0.9092695904E+03  0.5117654220E+03  0.4101915641E+03  0.4678553989E+03
L6 0.1389812385E+04  -.9749339223E+04  0.1360963990E+04  -.1118326985E+05
L7 0.0000000000E+00  0.1631183106E+01  0.5959476922E+01  0.1074837906E+02
L8 0.4015360524E+01  0.4726868185E+02  0.3343556368E+01  0.0000000000E+00
L9 0.0000000000E+00  0.0000000000E+00  0.0000000000E+00  0.9840870642E+00  0.0000000000E+00
L0     5000  0.1000000000E+02  -.7987085145E+04  0.1858958128E+04
L1 0.3036254340E+03  0.3036254340E+03  -.9846043273E+10  0.1000000000E+01
L2 0.1000000000E+01  0.3426502577E+02  0.3426502577E+02  0.3426502577E+02
L3 0.3096872896E+05  0.1548652992E+03  0.2282378747E+03  0.2349979911E+03
L4 0.2060337217E+03  0.3115241431E+03  0.3036213652E+03  0.2853026871E+03
L5 0.9004481954E+03  0.2770070609E+03  0.2527506696E+03  0.2329252661E+03
L6 0.7626829966E+03  -.9846043273E+04  0.1500684501E+04  -.1142036478E+05
L7 0.0000000000E+00  0.8246818815E+01  0.8853722423E+01  0.9500241919E+01
L8 0.2581683996E+01  0.4202156311E+02  0.2432977404E+01  0.0000000000E+00
L9 0.0000000000E+00  0.0000000000E+00  0.0000000000E+00  0.9911510484E+00  0.0000000000E+00
L0     6000  0.1200000000E+02  -.7973675660E+04  0.1821695895E+04
L1 0.2975393573E+03  0.2975393573E+03  -.9795371555E+10  0.1000000000E+01
L2 0.1000000000E+01  0.3433153157E+02  0.3433153157E+02  0.3433153157E+02
L3 0.3115012396E+05  -.3216892126E+02  -.1726866296E+03  0.4453826478E+02
L4 -.5343909537E+02  0.2877388763E+03  0.2730499028E+03  0.3079463080E+03
L5 0.8687350871E+03  0.2949508288E+03  0.3117645292E+03  0.2979612716E+03
L6 0.9046766296E+03  -.9795371555E+04  0.1457743007E+04  -.1133072772E+05
L7 0.0000000000E+00  0.4876511941E+01  0.8649270363E+01  0.1127977170E+02
L8 0.2355186134E+01  0.4818487437E+02  0.2267545548E+01  0.0000000000E+00
L9 0.0000000000E+00  0.0000000000E+00  0.0000000000E+00  0.9853793270E+00  0.0000000000E+00
L0     7000  0.1400000000E+02  -.8083965642E+04  0.1805073159E+04
L1 0.2948243497E+03  0.2948243497E+03  -.9889038801E+10  0.1000000000E+01
L2 0.1000000000E+01  0.3435381010E+02  0.3435381010E+02  0.3435381010E+02
L3 0.3121259786E+05  -.3384883999E+03  -.8905788230E+03  -.8626276204E+03
L4 -.6972316144E+03  0.2994053150E+03  0.2920425153E+03  0.2899963405E+03
L5 0.8814441708E+03  0.3754432453E+03  0.4921018687E+03  0.4837767443E+03
L6 0.1351321858E+04  -.9889038801E+04  0.1431213159E+04  -.1139197223E+05
L7 0.0000000000E+00  0.2802786778E+01  0.7142694864E+01  0.1101034930E+02
L8 0.4144831574E+01  0.4513394414E+02  0.1485663217E+01  0.0000000000E+00
L9 0.0000000000E+00  0.0000000000E+00  0.0000000000E+00  0.9834070307E+00  0.0000000000E+00
L0     8000  0.1600000000E+02  -.7913609177E+04  0.1775281918E+04
L1 0.2899585174E+03  0.2899585174E+03  -.9688891095E+10  0.1000000000E+01
L2 0.1000000000E+01  0.3426854754E+02  0.3426854754E+02  0.3426854754E+02
L3 0.3097922654E+05  0.7063640071E+03  -.2267647481E+03  -.8903394677E+03
L4 -.1369134029E+03  0.3184112796E+03  0.2802698036E+03  0.2849352698E+03
L5 0.8836163530E+03  0.1609202899E+03  0.3308292945E+03  0.4834454465E+03
L6 0.9751950310E+03  -.9688891095E+04  0.1393156427E+04  -.1115309758E+05
L7 0.0000000000E+00  0.3489861981E+01  0.4732918170E+01  0.1032393648E+02
L8 0.3522095120E+01  0.4692345477E+02  0.2057793142E+01  0.0000000000E+00
L9 0.0000000000E+00  0.0000000000E+00  0.0000000000E+00  0.9908151884E+00  0.0000000000E+00
L0     9000  0.1800000000E+02  -.7938705581E+04  0.1778539035E+04
L1 0.2904905055E+03  0.2904905055E+03  -.9717244616E+10  0.1000000000E+01
L2 0.1000000000E+01  0.3425058715E+02  0.3425058715E+02  0.3425058715E+02
L3 0.3093103621E+05  -.3362124670E+02  -.1966385926E+03  -.7170170925E+03
L4 -.3157589773E+03  0.3026943162E+03  0.2890181354E+03  0.2855552548E+03
L5 0.8772677064E+03  0.3101788519E+03  0.3327924955E+03  0.4451727745E+03
L6 0.1088144122E+04  -.9717244616E+04  0.1382230323E+04  -.1118248313E+05
L7 0.0000000000E+00  0.3031208633E+01  0.1271283439E+02  0.1060018548E+02
L8 0.2947372236E+01  0.5003156686E+02  0.3685024942E+01  0.0000000000E+00
L9 0.0000000000E+00  0.0000000000E+00  0.0000000000E+00  0.9923588712E+00  0.0000000000E+00
L0    10000  0.2000000000E+02  -.7934298396E+04  0.1871073622E+04
L1 0.3056042694E+03  0.3056042694E+03  -.9805372019E+10  0.1000000000E+01
L2 0.1000000000E+01  0.3424233303E+02  0.3424233303E+02  0.3424233303E+02
L3 0.3090723111E+05  0.6850255887E+03  -.3531984492E+03  0.2966240781E+03
L4 0.2094837392E+03  0.3132047606E+03  0.2891303349E+03  0.3133049985E+03
L5 0.9156400940E+03  0.1608263377E+03  0.3676964842E+03  0.2473233623E+03
L6 0.7758461842E+03  -.9805372019E+04  0.1465985014E+04  -.1135336288E+05
L7 0.0000000000E+00  0.6554539606E+01  0.8501484490E+01  0.1279008698E+02
L8 0.3159560728E+01  0.4697450577E+02  0.4025668934E+01  0.0000000000E+00
L9 0.0000000000E+00  0.0000000000E+00  0.0000000000E+00  0.9931231973E+00  0.0000000000E+00
