L0  Nsteps           time(ps)         Etot             EKinetic        
L1  Temp             T_solute         T_solv           Pres_scal_solu  
L2  Pres_scal_solv   BoxX             BoxY             BoxZ            
L3  volume           pres_X           pres_Y           pres_Z          
L4  Pressure         EKCoM_x          EKCoM_y          EKCoM_z         
L5  EKComTot         VIRIAL_x         VIRIAL_y         VIRIAL_z        
L6  VIRIAL_tot       E_pot            E_vdw            E_el            
L7  E_hbon           E_bon            E_angle          E_dih           
L8  E_14vdw          E_14el           E_const          E_pol           
L9  AV_permMoment    AV_indMoment     AV_totMoment     Density          dV/dlambda      
L0     1000  0.2000000000E+01  -.6988111284E+04  0.1622842551E+04
L1 0.2955668620E+03  0.2955668620E+03  -.8610953835E+10  0.1000000000E+01
L2 0.1000000000E+01  0.3416388857E+02  0.3416388857E+02  0.3416388857E+02
L3 0.3069781803E+05  -.8545256520E+03  -.5218565713E+03  -.7487715538E+03
L4 -.7083845924E+03  0.2608184554E+03  0.2631448176E+03  0.2640491692E+03
L5 0.7880124422E+03  0.4496128917E+03  0.3784410840E+03  0.4294788472E+03
L6 0.1257532823E+04  -.8610953835E+04  0.1292316660E+04  -.9976231259E+04
L7 0.0000000000E+00  0.4593542941E+01  0.1289740166E+02  0.1137034158E+02
L8 0.2229271793E+01  0.4000651337E+02  0.1863693286E+01  0.0000000000E+00
L9 0.0000000000E+00  0.0000000000E+00  0.0000000000E+00  0.8965950049E+00  0.0000000000E+00
L0     2000  0.4000000000E+01  -.7030244797E+04  0.1617090296E+04
L1 0.2945192090E+03  0.2945192090E+03  -.8647335093E+10  0.1000000000E+01
L2 0.1000000000E+01  0.3364331257E+02  0.3364331257E+02  0.3364331257E+02
L3 0.2931484104E+05  0.2778625563E+02  -.3419969559E+03  -.7016190087E+03
L4 -.3386099030E+03  0.2856049738E+03  0.2519017163E+03  0.2864744110E+03
L5 0.8239811010E+03  0.2797425913E+03  0.3240567051E+03  0.4345029560E+03
L6 0.1038302252E+04  -.8647335093E+04  0.1294985939E+04  -.1001533680E+05
L7 0.0000000000E+00  0.3432147673E+01  0.8751811404E+01  0.1049071738E+02
L8 0.1861950156E+01  0.4237861982E+02  0.6100516788E+01  0.0000000000E+00
L9 0.0000000000E+00  0.0000000000E+00  0.0000000000E+00  0.9388933840E+00  0.0000000000E+00
L0     3000  0.6000000000E+01  -.7070766102E+04  0.1634418223E+04
L1 0.2976751288E+03  0.2976751288E+03  -.8705184325E+10  0.1000000000E+01
L2 0.1000000000E+01  0.3342872453E+02  0.3342872453E+02  0.3342872453E+02
L3 0.2875684449E+05  -.2272234173E+03  -.4251695390E+03  0.3708627033E+03
L4 -.9384341764E+02  0.2787173581E+03  0.2658671333E+03  0.2878663366E+03
L5 0.8324508280E+03  0.3257447503E+03  0.3538625295E+03  0.2111105779E+03
L6 0.8907178577E+03  -.8705184325E+04  0.1333127927E+04  -.1011519740E+05
L7 0.0000000000E+00  0.3176094435E+01  0.8231922575E+01  0.1143208642E+02
L8 0.3026517963E+01  0.4531550468E+02  0.5703025867E+01  0.0000000000E+00
L9 0.0000000000E+00  0.0000000000E+00  0.0000000000E+00  0.9571116301E+00  0.0000000000E+00
L0     4000  0.8000000000E+01  -.7096769420E+04  0.1719037688E+04
L1 0.3130867961E+03  0.3130867961E+03  -.8815807108E+10  0.1000000000E+01
L2 0.1000000000E+01  0.3319756483E+02  0.3319756483E+02  0.3319756483E+02
L3 0.2816482073E+05  -.4859692581E+03  -.5991897060E+03  0.3003756962E+03
L4 -.2615944226E+03  0.2934093188E+03  0.3112180649E+03  0.2795072827E+03
L5 0.8841346664E+03  0.3919175154E+03  0.4326765654E+03  0.2186197519E+03
L6 0.1043213833E+04  -.8815807108E+04  0.1286493928E+04  -.1017379005E+05
L7 0.0000000000E+00  0.4672025813E+01  0.8233945560E+01  0.1013969671E+02
L8 0.2564823687E+01  0.4447189573E+02  0.1406624783E+01  0.0000000000E+00
L9 0.0000000000E+00  0.0000000000E+00  0.0000000000E+00  0.9772300903E+00  0.0000000000E+00
L0     5000  0.1000000000E+02  -.7182640376E+04  0.1578655483E+04
L1 0.2875191108E+03  0.2875191108E+03  -.8761295859E+10  0.1000000000E+01
L2 0.1000000000E+01  0.3312362697E+02  0.3312362697E+02  0.3312362697E+02
L3 0.2797737200E+05  -.1145151843E+04  -.1572766472E+03  0.1340075655E+03
L4 -.3894736416E+03  0.2570797069E+03  0.2704745304E+03  0.2646925426E+03
L5 0.7922467799E+03  0.4876623292E+03  0.3021430484E+03  0.2377093822E+03
L6 0.1027514760E+04  -.8761295859E+04  0.1263084620E+04  -.1009413705E+05
L7 0.0000000000E+00  0.8674788924E+00  0.7559549014E+01  0.1034009173E+02
L8 0.3865164960E+01  0.4604374475E+02  0.1080541844E+01  0.0000000000E+00
L9 0.0000000000E+00  0.0000000000E+00  0.0000000000E+00  0.9837775436E+00  0.0000000000E+00
L0     6000  0.1200000000E+02  -.7095305128E+04  0.1650220891E+04
L1 0.3005532545E+03  0.3005532545E+03  -.8745526018E+10  0.1000000000E+01
L2 0.1000000000E+01  0.3298678799E+02  0.3298678799E+02  0.3298678799E+02
L3 0.2763166688E+05  -.1868237697E+02  -.1735905019E+03  -.4909391350E+03
L4 -.2277373380E+03  0.2648292135E+03  0.2691541355E+03  0.2855280903E+03
L5 0.8195114393E+03  0.2685445299E+03  0.3036756327E+03  0.3831598951E+03
L6 0.9553800576E+03  -.8745526018E+04  0.1243404684E+04  -.1006694971E+05
L7 0.0000000000E+00  0.3291251904E+01  0.9841428258E+01  0.1212062813E+02
L8 0.4413157030E+01  0.4444799166E+02  0.3904550833E+01  0.0000000000E+00
L9 0.0000000000E+00  0.0000000000E+00  0.0000000000E+00  0.9960857746E+00  0.0000000000E+00
L0     7000  0.1400000000E+02  -.7109984162E+04  0.1634998021E+04
L1 0.2977807268E+03  0.2977807268E+03  -.8744982183E+10  0.1000000000E+01
L2 0.1000000000E+01  0.3301169634E+02  0.3301169634E+02  0.3301169634E+02
L3 0.2769462244E+05  -.5011677738E+03  -.5843463556E+03  0.2071281011E+02
L4 -.3549337731E+03  0.2881317251E+03  0.2647823618E+03  0.2632492152E+03
L5 0.8161633021E+03  0.3880247504E+03  0.3812545859E+03  0.2591207270E+03
L6 0.1028400063E+04  -.8744982183E+04  0.1241982518E+04  -.1005927022E+05
L7 0.0000000000E+00  0.4662184622E+01  0.6861281213E+01  0.1021995301E+02
L8 0.3263127896E+01  0.4426384698E+02  0.3035123961E+01  0.0000000000E+00
L9 0.0000000000E+00  0.0000000000E+00  0.0000000000E+00  0.9938214671E+00  0.0000000000E+00
L0     8000  0.1600000000E+02  -.7093283900E+04  0.1703623213E+04
L1 0.3102793716E+03  0.3102793716E+03  -.8796907113E+10  0.1000000000E+01
L2 0.1000000000E+01  0.3304563645E+02  0.3304563645E+02  0.3304563645E+02
L3 0.2778138096E+05  -.1543064516E+04  -.7354062058E+03  -.2997257619E+03
L4 -.8593988279E+03  0.2790373050E+03  0.2686183669E+03  0.2772439366E+03
L5 0.8248996085E+03  0.5875652414E+03  0.4156591138E+03  0.3371725850E+03
L6 0.1340396940E+04  -.8796907113E+04  0.1199383072E+04  -.1006990213E+05
L7 0.0000000000E+00  0.5896362303E+01  0.6690052568E+01  0.1067808191E+02
L8 0.2553553201E+01  0.4350770925E+02  0.4286183301E+01  0.0000000000E+00
L9 0.0000000000E+00  0.0000000000E+00  0.0000000000E+00  0.9907178606E+00  0.0000000000E+00
L0     9000  0.1800000000E+02  -.7092055062E+04  0.1655742271E+04
L1 0.3015588586E+03  0.3015588586E+03  -.8747797334E+10  0.1000000000E+01
L2 0.1000000000E+01  0.3302114653E+02  0.3302114653E+02  0.3302114653E+02
L3 0.2771769528E+05  0.9629884522E+03  -.1339174243E+04  0.1828576493E+03
L4 -.6444271379E+02  0.2706191555E+03  0.2679698063E+03  0.2543982277E+03
L5 0.7929871896E+03  0.7851587772E+02  0.5351171029E+03  0.2179205797E+03
L6 0.8315535603E+03  -.8747797334E+04  0.1275009218E+04  -.1010871113E+05
L7 0.0000000000E+00  0.3819547592E+01  0.1397550351E+02  0.1077019344E+02
L8 0.3419205848E+01  0.4658179766E+02  0.7338333755E+01  0.0000000000E+00
L9 0.0000000000E+00  0.0000000000E+00  0.0000000000E+00  0.9929941877E+00  0.0000000000E+00
L0    10000  0.2000000000E+02  -.7130350114E+04  0.1622748939E+04
L1 0.2955498125E+03  0.2955498125E+03  -.8753099053E+10  0.1000000000E+01
L2 0.1000000000E+01  0.3304535881E+02  0.3304535881E+02  0.3304535881E+02
L3 0.2777904818E+05  -.4862030338E+02  -.2291189535E+03  -.3240598141E+03
L4 -.2005996903E+03  0.2633779325E+03  0.2600715216E+03  0.2810600725E+03
L5 0.8045095266E+03  0.2730984997E+03  0.3058788495E+03  0.3458487506E+03
L6 0.9248260998E+03  -.8753099053E+04  0.1258236781E+04  -.1008703040E+05
L7 0.0000000000E+00  0.6167088994E+01  0.1046177777E+02  0.1087247402E+02
L8 0.2029969526E+01  0.4304783545E+02  0.3115419152E+01  0.0000000000E+00
L9 0.0000000000E+00  0.0000000000E+00  0.0000000000E+00  0.9908010574E+00  0.0000000000E+00
