L0  Nsteps           time(ps)         Etot             EKinetic        
L1  Temp             T_solute         T_solv           Pres_scal_solu  
L2  Pres_scal_solv   BoxX             BoxY             BoxZ            
L3  volume           pres_X           pres_Y           pres_Z          
L4  Pressure         EKCoM_x          EKCoM_y          EKCoM_z         
L5  EKComTot         VIRIAL_x         VIRIAL_y         VIRIAL_z        
L6  VIRIAL_tot       E_pot            E_vdw            E_el            
L7  E_hbon           E_bon            E_angle          E_dih           
L8  E_14vdw          E_14el           E_const          E_pol           
L9  AV_permMoment    AV_indMoment     AV_totMoment     Density          dV/dlambda      
L0     1000  0.2000000000E+01  -.7904688827E+04  0.1827634402E+04
L1 0.2950616463E+03  0.2950616463E+03  -.9732323229E+10  0.1000000000E+01
L2 0.1000000000E+01  0.3537950264E+02  0.3537950264E+02  0.3537950264E+02
L3 0.3409322599E+05  -.8454001793E+03  -.7777615566E+03  -.1068029276E+04
L4 -.8970636705E+03  0.3054014295E+03  0.3022494182E+03  0.3020058965E+03
L5 0.9096567442E+03  0.5128388068E+03  0.4930901839E+03  0.5640701795E+03
L6 0.1569999170E+04  -.9732323229E+04  0.1435853070E+04  -.1124495379E+05
L7 0.0000000000E+00  0.2579320297E+01  0.6304167213E+01  0.1093224291E+02
L8 0.4688892493E+01  0.5109291270E+02  0.1179957890E+01  0.0000000000E+00
L9 0.0000000000E+00  0.0000000000E+00  0.0000000000E+00  0.9108463205E+00  0.0000000000E+00
L0     2000  0.4000000000E+01  -.7956216385E+04  0.1811970771E+04
L1 0.2925328381E+03  0.2925328381E+03  -.9768187156E+10  0.1000000000E+01
L2 0.1000000000E+01  0.3472817054E+02  0.3472817054E+02  0.3472817054E+02
L3 0.3224354389E+05  -.5405984147E+03  -.7532691156E+03  -.1680457741E+03
L4 -.4873044348E+03  0.3174533477E+03  0.2762965282E+03  0.2772400524E+03
L5 0.8709899282E+03  0.4429043447E+03  0.4510997813E+03  0.3162366704E+03
L6 0.1210240796E+04  -.9768187156E+04  0.1400749120E+04  -.1124343042E+05
L7 0.0000000000E+00  0.7522068694E+00  0.6276757207E+01  0.1104664281E+02
L8 0.4664114480E+01  0.4770525425E+02  0.4049166315E+01  0.0000000000E+00
L9 0.0000000000E+00  0.0000000000E+00  0.0000000000E+00  0.9630979012E+00  0.0000000000E+00
L0     3000  0.6000000000E+01  -.8045709270E+04  0.1865107519E+04
L1 0.3011114775E+03  0.3011114775E+03  -.9910816789E+10  0.1000000000E+01
L2 0.1000000000E+01  0.3455949560E+02  0.3455949560E+02  0.3455949560E+02
L3 0.3177499412E+05  0.4629532064E+03  -.6050383394E+03  -.2543211791E+03
L4 -.1321354374E+03  0.3139693923E+03  0.3272447260E+03  0.2793401549E+03
L5 0.9205542732E+03  0.2080978706E+03  0.4656093140E+03  0.3375001802E+03
L6 0.1011207365E+04  -.9910816789E+04  0.1494437179E+04  -.1148032726E+05
L7 0.0000000000E+00  0.2552807082E+01  0.7956343200E+01  0.1021877640E+02
L8 0.2511362347E+01  0.4670930074E+02  0.5124702096E+01  0.0000000000E+00
L9 0.0000000000E+00  0.0000000000E+00  0.0000000000E+00  0.9772996128E+00  0.0000000000E+00
L0     4000  0.8000000000E+01  -.7984199404E+04  0.1847022629E+04
L1 0.2981917703E+03  0.2981917703E+03  -.9831222033E+10  0.1000000000E+01
L2 0.1000000000E+01  0.3448162936E+02  0.3448162936E+02  0.3448162936E+02
L3 0.3156075811E+05  -.2415745007E+03  -.1361557497E+03  -.8028588212E+02
L4 -.1526720442E+03  0.3109937853E+03  0.2996375755E+03  0.2987505390E+03
L5 0.9093818998E+03  0.3658663295E+03  0.3305647320E+03  0.3169871104E+03
L6 0.1013418172E+04  -.9831222033E+04  0.1443364319E+04  -.1135132967E+05
L7 0.0000000000E+00  0.4373051480E+01  0.6354971922E+01  0.1014968208E+02
L8 0.3241023447E+01  0.4850777743E+02  0.4116808820E+01  0.0000000000E+00
L9 0.0000000000E+00  0.0000000000E+00  0.0000000000E+00  0.9839335714E+00  0.0000000000E+00
L0     5000  0.1000000000E+02  -.8037727636E+04  0.1868114371E+04
L1 0.3015969174E+03  0.3015969174E+03  -.9905842007E+10  0.1000000000E+01
L2 0.1000000000E+01  0.3451515394E+02  0.3451515394E+02  0.3451515394E+02
L3 0.3165303896E+05  -.4694261811E+02  -.3273273182E+03  -.2293054592E+03
L4 -.2011917985E+03  0.2980623393E+03  0.3131855525E+03  0.3033585182E+03
L5 0.9146064100E+03  0.3087563176E+03  0.3877538529E+03  0.3555964996E+03
L6 0.1052106670E+04  -.9905842007E+04  0.1466773950E+04  -.1144512315E+05
L7 0.0000000000E+00  0.4825572811E+01  0.8235304239E+01  0.1254292336E+02
L8 0.2015622173E+01  0.4251074617E+02  0.2377025433E+01  0.0000000000E+00
L9 0.0000000000E+00  0.0000000000E+00  0.0000000000E+00  0.9810650247E+00  0.0000000000E+00
L0     6000  0.1200000000E+02  -.8054379956E+04  0.1823101647E+04
L1 0.2943298576E+03  0.2943298576E+03  -.9877481603E+10  0.1000000000E+01
L2 0.1000000000E+01  0.3454442312E+02  0.3454442312E+02  0.3454442312E+02
L3 0.3173394468E+05  0.3101139306E+03  -.7777262057E+03  -.4657486771E+03
L4 -.3111203174E+03  0.2839971883E+03  0.3008935117E+03  0.2978179427E+03
L5 0.8827086428E+03  0.2131696878E+03  0.4785198542E+03  0.4041911540E+03
L6 0.1095880696E+04  -.9877481603E+04  0.1447263885E+04  -.1139875334E+05
L7 0.0000000000E+00  0.5694666325E+01  0.6149382338E+01  0.1052454329E+02
L8 0.2975569477E+01  0.4469892846E+02  0.3964762076E+01  0.0000000000E+00
L9 0.0000000000E+00  0.0000000000E+00  0.0000000000E+00  0.9785637985E+00  0.0000000000E+00
L0     7000  0.1400000000E+02  -.8001501000E+04  0.1855747475E+04
L1 0.2996003492E+03  0.2996003492E+03  -.9857248475E+10  0.1000000000E+01
L2 0.1000000000E+01  0.3454090437E+02  0.3454090437E+02  0.3454090437E+02
L3 0.3172438519E+05  -.4466508891E+03  -.4556653863E+03  -.1761985262E+03
L4 -.3595049339E+03  0.3024621938E+03  0.2962574479E+03  0.3151070169E+03
L5 0.9138266586E+03  0.4044428958E+03  0.4002963675E+03  0.3553372053E+03
L6 0.1160076469E+04  -.9857248475E+04  0.1428074619E+04  -.1135342860E+05
L7 0.0000000000E+00  0.4808028432E+01  0.6697019611E+01  0.9937049833E+01
L8 0.2501930250E+01  0.4344914560E+02  0.7123353821E+00  0.0000000000E+00
L9 0.0000000000E+00  0.0000000000E+00  0.0000000000E+00  0.9788586686E+00  0.0000000000E+00
L0     8000  0.1600000000E+02  -.8019480510E+04  0.1870646404E+04
L1 0.3020057004E+03  0.3020057004E+03  -.9890126914E+10  0.1000000000E+01
L2 0.1000000000E+01  0.3446798078E+02  0.3446798078E+02  0.3446798078E+02
L3 0.3152423040E+05  -.1561275588E+04  -.6475875431E+02  0.1707554186E+03
L4 -.4850929747E+03  0.3167739278E+03  0.3110311437E+03  0.3219040752E+03
L5 0.9497091467E+03  0.6710000969E+03  0.3257237743E+03  0.2831626523E+03
L6 0.1279886524E+04  -.9890126914E+04  0.1398055187E+04  -.1135965022E+05
L7 0.0000000000E+00  0.1770130175E+01  0.7151330223E+01  0.1182675761E+02
L8 0.3111206394E+01  0.4433591753E+02  0.3272772988E+01  0.0000000000E+00
L9 0.0000000000E+00  0.0000000000E+00  0.0000000000E+00  0.9850736735E+00  0.0000000000E+00
L0     9000  0.1800000000E+02  -.8062863401E+04  0.1846603593E+04
L1 0.2981241192E+03  0.2981241192E+03  -.9909466995E+10  0.1000000000E+01
L2 0.1000000000E+01  0.3445112647E+02  0.3445112647E+02  0.3445112647E+02
L3 0.3147693733E+05  -.1727782000E+03  -.3879434054E+03  0.2498266815E+03
L4 -.1036316413E+03  0.2971520508E+03  0.3313631880E+03  0.3049202888E+03
L5 0.9334355276E+03  0.3362935985E+03  0.4192487275E+03  0.2483240112E+03
L6 0.1003866337E+04  -.9909466995E+04  0.1460277662E+04  -.1144345713E+05
L7 0.0000000000E+00  0.1907851001E+01  0.8475594042E+01  0.9185770017E+01
L8 0.4206393007E+01  0.4645339071E+02  0.3483473384E+01  0.0000000000E+00
L9 0.0000000000E+00  0.0000000000E+00  0.0000000000E+00  0.9865537147E+00  0.0000000000E+00
L0    10000  0.2000000000E+02  -.8007464029E+04  0.1838670316E+04
L1 0.2968433346E+03  0.2968433346E+03  -.9846134345E+10  0.1000000000E+01
L2 0.1000000000E+01  0.3437086415E+02  0.3437086415E+02  0.3437086415E+02
L3 0.3125685810E+05  -.2297365180E+03  0.2629954174E+03  0.2925264132E+03
L4 0.1085951042E+03  0.3263359439E+03  0.3149651090E+03  0.2809164331E+03
L5 0.9222174860E+03  0.3780170661E+03  0.2558021234E+03  0.2151102067E+03
L6 0.8489293962E+03  -.9846134345E+04  0.1454419230E+04  -.1137440150E+05
L7 0.0000000000E+00  0.2925875412E+01  0.6861849495E+01  0.1002292352E+02
L8 0.3847678581E+01  0.4760842146E+02  0.2581173882E+01  0.0000000000E+00
L9 0.0000000000E+00  0.0000000000E+00  0.0000000000E+00  0.9935000297E+00  0.0000000000E+00
