L0  Nsteps           time(ps)         Etot             EKinetic        
L1  Temp             T_solute         T_solv           Pres_scal_solu  
L2  Pres_scal_solv   BoxX             BoxY             BoxZ            
L3  volume           pres_X           pres_Y           pres_Z          
L4  Pressure         EKCoM_x          EKCoM_y          EKCoM_z         
L5  EKComTot         VIRIAL_x         VIRIAL_y         VIRIAL_z        
L6  VIRIAL_tot       E_pot            E_vdw            E_el            
L7  E_hbon           E_bon            E_angle          E_dih           
L8  E_14vdw          E_14el           E_const          E_pol           
L9  AV_permMoment    AV_indMoment     AV_totMoment     Density          dV/dlambda      
L0     1000  0.2000000000E+01  -.7449737751E+04  0.1772510817E+04
L1 0.3046337813E+03  0.3046337813E+03  -.9222248568E+10  0.1000000000E+01
L2 0.1000000000E+01  0.3463696039E+02  0.3463696039E+02  0.3463696039E+02
L3 0.3199142882E+05  -.8292808869E+03  -.7940674307E+03  -.1175586399E+04
L4 -.9329782389E+03  0.3143743153E+03  0.2986376889E+03  0.2752432533E+03
L5 0.8882552575E+03  0.5053120972E+03  0.4814677485E+03  0.5459161495E+03
L6 0.1532695995E+04  -.9222248568E+04  0.1353196640E+04  -.1065144882E+05
L7 0.0000000000E+00  0.4581032057E+01  0.1210863921E+02  0.1166579716E+02
L8 0.2740797563E+01  0.4135228051E+02  0.3555068820E+01  0.0000000000E+00
L9 0.0000000000E+00  0.0000000000E+00  0.0000000000E+00  0.9117733676E+00  0.0000000000E+00
L0     2000  0.4000000000E+01  -.7465148783E+04  0.1769481646E+04
L1 0.3041131706E+03  0.3041131706E+03  -.9234630429E+10  0.1000000000E+01
L2 0.1000000000E+01  0.3414513450E+02  0.3414513450E+02  0.3414513450E+02
L3 0.3064703688E+05  -.6031173583E+03  -.2853233328E+03  -.9571946348E+03
L4 -.6152117753E+03  0.2857591423E+03  0.2892566914E+03  0.2839737183E+03
L5 0.8589895520E+03  0.4187883177E+03  0.3521902601E+03  0.4951014718E+03
L6 0.1266080050E+04  -.9234630429E+04  0.1344098128E+04  -.1064828258E+05
L7 0.0000000000E+00  0.2934853774E+01  0.6358202810E+01  0.1093806988E+02
L8 0.2432709546E+01  0.4513293862E+02  0.1757253871E+01  0.0000000000E+00
L9 0.0000000000E+00  0.0000000000E+00  0.0000000000E+00  0.9517700815E+00  0.0000000000E+00
L0     3000  0.6000000000E+01  -.7527943397E+04  0.1769773271E+04
L1 0.3041632909E+03  0.3041632909E+03  -.9297716668E+10  0.1000000000E+01
L2 0.1000000000E+01  0.3387069279E+02  0.3387069279E+02  0.3387069279E+02
L3 0.2991371281E+05  -.2040154094E+03  -.1404212481E+04  0.6671742195E+02
L4 -.5138368228E+03  0.2702852373E+03  0.2814727907E+03  0.3161654230E+03
L5 0.8679234510E+03  0.3142080224E+03  0.5837878133E+03  0.3018017286E+03
L6 0.1199797564E+04  -.9297716668E+04  0.1330419308E+04  -.1070506851E+05
L7 0.0000000000E+00  0.4074765320E+01  0.8642757449E+01  0.1146822219E+02
L8 0.2907896227E+01  0.4662229945E+02  0.3216594065E+01  0.0000000000E+00
L9 0.0000000000E+00  0.0000000000E+00  0.0000000000E+00  0.9751023878E+00  0.0000000000E+00
L0     4000  0.8000000000E+01  -.7563152259E+04  0.1749912096E+04
L1 0.3007498366E+03  0.3007498366E+03  -.9313064355E+10  0.1000000000E+01
L2 0.1000000000E+01  0.3379209050E+02  0.3379209050E+02  0.3379209050E+02
L3 0.2970528144E+05  0.6866703594E+02  -.7370052091E+03  -.1307049855E+03
L4 -.2663477195E+03  0.2891363832E+03  0.2858191093E+03  0.2882876909E+03
L5 0.8632431835E+03  0.2744559608E+03  0.4433844921E+03  0.3162312941E+03
L6 0.1034071747E+04  -.9313064355E+04  0.1362357421E+04  -.1074855621E+05
L7 0.0000000000E+00  0.2856738653E+01  0.9362258529E+01  0.1262943571E+02
L8 0.2277969895E+01  0.4278139109E+02  0.3226636068E+01  0.0000000000E+00
L9 0.0000000000E+00  0.0000000000E+00  0.0000000000E+00  0.9819443335E+00  0.0000000000E+00
L0     5000  0.1000000000E+02  -.7517934532E+04  0.1779429058E+04
L1 0.3058227893E+03  0.3058227893E+03  -.9297363590E+10  0.1000000000E+01
L2 0.1000000000E+01  0.3366846239E+02  0.3366846239E+02  0.3366846239E+02
L3 0.2937946807E+05  -.3782402882E+02  0.1822839843E+03  0.1726661685E+03
L4 0.1057087080E+03  0.3002956324E+03  0.2642942104E+03  0.2997196665E+03
L5 0.8643095094E+03  0.3082933911E+03  0.2257508993E+03  0.2632100089E+03
L6 0.7972542992E+03  -.9297363590E+04  0.1396818818E+04  -.1076673370E+05
L7 0.0000000000E+00  0.4954850315E+01  0.1010965954E+02  0.9006560606E+01
L8 0.2444075711E+01  0.4336040854E+02  0.2675741022E+01  0.0000000000E+00
L9 0.0000000000E+00  0.0000000000E+00  0.0000000000E+00  0.9928339315E+00  0.0000000000E+00
L0     6000  0.1200000000E+02  -.7555036743E+04  0.1716767319E+04
L1 0.2950533868E+03  0.2950533868E+03  -.9271804062E+10  0.1000000000E+01
L2 0.1000000000E+01  0.3360807910E+02  0.3360807910E+02  0.3360807910E+02
L3 0.2922191854E+05  0.3227628418E+02  -.1702604521E+03  0.1783019829E+03
L4 0.1343927166E+02  0.2813366780E+03  0.2933582769E+03  0.2899534091E+03
L5 0.8646483639E+03  0.2745485685E+03  0.3291661964E+03  0.2524542543E+03
L6 0.8561690192E+03  -.9271804062E+04  0.1349314486E+04  -.1070434576E+05
L7 0.0000000000E+00  0.2509603341E+01  0.1628636542E+02  0.1077928604E+02
L8 0.2820001895E+01  0.4850224014E+02  0.2329714942E+01  0.0000000000E+00
L9 0.0000000000E+00  0.0000000000E+00  0.0000000000E+00  0.9981867804E+00  0.0000000000E+00
L0     7000  0.1400000000E+02  -.7594245507E+04  0.1719295303E+04
L1 0.2954878606E+03  0.2954878606E+03  -.9313540810E+10  0.1000000000E+01
L2 0.1000000000E+01  0.3363127146E+02  0.3363127146E+02  0.3363127146E+02
L3 0.2928081403E+05  0.3401110207E+02  0.1242913393E+04  0.6504493561E+03
L4 0.6424579505E+03  0.2846500087E+03  0.2874602830E+03  0.2830874830E+03
L5 0.8551977747E+03  0.2774826287E+03  0.2553308670E+02  0.1460140738E+03
L6 0.4490297891E+03  -.9313540810E+04  0.1452506151E+04  -.1084147024E+05
L7 0.0000000000E+00  0.5935306408E+01  0.1002943785E+02  0.9403937131E+01
L8 0.3332082661E+01  0.4295986184E+02  0.3762648643E+01  0.0000000000E+00
L9 0.0000000000E+00  0.0000000000E+00  0.0000000000E+00  0.9961790254E+00  0.0000000000E+00
L0     8000  0.1600000000E+02  -.7545047269E+04  0.1736159898E+04
L1 0.2983863057E+03  0.2983863057E+03  -.9281207166E+10  0.1000000000E+01
L2 0.1000000000E+01  0.3381084936E+02  0.3381084936E+02  0.3381084936E+02
L3 0.2975355507E+05  -.1217521411E+03  0.1926782021E+03  0.5139433386E+03
L4 0.1949564666E+03  0.3073947518E+03  0.2845624744E+03  0.2879926208E+03
L5 0.8799498470E+03  0.3334666140E+03  0.2433025878E+03  0.1779373908E+03
L6 0.7547065926E+03  -.9281207166E+04  0.1417686233E+04  -.1077335689E+05
L7 0.0000000000E+00  0.3951437162E+01  0.6945316723E+01  0.1086941037E+02
L8 0.3680350946E+01  0.4646273344E+02  0.2554243516E+01  0.0000000000E+00
L9 0.0000000000E+00  0.0000000000E+00  0.0000000000E+00  0.9803511790E+00  0.0000000000E+00
L0     9000  0.1800000000E+02  -.7588475608E+04  0.1697368315E+04
L1 0.2917193637E+03  0.2917193637E+03  -.9285843922E+10  0.1000000000E+01
L2 0.1000000000E+01  0.3381693926E+02  0.3381693926E+02  0.3381693926E+02
L3 0.2976995869E+05  -.9116750669E+02  0.3839056343E+03  -.7322463481E+02
L4 0.7317116426E+02  0.2871425129E+03  0.2692888798E+03  0.2895899687E+03
L5 0.8460213614E+03  0.3066757800E+03  0.1870344497E+03  0.3052788517E+03
L6 0.7989890814E+03  -.9285843922E+04  0.1422550976E+04  -.1079292251E+05
L7 0.0000000000E+00  0.3524280466E+01  0.1351360642E+02  0.1339173103E+02
L8 0.3364664475E+01  0.4867833805E+02  0.2054995096E+01  0.0000000000E+00
L9 0.0000000000E+00  0.0000000000E+00  0.0000000000E+00  0.9798109930E+00  0.0000000000E+00
L0    10000  0.2000000000E+02  -.7605910750E+04  0.1723260919E+04
L1 0.2961694138E+03  0.2961694138E+03  -.9329171668E+10  0.1000000000E+01
L2 0.1000000000E+01  0.3374500628E+02  0.3374500628E+02  0.3374500628E+02
L3 0.2958105956E+05  -.3864741546E+03  -.3434065624E+03  0.1868778480E+03
L4 -.1810009563E+03  0.2677388050E+03  0.2627675658E+03  0.2999977114E+03
L5 0.8305040823E+03  0.3500181379E+03  0.3358779214E+03  0.2602119082E+03
L6 0.9461079675E+03  -.9329171668E+04  0.1380140193E+04  -.1078044863E+05
L7 0.0000000000E+00  0.3839902553E+01  0.8914703956E+01  0.1154307898E+02
L8 0.1545979194E+01  0.4323818625E+02  0.2054921850E+01  0.0000000000E+00
L9 0.0000000000E+00  0.0000000000E+00  0.0000000000E+00  0.9860678833E+00  0.0000000000E+00
