LIG
   5.385   1.156   0.078   4.296   1.188   0.041   3.977   1.769  -0.823   3.913
   1.651   0.950   3.712  -0.218  -0.073   4.442  -1.206  -0.112   2.378  -0.312
  -0.128   1.791   0.527  -0.095   1.721  -1.599  -0.239   2.026  -2.097  -1.153
   2.034  -2.511   0.941   1.722  -2.036   1.872   1.508  -3.460   0.825   3.107
  -2.691   0.971   0.221  -1.371  -0.290  -0.030  -0.363  -0.242  -0.558  -2.381
  -0.386  -0.145  -3.312  -0.422  -2.045  -2.318  -0.444  -2.371  -2.767  -1.382
  -2.660  -3.099   0.714  -2.346  -2.660   1.662  -3.743  -3.046   0.630  -2.345
  -4.144   0.682  -2.578  -0.855  -0.375  -3.804  -0.748  -0.461  -1.614   0.002
  -0.281  -0.640  -0.195  -0.224  -1.956   1.393  -0.215  -2.503   1.704  -1.116
  -2.837   1.689   0.994  -2.307   1.405   1.904  -3.080   2.753   1.037  -3.759
   1.111   0.914  -0.698   2.257  -0.102   0.438   1.757  -0.079  -0.886   3.580
  -0.025  -1.824   3.951  -0.046   0.215   4.513   0.090   1.155   3.961   0.099
   0.205   5.199  -0.759   0.120   5.083   1.015
