L0  Nsteps           time(ps)         Etot             EKinetic        
L1  Temp             T_solute         T_solv           Pres_scal_solu  
L2  Pres_scal_solv   BoxX             BoxY             BoxZ            
L3  volume           pres_X           pres_Y           pres_Z          
L4  Pressure         EKCoM_x          EKCoM_y          EKCoM_z         
L5  EKComTot         VIRIAL_x         VIRIAL_y         VIRIAL_z        
L6  VIRIAL_tot       E_pot            E_vdw            E_el            
L7  E_hbon           E_bon            E_angle          E_dih           
L8  E_14vdw          E_14el           E_const          E_pol           
L9  AV_permMoment    AV_indMoment     AV_totMoment     Density          dV/dlambda      
L0     1000  0.2000000000E+01  -.7966218323E+04  0.1826319074E+04
L1 0.2948492937E+03  0.2948492937E+03  -.9792537397E+10  0.1000000000E+01
L2 0.1000000000E+01  0.3553644447E+02  0.3553644447E+02  0.3553644447E+02
L3 0.3454697720E+05  -.6505074741E+03  0.1207435443E+03  -.2415112536E+03
L4 -.2570917278E+03  0.2883784319E+03  0.2951603632E+03  0.3176629016E+03
L5 0.9012016968E+03  0.4501189851E+03  0.2651389900E+03  0.3777116563E+03
L6 0.1092969631E+04  -.9792537397E+04  0.1557731072E+04  -.1142179582E+05
L7 0.0000000000E+00  0.3149880024E+01  0.8835135065E+01  0.9241808278E+01
L8 0.3901787487E+01  0.4528801850E+02  0.1110722503E+01  0.0000000000E+00
L9 0.0000000000E+00  0.0000000000E+00  0.0000000000E+00  0.8988829695E+00  0.0000000000E+00
L0     2000  0.4000000000E+01  -.7947016731E+04  0.1820693412E+04
L1 0.2939410612E+03  0.2939410612E+03  -.9767710144E+10  0.1000000000E+01
L2 0.1000000000E+01  0.3494049613E+02  0.3494049613E+02  0.3494049613E+02
L3 0.3283820608E+05  -.4372255214E+03  0.7922248027E+02  -.7298556524E+03
L4 -.3626195645E+03  0.2875761408E+03  0.3010193083E+03  0.3146444597E+03
L5 0.9032399089E+03  0.3909097286E+03  0.2822959202E+03  0.4871380572E+03
L6 0.1160343706E+04  -.9767710144E+04  0.1461339532E+04  -.1130059034E+05
L7 0.0000000000E+00  0.3768111976E+01  0.8856553626E+01  0.9529237495E+01
L8 0.2652885490E+01  0.4296136797E+02  0.3772510241E+01  0.0000000000E+00
L9 0.0000000000E+00  0.0000000000E+00  0.0000000000E+00  0.9456573046E+00  0.0000000000E+00
L0     3000  0.6000000000E+01  -.7996324662E+04  0.1815268613E+04
L1 0.2930652568E+03  0.2930652568E+03  -.9811593275E+10  0.1000000000E+01
L2 0.1000000000E+01  0.3453010755E+02  0.3453010755E+02  0.3453010755E+02
L3 0.3169458560E+05  0.1160118219E+02  -.4437821300E+03  -.5831002062E+03
L4 -.3384270514E+03  0.2733236858E+03  0.2938537953E+03  0.3098050344E+03
L5 0.8769825155E+03  0.2706773564E+03  0.3950843154E+03  0.4428152057E+03
L6 0.1108576878E+04  -.9811593275E+04  0.1413161008E+04  -.1129818319E+05
L7 0.0000000000E+00  0.3415051608E+01  0.7851462881E+01  0.1061647141E+02
L8 0.2870136335E+01  0.4636870453E+02  0.2307083830E+01  0.0000000000E+00
L9 0.0000000000E+00  0.0000000000E+00  0.0000000000E+00  0.9797790021E+00  0.0000000000E+00
L0     4000  0.8000000000E+01  -.8010106661E+04  0.1840924805E+04
L1 0.2972073097E+03  0.2972073097E+03  -.9851031466E+10  0.1000000000E+01
L2 0.1000000000E+01  0.3443321092E+02  0.3443321092E+02  0.3443321092E+02
L3 0.3142728837E+05  -.3756970526E+03  0.6074989384E+03  0.6495689485E+02
L4 0.9891959354E+02  0.2948784133E+03  0.2908428622E+03  0.3032640427E+03
L5 0.8889853182E+03  0.3798553906E+03  0.1534358128E+03  0.2885717779E+03
L6 0.8218629813E+03  -.9851031466E+04  0.1464594227E+04  -.1138567823E+05
L7 0.0000000000E+00  0.1569205627E+01  0.6885246291E+01  0.1055515022E+02
L8 0.2509700700E+01  0.4731246589E+02  0.1220764917E+01  0.0000000000E+00
L9 0.0000000000E+00  0.0000000000E+00  0.0000000000E+00  0.9881122762E+00  0.0000000000E+00
L0     5000  0.1000000000E+02  -.8127780972E+04  0.1823238623E+04
L1 0.2943519717E+03  0.2943519717E+03  -.9951019595E+10  0.1000000000E+01
L2 0.1000000000E+01  0.3443709751E+02  0.3443709751E+02  0.3443709751E+02
L3 0.3143897709E+05  0.1441325570E+03  -.8783859018E+03  -.8754793703E+02
L4 -.2739337606E+03  0.3043997008E+03  0.2845723334E+03  0.2886062674E+03
L5 0.8775783016E+03  0.2717869765E+03  0.4833238009E+03  0.3084156484E+03
L6 0.1063526426E+04  -.9951019595E+04  0.1458135817E+04  -.1148598444E+05
L7 0.0000000000E+00  0.3488553467E+01  0.8315984225E+01  0.1175479636E+02
L8 0.2931967158E+01  0.4578691321E+02  0.4550815654E+01  0.0000000000E+00
L9 0.0000000000E+00  0.0000000000E+00  0.0000000000E+00  0.9877449053E+00  0.0000000000E+00
L0     6000  0.1200000000E+02  -.8010386606E+04  0.1909949498E+04
L1 0.3083509713E+03  0.3083509713E+03  -.9920336104E+10  0.1000000000E+01
L2 0.1000000000E+01  0.3456157538E+02  0.3456157538E+02  0.3456157538E+02
L3 0.3178030509E+05  -.1943187922E+03  -.7630104842E+02  0.3250517248E+03
L4 0.1814396140E+02  0.3158494693E+03  0.2949481829E+03  0.3184525487E+03
L5 0.9292502009E+03  0.3602951380E+03  0.3124001806E+03  0.2441049207E+03
L6 0.9168002393E+03  -.9920336104E+04  0.1502038810E+04  -.1149364863E+05
L7 0.0000000000E+00  0.1106544446E+01  0.6502571803E+01  0.1372978445E+02
L8 0.2573639032E+01  0.4489468510E+02  0.2466490729E+01  0.0000000000E+00
L9 0.0000000000E+00  0.0000000000E+00  0.0000000000E+00  0.9771362913E+00  0.0000000000E+00
L0     7000  0.1400000000E+02  -.8086493905E+04  0.1859968706E+04
L1 0.3002818441E+03  0.3002818441E+03  -.9946462612E+10  0.1000000000E+01
L2 0.1000000000E+01  0.3452244090E+02  0.3452244090E+02  0.3452244090E+02
L3 0.3167355724E+05  -.5828544080E+03  -.3020805118E+02  -.4852382221E+03
L4 -.3661002271E+03  0.3066579766E+03  0.3084867876E+03  0.3024288985E+03
L5 0.9175736626E+03  0.4395238683E+03  0.3153729321E+03  0.4130424723E+03
L6 0.1167939273E+04  -.9946462612E+04  0.1459053922E+04  -.1148831867E+05
L7 0.0000000000E+00  0.2722030935E+01  0.1121857645E+02  0.1376348565E+02
L8 0.3419838712E+01  0.4507904833E+02  0.6599152108E+01  0.0000000000E+00
L9 0.0000000000E+00  0.0000000000E+00  0.0000000000E+00  0.9804294862E+00  0.0000000000E+00
L0     8000  0.1600000000E+02  -.7967046202E+04  0.1893111435E+04
L1 0.3056325576E+03  0.3056325576E+03  -.9860157637E+10  0.1000000000E+01
L2 0.1000000000E+01  0.3449552803E+02  0.3449552803E+02  0.3449552803E+02
L3 0.3159740719E+05  0.3059478885E+03  0.1013359129E+03  0.7635575875E+03
L4 0.3902804630E+03  0.3156329214E+03  0.2983163035E+03  0.3113615747E+03
L5 0.9253107997E+03  0.2460575574E+03  0.2752715848E+03  0.1377215560E+03
L6 0.6590506982E+03  -.9860157637E+04  0.1506883212E+04  -.1143994516E+05
L7 0.0000000000E+00  0.2503378422E+01  0.6737677726E+01  0.9651204237E+01
L8 0.3623545753E+01  0.4811965415E+02  0.2268849418E+01  0.0000000000E+00
L9 0.0000000000E+00  0.0000000000E+00  0.0000000000E+00  0.9827923305E+00  0.0000000000E+00
L0     9000  0.1800000000E+02  -.8123659115E+04  0.1817552790E+04
L1 0.2934340247E+03  0.2934340247E+03  -.9941211904E+10  0.1000000000E+01
L2 0.1000000000E+01  0.3442085640E+02  0.3442085640E+02  0.3442085640E+02
L3 0.3139376909E+05  -.2214573404E+03  0.5883289699E+03  -.3878524373E+03
L4 -.6993602595E+01  0.2881680463E+03  0.3049410465E+03  0.2968463600E+03
L5 0.8899554528E+03  0.3382049145E+03  0.1720118825E+03  0.3844791350E+03
L6 0.8946959320E+03  -.9941211904E+04  0.1488655952E+04  -.1150676711E+05
L7 0.0000000000E+00  0.3046561762E+01  0.7407280170E+01  0.1023954739E+02
L8 0.4100133753E+01  0.4724667468E+02  0.4859053596E+01  0.0000000000E+00
L9 0.0000000000E+00  0.0000000000E+00  0.0000000000E+00  0.9891672886E+00  0.0000000000E+00
L0    10000  0.2000000000E+02  -.8081048791E+04  0.1867234615E+04
L1 0.3014548856E+03  0.3014548856E+03  -.9948283407E+10  0.1000000000E+01
L2 0.1000000000E+01  0.3445069252E+02  0.3445069252E+02  0.3445069252E+02
L3 0.3147583104E+05  -.2518600230E+03  -.7067002307E+03  0.5588149091E+03
L4 -.1332484482E+03  0.3011510377E+03  0.3073162967E+03  0.3014453518E+03
L5 0.9099126862E+03  0.3582059476E+03  0.4674080712E+03  0.1748546609E+03
L6 0.1000468680E+04  -.9948283407E+04  0.1473558706E+04  -.1149613404E+05
L7 0.0000000000E+00  0.1604801658E+01  0.9855717578E+01  0.1268245027E+02
L8 0.2438301984E+01  0.4322009084E+02  0.4490561732E+01  0.0000000000E+00
L9 0.0000000000E+00  0.0000000000E+00  0.0000000000E+00  0.9865883893E+00  0.0000000000E+00
