L0  Nsteps           time(ps)         Etot             EKinetic        
L1  Temp             T_solute         T_solv           Pres_scal_solu  
L2  Pres_scal_solv   BoxX             BoxY             BoxZ            
L3  volume           pres_X           pres_Y           pres_Z          
L4  Pressure         EKCoM_x          EKCoM_y          EKCoM_z         
L5  EKComTot         VIRIAL_x         VIRIAL_y         VIRIAL_z        
L6  VIRIAL_tot       E_pot            E_vdw            E_el            
L7  E_hbon           E_bon            E_angle          E_dih           
L8  E_14vdw          E_14el           E_const          E_pol           
L9  AV_permMoment    AV_indMoment     AV_totMoment     Density          dV/dlambda      
L0     1000  0.2000000000E+01  -.6885812120E+04  0.1597843874E+04
L1 0.2955058205E+03  0.2955058205E+03  -.8483655994E+10  0.1000000000E+01
L2 0.1000000000E+01  0.3407346434E+02  0.3407346434E+02  0.3407346434E+02
L3 0.3045677957E+05  -.1959573239E+04  -.1535690922E+04  -.9132176793E+03
L4 -.1469493947E+04  0.2605426702E+03  0.2485914929E+03  0.2537493412E+03
L5 0.7628835043E+03  0.6900811344E+03  0.5852149510E+03  0.4539266613E+03
L6 0.1729222747E+04  -.8483655994E+04  0.1171545561E+04  -.9729129726E+04
L7 0.0000000000E+00  0.8781489051E+00  0.8366883811E+01  0.1241076726E+02
L8 0.3676939629E+01  0.4664772954E+02  0.1947702230E+01  0.0000000000E+00
L9 0.0000000000E+00  0.0000000000E+00  0.0000000000E+00  0.8899389849E+00  0.0000000000E+00
L0     2000  0.4000000000E+01  -.6822515032E+04  0.1649557802E+04
L1 0.3050698129E+03  0.3050698129E+03  -.8472072834E+10  0.1000000000E+01
L2 0.1000000000E+01  0.3358077749E+02  0.3358077749E+02  0.3358077749E+02
L3 0.2915244227E+05  -.7687102983E+03  -.6152356679E+03  -.5155139357E+03
L4 -.6331533006E+03  0.2636967729E+03  0.2653512780E+03  0.2872742391E+03
L5 0.8163222900E+03  0.4249818639E+03  0.3944354607E+03  0.3954355479E+03
L6 0.1214852873E+04  -.8472072834E+04  0.1234391624E+04  -.9782617261E+04
L7 0.0000000000E+00  0.9274145469E+00  0.1223060425E+02  0.1270161614E+02
L8 0.3142564857E+01  0.4189979859E+02  0.5250804749E+01  0.0000000000E+00
L9 0.0000000000E+00  0.0000000000E+00  0.0000000000E+00  0.9297565961E+00  0.0000000000E+00
L0     3000  0.6000000000E+01  -.6930111279E+04  0.1625718848E+04
L1 0.3006610281E+03  0.3006610281E+03  -.8555830126E+10  0.1000000000E+01
L2 0.1000000000E+01  0.3329090465E+02  0.3329090465E+02  0.3329090465E+02
L3 0.2840363974E+05  -.1089106097E+04  0.1006238016E+03  -.4852394862E+03
L4 -.4912405940E+03  0.2570597777E+03  0.2823795239E+03  0.2765422648E+03
L5 0.8159815664E+03  0.4796985328E+03  0.2618096658E+03  0.3757365631E+03
L6 0.1117244762E+04  -.8555830126E+04  0.1253940541E+04  -.9884897700E+04
L7 0.0000000000E+00  0.2898623051E+01  0.1283598086E+02  0.1325669936E+02
L8 0.3185564192E+01  0.4019688762E+02  0.2753278583E+01  0.0000000000E+00
L9 0.0000000000E+00  0.0000000000E+00  0.0000000000E+00  0.9542676835E+00  0.0000000000E+00
L0     4000  0.8000000000E+01  -.6940145107E+04  0.1606396201E+04
L1 0.2970874909E+03  0.2970874909E+03  -.8546541308E+10  0.1000000000E+01
L2 0.1000000000E+01  0.3306499592E+02  0.3306499592E+02  0.3306499592E+02
L3 0.2782892333E+05  0.3001299034E+03  -.2769293738E+03  -.1015168405E+04
L4 -.3306559585E+03  0.2772542138E+03  0.2577760957E+03  0.2538206901E+03
L5 0.7888509997E+03  0.2171420650E+03  0.3132414777E+03  0.4571458288E+03
L6 0.9875293715E+03  -.8546541308E+04  0.1233992304E+04  -.9851071834E+04
L7 0.0000000000E+00  0.1535023853E+01  0.1008406507E+02  0.1141914036E+02
L8 0.1913393487E+01  0.4370757359E+02  0.1879026178E+01  0.0000000000E+00
L9 0.0000000000E+00  0.0000000000E+00  0.0000000000E+00  0.9739749961E+00  0.0000000000E+00
L0     5000  0.1000000000E+02  -.6905425538E+04  0.1586803342E+04
L1 0.2934639804E+03  0.2934639804E+03  -.8492228879E+10  0.1000000000E+01
L2 0.1000000000E+01  0.3299098798E+02  0.3299098798E+02  0.3299098798E+02
L3 0.2764047592E+05  0.5369451403E+02  0.7309210057E+03  0.6575510326E+03
L4 0.4807221841E+03  0.2663502271E+03  0.2481442875E+03  0.2557951460E+03
L5 0.7702896607E+03  0.2556687328E+03  0.1027415645E+03  0.1249879728E+03
L6 0.4833982701E+03  -.8492228879E+04  0.1299342795E+04  -.9874227883E+04
L7 0.0000000000E+00  0.2933056335E+01  0.9502865155E+01  0.1206433312E+02
L8 0.4024157295E+01  0.4732360158E+02  0.6808195804E+01  0.0000000000E+00
L9 0.0000000000E+00  0.0000000000E+00  0.0000000000E+00  0.9806153688E+00  0.0000000000E+00
L0     6000  0.1200000000E+02  -.7030433970E+04  0.1628712307E+04
L1 0.3012146395E+03  0.3012146395E+03  -.8659146276E+10  0.1000000000E+01
L2 0.1000000000E+01  0.3298901783E+02  0.3298901783E+02  0.3298901783E+02
L3 0.2763717824E+05  -.2996652789E+03  -.3287519913E+03  0.5781492357E+02
L4 -.1902007822E+03  0.2792996463E+03  0.2715227923E+03  0.2707655918E+03
L5 0.8215880304E+03  0.3389051970E+03  0.3369138966E+03  0.2592657932E+03
L6 0.9350848868E+03  -.8659146276E+04  0.1259411313E+04  -.9989999968E+04
L7 0.0000000000E+00  0.1346790250E+01  0.6838011000E+01  0.1099290398E+02
L8 0.4100178842E+01  0.4631797619E+02  0.1846518637E+01  0.0000000000E+00
L9 0.0000000000E+00  0.0000000000E+00  0.0000000000E+00  0.9807323763E+00  0.0000000000E+00
L0     7000  0.1400000000E+02  -.7155263607E+04  0.1587791245E+04
L1 0.2936466837E+03  0.2936466837E+03  -.8743054852E+10  0.1000000000E+01
L2 0.1000000000E+01  0.3294662613E+02  0.3294662613E+02  0.3294662613E+02
L3 0.2752996213E+05  0.5108396418E+03  0.3156455485E+03  -.4080412628E+03
L4 0.1394813092E+03  0.2670851190E+03  0.2494513925E+03  0.2627238786E+03
L5 0.7792603901E+03  0.1658696747E+03  0.1869108185E+03  0.3435713194E+03
L6 0.6963518126E+03  -.8743054852E+04  0.1352502990E+04  -.1016871921E+05
L7 0.0000000000E+00  0.2274505317E+01  0.1165800952E+02  0.8640986260E+01
L8 0.4045898507E+01  0.4283309944E+02  0.3708866816E+01  0.0000000000E+00
L9 0.0000000000E+00  0.0000000000E+00  0.0000000000E+00  0.9845518624E+00  0.0000000000E+00
L0     8000  0.1600000000E+02  -.7070980606E+04  0.1548903681E+04
L1 0.2864548036E+03  0.2864548036E+03  -.8619884287E+10  0.1000000000E+01
L2 0.1000000000E+01  0.3286703140E+02  0.3286703140E+02  0.3286703140E+02
L3 0.2733111232E+05  -.1436275457E+03  -.3361871922E+02  0.3558444344E+03
L4 0.5953272315E+02  0.2596510917E+03  0.2737685154E+03  0.2353905020E+03
L5 0.7688101091E+03  0.2879032497E+03  0.2803814625E+03  0.1653943663E+03
L6 0.7336790785E+03  -.8619884287E+04  0.1281713225E+04  -.9973290526E+04
L7 0.0000000000E+00  0.1780392123E+01  0.6539168561E+01  0.1091826621E+02
L8 0.3698639613E+01  0.4615987300E+02  0.2596673547E+01  0.0000000000E+00
L9 0.0000000000E+00  0.0000000000E+00  0.0000000000E+00  0.9917150524E+00  0.0000000000E+00
L0     9000  0.1800000000E+02  -.6995069374E+04  0.1625032525E+04
L1 0.3005340993E+03  0.3005340993E+03  -.8620101898E+10  0.1000000000E+01
L2 0.1000000000E+01  0.3285810361E+02  0.3285810361E+02  0.3285810361E+02
L3 0.2730771685E+05  0.6587129608E+03  0.2104669996E+03  0.7003821174E+03
L4 0.5231873593E+03  0.2591545766E+03  0.2635793470E+03  0.2983840934E+03
L5 0.8211180170E+03  0.1296938083E+03  0.2222150183E+03  0.1607338384E+03
L6 0.5126426651E+03  -.8620101898E+04  0.1318367189E+04  -.1001513789E+05
L7 0.0000000000E+00  0.6280412907E+01  0.7217896343E+01  0.9847600203E+01
L8 0.3096819196E+01  0.4768573557E+02  0.2540341913E+01  0.0000000000E+00
L9 0.0000000000E+00  0.0000000000E+00  0.0000000000E+00  0.9925646893E+00  0.0000000000E+00
L0    10000  0.2000000000E+02  -.7036707107E+04  0.1565289862E+04
L1 0.2894852698E+03  0.2894852698E+03  -.8601996969E+10  0.1000000000E+01
L2 0.1000000000E+01  0.3284595145E+02  0.3284595145E+02  0.3284595145E+02
L3 0.2727732328E+05  0.2587193473E+03  0.6034585221E+03  0.8387418690E+03
L4 0.5669732461E+03  0.2595517303E+03  0.2625649221E+03  0.2611646902E+03
L5 0.7832813427E+03  0.2087606748E+03  0.1440956403E+03  0.9650524271E+02
L6 0.4493615579E+03  -.8601996969E+04  0.1331375183E+04  -.1000835210E+05
L7 0.0000000000E+00  0.4260554172E+01  0.8696922722E+01  0.1049868161E+02
L8 0.4482477180E+01  0.4471008753E+02  0.2331222417E+01  0.0000000000E+00
L9 0.0000000000E+00  0.0000000000E+00  0.0000000000E+00  0.9936706477E+00  0.0000000000E+00
