L0  Nsteps           time(ps)         Etot             EKinetic        
L1  Temp             T_solute         T_solv           Pres_scal_solu  
L2  Pres_scal_solv   BoxX             BoxY             BoxZ            
L3  volume           pres_X           pres_Y           pres_Z          
L4  Pressure         EKCoM_x          EKCoM_y          EKCoM_z         
L5  EKComTot         VIRIAL_x         VIRIAL_y         VIRIAL_z        
L6  VIRIAL_tot       E_pot            E_vdw            E_el            
L7  E_hbon           E_bon            E_angle          E_dih           
L8  E_14vdw          E_14el           E_const          E_pol           
L9  AV_permMoment    AV_indMoment     AV_totMoment     Density          dV/dlambda      
L0     1000  0.2000000000E+01  -.8011433084E+04  0.1780515590E+04
L1 0.2841725008E+03  0.2841725008E+03  -.9791948674E+10  0.1000000000E+01
L2 0.1000000000E+01  0.3553075988E+02  0.3553075988E+02  0.3553075988E+02
L3 0.3453214622E+05  -.1353492055E+04  -.2076933502E+03  -.9098664584E+03
L4 -.8236839546E+03  0.3005973172E+03  0.2868662212E+03  0.2915180181E+03
L5 0.8789815565E+03  0.6369817289E+03  0.3384844078E+03  0.5176478223E+03
L6 0.1493113959E+04  -.9791948674E+04  0.1416997566E+04  -.1128287152E+05
L7 0.0000000000E+00  0.3042473733E+01  0.8379563945E+01  0.1184335114E+02
L8 0.3510153224E+01  0.4347245103E+02  0.3677288115E+01  0.0000000000E+00
L9 0.0000000000E+00  0.0000000000E+00  0.0000000000E+00  0.9096651715E+00  0.0000000000E+00
L0     2000  0.4000000000E+01  -.8072759941E+04  0.1853471861E+04
L1 0.2958164123E+03  0.2958164123E+03  -.9926231802E+10  0.1000000000E+01
L2 0.1000000000E+01  0.3508318190E+02  0.3508318190E+02  0.3508318190E+02
L3 0.3324315927E+05  -.1556176792E+03  -.9698143036E+03  -.9801588191E+03
L4 -.7018636006E+03  0.3093059321E+03  0.2988079427E+03  0.2986361834E+03
L5 0.9067500581E+03  0.3465380554E+03  0.5308397140E+03  0.5331429195E+03
L6 0.1410520689E+04  -.9926231802E+04  0.1418884820E+04  -.1142488224E+05
L7 0.0000000000E+00  0.4715407237E+01  0.8693630609E+01  0.1004620189E+02
L8 0.3891941233E+01  0.4615286543E+02  0.6265569062E+01  0.0000000000E+00
L9 0.0000000000E+00  0.0000000000E+00  0.0000000000E+00  0.9449369857E+00  0.0000000000E+00
L0     3000  0.6000000000E+01  -.8198884095E+04  0.1830041859E+04
L1 0.2920769548E+03  0.2920769548E+03  -.1002892595E+11  0.1000000000E+01
L2 0.1000000000E+01  0.3476857023E+02  0.3476857023E+02  0.3476857023E+02
L3 0.3235506900E+05  -.1095034386E+02  -.6079051328E+02  -.2117580387E+03
L4 -.9449963193E+02  0.3230826305E+03  0.2909614893E+03  0.2817802393E+03
L5 0.8958243591E+03  0.3256325512E+03  0.3051172991E+03  0.3310906723E+03
L6 0.9618405226E+03  -.1002892595E+05  0.1537414932E+04  -.1163786019E+05
L7 0.0000000000E+00  0.4422946431E+01  0.6228767759E+01  0.1032556701E+02
L8 0.3896481854E+01  0.4180759947E+02  0.4837942929E+01  0.0000000000E+00
L9 0.0000000000E+00  0.0000000000E+00  0.0000000000E+00  0.9708738596E+00  0.0000000000E+00
L0     4000  0.8000000000E+01  -.8102193117E+04  0.1907268744E+04
L1 0.3044024617E+03  0.3044024617E+03  -.1000946186E+11  0.1000000000E+01
L2 0.1000000000E+01  0.3468128465E+02  0.3468128465E+02  0.3468128465E+02
L3 0.3211192133E+05  0.7320342664E+03  -.7254108126E+03  -.2071038262E+03
L4 -.6682679080E+02  0.3219903652E+03  0.3353396022E+03  0.3158618278E+03
L5 0.9731917952E+03  0.1528083156E+03  0.5029908908E+03  0.3637260486E+03
L6 0.1019525255E+04  -.1000946186E+05  0.1489122795E+04  -.1156533946E+05
L7 0.0000000000E+00  0.3169379761E+01  0.6262238663E+01  0.1033215475E+02
L8 0.2267287430E+01  0.4348855934E+02  0.1235187452E+01  0.0000000000E+00
L9 0.0000000000E+00  0.0000000000E+00  0.0000000000E+00  0.9782252017E+00  0.0000000000E+00
L0     5000  0.1000000000E+02  -.8113463837E+04  0.1857972662E+04
L1 0.2965347457E+03  0.2965347457E+03  -.9971436499E+10  0.1000000000E+01
L2 0.1000000000E+01  0.3459812840E+02  0.3459812840E+02  0.3459812840E+02
L3 0.3188428631E+05  -.1290229615E+04  -.8111005889E+03  -.1050971700E+04
L4 -.1050767301E+04  0.3134262867E+03  0.3079939364E+03  0.3109990304E+03
L5 0.9324192534E+03  0.6095002972E+03  0.4941203448E+03  0.5521695960E+03
L6 0.1655790238E+04  -.9971436499E+04  0.1331890200E+04  -.1137860055E+05
L7 0.0000000000E+00  0.3838252333E+01  0.8518172924E+01  0.1005904149E+02
L8 0.3180153062E+01  0.4612588391E+02  0.3552352371E+01  0.0000000000E+00
L9 0.0000000000E+00  0.0000000000E+00  0.0000000000E+00  0.9852091532E+00  0.0000000000E+00
L0     6000  0.1200000000E+02  -.8189788944E+04  0.1825480833E+04
L1 0.2913490094E+03  0.2913490094E+03  -.1001526978E+11  0.1000000000E+01
L2 0.1000000000E+01  0.3462884971E+02  0.3462884971E+02  0.3462884971E+02
L3 0.3196538014E+05  -.3108821394E+03  0.1070226294E+04  0.2084843283E+03
L4 0.3226094944E+03  0.2901971466E+03  0.3130080516E+03  0.3021068964E+03
L5 0.9053120946E+03  0.3617179238E+03  0.6679443332E+02  0.2541435067E+03
L6 0.6826558639E+03  -.1001526978E+05  0.1554136242E+04  -.1163962867E+05
L7 0.0000000000E+00  0.6032580299E+01  0.4753933304E+01  0.1137174500E+02
L8 0.1935023557E+01  0.4360358675E+02  0.2525781872E+01  0.0000000000E+00
L9 0.0000000000E+00  0.0000000000E+00  0.0000000000E+00  0.9827097496E+00  0.0000000000E+00
L0     7000  0.1400000000E+02  -.8145319224E+04  0.1831155225E+04
L1 0.2922546495E+03  0.2922546495E+03  -.9976474449E+10  0.1000000000E+01
L2 0.1000000000E+01  0.3457406353E+02  0.3457406353E+02  0.3457406353E+02
L3 0.3181597673E+05  -.1661394457E+03  -.7344879140E+03  -.3236347371E+03
L4 -.4080873656E+03  0.2951146728E+03  0.3137636879E+03  0.3056532375E+03
L5 0.9145315983E+03  0.3331576589E+03  0.4819483915E+03  0.3797598516E+03
L6 0.1194865902E+04  -.9976474449E+04  0.1421216104E+04  -.1146832810E+05
L7 0.0000000000E+00  0.2475842886E+01  0.7968566392E+01  0.1081116653E+02
L8 0.3312825589E+01  0.4263357299E+02  0.3435571014E+01  0.0000000000E+00
L9 0.0000000000E+00  0.0000000000E+00  0.0000000000E+00  0.9873244182E+00  0.0000000000E+00
L0     8000  0.1600000000E+02  -.8239839394E+04  0.1855337243E+04
L1 0.2961141295E+03  0.2961141295E+03  -.1009517664E+11  0.1000000000E+01
L2 0.1000000000E+01  0.3457134120E+02  0.3457134120E+02  0.3457134120E+02
L3 0.3180773932E+05  0.3159406542E+03  -.5541959976E+03  -.2220664525E+03
L4 -.1534405987E+03  0.2979926705E+03  0.3130739031E+03  0.2884764422E+03
L5 0.8995430158E+03  0.2256665957E+03  0.4399421003E+03  0.3393125554E+03
L6 0.1004921251E+04  -.1009517664E+05  0.1499279799E+04  -.1167136328E+05
L7 0.0000000000E+00  0.2148940814E+01  0.1097102849E+02  0.1028941904E+02
L8 0.3259216134E+01  0.4473313241E+02  0.5505108862E+01  0.0000000000E+00
L9 0.0000000000E+00  0.0000000000E+00  0.0000000000E+00  0.9875801106E+00  0.0000000000E+00
L0     9000  0.1800000000E+02  -.8115669756E+04  0.1909331048E+04
L1 0.3047316080E+03  0.3047316080E+03  -.1002500080E+11  0.1000000000E+01
L2 0.1000000000E+01  0.3450588583E+02  0.3450588583E+02  0.3450588583E+02
L3 0.3162592608E+05  0.4744032251E+03  0.1250023735E+03  0.5208809951E+03
L4 0.3734288646E+03  0.3153607883E+03  0.3227252815E+03  0.3029613290E+03
L5 0.9410473988E+03  0.2073797587E+03  0.2942729349E+03  0.1844012873E+03
L6 0.6860539808E+03  -.1002500080E+05  0.1533459394E+04  -.1163271832E+05
L7 0.0000000000E+00  0.5021067153E+01  0.8309211043E+01  0.1312723553E+02
L8 0.2324595117E+01  0.4412858330E+02  0.1347434454E+01  0.0000000000E+00
L9 0.0000000000E+00  0.0000000000E+00  0.0000000000E+00  0.9932575773E+00  0.0000000000E+00
L0    10000  0.2000000000E+02  -.8245220035E+04  0.1858232929E+04
L1 0.2965762846E+03  0.2965762846E+03  -.1010345296E+11  0.1000000000E+01
L2 0.1000000000E+01  0.3450823284E+02  0.3450823284E+02  0.3450823284E+02
L3 0.3163318006E+05  -.4966599431E+03  0.2023224117E+03  0.5638197930E+03
L4 0.8982742052E+02  0.2881985099E+03  0.2985866575E+03  0.3130215515E+03
L5 0.8998067189E+03  0.4012714196E+03  0.2525245901E+03  0.1846585832E+03
L6 0.8384545929E+03  -.1010345296E+05  0.1521604268E+04  -.1170500754E+05
L7 0.0000000000E+00  0.4163079697E+01  0.8611534234E+01  0.1422155243E+02
L8 0.3084859999E+01  0.4820535595E+02  0.1663930168E+01  0.0000000000E+00
L9 0.0000000000E+00  0.0000000000E+00  0.0000000000E+00  0.9930298078E+00  0.0000000000E+00
