L0  Nsteps           time(ps)         Etot             EKinetic        
L1  Temp             T_solute         T_solv           Pres_scal_solu  
L2  Pres_scal_solv   BoxX             BoxY             BoxZ            
L3  volume           pres_X           pres_Y           pres_Z          
L4  Pressure         EKCoM_x          EKCoM_y          EKCoM_z         
L5  EKComTot         VIRIAL_x         VIRIAL_y         VIRIAL_z        
L6  VIRIAL_tot       E_pot            E_vdw            E_el            
L7  E_hbon           E_bon            E_angle          E_dih           
L8  E_14vdw          E_14el           E_const          E_pol           
L9  AV_permMoment    AV_indMoment     AV_totMoment     Density          dV/dlambda      
L0     1000  0.2000000000E+01  -.7103416586E+04  0.1573443596E+04
L1 0.2856394529E+03  0.2856394529E+03  -.8676860182E+10  0.1000000000E+01
L2 0.1000000000E+01  0.3399311189E+02  0.3399311189E+02  0.3399311189E+02
L3 0.3024064358E+05  -.1148416769E+04  -.6662405682E+03  -.1289334661E+04
L4 -.1034663999E+04  0.2546527867E+03  0.2595989472E+03  0.2580992629E+03
L5 0.7723509968E+03  0.5045993300E+03  0.4046025134E+03  0.5387158041E+03
L6 0.1447917648E+04  -.8676860182E+04  0.1263100080E+04  -.1001292221E+05
L7 0.0000000000E+00  0.1632966340E+01  0.6699617199E+01  0.1310099894E+02
L8 0.2610940862E+01  0.4565071185E+02  0.3266712370E+01  0.0000000000E+00
L9 0.0000000000E+00  0.0000000000E+00  0.0000000000E+00  0.9131174921E+00  0.0000000000E+00
L0     2000  0.4000000000E+01  -.7131169894E+04  0.1626557787E+04
L1 0.2952816849E+03  0.2952816849E+03  -.8757727680E+10  0.1000000000E+01
L2 0.1000000000E+01  0.3344965908E+02  0.3344965908E+02  0.3344965908E+02
L3 0.2881056361E+05  0.6018053287E+03  -.1406312371E+03  -.3444544172E+03
L4 0.3890655815E+02  0.2741822973E+03  0.2654285859E+03  0.2649089448E+03
L5 0.8045198280E+03  0.1493967284E+03  0.2945887613E+03  0.3363322745E+03
L6 0.7803177642E+03  -.8757727680E+04  0.1358753074E+04  -.1018467371E+05
L7 0.0000000000E+00  0.3705819117E+01  0.9438600728E+01  0.8863376994E+01
L8 0.2907973788E+01  0.4164783073E+02  0.1629356262E+01  0.0000000000E+00
L9 0.0000000000E+00  0.0000000000E+00  0.0000000000E+00  0.9584422228E+00  0.0000000000E+00
L0     3000  0.6000000000E+01  -.7154407385E+04  0.1651108392E+04
L1 0.2997385473E+03  0.2997385473E+03  -.8805515778E+10  0.1000000000E+01
L2 0.1000000000E+01  0.3320780205E+02  0.3320780205E+02  0.3320780205E+02
L3 0.2819069657E+05  0.1838629084E+03  -.2872761147E+03  -.4571016910E+03
L4 -.1868382991E+03  0.2513598154E+03  0.2774217202E+03  0.2665627059E+03
L5 0.7953442415E+03  0.2140557200E+03  0.3357074053E+03  0.3593044406E+03
L6 0.9090675659E+03  -.8805515778E+04  0.1312252230E+04  -.1019767410E+05
L7 0.0000000000E+00  0.6334760747E+01  0.1296331526E+02  0.1108242635E+02
L8 0.3749669966E+01  0.4162683696E+02  0.4149087777E+01  0.0000000000E+00
L9 0.0000000000E+00  0.0000000000E+00  0.0000000000E+00  0.9795167905E+00  0.0000000000E+00
L0     4000  0.8000000000E+01  -.7144721670E+04  0.1645627166E+04
L1 0.2987434978E+03  0.2987434978E+03  -.8790348837E+10  0.1000000000E+01
L2 0.1000000000E+01  0.3312991977E+02  0.3312991977E+02  0.3312991977E+02
L3 0.2799224220E+05  0.1913045234E+03  0.2605718918E+03  -.3248979879E+03
L4 0.4232614241E+02  0.2837896412E+03  0.2654223975E+03  0.2715455369E+03
L5 0.8207575756E+03  0.2452489494E+03  0.2129269269E+03  0.3370003051E+03
L6 0.7951761813E+03  -.8790348837E+04  0.1311201150E+04  -.1017579773E+05
L7 0.0000000000E+00  0.3986134106E+00  0.9660043879E+01  0.9311682028E+01
L8 0.3920141292E+01  0.4897842687E+02  0.1978831834E+01  0.0000000000E+00
L9 0.0000000000E+00  0.0000000000E+00  0.0000000000E+00  0.9864611925E+00  0.0000000000E+00
L0     5000  0.1000000000E+02  -.7146414689E+04  0.1651755630E+04
L1 0.2998560454E+03  0.2998560454E+03  -.8798170319E+10  0.1000000000E+01
L2 0.1000000000E+01  0.3314854218E+02  0.3314854218E+02  0.3314854218E+02
L3 0.2803855522E+05  -.2790044391E+03  0.7562774913E+03  0.7496971800E+03
L4 0.4089900774E+03  0.2767261365E+03  0.2760458641E+03  0.2799874624E+03
L5 0.8327594630E+03  0.3330280720E+03  0.1234322116E+03  0.1287016894E+03
L6 0.5851619730E+03  -.8798170319E+04  0.1358922704E+04  -.1023357328E+05
L7 0.0000000000E+00  0.2492697960E+01  0.1099116380E+02  0.1017999841E+02
L8 0.4160496520E+01  0.4581143415E+02  0.2844463933E+01  0.0000000000E+00
L9 0.0000000000E+00  0.0000000000E+00  0.0000000000E+00  0.9848317935E+00  0.0000000000E+00
L0     6000  0.1200000000E+02  -.7180188570E+04  0.1646976464E+04
L1 0.2989884462E+03  0.2989884462E+03  -.8827165033E+10  0.1000000000E+01
L2 0.1000000000E+01  0.3323425416E+02  0.3323425416E+02  0.3323425416E+02
L3 0.2825957061E+05  -.7568782532E+03  -.7459159490E+03  -.7873544320E+03
L4 -.7633828781E+03  0.2604448137E+03  0.2832881130E+03  0.2760619003E+03
L5 0.8197948270E+03  0.4143836381E+03  0.4349973527E+03  0.4361991684E+03
L6 0.1285580159E+04  -.8827165033E+04  0.1229103989E+04  -.1013231049E+05
L7 0.0000000000E+00  0.3542033275E+01  0.1061571982E+02  0.1100973827E+02
L8 0.2698598329E+01  0.4421244112E+02  0.3962939991E+01  0.0000000000E+00
L9 0.0000000000E+00  0.0000000000E+00  0.0000000000E+00  0.9771295186E+00  0.0000000000E+00
L0     7000  0.1400000000E+02  -.7044689520E+04  0.1673418584E+04
L1 0.3037886900E+03  0.3037886900E+03  -.8718108105E+10  0.1000000000E+01
L2 0.1000000000E+01  0.3313948519E+02  0.3313948519E+02  0.3313948519E+02
L3 0.2801670450E+05  -.1479967805E+03  0.2202165559E+03  -.1963385163E+03
L4 -.4137291365E+02  0.2796296284E+03  0.2582241096E+03  0.2816860643E+03
L5 0.8195398024E+03  0.3094714890E+03  0.2138199561E+03  0.3212754839E+03
L6 0.8445669290E+03  -.8718108105E+04  0.1275249430E+04  -.1006883629E+05
L7 0.0000000000E+00  0.3692439833E+01  0.1068058331E+02  0.1042410209E+02
L8 0.3447844455E+01  0.4642720788E+02  0.8065809094E+00  0.0000000000E+00
L9 0.0000000000E+00  0.0000000000E+00  0.0000000000E+00  0.9855998809E+00  0.0000000000E+00
L0     8000  0.1600000000E+02  -.7172211143E+04  0.1619016618E+04
L1 0.2939126780E+03  0.2939126780E+03  -.8791227761E+10  0.1000000000E+01
L2 0.1000000000E+01  0.3304089927E+02  0.3304089927E+02  0.3304089927E+02
L3 0.2776700374E+05  0.3336542532E+03  0.4716379568E+03  -.4388141871E+03
L4 0.1221593410E+03  0.2901765283E+03  0.2763554484E+03  0.2594632558E+03
L5 0.8259952325E+03  0.2234985745E+03  0.1821026294E+03  0.3471565246E+03
L6 0.7527577285E+03  -.8791227761E+04  0.1295208114E+04  -.1016252652E+05
L7 0.0000000000E+00  0.1776727507E+01  0.7619053873E+01  0.1366871723E+02
L8 0.3398739019E+01  0.4603530453E+02  0.3592101426E+01  0.0000000000E+00
L9 0.0000000000E+00  0.0000000000E+00  0.0000000000E+00  0.9944631002E+00  0.0000000000E+00
L0     9000  0.1800000000E+02  -.7122354707E+04  0.1669586567E+04
L1 0.3030930341E+03  0.3030930341E+03  -.8791941275E+10  0.1000000000E+01
L2 0.1000000000E+01  0.3312908648E+02  0.3312908648E+02  0.3312908648E+02
L3 0.2799049115E+05  -.4032428907E+03  0.3144318233E+03  -.2181044380E+03
L4 -.1023051685E+03  0.2650421575E+03  0.2910340675E+03  0.2798955068E+03
L5 0.8359717319E+03  0.3462754056E+03  0.2276918019E+03  0.3238326284E+03
L6 0.8977998359E+03  -.8791941275E+04  0.1292968984E+04  -.1015969592E+05
L7 0.0000000000E+00  0.4056814635E+01  0.1040764529E+02  0.1009058096E+02
L8 0.2734098139E+01  0.4416425978E+02  0.3332264353E+01  0.0000000000E+00
L9 0.0000000000E+00  0.0000000000E+00  0.0000000000E+00  0.9865229042E+00  0.0000000000E+00
L0    10000  0.2000000000E+02  -.7130672772E+04  0.1647482941E+04
L1 0.2990803910E+03  0.2990803910E+03  -.8778155714E+10  0.1000000000E+01
L2 0.1000000000E+01  0.3308268388E+02  0.3308268388E+02  0.3308268388E+02
L3 0.2787289481E+05  -.1117763080E+03  0.4328327931E+03  -.4524216345E+03
L4 -.4378838315E+02  0.2819363149E+03  0.2593525074E+03  0.2684095997E+03
L5 0.8096984220E+03  0.3043590413E+03  0.1725247042E+03  0.3591669943E+03
L6 0.8360507398E+03  -.8778155714E+04  0.1290354275E+04  -.1014490710E+05
L7 0.0000000000E+00  0.2614612898E+01  0.9585617954E+01  0.1086844446E+02
L8 0.3460174899E+01  0.4589602584E+02  0.3972238655E+01  0.0000000000E+00
L9 0.0000000000E+00  0.0000000000E+00  0.0000000000E+00  0.9906850657E+00  0.0000000000E+00
