L0  Nsteps           time(ps)         Etot             EKinetic        
L1  Temp             T_solute         T_solv           Pres_scal_solu  
L2  Pres_scal_solv   BoxX             BoxY             BoxZ            
L3  volume           pres_X           pres_Y           pres_Z          
L4  Pressure         EKCoM_x          EKCoM_y          EKCoM_z         
L5  EKComTot         VIRIAL_x         VIRIAL_y         VIRIAL_z        
L6  VIRIAL_tot       E_pot            E_vdw            E_el            
L7  E_hbon           E_bon            E_angle          E_dih           
L8  E_14vdw          E_14el           E_const          E_pol           
L9  AV_permMoment    AV_indMoment     AV_totMoment     Density          dV/dlambda      
L0     1000  0.2000000000E+01  -.7541880049E+04  0.1765161692E+04
L1 0.2963862078E+03  0.2963862078E+03  -.9307041741E+10  0.1000000000E+01
L2 0.1000000000E+01  0.3494107642E+02  0.3494107642E+02  0.3494107642E+02
L3 0.3284121876E+05  -.7293820149E+03  -.1244198159E+04  -.5239191228E+03
L4 -.8324997656E+03  0.2730466065E+03  0.3169997802E+03  0.2943910948E+03
L5 0.8844374816E+03  0.4454440797E+03  0.6110797196E+03  0.4182251503E+03
L6 0.1474748950E+04  -.9307041741E+04  0.1356996381E+04  -.1073657228E+05
L7 0.0000000000E+00  0.1455144860E+01  0.6531323499E+01  0.1270207910E+02
L8 0.2920844652E+01  0.4561586620E+02  0.3308898542E+01  0.0000000000E+00
L9 0.0000000000E+00  0.0000000000E+00  0.0000000000E+00  0.9091324767E+00  0.0000000000E+00
L0     2000  0.4000000000E+01  -.7795665875E+04  0.1758145783E+04
L1 0.2952081747E+03  0.2952081747E+03  -.9553811658E+10  0.1000000000E+01
L2 0.1000000000E+01  0.3433984437E+02  0.3433984437E+02  0.3433984437E+02
L3 0.3117337763E+05  -.2769964430E+03  -.9716558201E+02  -.4558763779E+03
L4 -.2766794676E+03  0.3048616210E+03  0.2808662719E+03  0.2863023879E+03
L5 0.8720302808E+03  0.3670078288E+03  0.3026660914E+03  0.3885816367E+03
L6 0.1058255557E+04  -.9553811658E+04  0.1455078672E+04  -.1107876168E+05
L7 0.0000000000E+00  0.3191368174E+01  0.5587577566E+01  0.1136660745E+02
L8 0.2535415463E+01  0.4542117799E+02  0.1769204523E+01  0.0000000000E+00
L9 0.0000000000E+00  0.0000000000E+00  0.0000000000E+00  0.9577729724E+00  0.0000000000E+00
L0     3000  0.6000000000E+01  -.7694140204E+04  0.1793803066E+04
L1 0.3011953469E+03  0.3011953469E+03  -.9487943270E+10  0.1000000000E+01
L2 0.1000000000E+01  0.3421567541E+02  0.3421567541E+02  0.3421567541E+02
L3 0.3083631309E+05  -.1870004229E+03  -.3896261568E+03  -.1141754819E+03
L4 -.2302673538E+03  0.3016551259E+03  0.3061973001E+03  0.2864275902E+03
L5 0.8942800162E+03  0.3431564177E+03  0.3926676331E+03  0.3117667308E+03
L6 0.1047590782E+04  -.9487943270E+04  0.1408494906E+04  -.1096923960E+05
L7 0.0000000000E+00  0.3858043605E+01  0.6524668009E+01  0.1284279561E+02
L8 0.2378829646E+01  0.4336754484E+02  0.3829537699E+01  0.0000000000E+00
L9 0.0000000000E+00  0.0000000000E+00  0.0000000000E+00  0.9682421651E+00  0.0000000000E+00
L0     4000  0.8000000000E+01  -.7822620989E+04  0.1733338844E+04
L1 0.2910428710E+03  0.2910428710E+03  -.9555959833E+10  0.1000000000E+01
L2 0.1000000000E+01  0.3403357081E+02  0.3403357081E+02  0.3403357081E+02
L3 0.3034593450E+05  -.3576862060E+03  0.6252430419E+02  0.3115400692E+03
L4 0.5459389114E+01  0.2979766148E+03  0.3001532319E+03  0.2744242793E+03
L5 0.8725541261E+03  0.3760960849E+03  0.2864977836E+03  0.2063832291E+03
L6 0.8689770976E+03  -.9555959833E+04  0.1446837767E+04  -.1108280811E+05
L7 0.0000000000E+00  0.4423727892E+01  0.7188638601E+01  0.1143690803E+02
L8 0.3297960218E+01  0.4870814051E+02  0.4955138425E+01  0.0000000000E+00
L9 0.0000000000E+00  0.0000000000E+00  0.0000000000E+00  0.9838885849E+00  0.0000000000E+00
L0     5000  0.1000000000E+02  -.7690494416E+04  0.1783958103E+04
L1 0.2995422908E+03  0.2995422908E+03  -.9474452519E+10  0.1000000000E+01
L2 0.1000000000E+01  0.3405665864E+02  0.3405665864E+02  0.3405665864E+02
L3 0.3040682250E+05  0.9499270669E+02  0.4318726529E+03  0.4988112608E+03
L4 0.3418922068E+03  0.2960890834E+03  0.2929161995E+03  0.3162983787E+03
L5 0.9053036615E+03  0.2753008357E+03  0.1984049895E+03  0.2071382929E+03
L6 0.6808441181E+03  -.9474452519E+04  0.1450041059E+04  -.1099498648E+05
L7 0.0000000000E+00  0.3604004259E+01  0.5562332989E+01  0.1080344060E+02
L8 0.2525027641E+01  0.4522899576E+02  0.2769100488E+01  0.0000000000E+00
L9 0.0000000000E+00  0.0000000000E+00  0.0000000000E+00  0.9819184016E+00  0.0000000000E+00
L0     6000  0.1200000000E+02  -.7744853047E+04  0.1736001351E+04
L1 0.2914899294E+03  0.2914899294E+03  -.9480854398E+10  0.1000000000E+01
L2 0.1000000000E+01  0.3409807339E+02  0.3409807339E+02  0.3409807339E+02
L3 0.3051807030E+05  -.2432584241E+03  0.1191456371E+04  -.1250777383E+03
L4 0.2743734027E+03  0.2913446570E+03  0.2955786888E+03  0.2852362551E+03
L5 0.8721596009E+03  0.3447742096E+03  0.3388587740E+02  0.3127084696E+03
L6 0.6913685566E+03  -.9480854398E+04  0.1441964727E+04  -.1099969794E+05
L7 0.0000000000E+00  0.2382164010E+01  0.1185142046E+02  0.1257574883E+02
L8 0.3249152834E+01  0.4573403228E+02  0.1086297186E+01  0.0000000000E+00
L9 0.0000000000E+00  0.0000000000E+00  0.0000000000E+00  0.9783390057E+00  0.0000000000E+00
L0     7000  0.1400000000E+02  -.7672165589E+04  0.1800387257E+04
L1 0.3023008906E+03  0.3023008906E+03  -.9472552846E+10  0.1000000000E+01
L2 0.1000000000E+01  0.3410366883E+02  0.3410366883E+02  0.3410366883E+02
L3 0.3053361520E+05  -.3347131320E+03  0.5907308420E+03  -.4075595644E+01
L4 0.8398070478E+02  0.3015964892E+03  0.2867892780E+03  0.2849265707E+03
L5 0.8733123379E+03  0.3751507034E+03  0.1569744046E+03  0.2858221951E+03
L6 0.8179473030E+03  -.9472552846E+04  0.1423250609E+04  -.1097764899E+05
L7 0.0000000000E+00  0.1753767801E+01  0.1013214079E+02  0.1216228647E+02
L8 0.3790015967E+01  0.5158279567E+02  0.2424524408E+01  0.0000000000E+00
L9 0.0000000000E+00  0.0000000000E+00  0.0000000000E+00  0.9778409256E+00  0.0000000000E+00
L0     8000  0.1600000000E+02  -.7710090980E+04  0.1847418123E+04
L1 0.3101977877E+03  0.3101977877E+03  -.9557509104E+10  0.1000000000E+01
L2 0.1000000000E+01  0.3400518692E+02  0.3400518692E+02  0.3400518692E+02
L3 0.3026991670E+05  -.9164381257E+03  0.6400555169E+03  0.4659223436E+03
L4 0.6317991162E+02  0.3075559127E+03  0.3345349489E+03  0.3020594861E+03
L5 0.9441503478E+03  0.5072066666E+03  0.1950955663E+03  0.2005559099E+03
L6 0.9028581428E+03  -.9557509104E+04  0.1431170194E+04  -.1106841067E+05
L7 0.0000000000E+00  0.2891625421E+01  0.7787150658E+01  0.1127866303E+02
L8 0.3359477768E+01  0.5018704291E+02  0.4227413144E+01  0.0000000000E+00
L9 0.0000000000E+00  0.0000000000E+00  0.0000000000E+00  0.9863594554E+00  0.0000000000E+00
L0     9000  0.1800000000E+02  -.7682061534E+04  0.1750844715E+04
L1 0.2939822611E+03  0.2939822611E+03  -.9432906249E+10  0.1000000000E+01
L2 0.1000000000E+01  0.3395752625E+02  0.3395752625E+02  0.3395752625E+02
L3 0.3014266326E+05  0.3286893960E+03  -.2480712646E+03  0.2823961000E+03
L4 0.1210047438E+03  0.2743133831E+03  0.3060629688E+03  0.3046877977E+03
L5 0.8850641496E+03  0.2030077410E+03  0.3598793712E+03  0.2434249900E+03
L6 0.8063121022E+03  -.9432906249E+04  0.1384111559E+04  -.1088937304E+05
L7 0.0000000000E+00  0.2072659834E+01  0.5182438192E+01  0.1097426898E+02
L8 0.3580230962E+01  0.4591731107E+02  0.4628325340E+01  0.0000000000E+00
L9 0.0000000000E+00  0.0000000000E+00  0.0000000000E+00  0.9905235742E+00  0.0000000000E+00
L0    10000  0.2000000000E+02  -.7724904720E+04  0.1779898529E+04
L1 0.2988606526E+03  0.2988606526E+03  -.9504803249E+10  0.1000000000E+01
L2 0.1000000000E+01  0.3402106016E+02  0.3402106016E+02  0.3402106016E+02
L3 0.3031280781E+05  0.4184916364E+03  -.2337203825E+03  -.5303813956E+03
L4 -.1152033806E+03  0.3173785968E+03  0.2993145522E+03  0.2898367716E+03
L5 0.9065299206E+03  0.2260788593E+03  0.3503038856E+03  0.4055468073E+03
L6 0.9819295522E+03  -.9504803249E+04  0.1392584610E+04  -.1097371677E+05
L7 0.0000000000E+00  0.2611463446E+01  0.1254309043E+02  0.1091081719E+02
L8 0.2048796907E+01  0.4644682608E+02  0.1767917901E+01  0.0000000000E+00
L9 0.0000000000E+00  0.0000000000E+00  0.0000000000E+00  0.9849638061E+00  0.0000000000E+00
