L0  Nsteps           time(ps)         Etot             EKinetic        
L1  Temp             T_solute         T_solv           Pres_scal_solu  
L2  Pres_scal_solv   BoxX             BoxY             BoxZ            
L3  volume           pres_X           pres_Y           pres_Z          
L4  Pressure         EKCoM_x          EKCoM_y          EKCoM_z         
L5  EKComTot         VIRIAL_x         VIRIAL_y         VIRIAL_z        
L6  VIRIAL_tot       E_pot            E_vdw            E_el            
L7  E_hbon           E_bon            E_angle          E_dih           
L8  E_14vdw          E_14el           E_const          E_pol           
L9  AV_permMoment    AV_indMoment     AV_totMoment     Density          dV/dlambda      
L0     1000  0.2000000000E+01  -.7438208338E+04  0.1774227220E+04
L1 0.3030656634E+03  0.3030656634E+03  -.9212435558E+10  0.1000000000E+01
L2 0.1000000000E+01  0.3489187275E+02  0.3489187275E+02  0.3489187275E+02
L3 0.3270154355E+05  0.2247831386E+01  -.1033022764E+04  -.3041635237E+03
L4 -.4449794855E+03  0.3045075870E+03  0.2789983469E+03  0.3041650149E+03
L5 0.8876709488E+03  0.3039785469E+03  0.5221262051E+03  0.3757516523E+03
L6 0.1201856404E+04  -.9212435558E+04  0.1428911894E+04  -.1071819494E+05
L7 0.0000000000E+00  0.1765871699E+01  0.9399638732E+01  0.1517614795E+02
L8 0.3151901271E+01  0.4472580502E+02  0.2628126742E+01  0.0000000000E+00
L9 0.0000000000E+00  0.0000000000E+00  0.0000000000E+00  0.8974632459E+00  0.0000000000E+00
L0     2000  0.4000000000E+01  -.7446715919E+04  0.1777959143E+04
L1 0.3037031341E+03  0.3037031341E+03  -.9224675063E+10  0.1000000000E+01
L2 0.1000000000E+01  0.3438719339E+02  0.3438719339E+02  0.3438719339E+02
L3 0.3130320864E+05  -.4905381119E+03  -.7116098948E+03  -.3844455931E+03
L4 -.5288645333E+03  0.2965656080E+03  0.2947553780E+03  0.2975284104E+03
L5 0.8888493964E+03  0.4070798352E+03  0.4550752709E+03  0.3841408602E+03
L6 0.1246295966E+04  -.9224675063E+04  0.1345633340E+04  -.1064097653E+05
L7 0.0000000000E+00  0.3493494312E+01  0.8838657537E+01  0.8848004007E+01
L8 0.3586808439E+01  0.4417728366E+02  0.1723882084E+01  0.0000000000E+00
L9 0.0000000000E+00  0.0000000000E+00  0.0000000000E+00  0.9375535192E+00  0.0000000000E+00
L0     3000  0.6000000000E+01  -.7549572437E+04  0.1707013179E+04
L1 0.2915844575E+03  0.2915844575E+03  -.9256585616E+10  0.1000000000E+01
L2 0.1000000000E+01  0.3396291255E+02  0.3396291255E+02  0.3396291255E+02
L3 0.3015677472E+05  -.2497907349E+03  0.2699182077E+03  0.6043159775E+03
L4 0.2081478168E+03  0.2816193963E+03  0.2951120071E+03  0.2823146820E+03
L5 0.8590460854E+03  0.3358341885E+03  0.2365287312E+03  0.1511534315E+03
L6 0.7235163513E+03  -.9256585616E+04  0.1404005446E+04  -.1073006664E+05
L7 0.0000000000E+00  0.1743697062E+01  0.7910274824E+01  0.8068151919E+01
L8 0.3261489436E+01  0.4492560515E+02  0.3566360069E+01  0.0000000000E+00
L9 0.0000000000E+00  0.0000000000E+00  0.0000000000E+00  0.9731953665E+00  0.0000000000E+00
L0     4000  0.8000000000E+01  -.7548464470E+04  0.1743232516E+04
L1 0.2977712849E+03  0.2977712849E+03  -.9291696986E+10  0.1000000000E+01
L2 0.1000000000E+01  0.3386150916E+02  0.3386150916E+02  0.3386150916E+02
L3 0.2988790443E+05  0.4053090591E+03  -.7963505686E+01  -.2704346876E+03
L4 0.4230362194E+02  0.2723573661E+03  0.2708432291E+03  0.2757437304E+03
L5 0.8189443256E+03  0.1851730517E+03  0.2725562251E+03  0.3339157902E+03
L6 0.7916450670E+03  -.9291696986E+04  0.1400126702E+04  -.1076599327E+05
L7 0.0000000000E+00  0.4383124055E+01  0.1367921100E+02  0.9635095732E+01
L8 0.2795958325E+01  0.4108068447E+02  0.2595510725E+01  0.0000000000E+00
L9 0.0000000000E+00  0.0000000000E+00  0.0000000000E+00  0.9819501896E+00  0.0000000000E+00
L0     5000  0.1000000000E+02  -.7637563526E+04  0.1754082150E+04
L1 0.2996245714E+03  0.2996245714E+03  -.9391645675E+10  0.1000000000E+01
L2 0.1000000000E+01  0.3378957948E+02  0.3378957948E+02  0.3378957948E+02
L3 0.2969853995E+05  -.4259160938E+03  0.4055492980E+03  -.6428085914E+03
L4 -.2210584624E+03  0.2716748970E+03  0.2936925653E+03  0.2849260766E+03
L5 0.8502935389E+03  0.3627114341E+03  0.2070092860E+03  0.4223218432E+03
L6 0.9920425633E+03  -.9391645675E+04  0.1386137662E+04  -.1085657983E+05
L7 0.0000000000E+00  0.1952325811E+01  0.1424044068E+02  0.1003437851E+02
L8 0.3442935075E+01  0.4483104359E+02  0.4295370397E+01  0.0000000000E+00
L9 0.0000000000E+00  0.0000000000E+00  0.0000000000E+00  0.9882113220E+00  0.0000000000E+00
L0     6000  0.1200000000E+02  -.7523122969E+04  0.1783516309E+04
L1 0.3046523845E+03  0.3046523845E+03  -.9306639278E+10  0.1000000000E+01
L2 0.1000000000E+01  0.3390031564E+02  0.3390031564E+02  0.3390031564E+02
L3 0.2999028373E+05  0.8554905561E+03  -.5492800023E+03  0.3772524675E+03
L4 0.2278210071E+03  0.3090784292E+03  0.2871501651E+03  0.2879984413E+03
L5 0.8842270356E+03  0.1244271272E+03  0.4057081864E+03  0.2065712896E+03
L6 0.7367066032E+03  -.9306639278E+04  0.1409426222E+04  -.1079096841E+05
L7 0.0000000000E+00  0.1870238272E+01  0.1098199865E+02  0.1079298905E+02
L8 0.3206419047E+01  0.4520463438E+02  0.2846636025E+01  0.0000000000E+00
L9 0.0000000000E+00  0.0000000000E+00  0.0000000000E+00  0.9785980581E+00  0.0000000000E+00
L0     7000  0.1400000000E+02  -.7579151473E+04  0.1731103518E+04
L1 0.2956994629E+03  0.2956994629E+03  -.9310254991E+10  0.1000000000E+01
L2 0.1000000000E+01  0.3392547026E+02  0.3392547026E+02  0.3392547026E+02
L3 0.3005812477E+05  -.5836460697E+03  0.2243944519E+03  -.1115434667E+03
L4 -.1569316948E+03  0.2776599774E+03  0.3200782358E+03  0.2922354902E+03
L5 0.8899737035E+03  0.4039206296E+03  0.2715347926E+03  0.3163657835E+03
L6 0.9918212057E+03  -.9310254991E+04  0.1360665606E+04  -.1074972464E+05
L7 0.0000000000E+00  0.2846633793E+01  0.1118067037E+02  0.1156160876E+02
L8 0.3008848027E+01  0.4489284261E+02  0.5313437598E+01  0.0000000000E+00
L9 0.0000000000E+00  0.0000000000E+00  0.0000000000E+00  0.9763893672E+00  0.0000000000E+00
L0     8000  0.1600000000E+02  -.7524674043E+04  0.1722399555E+04
L1 0.2942126904E+03  0.2942126904E+03  -.9247073598E+10  0.1000000000E+01
L2 0.1000000000E+01  0.3386624409E+02  0.3386624409E+02  0.3386624409E+02
L3 0.2990055807E+05  -.7516894701E+03  0.8119900072E+03  -.6164760692E+02
L4 -.4490232636E+00  0.2724340134E+03  0.2673127603E+03  0.2947376036E+03
L5 0.8344843773E+03  0.4341952062E+03  0.9257508294E+02  0.3080039733E+03
L6 0.8347742624E+03  -.9247073598E+04  0.1367953948E+04  -.1069038972E+05
L7 0.0000000000E+00  0.2338047195E+01  0.1210304013E+02  0.1080487216E+02
L8 0.3183584637E+01  0.4473790472E+02  0.2194721229E+01  0.0000000000E+00
L9 0.0000000000E+00  0.0000000000E+00  0.0000000000E+00  0.9815346374E+00  0.0000000000E+00
L0     9000  0.1800000000E+02  -.7634493150E+04  0.1710885089E+04
L1 0.2922458401E+03  0.2922458401E+03  -.9345378239E+10  0.1000000000E+01
L2 0.1000000000E+01  0.3382620976E+02  0.3382620976E+02  0.3382620976E+02
L3 0.2979708369E+05  -.1587578041E+04  -.2547263438E+03  -.9124421562E+03
L4 -.9182488469E+03  0.2663874617E+03  0.2826055256E+03  0.2854883593E+03
L5 0.8344813467E+03  0.6068469357E+03  0.3372321297E+03  0.4811635127E+03
L6 0.1425242578E+04  -.9345378239E+04  0.1269891386E+04  -.1069021495E+05
L7 0.0000000000E+00  0.2586020113E+01  0.1477470898E+02  0.9193833155E+01
L8 0.3157316453E+01  0.4225190503E+02  0.2981536550E+01  0.0000000000E+00
L9 0.0000000000E+00  0.0000000000E+00  0.0000000000E+00  0.9849431484E+00  0.0000000000E+00
L0    10000  0.2000000000E+02  -.7488557650E+04  0.1788050538E+04
L1 0.3054269016E+03  0.3054269016E+03  -.9276608188E+10  0.1000000000E+01
L2 0.1000000000E+01  0.3386476101E+02  0.3386476101E+02  0.3386476101E+02
L3 0.2989643487E+05  -.1242293539E+03  0.5089900905E+03  -.1665789260E+03
L4 0.7272727018E+02  0.2827696072E+03  0.2846939220E+03  0.3308661338E+03
L5 0.8983296630E+03  0.3094996841E+03  0.1751759711E+03  0.3667084478E+03
L6 0.8513841031E+03  -.9276608188E+04  0.1385699703E+04  -.1073432695E+05
L7 0.0000000000E+00  0.2149165936E+01  0.8869647924E+01  0.9302506517E+01
L8 0.3311216304E+01  0.4613072891E+02  0.2255790824E+01  0.0000000000E+00
L9 0.0000000000E+00  0.0000000000E+00  0.0000000000E+00  0.9816700068E+00  0.0000000000E+00
