L0  Nsteps           time(ps)         Etot             EKinetic        
L1  Temp             T_solute         T_solv           Pres_scal_solu  
L2  Pres_scal_solv   BoxX             BoxY             BoxZ            
L3  volume           pres_X           pres_Y           pres_Z          
L4  Pressure         EKCoM_x          EKCoM_y          EKCoM_z         
L5  EKComTot         VIRIAL_x         VIRIAL_y         VIRIAL_z        
L6  VIRIAL_tot       E_pot            E_vdw            E_el            
L7  E_hbon           E_bon            E_angle          E_dih           
L8  E_14vdw          E_14el           E_const          E_pol           
L9  AV_permMoment    AV_indMoment     AV_totMoment     Density          dV/dlambda      
L0     1000  0.2000000000E+01  -.7110806784E+04  0.1611516915E+04
L1 0.2866567417E+03  0.2866567417E+03  -.8722323699E+10  0.1000000000E+01
L2 0.1000000000E+01  0.3449242326E+02  0.3449242326E+02  0.3449242326E+02
L3 0.3159005572E+05  -.7659285307E+02  0.8074327081E+02  -.8912828259E+02
L4 -.2832595495E+02  0.2889931963E+03  0.2526024833E+03  0.2553604834E+03
L5 0.7969561630E+03  0.3064070632E+03  0.2342449928E+03  0.2756243590E+03
L6 0.8162764150E+03  -.8722323699E+04  0.1390805940E+04  -.1018813557E+05
L7 0.0000000000E+00  0.2704707289E+01  0.6845020058E+01  0.1154289136E+02
L8 0.3189483605E+01  0.4763033940E+02  0.3093489875E+01  0.0000000000E+00
L9 0.0000000000E+00  0.0000000000E+00  0.0000000000E+00  0.8921060332E+00  0.0000000000E+00
L0     2000  0.4000000000E+01  -.7189438538E+04  0.1664045536E+04
L1 0.2960005364E+03  0.2960005364E+03  -.8853484073E+10  0.1000000000E+01
L2 0.1000000000E+01  0.3392452037E+02  0.3392452037E+02  0.3392452037E+02
L3 0.3005766967E+05  -.8488286908E+03  -.8280312929E+03  -.1109681728E+04
L4 -.9288472371E+03  0.2781101844E+03  0.2552348945E+03  0.2642790399E+03
L5 0.7976241188E+03  0.4617352390E+03  0.4343608983E+03  0.5043338001E+03
L6 0.1400429937E+04  -.8853484073E+04  0.1264075576E+04  -.1019697850E+05
L7 0.0000000000E+00  0.2155111707E+01  0.8083429222E+01  0.1507944503E+02
L8 0.3509446033E+01  0.4678660409E+02  0.3804814480E+01  0.0000000000E+00
L9 0.0000000000E+00  0.0000000000E+00  0.0000000000E+00  0.9375869655E+00  0.0000000000E+00
L0     3000  0.6000000000E+01  -.7191279556E+04  0.1641984509E+04
L1 0.2920763195E+03  0.2920763195E+03  -.8833264065E+10  0.1000000000E+01
L2 0.1000000000E+01  0.3354684023E+02  0.3354684023E+02  0.3354684023E+02
L3 0.2906123114E+05  0.6785923148E+02  0.2089672250E+03  0.1196636249E+04
L4 0.4911542353E+03  0.2652991508E+03  0.2649344301E+03  0.2601835275E+03
L5 0.7904171084E+03  0.2511059769E+03  0.2212276549E+03  0.9899725694E+01
L6 0.4822333575E+03  -.8833264065E+04  0.1387771488E+04  -.1030504543E+05
L7 0.0000000000E+00  0.4406571454E+01  0.1368052727E+02  0.1253776033E+02
L8 0.3020926401E+01  0.4795845540E+02  0.2405632578E+01  0.0000000000E+00
L9 0.0000000000E+00  0.0000000000E+00  0.0000000000E+00  0.9697345293E+00  0.0000000000E+00
L0     4000  0.8000000000E+01  -.7250143211E+04  0.1699226444E+04
L1 0.3022585189E+03  0.3022585189E+03  -.8949369655E+10  0.1000000000E+01
L2 0.1000000000E+01  0.3342764129E+02  0.3342764129E+02  0.3342764129E+02
L3 0.2875439395E+05  -.2199181856E+03  -.1212145312E+03  -.3438093452E+03
L4 -.2283140206E+03  0.2727517991E+03  0.2860539448E+03  0.2818572201E+03
L5 0.8406629640E+03  0.3182633822E+03  0.3111390244E+03  0.3530078052E+03
L6 0.9824102118E+03  -.8949369655E+04  0.1304486182E+04  -.1032597898E+05
L7 0.0000000000E+00  0.2644860857E+01  0.6913712561E+01  0.9587192414E+01
L8 0.3987594754E+01  0.4732245148E+02  0.1667326760E+01  0.0000000000E+00
L9 0.0000000000E+00  0.0000000000E+00  0.0000000000E+00  0.9800825344E+00  0.0000000000E+00
L0     5000  0.1000000000E+02  -.7332341293E+04  0.1634921831E+04
L1 0.2908200097E+03  0.2908200097E+03  -.8967263124E+10  0.1000000000E+01
L2 0.1000000000E+01  0.3334849599E+02  0.3334849599E+02  0.3334849599E+02
L3 0.2855042781E+05  -.1860135717E+03  -.6363590791E+02  -.1909553228E+03
L4 -.1468682675E+03  0.2755818387E+03  0.2702451480E+03  0.2500641539E+03
L5 0.7958911406E+03  0.3138038761E+03  0.2833210436E+03  0.2893016214E+03
L6 0.8864265411E+03  -.8967263124E+04  0.1318253670E+04  -.1035535380E+05
L7 0.0000000000E+00  0.2465544516E+01  0.7135825668E+01  0.9541081481E+01
L8 0.2908330583E+01  0.4425950725E+02  0.3526715096E+01  0.0000000000E+00
L9 0.0000000000E+00  0.0000000000E+00  0.0000000000E+00  0.9870843086E+00  0.0000000000E+00
L0     6000  0.1200000000E+02  -.7335713087E+04  0.1658361831E+04
L1 0.2949895187E+03  0.2949895187E+03  -.8994074919E+10  0.1000000000E+01
L2 0.1000000000E+01  0.3336622565E+02  0.3336622565E+02  0.3336622565E+02
L3 0.2859534821E+05  0.3695927300E+03  -.3643600528E+03  0.3070378102E+03
L4 0.1040901625E+03  0.2754703148E+03  0.2735941042E+03  0.2677908975E+03
L5 0.8168553164E+03  0.1994069752E+03  0.3485805424E+03  0.2046015560E+03
L6 0.7525890736E+03  -.8994074919E+04  0.1370841127E+04  -.1044124766E+05
L7 0.0000000000E+00  0.1590793253E+01  0.5636140967E+01  0.1015421047E+02
L8 0.5334016352E+01  0.5048008137E+02  0.3136377372E+01  0.0000000000E+00
L9 0.0000000000E+00  0.0000000000E+00  0.0000000000E+00  0.9855336991E+00  0.0000000000E+00
L0     7000  0.1400000000E+02  -.7345309489E+04  0.1651450835E+04
L1 0.2937601901E+03  0.2937601901E+03  -.8996760324E+10  0.1000000000E+01
L2 0.1000000000E+01  0.3337593362E+02  0.3337593362E+02  0.3337593362E+02
L3 0.2862210099E+05  -.9141497856E+03  -.4121364543E+03  -.4599546089E+03
L4 -.5954136163E+03  0.2933765820E+03  0.2683847996E+03  0.2760439011E+03
L5 0.8378052827E+03  0.4816874788E+03  0.3532831242E+03  0.3707925585E+03
L6 0.1205763162E+04  -.8996760324E+04  0.1277209778E+04  -.1035042928E+05
L7 0.0000000000E+00  0.3128518041E+01  0.1066970660E+02  0.1072771199E+02
L8 0.3471206658E+01  0.4608147315E+02  0.2380562601E+01  0.0000000000E+00
L9 0.0000000000E+00  0.0000000000E+00  0.0000000000E+00  0.9846125310E+00  0.0000000000E+00
L0     8000  0.1600000000E+02  -.7252881424E+04  0.1675291560E+04
L1 0.2980009800E+03  0.2980009800E+03  -.8928172984E+10  0.1000000000E+01
L2 0.1000000000E+01  0.3327332516E+02  0.3327332516E+02  0.3327332516E+02
L3 0.2835797555E+05  -.3173987537E+03  -.9830370583E+03  0.6470794506E+03
L4 -.2177854538E+03  0.3083224596E+03  0.2581349036E+03  0.2728583186E+03
L5 0.8393156818E+03  0.3731018745E+03  0.4587675926E+03  0.1407928089E+03
L6 0.9726622759E+03  -.8928172984E+04  0.1277102175E+04  -.1028115088E+05
L7 0.0000000000E+00  0.3690173155E+01  0.7214722204E+01  0.1229537799E+02
L8 0.3231970810E+01  0.4625850721E+02  0.3184967036E+01  0.0000000000E+00
L9 0.0000000000E+00  0.0000000000E+00  0.0000000000E+00  0.9937831864E+00  0.0000000000E+00
L0     9000  0.1800000000E+02  -.7225085422E+04  0.1614500826E+04
L1 0.2871875200E+03  0.2871875200E+03  -.8839586248E+10  0.1000000000E+01
L2 0.1000000000E+01  0.3333109338E+02  0.3333109338E+02  0.3333109338E+02
L3 0.2850435261E+05  0.5801334901E+03  0.7504636153E+03  -.1167961976E+03
L4 0.4046003026E+03  0.2724867200E+03  0.2667834527E+03  0.2693086297E+03
L5 0.8085788025E+03  0.1534733647E+03  0.1128271748E+03  0.2932691623E+03
L6 0.5595697018E+03  -.8839586248E+04  0.1343008993E+04  -.1026685912E+05
L7 0.0000000000E+00  0.4875956453E+01  0.1438102686E+02  0.1111575096E+02
L8 0.3571248892E+01  0.4722468893E+02  0.3095205150E+01  0.0000000000E+00
L9 0.0000000000E+00  0.0000000000E+00  0.0000000000E+00  0.9886798582E+00  0.0000000000E+00
L0    10000  0.2000000000E+02  -.7313002216E+04  0.1690580516E+04
L1 0.3007205806E+03  0.3007205806E+03  -.9003582732E+10  0.1000000000E+01
L2 0.1000000000E+01  0.3337463180E+02  0.3337463180E+02  0.3337463180E+02
L3 0.2861782246E+05  0.3555203685E+03  -.4891261921E+03  -.5603727531E+03
L4 -.2313261922E+03  0.2933765458E+03  0.2669009352E+03  0.2837529565E+03
L5 0.8440304375E+03  0.2201518371E+03  0.3676437508E+03  0.3991700612E+03
L6 0.9869656491E+03  -.9003582732E+04  0.1312759081E+04  -.1038713695E+05
L7 0.0000000000E+00  0.2252511157E+01  0.5843894793E+01  0.1187237363E+02
L8 0.3466914748E+01  0.4521453923E+02  0.2144903342E+01  0.0000000000E+00
L9 0.0000000000E+00  0.0000000000E+00  0.0000000000E+00  0.9847597363E+00  0.0000000000E+00
