L0  Nsteps           time(ps)         Etot             EKinetic        
L1  Temp             T_solute         T_solv           Pres_scal_solu  
L2  Pres_scal_solv   BoxX             BoxY             BoxZ            
L3  volume           pres_X           pres_Y           pres_Z          
L4  Pressure         EKCoM_x          EKCoM_y          EKCoM_z         
L5  EKComTot         VIRIAL_x         VIRIAL_y         VIRIAL_z        
L6  VIRIAL_tot       E_pot            E_vdw            E_el            
L7  E_hbon           E_bon            E_angle          E_dih           
L8  E_14vdw          E_14el           E_const          E_pol           
L9  AV_permMoment    AV_indMoment     AV_totMoment     Density          dV/dlambda      
L0     1000  0.2000000000E+01  -.7075350355E+04  0.1646172950E+04
L1 0.2953267830E+03  0.2953267830E+03  -.8721523305E+10  0.1000000000E+01
L2 0.1000000000E+01  0.3433941718E+02  0.3433941718E+02  0.3433941718E+02
L3 0.3117355096E+05  -.5010917305E+03  -.9147670222E+03  -.8562968461E+03
L4 -.7573851996E+03  0.2772650745E+03  0.2739282911E+03  0.2622488361E+03
L5 0.8134422016E+03  0.3896893483E+03  0.4791642028E+03  0.4543664569E+03
L6 0.1323220008E+04  -.8721523305E+04  0.1308230518E+04  -.1010362959E+05
L7 0.0000000000E+00  0.1319398148E+01  0.7178384499E+01  0.1100192943E+02
L8 0.4193651710E+01  0.4832394296E+02  0.1858458282E+01  0.0000000000E+00
L9 0.0000000000E+00  0.0000000000E+00  0.0000000000E+00  0.8963478417E+00  0.0000000000E+00
L0     2000  0.4000000000E+01  -.7144695862E+04  0.1640223941E+04
L1 0.2942595187E+03  0.2942595187E+03  -.8784919803E+10  0.1000000000E+01
L2 0.1000000000E+01  0.3374796725E+02  0.3374796725E+02  0.3374796725E+02
L3 0.2959015975E+05  -.8210536679E+03  -.1089087246E+04  -.1248516842E+03
L4 -.6783308659E+03  0.2633211754E+03  0.2742683457E+03  0.2536787906E+03
L5 0.7912683116E+03  0.4381751205E+03  0.5062034906E+03  0.2802675635E+03
L6 0.1224646175E+04  -.8784919803E+04  0.1283663323E+04  -.1014760937E+05
L7 0.0000000000E+00  0.3080060963E+01  0.1260760430E+02  0.1039242422E+02
L8 0.2379817596E+01  0.4627367149E+02  0.4292661001E+01  0.0000000000E+00
L9 0.0000000000E+00  0.0000000000E+00  0.0000000000E+00  0.9443120739E+00  0.0000000000E+00
L0     3000  0.6000000000E+01  -.7248954070E+04  0.1664790516E+04
L1 0.2986668123E+03  0.2986668123E+03  -.8913744586E+10  0.1000000000E+01
L2 0.1000000000E+01  0.3341101933E+02  0.3341101933E+02  0.3341101933E+02
L3 0.2871203139E+05  -.7307126122E+03  -.5742686107E+03  0.2186764251E+02
L4 -.4277045268E+03  0.2650755376E+03  0.2829611793E+03  0.2685657708E+03
L5 0.8166024877E+03  0.4160721151E+03  0.4016297137E+03  0.2640469776E+03
L6 0.1081748806E+04  -.8913744586E+04  0.1298488547E+04  -.1028261393E+05
L7 0.0000000000E+00  0.2470797355E+01  0.6751953162E+01  0.1084510419E+02
L8 0.2999330092E+01  0.4497810724E+02  0.2335505408E+01  0.0000000000E+00
L9 0.0000000000E+00  0.0000000000E+00  0.0000000000E+00  0.9731929007E+00  0.0000000000E+00
L0     4000  0.8000000000E+01  -.7235863999E+04  0.1613839000E+04
L1 0.2895260065E+03  0.2895260065E+03  -.8849702999E+10  0.1000000000E+01
L2 0.1000000000E+01  0.3326558966E+02  0.3326558966E+02  0.3326558966E+02
L3 0.2833839733E+05  -.3814028120E+03  0.4661661398E+02  -.5505680353E+03
L4 -.2951180778E+03  0.2632726644E+03  0.2366535502E+03  0.2741673395E+03
L5 0.7740935541E+03  0.3410612287E+03  0.2271459132E+03  0.3864577990E+03
L6 0.9546649409E+03  -.8849702999E+04  0.1285334944E+04  -.1021318019E+05
L7 0.0000000000E+00  0.1656895433E+01  0.1260962024E+02  0.9338077441E+01
L8 0.5130021409E+01  0.4611940622E+02  0.3288224613E+01  0.0000000000E+00
L9 0.0000000000E+00  0.0000000000E+00  0.0000000000E+00  0.9860241847E+00  0.0000000000E+00
L0     5000  0.1000000000E+02  -.7343329743E+04  0.1553486044E+04
L1 0.2786985632E+03  0.2786985632E+03  -.8896815787E+10  0.1000000000E+01
L2 0.1000000000E+01  0.3319407493E+02  0.3319407493E+02  0.3319407493E+02
L3 0.2815710075E+05  0.1011760783E+03  -.1197348634E+04  -.1076026983E+04
L4 -.7240665128E+03  0.2558361135E+03  0.2576183709E+03  0.2590083487E+03
L5 0.7724628330E+03  0.2353328801E+03  0.5002599019E+03  0.4770641658E+03
L6 0.1212656948E+04  -.8896815787E+04  0.1220395797E+04  -.1018823412E+05
L7 0.0000000000E+00  0.3175962817E+01  0.5293293851E+01  0.1025837232E+02
L8 0.3059333127E+01  0.4703198448E+02  0.2203594500E+01  0.0000000000E+00
L9 0.0000000000E+00  0.0000000000E+00  0.0000000000E+00  0.9923729496E+00  0.0000000000E+00
L0     6000  0.1200000000E+02  -.7241548922E+04  0.1668445026E+04
L1 0.2993224389E+03  0.2993224389E+03  -.8909993948E+10  0.1000000000E+01
L2 0.1000000000E+01  0.3318324817E+02  0.3318324817E+02  0.3318324817E+02
L3 0.2812647751E+05  0.2803786990E+03  0.1349216136E+04  -.1183824263E+03
L4 0.5037374695E+03  0.2681905828E+03  0.2857480395E+03  0.2731990810E+03
L5 0.8271377032E+03  0.2114339082E+03  0.1262807194E+02  0.2971630728E+03
L6 0.5212250529E+03  -.8909993948E+04  0.1375662084E+04  -.1035585203E+05
L7 0.0000000000E+00  0.3520362023E+01  0.9083721563E+01  0.9322863681E+01
L8 0.2780465334E+01  0.4216336168E+02  0.3325224986E+01  0.0000000000E+00
L9 0.0000000000E+00  0.0000000000E+00  0.0000000000E+00  0.9934534143E+00  0.0000000000E+00
L0     7000  0.1400000000E+02  -.7217303420E+04  0.1639395944E+04
L1 0.2941109744E+03  0.2941109744E+03  -.8856699364E+10  0.1000000000E+01
L2 0.1000000000E+01  0.3322036813E+02  0.3322036813E+02  0.3322036813E+02
L3 0.2822267199E+05  -.7525382450E+03  0.5615989972E+02  0.1828217874E+03
L4 -.1711855193E+03  0.2490385047E+03  0.2638017351E+03  0.2848669289E+03
L5 0.7977071687E+03  0.4018947841E+03  0.2523944832E+03  0.2477319947E+03
L6 0.9020212620E+03  -.8856699364E+04  0.1290632327E+04  -.1021926330E+05
L7 0.0000000000E+00  0.3747974755E+01  0.6921389470E+01  0.1073054133E+02
L8 0.4222974042E+01  0.4404484705E+02  0.2263882582E+01  0.0000000000E+00
L9 0.0000000000E+00  0.0000000000E+00  0.0000000000E+00  0.9900673166E+00  0.0000000000E+00
L0     8000  0.1600000000E+02  -.7204571167E+04  0.1714098973E+04
L1 0.3075128500E+03  0.3075128500E+03  -.8918670139E+10  0.1000000000E+01
L2 0.1000000000E+01  0.3328498446E+02  0.3328498446E+02  0.3328498446E+02
L3 0.2838706698E+05  0.3000807288E+02  -.2571502669E+02  0.2069200790E+03
L4 0.7040437507E+02  0.2850497316E+03  0.2962279569E+03  0.2799634430E+03
L5 0.8612411315E+03  0.2789189590E+03  0.3014816426E+03  0.2376888205E+03
L6 0.8180894220E+03  -.8918670139E+04  0.1325369455E+04  -.1031750662E+05
L7 0.0000000000E+00  0.3421947120E+01  0.6664496798E+01  0.9022377087E+01
L8 0.3048652128E+01  0.4873868929E+02  0.2570865227E+01  0.0000000000E+00
L9 0.0000000000E+00  0.0000000000E+00  0.0000000000E+00  0.9843336454E+00  0.0000000000E+00
L0     9000  0.1800000000E+02  -.7180493927E+04  0.1673135452E+04
L1 0.3001639108E+03  0.3001639108E+03  -.8853629379E+10  0.1000000000E+01
L2 0.1000000000E+01  0.3329532308E+02  0.3329532308E+02  0.3329532308E+02
L3 0.2841319515E+05  0.3476665654E+03  0.4211526855E+03  -.1647314786E+03
L4 0.2013625907E+03  0.2760159320E+03  0.2603339740E+03  0.2828570971E+03
L5 0.8192070031E+03  0.2049208465E+03  0.1742115532E+03  0.3165433923E+03
L6 0.6956757920E+03  -.8853629379E+04  0.1346865343E+04  -.1027812304E+05
L7 0.0000000000E+00  0.7435206926E+01  0.7198239566E+01  0.1246166018E+02
L8 0.2774488245E+01  0.4406816927E+02  0.3690554235E+01  0.0000000000E+00
L9 0.0000000000E+00  0.0000000000E+00  0.0000000000E+00  0.9834284731E+00  0.0000000000E+00
L0    10000  0.2000000000E+02  -.7249752914E+04  0.1710311981E+04
L1 0.3068334560E+03  0.3068334560E+03  -.8960064895E+10  0.1000000000E+01
L2 0.1000000000E+01  0.3325247312E+02  0.3325247312E+02  0.3325247312E+02
L3 0.2830488808E+05  -.8047966816E+02  -.8027195237E+03  -.7514684687E+00
L4 -.2946502201E+03  0.2915195423E+03  0.2734369215E+03  0.2723051001E+03
L5 0.8372615639E+03  0.3079142697E+03  0.4369610518E+03  0.2724581837E+03
L6 0.1017333505E+04  -.8960064895E+04  0.1301661318E+04  -.1033849145E+05
L7 0.0000000000E+00  0.3524933356E+01  0.7813956717E+01  0.1118382690E+02
L8 0.3601783054E+01  0.4701248890E+02  0.3628246285E+01  0.0000000000E+00
L9 0.0000000000E+00  0.0000000000E+00  0.0000000000E+00  0.9871915071E+00  0.0000000000E+00
