L0  Nsteps           time(ps)         Etot             EKinetic        
L1  Temp             T_solute         T_solv           Pres_scal_solu  
L2  Pres_scal_solv   BoxX             BoxY             BoxZ            
L3  volume           pres_X           pres_Y           pres_Z          
L4  Pressure         EKCoM_x          EKCoM_y          EKCoM_z         
L5  EKComTot         VIRIAL_x         VIRIAL_y         VIRIAL_z        
L6  VIRIAL_tot       E_pot            E_vdw            E_el            
L7  E_hbon           E_bon            E_angle          E_dih           
L8  E_14vdw          E_14el           E_const          E_pol           
L9  AV_permMoment    AV_indMoment     AV_totMoment     Density          dV/dlambda      
L0     1000  0.2000000000E+01  -.7805110031E+04  0.1833721939E+04
L1 0.2986312422E+03  0.2986312422E+03  -.9638831970E+10  0.1000000000E+01
L2 0.1000000000E+01  0.3540100245E+02  0.3540100245E+02  0.3540100245E+02
L3 0.3415450153E+05  -.2369599467E+03  -.7895937233E+03  -.7620309813E+03
L4 -.5961948838E+03  0.2816685452E+03  0.2822721929E+03  0.3244644092E+03
L5 0.8884051473E+03  0.3399163382E+03  0.4763644537E+03  0.5117813946E+03
L6 0.1328062187E+04  -.9638831970E+04  0.1462863112E+04  -.1117876071E+05
L7 0.0000000000E+00  0.1610164734E+01  0.6673311078E+01  0.1296838244E+02
L8 0.4838786078E+01  0.4806595915E+02  0.2909026465E+01  0.0000000000E+00
L9 0.0000000000E+00  0.0000000000E+00  0.0000000000E+00  0.9013288766E+00  0.0000000000E+00
L0     2000  0.4000000000E+01  -.7985516069E+04  0.1770184147E+04
L1 0.2882837793E+03  0.2882837793E+03  -.9755700216E+10  0.1000000000E+01
L2 0.1000000000E+01  0.3474689759E+02  0.3474689759E+02  0.3474689759E+02
L3 0.3229592782E+05  0.3593080118E+02  -.8147874626E+03  -.8852147178E+03
L4 -.5546904598E+03  0.2891130045E+03  0.3128320090E+03  0.2727864400E+03
L5 0.8747314534E+03  0.2807613744E+03  0.5022183631E+03  0.4785426595E+03
L6 0.1261522397E+04  -.9755700216E+04  0.1431961304E+04  -.1126498176E+05
L7 0.0000000000E+00  0.2715033473E+01  0.7848030058E+01  0.1249219721E+02
L8 0.3162521136E+01  0.4513737443E+02  0.5965081042E+01  0.0000000000E+00
L9 0.0000000000E+00  0.0000000000E+00  0.0000000000E+00  0.9531987646E+00  0.0000000000E+00
L0     3000  0.6000000000E+01  -.7896342767E+04  0.1829372570E+04
L1 0.2979229247E+03  0.2979229247E+03  -.9725715337E+10  0.1000000000E+01
L2 0.1000000000E+01  0.3453850247E+02  0.3453850247E+02  0.3453850247E+02
L3 0.3171620867E+05  0.4407685219E+03  -.5217860185E+02  0.1858559442E+03
L4 0.1914819547E+03  0.2873039982E+03  0.3078909560E+03  0.3035276177E+03
L5 0.8987225719E+03  0.1866923143E+03  0.3198014639E+03  0.2611033551E+03
L6 0.7675971334E+03  -.9725715337E+04  0.1485000501E+04  -.1129028877E+05
L7 0.0000000000E+00  0.2582297057E+01  0.1210921910E+02  0.1378509372E+02
L8 0.2758970226E+01  0.4584262206E+02  0.2494727969E+01  0.0000000000E+00
L9 0.0000000000E+00  0.0000000000E+00  0.0000000000E+00  0.9706216408E+00  0.0000000000E+00
L0     4000  0.8000000000E+01  -.7920489571E+04  0.1862862994E+04
L1 0.3033770160E+03  0.3033770160E+03  -.9783352565E+10  0.1000000000E+01
L2 0.1000000000E+01  0.3439399691E+02  0.3439399691E+02  0.3439399691E+02
L3 0.3132184796E+05  -.9135623648E+03  -.3298770224E+03  -.4028629959E+03
L4 -.5487674610E+03  0.3057002471E+03  0.2949371382E+03  0.3293219071E+03
L5 0.9299592924E+03  0.5116409341E+03  0.3692999876E+03  0.4201376908E+03
L6 0.1301078613E+04  -.9783352565E+04  0.1375800144E+04  -.1123435649E+05
L7 0.0000000000E+00  0.1804925860E+01  0.1103913296E+02  0.9790294495E+01
L8 0.2448752939E+01  0.4621807147E+02  0.3902606042E+01  0.0000000000E+00
L9 0.0000000000E+00  0.0000000000E+00  0.0000000000E+00  0.9828423450E+00  0.0000000000E+00
L0     5000  0.1000000000E+02  -.7925197605E+04  0.1835359424E+04
L1 0.2988979153E+03  0.2988979153E+03  -.9760557029E+10  0.1000000000E+01
L2 0.1000000000E+01  0.3442646592E+02  0.3442646592E+02  0.3442646592E+02
L3 0.3140894245E+05  0.3383737936E+03  0.2480863289E+03  -.4171141315E+03
L4 0.5644866366E+02  0.2871968115E+03  0.2998456768E+03  0.3042888118E+03
L5 0.8913313000E+03  0.2107064675E+03  0.2437650671E+03  0.3985786298E+03
L6 0.8530501643E+03  -.9760557029E+04  0.1473465909E+04  -.1131405951E+05
L7 0.0000000000E+00  0.4910975556E+01  0.8163353520E+01  0.1110574371E+02
L8 0.4272031119E+01  0.4721434228E+02  0.4370123457E+01  0.0000000000E+00
L9 0.0000000000E+00  0.0000000000E+00  0.0000000000E+00  0.9801170016E+00  0.0000000000E+00
L0     6000  0.1200000000E+02  -.8024537318E+04  0.1801511779E+04
L1 0.2933856486E+03  0.2933856486E+03  -.9826049097E+10  0.1000000000E+01
L2 0.1000000000E+01  0.3440456873E+02  0.3440456873E+02  0.3440456873E+02
L3 0.3134910867E+05  0.1752786550E+03  0.1240632455E+03  -.1962197854E+03
L4 0.3437403838E+02  0.2852606712E+03  0.2938795000E+03  0.3000982994E+03
L5 0.8792384706E+03  0.2457139202E+03  0.2658880810E+03  0.3443698337E+03
L6 0.8559718349E+03  -.9826049097E+04  0.1477029026E+04  -.1137920420E+05
L7 0.0000000000E+00  0.1537497416E+01  0.8113101892E+01  0.1098481496E+02
L8 0.3467484841E+01  0.4951651267E+02  0.2506667232E+01  0.0000000000E+00
L9 0.0000000000E+00  0.0000000000E+00  0.0000000000E+00  0.9819876803E+00  0.0000000000E+00
L0     7000  0.1400000000E+02  -.8016989945E+04  0.1804335760E+04
L1 0.2938455487E+03  0.2938455487E+03  -.9821325705E+10  0.1000000000E+01
L2 0.1000000000E+01  0.3439993729E+02  0.3439993729E+02  0.3439993729E+02
L3 0.3133696085E+05  -.1959910733E+03  -.4021139520E+02  -.2089489884E+03
L4 -.1483838190E+03  0.2881724986E+03  0.3053841310E+03  0.2978193570E+03
L5 0.8913759867E+03  0.3323752952E+03  0.3144531977E+03  0.3449446136E+03
L6 0.9917731066E+03  -.9821325705E+04  0.1457032017E+04  -.1135582048E+05
L7 0.0000000000E+00  0.2683688142E+01  0.8416586532E+01  0.1311273506E+02
L8 0.2851856677E+01  0.4863858760E+02  0.1759300377E+01  0.0000000000E+00
L9 0.0000000000E+00  0.0000000000E+00  0.0000000000E+00  0.9823683492E+00  0.0000000000E+00
L0     8000  0.1600000000E+02  -.7881320571E+04  0.1856368149E+04
L1 0.3023192963E+03  0.3023192963E+03  -.9737688719E+10  0.1000000000E+01
L2 0.1000000000E+01  0.3436175051E+02  0.3436175051E+02  0.3436175051E+02
L3 0.3123075472E+05  -.1611885343E+03  0.9235388316E+03  0.9054253140E+03
L4 0.5559252038E+03  0.2802274245E+03  0.3142634607E+03  0.3294887139E+03
L5 0.9239795991E+03  0.3164578309E+03  0.1066792963E+03  0.1259759314E+03
L6 0.5491130586E+03  -.9737688719E+04  0.1499845277E+04  -.1131136215E+05
L7 0.0000000000E+00  0.3356715156E+01  0.4653349908E+01  0.1145593796E+02
L8 0.3231357256E+01  0.4693784510E+02  0.4192943964E+01  0.0000000000E+00
L9 0.0000000000E+00  0.0000000000E+00  0.0000000000E+00  0.9857090797E+00  0.0000000000E+00
L0     9000  0.1800000000E+02  -.7899224744E+04  0.1853216255E+04
L1 0.3018059940E+03  0.3018059940E+03  -.9752441000E+10  0.1000000000E+01
L2 0.1000000000E+01  0.3436542430E+02  0.3436542430E+02  0.3436542430E+02
L3 0.3124197918E+05  -.8371148854E+02  -.4245177419E+02  0.4953235405E+03
L4 0.1230534259E+03  0.3079882436E+03  0.3058597416E+03  0.3299719860E+03
L5 0.9438199713E+03  0.3268108683E+03  0.3154050720E+03  0.2185979169E+03
L6 0.8608138573E+03  -.9752441000E+04  0.1460987032E+04  -.1129054598E+05
L7 0.0000000000E+00  0.2021770957E+01  0.5577430724E+01  0.1284804222E+02
L8 0.4132981784E+01  0.4774014938E+02  0.4797571156E+01  0.0000000000E+00
L9 0.0000000000E+00  0.0000000000E+00  0.0000000000E+00  0.9853549394E+00  0.0000000000E+00
L0    10000  0.2000000000E+02  -.7915154272E+04  0.1846299595E+04
L1 0.3006795796E+03  0.3006795796E+03  -.9761453868E+10  0.1000000000E+01
L2 0.1000000000E+01  0.3437843075E+02  0.3437843075E+02  0.3437843075E+02
L3 0.3127772829E+05  -.6711390675E+03  0.7657722818E+02  0.6811552840E+03
L4 0.2886448156E+02  0.3060224580E+03  0.3065186271E+03  0.3100453239E+03
L5 0.9225864089E+03  0.4571015280E+03  0.2892804465E+03  0.1567115190E+03
L6 0.9030934935E+03  -.9761453868E+04  0.1431862158E+04  -.1126656726E+05
L7 0.0000000000E+00  0.1424658252E+01  0.5693699021E+01  0.1271594117E+02
L8 0.3218841700E+01  0.4800416181E+02  0.2193932282E+01  0.0000000000E+00
L9 0.0000000000E+00  0.0000000000E+00  0.0000000000E+00  0.9842287205E+00  0.0000000000E+00
