L0  Nsteps           time(ps)         Etot             EKinetic        
L1  Temp             T_solute         T_solv           Pres_scal_solu  
L2  Pres_scal_solv   BoxX             BoxY             BoxZ            
L3  volume           pres_X           pres_Y           pres_Z          
L4  Pressure         EKCoM_x          EKCoM_y          EKCoM_z         
L5  EKComTot         VIRIAL_x         VIRIAL_y         VIRIAL_z        
L6  VIRIAL_tot       E_pot            E_vdw            E_el            
L7  E_hbon           E_bon            E_angle          E_dih           
L8  E_14vdw          E_14el           E_const          E_pol           
L9  AV_permMoment    AV_indMoment     AV_totMoment     Density          dV/dlambda      
L0     1000  0.2000000000E+01  -.6718204595E+04  0.1545270238E+04
L1 0.2955587569E+03  0.2955587569E+03  -.8263474833E+10  0.1000000000E+01
L2 0.1000000000E+01  0.3343600062E+02  0.3343600062E+02  0.3343600062E+02
L3 0.2877690716E+05  -.5371751637E+03  0.4128652802E+02  -.1282696438E+04
L4 -.5928616914E+03  0.2562591094E+03  0.2564465857E+03  0.2554691848E+03
L5 0.7681748799E+03  0.3675133620E+03  0.2478957403E+03  0.5211282161E+03
L6 0.1136537318E+04  -.8263474833E+04  0.1245695606E+04  -.9579481180E+04
L7 0.0000000000E+00  0.1777183729E+01  0.4510336537E+01  0.1190966175E+02
L8 0.3535870718E+01  0.4538492890E+02  0.3192759173E+01  0.0000000000E+00
L9 0.0000000000E+00  0.0000000000E+00  0.0000000000E+00  0.9107014932E+00  0.0000000000E+00
L0     2000  0.4000000000E+01  -.6722193608E+04  0.1542680630E+04
L1 0.2950634510E+03  0.2950634510E+03  -.8264874238E+10  0.1000000000E+01
L2 0.1000000000E+01  0.3300452904E+02  0.3300452904E+02  0.3300452904E+02
L3 0.2767581270E+05  0.9046387078E+03  -.8148927435E+02  -.9461799942E+03
L4 -.4101018690E+02  0.2551696000E+03  0.2507410727E+03  0.2489647146E+03
L5 0.7548753872E+03  0.7497900081E+02  0.2669725263E+03  0.4374297212E+03
L6 0.7793812483E+03  -.8264874238E+04  0.1261100473E+04  -.9597687502E+04
L7 0.0000000000E+00  0.3156332753E+01  0.5167669448E+01  0.1128651470E+02
L8 0.2389757715E+01  0.4697127031E+02  0.2741246072E+01  0.0000000000E+00
L9 0.0000000000E+00  0.0000000000E+00  0.0000000000E+00  0.9469341552E+00  0.0000000000E+00
L0     3000  0.6000000000E+01  -.6850841667E+04  0.1544377796E+04
L1 0.2953880624E+03  0.2953880624E+03  -.8395219463E+10  0.1000000000E+01
L2 0.1000000000E+01  0.3271874479E+02  0.3271874479E+02  0.3271874479E+02
L3 0.2696500037E+05  -.5924195328E+03  -.1134194557E+04  -.7788026712E+03
L4 -.8351389204E+03  0.2603630381E+03  0.2634557489E+03  0.2513551263E+03
L5 0.7751739132E+03  0.3753335274E+03  0.4835681794E+03  0.4024968751E+03
L6 0.1261398582E+04  -.8395219463E+04  0.1186333378E+04  -.9663601475E+04
L7 0.0000000000E+00  0.5038606271E+01  0.1150684754E+02  0.1282595318E+02
L8 0.2698427655E+01  0.4337708731E+02  0.6601712273E+01  0.0000000000E+00
L9 0.0000000000E+00  0.0000000000E+00  0.0000000000E+00  0.9718958635E+00  0.0000000000E+00
L0     4000  0.8000000000E+01  -.6759125041E+04  0.1554372703E+04
L1 0.2972997555E+03  0.2972997555E+03  -.8313497745E+10  0.1000000000E+01
L2 0.1000000000E+01  0.3254346636E+02  0.3254346636E+02  0.3254346636E+02
L3 0.2653121541E+05  -.1743604920E+03  0.7595413802E+03  0.3795835422E+03
L4 0.3215881435E+03  0.2405690469E+03  0.2685793687E+03  0.2694583924E+03
L5 0.7786068081E+03  0.2738627277E+03  0.1235469248E+03  0.1969779059E+03
L6 0.5943875584E+03  -.8313497745E+04  0.1254619166E+04  -.9645011720E+04
L7 0.0000000000E+00  0.2176430094E+01  0.1221571016E+02  0.1104600004E+02
L8 0.3529039523E+01  0.4620791009E+02  0.1719719151E+01  0.0000000000E+00
L9 0.0000000000E+00  0.0000000000E+00  0.0000000000E+00  0.9877863456E+00  0.0000000000E+00
L0     5000  0.1000000000E+02  -.6815237725E+04  0.1553878144E+04
L1 0.2972051627E+03  0.2972051627E+03  -.8369115869E+10  0.1000000000E+01
L2 0.1000000000E+01  0.3253253883E+02  0.3253253883E+02  0.3253253883E+02
L3 0.2650559303E+05  -.2110956086E+03  0.4904582946E+03  -.7038109631E+03
L4 -.1414827590E+03  0.2526806053E+03  0.2564229142E+03  0.2564432715E+03
L5 0.7655467911E+03  0.2929498334E+03  0.1628616268E+03  0.3907043505E+03
L6 0.8465158106E+03  -.8369115869E+04  0.1244246543E+04  -.9688778879E+04
L7 0.0000000000E+00  0.2393196253E+01  0.7934049894E+01  0.1203783321E+02
L8 0.2447685212E+01  0.4767635369E+02  0.2927349731E+01  0.0000000000E+00
L9 0.0000000000E+00  0.0000000000E+00  0.0000000000E+00  0.9887412173E+00  0.0000000000E+00
L0     6000  0.1200000000E+02  -.6708339235E+04  0.1569866410E+04
L1 0.3002631858E+03  0.3002631858E+03  -.8278205645E+10  0.1000000000E+01
L2 0.1000000000E+01  0.3258564194E+02  0.3258564194E+02  0.3258564194E+02
L3 0.2663475599E+05  0.1993644871E+03  -.4578091977E+03  0.9008068168E+03
L4 0.2141207021E+03  0.2517326183E+03  0.2577186851E+03  0.2653681073E+03
L5 0.7748194107E+03  0.2135159255E+03  0.3454773113E+03  0.9269012449E+02
L6 0.6516833613E+03  -.8278205645E+04  0.1251951191E+04  -.9607570312E+04
L7 0.0000000000E+00  0.3431360116E+01  0.7588460244E+01  0.1241895548E+02
L8 0.3319096768E+01  0.4778566123E+02  0.2869941772E+01  0.0000000000E+00
L9 0.0000000000E+00  0.0000000000E+00  0.0000000000E+00  0.9839464017E+00  0.0000000000E+00
L0     7000  0.1400000000E+02  -.6856166292E+04  0.1527824931E+04
L1 0.2922220505E+03  0.2922220505E+03  -.8383991224E+10  0.1000000000E+01
L2 0.1000000000E+01  0.3248529410E+02  0.3248529410E+02  0.3248529410E+02
L3 0.2638929504E+05  0.3251223736E+03  -.4320247217E+02  0.5540079432E+03
L4 0.2786426149E+03  0.2437079892E+03  0.2514433097E+03  0.2622095271E+03
L5 0.7573608260E+03  0.1819588048E+03  0.2596485814E+03  0.1569890274E+03
L6 0.5985964136E+03  -.8383991224E+04  0.1290794528E+04  -.9747683560E+04
L7 0.0000000000E+00  0.2680463978E+01  0.9311277041E+01  0.1030269520E+02
L8 0.2495522038E+01  0.4363329097E+02  0.4474559147E+01  0.0000000000E+00
L9 0.0000000000E+00  0.0000000000E+00  0.0000000000E+00  0.9930986136E+00  0.0000000000E+00
L0     8000  0.1600000000E+02  -.6849473810E+04  0.1543439760E+04
L1 0.2952086474E+03  0.2952086474E+03  -.8392913570E+10  0.1000000000E+01
L2 0.1000000000E+01  0.3248540501E+02  0.3248540501E+02  0.3248540501E+02
L3 0.2638918810E+05  -.3735855417E+03  0.4987082213E+03  0.1191595130E+04
L4 0.4389059364E+03  0.2679344534E+03  0.2593192783E+03  0.2348826208E+03
L5 0.7621363525E+03  0.3388877648E+03  0.1646020161E+03  0.8568668941E+01
L6 0.5120584498E+03  -.8392913570E+04  0.1304061030E+04  -.9774000679E+04
L7 0.0000000000E+00  0.3191805907E+01  0.4183349728E+01  0.1382848484E+02
L8 0.3282852301E+01  0.5096421108E+02  0.1575375568E+01  0.0000000000E+00
L9 0.0000000000E+00  0.0000000000E+00  0.0000000000E+00  0.9931026381E+00  0.0000000000E+00
L0     9000  0.1800000000E+02  -.6824111447E+04  0.1591478655E+04
L1 0.3043968888E+03  0.3043968888E+03  -.8415590102E+10  0.1000000000E+01
L2 0.1000000000E+01  0.3257775031E+02  0.3257775031E+02  0.3257775031E+02
L3 0.2661586344E+05  0.7009142382E+02  0.7925401317E+03  -.7940456666E+03
L4 0.2286196299E+02  0.2574312610E+03  0.2665942495E+03  0.2683565203E+03
L5 0.7923820309E+03  0.2440047856E+03  0.1147779497E+03  0.4204612153E+03
L6 0.7792439506E+03  -.8415590102E+04  0.1275571584E+04  -.9766758976E+04
L7 0.0000000000E+00  0.3789955843E+01  0.9995739325E+01  0.1066774461E+02
L8 0.2742993452E+01  0.4382465648E+02  0.4576200692E+01  0.0000000000E+00
L9 0.0000000000E+00  0.0000000000E+00  0.0000000000E+00  0.9846448296E+00  0.0000000000E+00
L0    10000  0.2000000000E+02  -.6819652646E+04  0.1535487218E+04
L1 0.2936875908E+03  0.2936875908E+03  -.8355139864E+10  0.1000000000E+01
L2 0.1000000000E+01  0.3251202899E+02  0.3251202899E+02  0.3251202899E+02
L3 0.2645512180E+05  -.2241407407E+03  0.3260926303E+03  -.5320735007E+02
L4 0.1624817985E+02  0.2689959557E+03  0.2360466823E+03  0.2670731948E+03
L5 0.7721158328E+03  0.3116722939E+03  0.1739587310E+03  0.2772038603E+03
L6 0.7628348853E+03  -.8355139864E+04  0.1240460580E+04  -.9668792629E+04
L7 0.0000000000E+00  0.1447658022E+01  0.8793081230E+01  0.1113116288E+02
L8 0.4162455573E+01  0.4630829670E+02  0.1349530272E+01  0.0000000000E+00
L9 0.0000000000E+00  0.0000000000E+00  0.0000000000E+00  0.9906275434E+00  0.0000000000E+00
