L0  Nsteps           time(ps)         Etot             EKinetic        
L1  Temp             T_solute         T_solv           Pres_scal_solu  
L2  Pres_scal_solv   BoxX             BoxY             BoxZ            
L3  volume           pres_X           pres_Y           pres_Z          
L4  Pressure         EKCoM_x          EKCoM_y          EKCoM_z         
L5  EKComTot         VIRIAL_x         VIRIAL_y         VIRIAL_z        
L6  VIRIAL_tot       E_pot            E_vdw            E_el            
L7  E_hbon           E_bon            E_angle          E_dih           
L8  E_14vdw          E_14el           E_const          E_pol           
L9  AV_permMoment    AV_indMoment     AV_totMoment     Density          dV/dlambda      
L0     1000  0.2000000000E+01  -.7874979527E+04  0.1813754571E+04
L1 0.2965310284E+03  0.2965310284E+03  -.9688734098E+10  0.1000000000E+01
L2 0.1000000000E+01  0.3521312174E+02  0.3521312174E+02  0.3521312174E+02
L3 0.3361371348E+05  -.7912299721E+03  -.8615939334E+02  -.1038083294E+04
L4 -.6384908863E+03  0.2998064527E+03  0.2885386685E+03  0.2957028758E+03
L5 0.8840479970E+03  0.4912213806E+03  0.3093824113E+03  0.5468367380E+03
L6 0.1347440530E+04  -.9688734098E+04  0.1481594668E+04  -.1124364674E+05
L7 0.0000000000E+00  0.5545151142E+01  0.1158570610E+02  0.9795591847E+01
L8 0.2292531009E+01  0.4162445385E+02  0.2474543768E+01  0.0000000000E+00
L9 0.0000000000E+00  0.0000000000E+00  0.0000000000E+00  0.9122696730E+00  0.0000000000E+00
L0     2000  0.4000000000E+01  -.7840790075E+04  0.1876194647E+04
L1 0.3067393665E+03  0.3067393665E+03  -.9716984722E+10  0.1000000000E+01
L2 0.1000000000E+01  0.3468339350E+02  0.3468339350E+02  0.3468339350E+02
L3 0.3211702242E+05  0.6162109047E+02  0.1161722988E+03  0.4145658796E+03
L4 0.1974530896E+03  0.3035687840E+03  0.3176824995E+03  0.2976550667E+03
L5 0.9189063503E+03  0.2893251360E+03  0.2908293990E+03  0.2018286144E+03
L6 0.7819831494E+03  -.9716984722E+04  0.1505879965E+04  -.1130142802E+05
L7 0.0000000000E+00  0.4843575320E+01  0.1060816613E+02  0.1112285726E+02
L8 0.2774519131E+01  0.4548638804E+02  0.3727829418E+01  0.0000000000E+00
L9 0.0000000000E+00  0.0000000000E+00  0.0000000000E+00  0.9547825139E+00  0.0000000000E+00
L0     3000  0.6000000000E+01  -.7934601180E+04  0.1840859759E+04
L1 0.3009624600E+03  0.3009624600E+03  -.9775460939E+10  0.1000000000E+01
L2 0.1000000000E+01  0.3435646513E+02  0.3435646513E+02  0.3435646513E+02
L3 0.3121752036E+05  -.1203904587E+03  0.1862448371E+03  0.3362273442E+03
L4 0.1340272409E+03  0.3224317254E+03  0.3090940991E+03  0.2831643251E+03
L5 0.9146901496E+03  0.3494804662E+03  0.2672495179E+03  0.2076224060E+03
L6 0.8243523901E+03  -.9775460939E+04  0.1474791984E+04  -.1132455578E+05
L7 0.0000000000E+00  0.3617872624E+01  0.9565340708E+01  0.9980894346E+01
L8 0.2325531587E+01  0.4520069922E+02  0.3612518360E+01  0.0000000000E+00
L9 0.0000000000E+00  0.0000000000E+00  0.0000000000E+00  0.9822936304E+00  0.0000000000E+00
L0     4000  0.8000000000E+01  -.7851890572E+04  0.1858859400E+04
L1 0.3039052242E+03  0.3039052242E+03  -.9710749972E+10  0.1000000000E+01
L2 0.1000000000E+01  0.3428691156E+02  0.3428691156E+02  0.3428691156E+02
L3 0.3102850249E+05  -.6621467535E+02  0.2631647615E+03  -.6432647932E+01
L4 0.6350581273E+02  0.3028444931E+03  0.2961373496E+03  0.3122845004E+03
L5 0.9112663431E+03  0.3176312063E+03  0.2373687785E+03  0.3137210056E+03
L6 0.8687209903E+03  -.9710749972E+04  0.1440951883E+04  -.1122602032E+05
L7 0.0000000000E+00  0.4844713984E+01  0.1042262526E+02  0.1111335215E+02
L8 0.2825237958E+01  0.4228496951E+02  0.2827569235E+01  0.0000000000E+00
L9 0.0000000000E+00  0.0000000000E+00  0.0000000000E+00  0.9882775174E+00  0.0000000000E+00
L0     5000  0.1000000000E+02  -.7923212073E+04  0.1828460586E+04
L1 0.2989353172E+03  0.2989353172E+03  -.9751672659E+10  0.1000000000E+01
L2 0.1000000000E+01  0.3435115875E+02  0.3435115875E+02  0.3435115875E+02
L3 0.3120138907E+05  0.5725682739E+03  0.1164519665E+04  0.4638412773E+03
L4 0.7336430722E+03  0.2978089178E+03  0.3020995513E+03  0.2965110353E+03
L5 0.8964195044E+03  0.1692335459E+03  0.4059615363E+02  0.1923512915E+03
L6 0.4021809910E+03  -.9751672659E+04  0.1562451814E+04  -.1139397052E+05
L7 0.0000000000E+00  0.3997158296E+01  0.1433801614E+02  0.1105755668E+02
L8 0.2528618658E+01  0.4318121492E+02  0.4743485740E+01  0.0000000000E+00
L9 0.0000000000E+00  0.0000000000E+00  0.0000000000E+00  0.9828014816E+00  0.0000000000E+00
L0     6000  0.1200000000E+02  -.7989357785E+04  0.1805475144E+04
L1 0.2951774235E+03  0.2951774235E+03  -.9794832929E+10  0.1000000000E+01
L2 0.1000000000E+01  0.3435062075E+02  0.3435062075E+02  0.3435062075E+02
L3 0.3120125005E+05  0.6680897186E+02  0.6506398318E+02  0.6385929487E+03
L4 0.2568219679E+03  0.2967187272E+03  0.2867243226E+03  0.2969501593E+03
L5 0.8803932091E+03  0.2817162367E+03  0.2721136832E+03  0.1535489899E+03
L6 0.7073789098E+03  -.9794832929E+04  0.1522894977E+04  -.1139232856E+05
L7 0.0000000000E+00  0.2779370873E+01  0.1320439952E+02  0.9524509908E+01
L8 0.2799470883E+01  0.4325647113E+02  0.3036431346E+01  0.0000000000E+00
L9 0.0000000000E+00  0.0000000000E+00  0.0000000000E+00  0.9828058606E+00  0.0000000000E+00
L0     7000  0.1400000000E+02  -.7938097536E+04  0.1825007793E+04
L1 0.2983708194E+03  0.2983708194E+03  -.9763105329E+10  0.1000000000E+01
L2 0.1000000000E+01  0.3430654720E+02  0.3430654720E+02  0.3430654720E+02
L3 0.3108124205E+05  0.8414041731E+03  -.8938328326E+02  0.8746233259E+02
L4 0.2798277408E+03  0.3202643804E+03  0.3054812598E+03  0.2890846113E+03
L5 0.9148302515E+03  0.1320470510E+03  0.3254757921E+03  0.2695197847E+03
L6 0.7270426278E+03  -.9763105329E+04  0.1490490294E+04  -.1132783286E+05
L7 0.0000000000E+00  0.2693409109E+01  0.1160314576E+02  0.1276031222E+02
L8 0.2317411822E+01  0.4164803872E+02  0.3214924565E+01  0.0000000000E+00
L9 0.0000000000E+00  0.0000000000E+00  0.0000000000E+00  0.9866005791E+00  0.0000000000E+00
L0     8000  0.1600000000E+02  -.7929368001E+04  0.1811944116E+04
L1 0.2962350368E+03  0.2962350368E+03  -.9741312117E+10  0.1000000000E+01
L2 0.1000000000E+01  0.3434341013E+02  0.3434341013E+02  0.3434341013E+02
L3 0.3118215588E+05  -.2329699195E+03  -.4271542463E+02  0.4526038377E+03
L4 0.5897283117E+02  0.2963434249E+03  0.3315466748E+03  0.2887251047E+03
L5 0.9166152044E+03  0.3486266739E+03  0.3411328960E+03  0.1871514801E+03
L6 0.8769110500E+03  -.9741312117E+04  0.1460732695E+04  -.1127569426E+05
L7 0.0000000000E+00  0.2808256834E+01  0.7510595335E+01  0.1256113043E+02
L8 0.2398971187E+01  0.4390040877E+02  0.4470084425E+01  0.0000000000E+00
L9 0.0000000000E+00  0.0000000000E+00  0.0000000000E+00  0.9834076746E+00  0.0000000000E+00
L0     9000  0.1800000000E+02  -.7892050893E+04  0.1841506731E+04
L1 0.3010682335E+03  0.3010682335E+03  -.9733557624E+10  0.1000000000E+01
L2 0.1000000000E+01  0.3432062292E+02  0.3432062292E+02  0.3432062292E+02
L3 0.3112329026E+05  -.4040293320E+03  -.1658207746E+04  -.1178042928E+04
L4 -.1080093335E+04  0.3099383817E+03  0.2861120982E+03  0.3177413375E+03
L5 0.9137918174E+03  0.4004397152E+03  0.6575455571E+03  0.5816193471E+03
L6 0.1639604619E+04  -.9733557624E+04  0.1284894634E+04  -.1109295522E+05
L7 0.0000000000E+00  0.4681985691E+01  0.1014951262E+02  0.1167570948E+02
L8 0.1835608839E+01  0.4322677716E+02  0.2933372790E+01  0.0000000000E+00
L9 0.0000000000E+00  0.0000000000E+00  0.0000000000E+00  0.9852676612E+00  0.0000000000E+00
L0    10000  0.2000000000E+02  -.7952083234E+04  0.1797411805E+04
L1 0.2938591469E+03  0.2938591469E+03  -.9749495039E+10  0.1000000000E+01
L2 0.1000000000E+01  0.3433779585E+02  0.3433779585E+02  0.3433779585E+02
L3 0.3116725764E+05  -.3754952367E+03  0.4380342920E+03  -.3083347723E+03
L4 -.8193190564E+02  0.2738675285E+03  0.3043884902E+03  0.3061481523E+03
L5 0.8844041710E+03  0.3580961326E+03  0.2061315395E+03  0.3753117659E+03
L6 0.9395394379E+03  -.9749495039E+04  0.1441506015E+04  -.1126956610E+05
L7 0.0000000000E+00  0.4634551559E+01  0.1260191126E+02  0.1071658316E+02
L8 0.3772156321E+01  0.4286190640E+02  0.3977933668E+01  0.0000000000E+00
L9 0.0000000000E+00  0.0000000000E+00  0.0000000000E+00  0.9838777526E+00  0.0000000000E+00
