4.403525
0.298406
-1.252846
1.758242
7.328706
14.690096
10.745796
4.429107
-0.729686
-2.241566
3.331768
9.190193
11.653915
8.684312
8.227256
7.508388
6.481279
6.526779
7.011897
6.653941
6.301823
4.321726
6.332226
10.972828
11.299863
6.314264
5.012990
5.017439
3.217681
2.974814
5.609670
5.617624
5.054691
3.936902
6.094148
6.566801
2.610897
-0.180455
-0.284044
-2.127422
-4.038160
-4.510610
-1.054992
1.183865
0.166575
-1.626044
1.531280
-0.460698
-3.086262
-4.586703
-5.343330
-7.072079
-8.628702
-7.532380
-3.975731
-2.256797
-3.314013
-4.564759
0.573480
-3.663773
-4.895645
-6.361248
-6.857440
-7.557758
-7.770010
-6.179700
-3.368623
-2.592933
-3.217016
-4.673211
-2.440988
-5.173009
-6.155215
-8.193331
-7.891208
-7.010286
-6.506020
-4.802362
-1.756261
-0.333208
-1.641984
-4.240371
-4.780241
0.477953
-1.358215
-2.350313
0.663329
5.809061
8.783779
7.164850
2.971828
-1.127421
-3.555546
-1.457346
-0.064331
-4.355769
-3.724653
-6.170805
-6.623197
-6.111307
-5.370021
-1.820824
3.322587
4.655364
0.198780
-4.159038
-5.909825
2.041351
2.447451
-0.780081
-3.112892
-3.191695
0.977993
6.490142
14.015532
8.741426
1.334712
-3.619642
-3.142582
-8.989877
-2.552976
-0.305625
1.108639
3.973925
2.937157
0.931955
-0.472533
-2.521924
-4.340972
-13.520594
-11.092596
2.319841
4.470015
5.182795
4.930896
4.845641
3.620468
3.216514
3.442963
2.325744
-0.268276
-2.734767
-0.298043
