L0  Nsteps           time(ps)         Etot             EKinetic        
L1  Temp             T_solute         T_solv           Pres_scal_solu  
L2  Pres_scal_solv   BoxX             BoxY             BoxZ            
L3  volume           pres_X           pres_Y           pres_Z          
L4  Pressure         EKCoM_x          EKCoM_y          EKCoM_z         
L5  EKComTot         VIRIAL_x         VIRIAL_y         VIRIAL_z        
L6  VIRIAL_tot       E_pot            E_vdw            E_el            
L7  E_hbon           E_bon            E_angle          E_dih           
L8  E_14vdw          E_14el           E_const          E_pol           
L9  AV_permMoment    AV_indMoment     AV_totMoment     Density          dV/dlambda      
L0     1000  0.2000000000E+01  -.7197891058E+04  0.1640886176E+04
L1 0.2903414914E+03  0.2903414914E+03  -.8838777234E+10  0.1000000000E+01
L2 0.1000000000E+01  0.3449716014E+02  0.3449716014E+02  0.3449716014E+02
L3 0.3160466444E+05  -.8595844909E+03  -.7549736814E+03  -.1646205165E+03
L4 -.5930595629E+03  0.2646834568E+03  0.2678530488E+03  0.2694143434E+03
L5 0.8019508490E+03  0.4602057737E+03  0.4395804414E+03  0.3068591614E+03
L6 0.1206645376E+04  -.8838777234E+04  0.1349063838E+04  -.1026286731E+05
L7 0.0000000000E+00  0.1496569980E+01  0.9518742665E+01  0.1097073637E+02
L8 0.3673457991E+01  0.4672377856E+02  0.2642947862E+01  0.0000000000E+00
L9 0.0000000000E+00  0.0000000000E+00  0.0000000000E+00  0.8964266401E+00  0.0000000000E+00
L0     2000  0.4000000000E+01  -.7265285520E+04  0.1641712845E+04
L1 0.2904877639E+03  0.2904877639E+03  -.8906998365E+10  0.1000000000E+01
L2 0.1000000000E+01  0.3389295029E+02  0.3389295029E+02  0.3389295029E+02
L3 0.2997313305E+05  -.1440781648E+03  -.1178370991E+04  -.6788360813E+03
L4 -.6670950789E+03  0.2670738634E+03  0.2645318045E+03  0.2723360828E+03
L5 0.8039417508E+03  0.2981542842E+03  0.5187290054E+03  0.4187740324E+03
L6 0.1235657322E+04  -.8906998365E+04  0.1292393021E+04  -.1027209898E+05
L7 0.0000000000E+00  0.4016389713E+01  0.1073313342E+02  0.1037141958E+02
L8 0.1876116848E+01  0.4429635196E+02  0.1414181857E+01  0.0000000000E+00
L9 0.0000000000E+00  0.0000000000E+00  0.0000000000E+00  0.9452219464E+00  0.0000000000E+00
L0     3000  0.6000000000E+01  -.7250199803E+04  0.1720803455E+04
L1 0.3044822054E+03  0.3044822054E+03  -.8971003258E+10  0.1000000000E+01
L2 0.1000000000E+01  0.3362892749E+02  0.3362892749E+02  0.3362892749E+02
L3 0.2927648697E+05  0.2033839167E+03  -.1507719262E+03  -.1871778347E+03
L4 -.4485528141E+02  0.2816371042E+03  0.2731351888E+03  0.3049164866E+03
L5 0.8596887795E+03  0.2387830268E+03  0.3049036388E+03  0.3443558559E+03
L6 0.8880425215E+03  -.8971003258E+04  0.1341230455E+04  -.1038183410E+05
L7 0.0000000000E+00  0.3960513645E+01  0.3800766337E+01  0.9582942292E+01
L8 0.2627088408E+01  0.4552089883E+02  0.4108172855E+01  0.0000000000E+00
L9 0.0000000000E+00  0.0000000000E+00  0.0000000000E+00  0.9677138923E+00  0.0000000000E+00
L0     4000  0.8000000000E+01  -.7230232936E+04  0.1759837019E+04
L1 0.3113888778E+03  0.3113888778E+03  -.8990069956E+10  0.1000000000E+01
L2 0.1000000000E+01  0.3350598011E+02  0.3350598011E+02  0.3350598011E+02
L3 0.2895743975E+05  -.6293197754E+03  0.5758701525E+02  -.5904846580E+03
L4 -.3874058061E+03  0.2980975575E+03  0.3121745170E+03  0.2628139896E+03
L5 0.8730860640E+03  0.4292535446E+03  0.3001728572E+03  0.3858763836E+03
L6 0.1115302785E+04  -.8990069956E+04  0.1273974076E+04  -.1034046766E+05
L7 0.0000000000E+00  0.4050100288E+01  0.9505074784E+01  0.9894423731E+01
L8 0.2913840363E+01  0.4623870978E+02  0.3821474003E+01  0.0000000000E+00
L9 0.0000000000E+00  0.0000000000E+00  0.0000000000E+00  0.9783759686E+00  0.0000000000E+00
L0     5000  0.1000000000E+02  -.7282893336E+04  0.1712170508E+04
L1 0.3029546755E+03  0.3029546755E+03  -.8995063844E+10  0.1000000000E+01
L2 0.1000000000E+01  0.3333516314E+02  0.3333516314E+02  0.3333516314E+02
L3 0.2851567804E+05  -.1690501020E+03  -.1831560849E+03  0.5246078754E+03
L4 0.5746722953E+02  0.2883741824E+03  0.2842880131E+03  0.2814696080E+03
L5 0.8541318034E+03  0.3230682899E+03  0.3218770877E+03  0.1738044731E+03
L6 0.8187498507E+03  -.8995063844E+04  0.1316037093E+04  -.1038995609E+05
L7 0.0000000000E+00  0.2888545838E+01  0.1119364968E+02  0.1081930221E+02
L8 0.2926048682E+01  0.4630457782E+02  0.4723026925E+01  0.0000000000E+00
L9 0.0000000000E+00  0.0000000000E+00  0.0000000000E+00  0.9935328599E+00  0.0000000000E+00
L0     6000  0.1200000000E+02  -.7360071488E+04  0.1685116603E+04
L1 0.2981677065E+03  0.2981677065E+03  -.9045188091E+10  0.1000000000E+01
L2 0.1000000000E+01  0.3329327307E+02  0.3329327307E+02  0.3329327307E+02
L3 0.2840962457E+05  -.1073843013E+04  0.3361695834E+03  -.6439700953E+03
L4 -.4605478416E+03  0.2769874764E+03  0.3012519853E+03  0.2741890907E+03
L5 0.8524285524E+03  0.4965523542E+03  0.2325165811E+03  0.4058593754E+03
L6 0.1134928311E+04  -.9045188091E+04  0.1265163352E+04  -.1038663819E+05
L7 0.0000000000E+00  0.2498185665E+01  0.7868124771E+01  0.1246664435E+02
L8 0.5644973596E+01  0.4519844690E+02  0.2610376839E+01  0.0000000000E+00
L9 0.0000000000E+00  0.0000000000E+00  0.0000000000E+00  0.9972417303E+00  0.0000000000E+00
L0     7000  0.1400000000E+02  -.7390780371E+04  0.1687832803E+04
L1 0.2986483160E+03  0.2986483160E+03  -.9078613174E+10  0.1000000000E+01
L2 0.1000000000E+01  0.3338820639E+02  0.3338820639E+02  0.3338820639E+02
L3 0.2865212096E+05  -.1871170320E+03  0.7634342712E+02  0.1623903161E+03
L4 0.1720557042E+02  0.2768727271E+03  0.2670666882E+03  0.2791981011E+03
L5 0.8231375164E+03  0.3154584531E+03  0.2513237784E+03  0.2457113138E+03
L6 0.8124935453E+03  -.9078613174E+04  0.1358183261E+04  -.1051206368E+05
L7 0.0000000000E+00  0.1899699225E+01  0.1106619410E+02  0.1135326966E+02
L8 0.3022409596E+01  0.4663516400E+02  0.1290508987E+01  0.0000000000E+00
L9 0.0000000000E+00  0.0000000000E+00  0.0000000000E+00  0.9888016040E+00  0.0000000000E+00
L0     8000  0.1600000000E+02  -.7339823222E+04  0.1692096068E+04
L1 0.2994026662E+03  0.2994026662E+03  -.9031919290E+10  0.1000000000E+01
L2 0.1000000000E+01  0.3344932833E+02  0.3344932833E+02  0.3344932833E+02
L3 0.2881159051E+05  -.4904843812E+03  -.8341672153E+03  -.7549479374E+03
L4 -.6931998447E+03  0.2837774235E+03  0.2791298365E+03  0.2924892386E+03
L5 0.8553964987E+03  0.3854839907E+03  0.4521022841E+03  0.4490348210E+03
L6 0.1286621096E+04  -.9031919290E+04  0.1264424032E+04  -.1037186583E+05
L7 0.0000000000E+00  0.1846825981E+01  0.6832063123E+01  0.1032710435E+02
L8 0.4653274794E+01  0.4818348666E+02  0.3679750743E+01  0.0000000000E+00
L9 0.0000000000E+00  0.0000000000E+00  0.0000000000E+00  0.9833286765E+00  0.0000000000E+00
L0     9000  0.1800000000E+02  -.7355566819E+04  0.1665728486E+04
L1 0.2947371365E+03  0.2947371365E+03  -.9021295305E+10  0.1000000000E+01
L2 0.1000000000E+01  0.3343341164E+02  0.3343341164E+02  0.3343341164E+02
L3 0.2876929908E+05  -.1329930456E+02  -.2992173484E+03  -.3860218185E+03
L4 -.2328461572E+03  0.2594664126E+03  0.3032617593E+03  0.2724756277E+03
L5 0.8352037997E+03  0.2622201010E+03  0.3652162272E+03  0.3524034009E+03
L6 0.9798397291E+03  -.9021295305E+04  0.1310176466E+04  -.1040093200E+05
L7 0.0000000000E+00  0.3416188631E+01  0.6405835225E+01  0.1029366203E+02
L8 0.2675717279E+01  0.4467368649E+02  0.1995143720E+01  0.0000000000E+00
L9 0.0000000000E+00  0.0000000000E+00  0.0000000000E+00  0.9847741886E+00  0.0000000000E+00
L0    10000  0.2000000000E+02  -.7408393733E+04  0.1662769501E+04
L1 0.2942135682E+03  0.2942135682E+03  -.9071163234E+10  0.1000000000E+01
L2 0.1000000000E+01  0.3344195746E+02  0.3344195746E+02  0.3344195746E+02
L3 0.2879031342E+05  0.3994806453E+03  0.3283964581E+03  -.1972588685E+03
L4 0.1768727450E+03  0.2609706540E+03  0.2843627552E+03  0.2821471732E+03
L5 0.8274805824E+03  0.1781957443E+03  0.2163169376E+03  0.3230204550E+03
L6 0.7175331369E+03  -.9071163234E+04  0.1367949716E+04  -.1050814560E+05
L7 0.0000000000E+00  0.3401410718E+01  0.7133343668E+01  0.1066789820E+02
L8 0.2516740093E+01  0.4396581419E+02  0.1347441393E+01  0.0000000000E+00
L9 0.0000000000E+00  0.0000000000E+00  0.0000000000E+00  0.9840553921E+00  0.0000000000E+00
