L0  Nsteps           time(ps)         Etot             EKinetic        
L1  Temp             T_solute         T_solv           Pres_scal_solu  
L2  Pres_scal_solv   BoxX             BoxY             BoxZ            
L3  volume           pres_X           pres_Y           pres_Z          
L4  Pressure         EKCoM_x          EKCoM_y          EKCoM_z         
L5  EKComTot         VIRIAL_x         VIRIAL_y         VIRIAL_z        
L6  VIRIAL_tot       E_pot            E_vdw            E_el            
L7  E_hbon           E_bon            E_angle          E_dih           
L8  E_14vdw          E_14el           E_const          E_pol           
L9  AV_permMoment    AV_indMoment     AV_totMoment     Density          dV/dlambda      
L0     1000  0.2000000000E+01  -.7170627199E+04  0.1627602886E+04
L1 0.2926212034E+03  0.2926212034E+03  -.8798230085E+10  0.1000000000E+01
L2 0.1000000000E+01  0.3427626108E+02  0.3427626108E+02  0.3427626108E+02
L3 0.3100164745E+05  -.8424942251E+03  -.5571022252E+03  -.6349035445E+03
L4 -.6781666649E+03  0.2714251877E+03  0.2895044484E+03  0.2609563983E+03
L5 0.8218860344E+03  0.4594037336E+03  0.4138059132E+03  0.4026170074E+03
L6 0.1275826654E+04  -.8798230085E+04  0.1334656130E+04  -.1020876893E+05
L7 0.0000000000E+00  0.5445774634E+01  0.6615008366E+01  0.1261040909E+02
L8 0.2828713712E+01  0.4568206843E+02  0.2700739984E+01  0.0000000000E+00
L9 0.0000000000E+00  0.0000000000E+00  0.0000000000E+00  0.8993880607E+00  0.0000000000E+00
L0     2000  0.4000000000E+01  -.7193592970E+04  0.1654007410E+04
L1 0.2973683832E+03  0.2973683832E+03  -.8847600380E+10  0.1000000000E+01
L2 0.1000000000E+01  0.3372058620E+02  0.3372058620E+02  0.3372058620E+02
L3 0.2951796551E+05  -.1401585456E+04  -.4364461300E+03  0.6473632950E+02
L4 -.5910984188E+03  0.2647662010E+03  0.2941849353E+03  0.2710910160E+03
L5 0.8300421523E+03  0.5625236145E+03  0.3869049833E+03  0.2573382177E+03
L6 0.1206766816E+04  -.8847600380E+04  0.1308005540E+04  -.1023506236E+05
L7 0.0000000000E+00  0.1920851294E+01  0.8908649887E+01  0.1067334769E+02
L8 0.4225313207E+01  0.4934036920E+02  0.4387912767E+01  0.0000000000E+00
L9 0.0000000000E+00  0.0000000000E+00  0.0000000000E+00  0.9445946254E+00  0.0000000000E+00
L0     3000  0.6000000000E+01  -.7119967825E+04  0.1726256076E+04
L1 0.3103577259E+03  0.3103577259E+03  -.8846223900E+10  0.1000000000E+01
L2 0.1000000000E+01  0.3344284928E+02  0.3344284928E+02  0.3344284928E+02
L3 0.2879370778E+05  -.3231383461E+03  -.4248111717E+03  0.4240880370E+01
L4 -.2479028792E+03  0.2722475387E+03  0.3280294924E+03  0.2624212048E+03
L5 0.8626982359E+03  0.3392117366E+03  0.4160634248E+03  0.2615423640E+03
L6 0.1016817525E+04  -.8846223900E+04  0.1296842328E+04  -.1021928488E+05
L7 0.0000000000E+00  0.1868424166E+01  0.1038198347E+02  0.1222767875E+02
L8 0.1930163389E+01  0.4815791327E+02  0.1652489189E+01  0.0000000000E+00
L9 0.0000000000E+00  0.0000000000E+00  0.0000000000E+00  0.9683543289E+00  0.0000000000E+00
L0     4000  0.8000000000E+01  -.7283276863E+04  0.1605915890E+04
L1 0.2887221720E+03  0.2887221720E+03  -.8889192753E+10  0.1000000000E+01
L2 0.1000000000E+01  0.3323547401E+02  0.3323547401E+02  0.3323547401E+02
L3 0.2825999831E+05  0.3296366474E+03  0.4721186439E+03  0.1023054390E+03
L4 0.3013535768E+03  0.2603214747E+03  0.2683553831E+03  0.2673972883E+03
L5 0.7960741461E+03  0.1932768136E+03  0.1723313678E+03  0.2465894275E+03
L6 0.6121976088E+03  -.8889192753E+04  0.1371930182E+04  -.1034337458E+05
L7 0.0000000000E+00  0.1932462900E+01  0.1216770927E+02  0.1350906985E+02
L8 0.3416049730E+01  0.4906779739E+02  0.2158559522E+01  0.0000000000E+00
L9 0.0000000000E+00  0.0000000000E+00  0.0000000000E+00  0.9866423654E+00  0.0000000000E+00
L0     5000  0.1000000000E+02  -.7222632826E+04  0.1640690760E+04
L1 0.2949742280E+03  0.2949742280E+03  -.8863323587E+10  0.1000000000E+01
L2 0.1000000000E+01  0.3325606999E+02  0.3325606999E+02  0.3325606999E+02
L3 0.2831364005E+05  -.2479416953E+03  -.4068160199E+02  -.7966821768E+02
L4 -.1227638383E+03  0.2861430784E+03  0.2912290581E+03  0.2759517218E+03
L5 0.8533238583E+03  0.3366675584E+03  0.2995189780E+03  0.2921861647E+03
L6 0.9283727011E+03  -.8863323587E+04  0.1297812099E+04  -.1023731032E+05
L7 0.0000000000E+00  0.3805664573E+01  0.1046589932E+02  0.1133929629E+02
L8 0.3586688562E+01  0.4468417682E+02  0.2292904738E+01  0.0000000000E+00
L9 0.0000000000E+00  0.0000000000E+00  0.0000000000E+00  0.9847731175E+00  0.0000000000E+00
L0     6000  0.1200000000E+02  -.7111627450E+04  0.1714101256E+04
L1 0.3081724520E+03  0.3081724520E+03  -.8825728705E+10  0.1000000000E+01
L2 0.1000000000E+01  0.3322135497E+02  0.3322135497E+02  0.3322135497E+02
L3 0.2822580835E+05  0.3781278874E+01  -.3135512571E+03  -.9439330978E+03
L4 -.4179010253E+03  0.2669116222E+03  0.2783114745E+03  0.2810719784E+03
L5 0.8262950751E+03  0.2661434799E+03  0.3420073799E+03  0.4728258683E+03
L6 0.1080976728E+04  -.8825728705E+04  0.1244054668E+04  -.1014192262E+05
L7 0.0000000000E+00  0.2913637198E+01  0.6803847280E+01  0.9865654516E+01
L8 0.3426444758E+01  0.4716036455E+02  0.1969296905E+01  0.0000000000E+00
L9 0.0000000000E+00  0.0000000000E+00  0.0000000000E+00  0.9878374863E+00  0.0000000000E+00
L0     7000  0.1400000000E+02  -.7240968866E+04  0.1625596979E+04
L1 0.2922605682E+03  0.2922605682E+03  -.8866565845E+10  0.1000000000E+01
L2 0.1000000000E+01  0.3318037978E+02  0.3318037978E+02  0.3318037978E+02
L3 0.2812012083E+05  0.2078015329E+03  0.3042456261E+03  -.1209932648E+03
L4 0.1303512981E+03  0.2878526321E+03  0.2591851315E+03  0.2868365578E+03
L5 0.8338743214E+03  0.2457971603E+03  0.1976110267E+03  0.3113235227E+03
L6 0.7547317098E+03  -.8866565845E+04  0.1319462353E+04  -.1025972128E+05
L7 0.0000000000E+00  0.2728637251E+01  0.8284377699E+01  0.1139343048E+02
L8 0.2613128655E+01  0.4536400058E+02  0.3309509315E+01  0.0000000000E+00
L9 0.0000000000E+00  0.0000000000E+00  0.0000000000E+00  0.9915502049E+00  0.0000000000E+00
L0     8000  0.1600000000E+02  -.7155222508E+04  0.1645291121E+04
L1 0.2958013111E+03  0.2958013111E+03  -.8800513628E+10  0.1000000000E+01
L2 0.1000000000E+01  0.3316371093E+02  0.3316371093E+02  0.3316371093E+02
L3 0.2807802543E+05  -.1725500532E+03  -.4582543715E+02  0.2938163650E+03
L4 0.2514695820E+02  0.2954157580E+03  0.2577499864E+03  0.2679648173E+03
L5 0.8211305617E+03  0.3302846575E+03  0.2670103867E+03  0.2085904323E+03
L6 0.8058854764E+03  -.8800513628E+04  0.1277279678E+04  -.1015223605E+05
L7 0.0000000000E+00  0.2961850488E+01  0.1057599764E+02  0.1072864835E+02
L8 0.2897824779E+01  0.4464523122E+02  0.2633192851E+01  0.0000000000E+00
L9 0.0000000000E+00  0.0000000000E+00  0.0000000000E+00  0.9930367661E+00  0.0000000000E+00
L0     9000  0.1800000000E+02  -.7201779982E+04  0.1660526884E+04
L1 0.2985404973E+03  0.2985404973E+03  -.8862306866E+10  0.1000000000E+01
L2 0.1000000000E+01  0.3316229503E+02  0.3316229503E+02  0.3316229503E+02
L3 0.2807579383E+05  -.4947955089E+03  -.4460802498E+03  -.6183040747E+03
L4 -.5197266112E+03  0.2644413954E+03  0.2624573289E+03  0.2934159812E+03
L5 0.8203147055E+03  0.3644216811E+03  0.3525940218E+03  0.4183528833E+03
L6 0.1135368586E+04  -.8862306866E+04  0.1224384183E+04  -.1016066223E+05
L7 0.0000000000E+00  0.1820389588E+01  0.5993820918E+01  0.1044699210E+02
L8 0.4132046650E+01  0.4916559158E+02  0.2412344942E+01  0.0000000000E+00
L9 0.0000000000E+00  0.0000000000E+00  0.0000000000E+00  0.9931156976E+00  0.0000000000E+00
L0    10000  0.2000000000E+02  -.7241960626E+04  0.1670779357E+04
L1 0.3003837547E+03  0.3003837547E+03  -.8912739983E+10  0.1000000000E+01
L2 0.1000000000E+01  0.3319992069E+02  0.3319992069E+02  0.3319992069E+02
L3 0.2817058154E+05  -.3129784717E+03  0.6072074901E+02  -.2510455208E+03
L4 -.1677677478E+03  0.2949101579E+03  0.2697560961E+03  0.2718770945E+03
L5 0.8365433485E+03  0.3583653054E+03  0.2574452043E+03  0.3227755811E+03
L6 0.9385860908E+03  -.8912739983E+04  0.1305920604E+04  -.1029622607E+05
L7 0.0000000000E+00  0.2066383948E+01  0.6471350245E+01  0.1296781421E+02
L8 0.3713929154E+01  0.4888679082E+02  0.3459214079E+01  0.0000000000E+00
L9 0.0000000000E+00  0.0000000000E+00  0.0000000000E+00  0.9897740854E+00  0.0000000000E+00
