L0  Nsteps           time(ps)         Etot             EKinetic        
L1  Temp             T_solute         T_solv           Pres_scal_solu  
L2  Pres_scal_solv   BoxX             BoxY             BoxZ            
L3  volume           pres_X           pres_Y           pres_Z          
L4  Pressure         EKCoM_x          EKCoM_y          EKCoM_z         
L5  EKComTot         VIRIAL_x         VIRIAL_y         VIRIAL_z        
L6  VIRIAL_tot       E_pot            E_vdw            E_el            
L7  E_hbon           E_bon            E_angle          E_dih           
L8  E_14vdw          E_14el           E_const          E_pol           
L9  AV_permMoment    AV_indMoment     AV_totMoment     Density          dV/dlambda      
L0     1000  0.2000000000E+01  -.7382112342E+04  0.1754856208E+04
L1 0.3003685411E+03  0.3003685411E+03  -.9136968549E+10  0.1000000000E+01
L2 0.1000000000E+01  0.3480850127E+02  0.3480850127E+02  0.3480850127E+02
L3 0.3246885468E+05  -.1042103857E+04  -.1000427285E+04  -.4991148146E+03
L4 -.8472153188E+03  0.3080569318E+03  0.2872770297E+03  0.3012395664E+03
L5 0.8965735279E+03  0.5515768856E+03  0.5210579572E+03  0.4178732548E+03
L6 0.1490508098E+04  -.9136968549E+04  0.1338236538E+04  -.1055352913E+05
L7 0.0000000000E+00  0.3352790552E+01  0.6448236190E+01  0.1313567228E+02
L8 0.2654016583E+01  0.5002590881E+02  0.2707413690E+01  0.0000000000E+00
L9 0.0000000000E+00  0.0000000000E+00  0.0000000000E+00  0.9020521409E+00  0.0000000000E+00
L0     2000  0.4000000000E+01  -.7576906847E+04  0.1766282832E+04
L1 0.3023243700E+03  0.3023243700E+03  -.9343189679E+10  0.1000000000E+01
L2 0.1000000000E+01  0.3412877891E+02  0.3412877891E+02  0.3412877891E+02
L3 0.3060373158E+05  -.1912955326E+04  -.7331618676E+03  0.1630682487E+02
L4 -.8766034564E+03  0.2889297844E+03  0.2883479489E+03  0.2966766168E+03
L5 0.8739543501E+03  0.7102727932E+03  0.4498324451E+03  0.2930849142E+03
L6 0.1453190153E+04  -.9343189679E+04  0.1327099350E+04  -.1074688406E+05
L7 0.0000000000E+00  0.4730125140E+01  0.9811657965E+01  0.1132909558E+02
L8 0.2164729057E+01  0.4310733405E+02  0.5452087317E+01  0.0000000000E+00
L9 0.0000000000E+00  0.0000000000E+00  0.0000000000E+00  0.9570270801E+00  0.0000000000E+00
L0     3000  0.6000000000E+01  -.7383055846E+04  0.1788510500E+04
L1 0.3061289508E+03  0.3061289508E+03  -.9171566346E+10  0.1000000000E+01
L2 0.1000000000E+01  0.3394440893E+02  0.3394440893E+02  0.3394440893E+02
L3 0.3010776127E+05  -.5159904212E+03  0.9771819783E+03  -.1155973852E+03
L4 0.1151980573E+03  0.3017062191E+03  0.2932810245E+03  0.2957571207E+03
L5 0.8907443643E+03  0.4135151985E+03  0.8153732690E+02  0.3208056974E+03
L6 0.8158582229E+03  -.9171566346E+04  0.1362878758E+04  -.1060374448E+05
L7 0.0000000000E+00  0.3378274683E+01  0.9121043274E+01  0.1081256309E+02
L8 0.2862040111E+01  0.4227213585E+02  0.8533142853E+00  0.0000000000E+00
L9 0.0000000000E+00  0.0000000000E+00  0.0000000000E+00  0.9727923511E+00  0.0000000000E+00
L0     4000  0.8000000000E+01  -.7566045526E+04  0.1757999985E+04
L1 0.3009066431E+03  0.3009066431E+03  -.9324045511E+10  0.1000000000E+01
L2 0.1000000000E+01  0.3381797486E+02  0.3381797486E+02  0.3381797486E+02
L3 0.2977277813E+05  0.4015119735E+02  -.2136739168E+03  0.2977526540E+03
L4 0.4140997819E+02  0.2892773719E+03  0.2959336181E+03  0.2752569961E+03
L5 0.8604679861E+03  0.2806738861E+03  0.3417190644E+03  0.2114553943E+03
L6 0.8338483449E+03  -.9324045511E+04  0.1406739695E+04  -.1080400453E+05
L7 0.0000000000E+00  0.4024620045E+01  0.5641705380E+01  0.1183719628E+02
L8 0.3385145330E+01  0.4615543459E+02  0.2175224774E+01  0.0000000000E+00
L9 0.0000000000E+00  0.0000000000E+00  0.0000000000E+00  0.9837375522E+00  0.0000000000E+00
L0     5000  0.1000000000E+02  -.7511788588E+04  0.1777655491E+04
L1 0.3042709619E+03  0.3042709619E+03  -.9289444079E+10  0.1000000000E+01
L2 0.1000000000E+01  0.3380893098E+02  0.3380893098E+02  0.3380893098E+02
L3 0.2974939658E+05  0.2247129879E+03  -.5308066980E+03  -.1330355209E+03
L4 -.1463764103E+03  0.2903900395E+03  0.2921402693E+03  0.2983692785E+03
L5 0.8808995874E+03  0.2422769866E+03  0.4057907130E+03  0.3268533689E+03
L6 0.9749210685E+03  -.9289444079E+04  0.1352467645E+04  -.1071516617E+05
L7 0.0000000000E+00  0.1280607617E+01  0.4119163408E+01  0.1206105542E+02
L8 0.4220310549E+01  0.5045957346E+02  0.1113735528E+01  0.0000000000E+00
L9 0.0000000000E+00  0.0000000000E+00  0.0000000000E+00  0.9845107211E+00  0.0000000000E+00
L0     6000  0.1200000000E+02  -.7602455736E+04  0.1778688336E+04
L1 0.3044477481E+03  0.3044477481E+03  -.9381144072E+10  0.1000000000E+01
L2 0.1000000000E+01  0.3373302155E+02  0.3373302155E+02  0.3373302155E+02
L3 0.2954907439E+05  0.6436305977E+03  0.4044367625E+01  -.6458052450E+03
L4 0.6232401249E+00  0.2901359280E+03  0.3047730845E+03  0.2991148221E+03
L5 0.8940238346E+03  0.1532568273E+03  0.3039129802E+03  0.4364563989E+03
L6 0.8936262064E+03  -.9381144072E+04  0.1387108031E+04  -.1084468458E+05
L7 0.0000000000E+00  0.2246569366E+01  0.7811453900E+01  0.1252845086E+02
L8 0.2645786885E+01  0.4654066016E+02  0.4659558727E+01  0.0000000000E+00
L9 0.0000000000E+00  0.0000000000E+00  0.0000000000E+00  0.9911850197E+00  0.0000000000E+00
L0     7000  0.1400000000E+02  -.7543759982E+04  0.1757506508E+04
L1 0.3008221775E+03  0.3008221775E+03  -.9301266490E+10  0.1000000000E+01
L2 0.1000000000E+01  0.3381314727E+02  0.3381314727E+02  0.3381314727E+02
L3 0.2976214278E+05  -.3906504683E+03  -.4186862034E+03  -.1454454200E+04
L4 -.7545969571E+03  0.2855829034E+03  0.2889913445E+03  0.2856184071E+03
L5 0.8601926550E+03  0.3692604860E+03  0.3786741997E+03  0.5971634360E+03
L6 0.1345098122E+04  -.9301266490E+04  0.1283294575E+04  -.1066400295E+05
L7 0.0000000000E+00  0.4162823459E+01  0.1097186360E+02  0.1120458858E+02
L8 0.2028026492E+01  0.4737335190E+02  0.3701227672E+01  0.0000000000E+00
L9 0.0000000000E+00  0.0000000000E+00  0.0000000000E+00  0.9840890857E+00  0.0000000000E+00
L0     8000  0.1600000000E+02  -.7663926969E+04  0.1714266565E+04
L1 0.2934210478E+03  0.2934210478E+03  -.9378193534E+10  0.1000000000E+01
L2 0.1000000000E+01  0.3385176267E+02  0.3385176267E+02  0.3385176267E+02
L3 0.2986311258E+05  0.1068919986E+03  -.3149530249E+02  -.1084819053E+04
L4 -.3364741189E+03  0.2900614267E+03  0.2785670504E+03  0.2727799823E+03
L5 0.8414084594E+03  0.2670874144E+03  0.2853362518E+03  0.5059372491E+03
L6 0.1058360915E+04  -.9378193534E+04  0.1364567244E+04  -.1082128370E+05
L7 0.0000000000E+00  0.4097292077E+01  0.7840153639E+01  0.1292012531E+02
L8 0.3749644093E+01  0.4820599287E+02  0.1709711654E+01  0.0000000000E+00
L9 0.0000000000E+00  0.0000000000E+00  0.0000000000E+00  0.9807617942E+00  0.0000000000E+00
L0     9000  0.1800000000E+02  -.7609323097E+04  0.1743273764E+04
L1 0.2983860415E+03  0.2983860415E+03  -.9352596861E+10  0.1000000000E+01
L2 0.1000000000E+01  0.3377450602E+02  0.3377450602E+02  0.3377450602E+02
L3 0.2965921861E+05  -.4731332973E+03  -.1908188063E+03  -.4599692804E+03
L4 -.3746404613E+03  0.2612674442E+03  0.3010574590E+03  0.2757340520E+03
L5 0.8380589552E+03  0.3622624267E+03  0.3417896208E+03  0.3739190449E+03
L6 0.1077971092E+04  -.9352596861E+04  0.1354261420E+04  -.1077865589E+05
L7 0.0000000000E+00  0.2773159411E+01  0.6633011131E+01  0.1334232697E+02
L8 0.2352413418E+01  0.4454953243E+02  0.2147162479E+01  0.0000000000E+00
L9 0.0000000000E+00  0.0000000000E+00  0.0000000000E+00  0.9875040964E+00  0.0000000000E+00
L0    10000  0.2000000000E+02  -.7480860190E+04  0.1770702829E+04
L1 0.3030809152E+03  0.3030809152E+03  -.9251563019E+10  0.1000000000E+01
L2 0.1000000000E+01  0.3378656461E+02  0.3378656461E+02  0.3378656461E+02
L3 0.2969050499E+05  0.1255820917E+03  -.2339722573E+03  -.4572483591E+03
L4 -.1885461749E+03  0.2922711059E+03  0.2930374049E+03  0.2910038448E+03
L5 0.8763123556E+03  0.2654360888E+03  0.3430337814E+03  0.3887109890E+03
L6 0.9971808592E+03  -.9251563019E+04  0.1339707996E+04  -.1066855487E+05
L7 0.0000000000E+00  0.3197934115E+01  0.1021197182E+02  0.1341263794E+02
L8 0.2458127585E+01  0.4384155431E+02  0.4161631971E+01  0.0000000000E+00
L9 0.0000000000E+00  0.0000000000E+00  0.0000000000E+00  0.9864635136E+00  0.0000000000E+00
