L0  Nsteps           time(ps)         Etot             EKinetic        
L1  Temp             T_solute         T_solv           Pres_scal_solu  
L2  Pres_scal_solv   BoxX             BoxY             BoxZ            
L3  volume           pres_X           pres_Y           pres_Z          
L4  Pressure         EKCoM_x          EKCoM_y          EKCoM_z         
L5  EKComTot         VIRIAL_x         VIRIAL_y         VIRIAL_z        
L6  VIRIAL_tot       E_pot            E_vdw            E_el            
L7  E_hbon           E_bon            E_angle          E_dih           
L8  E_14vdw          E_14el           E_const          E_pol           
L9  AV_permMoment    AV_indMoment     AV_totMoment     Density          dV/dlambda      
L0     1000  0.2000000000E+01  -.7218315713E+04  0.1641887145E+04
L1 0.2923690418E+03  0.2923690418E+03  -.8860202858E+10  0.1000000000E+01
L2 0.1000000000E+01  0.3435093703E+02  0.3435093703E+02  0.3435093703E+02
L3 0.3120370811E+05  -.7663504338E+02  -.2547249382E+03  -.6186370959E+03
L4 -.3166656925E+03  0.2847227236E+03  0.2857043384E+03  0.2570533059E+03
L5 0.8274803679E+03  0.3019330931E+03  0.3429093729E+03  0.3959841726E+03
L6 0.1040826639E+04  -.8860202858E+04  0.1392997772E+04  -.1032752067E+05
L7 0.0000000000E+00  0.3885130740E+01  0.9929679548E+01  0.1071700982E+02
L8 0.2956330017E+01  0.4191182704E+02  0.4920058571E+01  0.0000000000E+00
L9 0.0000000000E+00  0.0000000000E+00  0.0000000000E+00  0.9021928557E+00  0.0000000000E+00
L0     2000  0.4000000000E+01  -.7144452058E+04  0.1707160352E+04
L1 0.3039921701E+03  0.3039921701E+03  -.8851612410E+10  0.1000000000E+01
L2 0.1000000000E+01  0.3387516467E+02  0.3387516467E+02  0.3387516467E+02
L3 0.2992478220E+05  0.2264527166E+03  -.7023639404E+03  -.1884392758E+03
L4 -.2214501665E+03  0.3052276628E+03  0.2521376756E+03  0.2688436135E+03
L5 0.8262089519E+03  0.2564562750E+03  0.4034066231E+03  0.3094280018E+03
L6 0.9692908999E+03  -.8851612410E+04  0.1330791515E+04  -.1025337147E+05
L7 0.0000000000E+00  0.3318066764E+01  0.1058064471E+02  0.9679309516E+01
L8 0.3791857605E+01  0.4199865547E+02  0.1599007524E+01  0.0000000000E+00
L9 0.0000000000E+00  0.0000000000E+00  0.0000000000E+00  0.9407507909E+00  0.0000000000E+00
L0     3000  0.6000000000E+01  -.7234823866E+04  0.1658646761E+04
L1 0.2953534082E+03  0.2953534082E+03  -.8893470627E+10  0.1000000000E+01
L2 0.1000000000E+01  0.3365632902E+02  0.3365632902E+02  0.3365632902E+02
L3 0.2934736163E+05  0.4485263126E+03  0.1532482464E+03  0.1218922306E+03
L4 0.2412222632E+03  0.2611224343E+03  0.2885365131E+03  0.2665409338E+03
L5 0.8161998812E+03  0.1663867559E+03  0.2561681187E+03  0.2407954138E+03
L6 0.6633502884E+03  -.8893470627E+04  0.1380163821E+04  -.1034500885E+05
L7 0.0000000000E+00  0.3705727664E+01  0.7149082675E+01  0.1034722480E+02
L8 0.3610070968E+01  0.4385301890E+02  0.2709274952E+01  0.0000000000E+00
L9 0.0000000000E+00  0.0000000000E+00  0.0000000000E+00  0.9592604230E+00  0.0000000000E+00
L0     4000  0.8000000000E+01  -.7249428028E+04  0.1632786030E+04
L1 0.2907484161E+03  0.2907484161E+03  -.8882214057E+10  0.1000000000E+01
L2 0.1000000000E+01  0.3350585720E+02  0.3350585720E+02  0.3350585720E+02
L3 0.2895700558E+05  0.1611847001E+03  -.8748529020E+03  -.3144123439E+03
L4 -.3426935152E+03  0.2815811971E+03  0.2678929218E+03  0.2627609658E+03
L5 0.8122350848E+03  0.2479893376E+03  0.4502175206E+03  0.3282863865E+03
L6 0.1026493245E+04  -.8882214057E+04  0.1296961655E+04  -.1025957002E+05
L7 0.0000000000E+00  0.5380414197E+01  0.1110127727E+02  0.1116453045E+02
L8 0.3233688021E+01  0.4623320981E+02  0.3281190543E+01  0.0000000000E+00
L9 0.0000000000E+00  0.0000000000E+00  0.0000000000E+00  0.9721917706E+00  0.0000000000E+00
L0     5000  0.1000000000E+02  -.7307355444E+04  0.1684171839E+04
L1 0.2998986309E+03  0.2998986309E+03  -.8991527284E+10  0.1000000000E+01
L2 0.1000000000E+01  0.3341452010E+02  0.3341452010E+02  0.3341452010E+02
L3 0.2871959114E+05  -.6315050421E+03  0.3691796755E+03  0.6964612339E+03
L4 0.1447119558E+03  0.2519002951E+03  0.2831781198E+03  0.2784191803E+03
L5 0.8134975952E+03  0.3824306910E+03  0.2068696725E+03  0.1344625140E+03
L6 0.7237628776E+03  -.8991527284E+04  0.1381048015E+04  -.1045022510E+05
L7 0.0000000000E+00  0.2324760698E+01  0.1118255272E+02  0.1203489804E+02
L8 0.3813753176E+01  0.4670318486E+02  0.1590653350E+01  0.0000000000E+00
L9 0.0000000000E+00  0.0000000000E+00  0.0000000000E+00  0.9802285274E+00  0.0000000000E+00
L0     6000  0.1200000000E+02  -.7311368527E+04  0.1650961100E+04
L1 0.2939848310E+03  0.2939848310E+03  -.8962329627E+10  0.1000000000E+01
L2 0.1000000000E+01  0.3340064736E+02  0.3340064736E+02  0.3340064736E+02
L3 0.2868412996E+05  0.2827065828E+03  0.2353922492E+03  -.4294022710E+03
L4 0.2956552033E+02  0.2699460345E+03  0.2794124679E+03  0.2772105541E+03
L5 0.8265690565E+03  0.2115834948E+03  0.2308175984E+03  0.3658572593E+03
L6 0.8082583525E+03  -.8962329627E+04  0.1350486103E+04  -.1038878401E+05
L7 0.0000000000E+00  0.2485837080E+01  0.1425958212E+02  0.1064020489E+02
L8 0.2465558757E+01  0.4156625575E+02  0.4550842028E+01  0.0000000000E+00
L9 0.0000000000E+00  0.0000000000E+00  0.0000000000E+00  0.9814403493E+00  0.0000000000E+00
L0     7000  0.1400000000E+02  -.7253812451E+04  0.1696215326E+04
L1 0.3020432013E+03  0.3020432013E+03  -.8950027777E+10  0.1000000000E+01
L2 0.1000000000E+01  0.3333523301E+02  0.3333523301E+02  0.3333523301E+02
L3 0.2851740405E+05  -.5341207718E+03  -.7433130058E+03  -.3742917781E+03
L4 -.5505751853E+03  0.2743769757E+03  0.3108368777E+03  0.2762075820E+03
L5 0.8614214353E+03  0.3840010747E+03  0.4633960419E+03  0.3530280336E+03
L6 0.1200425150E+04  -.8950027777E+04  0.1254308961E+04  -.1027996882E+05
L7 0.0000000000E+00  0.2274823167E+01  0.1153768121E+02  0.1157401322E+02
L8 0.3619449658E+01  0.4499515026E+02  0.1630966971E+01  0.0000000000E+00
L9 0.0000000000E+00  0.0000000000E+00  0.0000000000E+00  0.9871783028E+00  0.0000000000E+00
L0     8000  0.1600000000E+02  -.7203468194E+04  0.1712973724E+04
L1 0.3050273508E+03  0.3050273508E+03  -.8916441917E+10  0.1000000000E+01
L2 0.1000000000E+01  0.3337701278E+02  0.3337701278E+02  0.3337701278E+02
L3 0.2862350452E+05  0.9115136346E+02  -.4923589924E+03  0.2280490915E+03
L4 -.5771951248E+02  0.2840677630E+03  0.2905783820E+03  0.2857799877E+03
L5 0.8604261326E+03  0.2652900561E+03  0.3920071755E+03  0.2388005589E+03
L6 0.8960977905E+03  -.8916441917E+04  0.1306674669E+04  -.1030002654E+05
L7 0.0000000000E+00  0.5674566595E+01  0.8785048848E+01  0.1209521339E+02
L8 0.3644163757E+01  0.4250254023E+02  0.4208419115E+01  0.0000000000E+00
L9 0.0000000000E+00  0.0000000000E+00  0.0000000000E+00  0.9835190694E+00  0.0000000000E+00
L0     9000  0.1800000000E+02  -.7223936827E+04  0.1716450883E+04
L1 0.3056465247E+03  0.3056465247E+03  -.8940387710E+10  0.1000000000E+01
L2 0.1000000000E+01  0.3346958047E+02  0.3346958047E+02  0.3346958047E+02
L3 0.2886258397E+05  0.1198457672E+03  -.2297109780E+03  -.3725327893E+03
L4 -.1607993334E+03  0.3013706010E+03  0.3125973229E+03  0.2660815942E+03
L5 0.8800495182E+03  0.2764754658E+03  0.3603143679E+03  0.3434665063E+03
L6 0.9802563400E+03  -.8940387710E+04  0.1307717560E+04  -.1032674352E+05
L7 0.0000000000E+00  0.3797236369E+01  0.8685645759E+01  0.1033413754E+02
L8 0.4557822436E+01  0.4873090182E+02  0.2532510165E+01  0.0000000000E+00
L9 0.0000000000E+00  0.0000000000E+00  0.0000000000E+00  0.9753722173E+00  0.0000000000E+00
L0    10000  0.2000000000E+02  -.7183802709E+04  0.1736106176E+04
L1 0.3091465212E+03  0.3091465212E+03  -.8919908885E+10  0.1000000000E+01
L2 0.1000000000E+01  0.3339509127E+02  0.3339509127E+02  0.3339509127E+02
L3 0.2866963730E+05  0.1788755703E+03  -.1631262620E+03  0.2847004980E+03
L4 0.1001499354E+03  0.3007416549E+03  0.2851025053E+03  0.2841128204E+03
L5 0.8699569805E+03  0.2638328646E+03  0.3187616180E+03  0.2253683483E+03
L6 0.8079628309E+03  -.8919908885E+04  0.1335227678E+04  -.1033630034E+05
L7 0.0000000000E+00  0.3254669569E+01  0.1163169418E+02  0.9943109172E+01
L8 0.4754484163E+01  0.4726300380E+02  0.4316819417E+01  0.0000000000E+00
L9 0.0000000000E+00  0.0000000000E+00  0.0000000000E+00  0.9819364729E+00  0.0000000000E+00
