L0  Nsteps           time(ps)         Etot             EKinetic        
L1  Temp             T_solute         T_solv           Pres_scal_solu  
L2  Pres_scal_solv   BoxX             BoxY             BoxZ            
L3  volume           pres_X           pres_Y           pres_Z          
L4  Pressure         EKCoM_x          EKCoM_y          EKCoM_z         
L5  EKComTot         VIRIAL_x         VIRIAL_y         VIRIAL_z        
L6  VIRIAL_tot       E_pot            E_vdw            E_el            
L7  E_hbon           E_bon            E_angle          E_dih           
L8  E_14vdw          E_14el           E_const          E_pol           
L9  AV_permMoment    AV_indMoment     AV_totMoment     Density          dV/dlambda      
L0     1000  0.2000000000E+01  -.7162651647E+04  0.1693571927E+04
L1 0.3018929751E+03  0.3018929751E+03  -.8856223574E+10  0.1000000000E+01
L2 0.1000000000E+01  0.3430023264E+02  0.3430023264E+02  0.3430023264E+02
L3 0.3106577228E+05  -.1697316571E+03  -.5310955513E+03  -.2891074053E+03
L4 -.3299782046E+03  0.2831876233E+03  0.2776365893E+03  0.2930263062E+03
L5 0.8538505187E+03  0.3211367325E+03  0.3963805137E+03  0.3576658006E+03
L6 0.1075183047E+04  -.8856223574E+04  0.1372378951E+04  -.1029942113E+05
L7 0.0000000000E+00  0.2870781063E+01  0.6814415636E+01  0.1348719965E+02
L8 0.2432439377E+01  0.4231672215E+02  0.2897049920E+01  0.0000000000E+00
L9 0.0000000000E+00  0.0000000000E+00  0.0000000000E+00  0.9052356882E+00  0.0000000000E+00
L0     2000  0.4000000000E+01  -.7168010087E+04  0.1657547712E+04
L1 0.2954713655E+03  0.2954713655E+03  -.8825557798E+10  0.1000000000E+01
L2 0.1000000000E+01  0.3383779108E+02  0.3383779108E+02  0.3383779108E+02
L3 0.2982595511E+05  0.2012269929E+03  -.6875171150E+03  -.3013800270E+03
L4 -.2625567164E+03  0.2903595525E+03  0.2804734701E+03  0.2556445441E+03
L5 0.8264775667E+03  0.2471641846E+03  0.4280558311E+03  0.3203387531E+03
L6 0.9955587688E+03  -.8825557798E+04  0.1335988738E+04  -.1023485842E+05
L7 0.0000000000E+00  0.1839082692E+01  0.1644771276E+02  0.8608476606E+01
L8 0.2590677876E+01  0.4115360243E+02  0.2672329035E+01  0.0000000000E+00
L9 0.0000000000E+00  0.0000000000E+00  0.0000000000E+00  0.9428648858E+00  0.0000000000E+00
L0     3000  0.6000000000E+01  -.7205697154E+04  0.1702408113E+04
L1 0.3034680971E+03  0.3034680971E+03  -.8908105267E+10  0.1000000000E+01
L2 0.1000000000E+01  0.3351926854E+02  0.3351926854E+02  0.3351926854E+02
L3 0.2899115511E+05  -.7152645936E+03  0.3297478175E+03  0.9536469974E+02
L4 -.9671735878E+02  0.2832706252E+03  0.2980682574E+03  0.2849852377E+03
L5 0.8663241203E+03  0.4325118577E+03  0.2292657875E+03  0.2650872231E+03
L6 0.9268648683E+03  -.8908105267E+04  0.1325302562E+04  -.1030227558E+05
L7 0.0000000000E+00  0.1656551754E+01  0.8954322092E+01  0.9855773883E+01
L8 0.2996949856E+01  0.4355725853E+02  0.1846896916E+01  0.0000000000E+00
L9 0.0000000000E+00  0.0000000000E+00  0.0000000000E+00  0.9700146699E+00  0.0000000000E+00
L0     4000  0.8000000000E+01  -.7250487766E+04  0.1680636506E+04
L1 0.2995871310E+03  0.2995871310E+03  -.8931124272E+10  0.1000000000E+01
L2 0.1000000000E+01  0.3339560982E+02  0.3339560982E+02  0.3339560982E+02
L3 0.2867148717E+05  -.7657223461E+03  0.3872688995E+03  0.7557389739E+02
L4 -.1009598498E+03  0.2696350636E+03  0.2941896202E+03  0.2657743271E+03
L5 0.8295990109E+03  0.4276427163E+03  0.2142762546E+03  0.2501795699E+03
L6 0.8920985407E+03  -.8931124272E+04  0.1310751047E+04  -.1031650506E+05
L7 0.0000000000E+00  0.8312686158E+00  0.1105124404E+02  0.1124605471E+02
L8 0.3396854356E+01  0.4614462253E+02  0.1959701164E+01  0.0000000000E+00
L9 0.0000000000E+00  0.0000000000E+00  0.0000000000E+00  0.9808296858E+00  0.0000000000E+00
L0     5000  0.1000000000E+02  -.7241888109E+04  0.1669741590E+04
L1 0.2976450236E+03  0.2976450236E+03  -.8911629699E+10  0.1000000000E+01
L2 0.1000000000E+01  0.3330649986E+02  0.3330649986E+02  0.3330649986E+02
L3 0.2844187398E+05  0.3796339208E+03  -.2689711364E+03  0.4278047651E+03
L4 0.1794891831E+03  0.2674989036E+03  0.2725825794E+03  0.2901922548E+03
L5 0.8302737378E+03  0.1897883867E+03  0.3276405837E+03  0.2026212354E+03
L6 0.7200502058E+03  -.8911629699E+04  0.1327526780E+04  -.1031169471E+05
L7 0.0000000000E+00  0.2641295721E+01  0.1310917547E+02  0.9559238766E+01
L8 0.2376834973E+01  0.4062032372E+02  0.4231361792E+01  0.0000000000E+00
L9 0.0000000000E+00  0.0000000000E+00  0.0000000000E+00  0.9887479908E+00  0.0000000000E+00
L0     6000  0.1200000000E+02  -.7278403179E+04  0.1657322791E+04
L1 0.2954312715E+03  0.2954312715E+03  -.8935725969E+10  0.1000000000E+01
L2 0.1000000000E+01  0.3332914169E+02  0.3332914169E+02  0.3332914169E+02
L3 0.2850023166E+05  -.3038451654E+02  0.6831700911E+03  -.4845048043E+03
L4 0.5609359011E+02  0.2721998070E+03  0.2909689242E+03  0.2827926310E+03
L5 0.8459613622E+03  0.2784322354E+03  0.1508380553E+03  0.3821735613E+03
L6 0.8114438520E+03  -.8935725969E+04  0.1322187787E+04  -.1033275666E+05
L7 0.0000000000E+00  0.3527705160E+01  0.1015146818E+02  0.9669656161E+01
L8 0.3058504061E+01  0.4520992190E+02  0.3225644435E+01  0.0000000000E+00
L9 0.0000000000E+00  0.0000000000E+00  0.0000000000E+00  0.9867234096E+00  0.0000000000E+00
L0     7000  0.1400000000E+02  -.7320391554E+04  0.1659523326E+04
L1 0.2958235350E+03  0.2958235350E+03  -.8979914880E+10  0.1000000000E+01
L2 0.1000000000E+01  0.3339242891E+02  0.3339242891E+02  0.3339242891E+02
L3 0.2866337815E+05  0.2100160008E+03  -.8455195737E+03  0.2352204197E+03
L4 -.1334277177E+03  0.2497818766E+03  0.2955532767E+03  0.2776867568E+03
L5 0.8230219100E+03  0.2064570994E+03  0.4699778299E+03  0.2291624909E+03
L6 0.9055974202E+03  -.8979914880E+04  0.1334413415E+04  -.1039100390E+05
L7 0.0000000000E+00  0.4376296965E+01  0.1138661392E+02  0.9461151944E+01
L8 0.3637287653E+01  0.4355243804E+02  0.4261816730E+01  0.0000000000E+00
L9 0.0000000000E+00  0.0000000000E+00  0.0000000000E+00  0.9811071678E+00  0.0000000000E+00
L0     8000  0.1600000000E+02  -.7404303428E+04  0.1592919418E+04
L1 0.2839508464E+03  0.2839508464E+03  -.8997222846E+10  0.1000000000E+01
L2 0.1000000000E+01  0.3332869311E+02  0.3332869311E+02  0.3332869311E+02
L3 0.2850005589E+05  -.6529145030E+03  -.3161106010E+03  -.1325165752E+02
L4 -.3274255872E+03  0.2706084734E+03  0.2547374722E+03  0.2590589495E+03
L5 0.7844048951E+03  0.4045325336E+03  0.3195772252E+03  0.2617770937E+03
L6 0.9858868526E+03  -.8997222846E+04  0.1318250914E+04  -.1039137568E+05
L7 0.0000000000E+00  0.2948609916E+01  0.1406364464E+02  0.8857326764E+01
L8 0.3312714747E+01  0.4351379680E+02  0.3205823254E+01  0.0000000000E+00
L9 0.0000000000E+00  0.0000000000E+00  0.0000000000E+00  0.9867294948E+00  0.0000000000E+00
L0     9000  0.1800000000E+02  -.7238638139E+04  0.1700841870E+04
L1 0.3031889016E+03  0.3031889016E+03  -.8939480010E+10  0.1000000000E+01
L2 0.1000000000E+01  0.3330327278E+02  0.3330327278E+02  0.3330327278E+02
L3 0.2843516774E+05  -.4658481772E+03  -.6407113522E+03  -.2003356149E+03
L4 -.4356317147E+03  0.2667097052E+03  0.2996262567E+03  0.2601243621E+03
L5 0.8264603241E+03  0.3620456720E+03  0.4307480238E+03  0.3011231048E+03
L6 0.1093916801E+04  -.8939480010E+04  0.1267316463E+04  -.1028503119E+05
L7 0.0000000000E+00  0.1700496817E+01  0.1197450627E+02  0.1145152143E+02
L8 0.4359841732E+01  0.4654314259E+02  0.2205212946E+01  0.0000000000E+00
L9 0.0000000000E+00  0.0000000000E+00  0.0000000000E+00  0.9889811804E+00  0.0000000000E+00
L0    10000  0.2000000000E+02  -.7266486435E+04  0.1677456475E+04
L1 0.2990202646E+03  0.2990202646E+03  -.8943942910E+10  0.1000000000E+01
L2 0.1000000000E+01  0.3334654963E+02  0.3334654963E+02  0.3334654963E+02
L3 0.2854483755E+05  0.1766524977E+03  -.2851747552E+03  0.3648970752E+03
L4 0.8545827256E+02  0.2874401342E+03  0.2791944336E+03  0.2730021180E+03
L5 0.8396366858E+03  0.2511487161E+03  0.3377806206E+03  0.1980378097E+03
L6 0.7869671464E+03  -.8943942910E+04  0.1347044121E+04  -.1036514767E+05
L7 0.0000000000E+00  0.5717339202E+01  0.7947022710E+01  0.1180029140E+02
L8 0.2931468302E+01  0.4282150673E+02  0.2943012858E+01  0.0000000000E+00
L9 0.0000000000E+00  0.0000000000E+00  0.0000000000E+00  0.9851814956E+00  0.0000000000E+00
