L0  Nsteps           time(ps)         Etot             EKinetic        
L1  Temp             T_solute         T_solv           Pres_scal_solu  
L2  Pres_scal_solv   BoxX             BoxY             BoxZ            
L3  volume           pres_X           pres_Y           pres_Z          
L4  Pressure         EKCoM_x          EKCoM_y          EKCoM_z         
L5  EKComTot         VIRIAL_x         VIRIAL_y         VIRIAL_z        
L6  VIRIAL_tot       E_pot            E_vdw            E_el            
L7  E_hbon           E_bon            E_angle          E_dih           
L8  E_14vdw          E_14el           E_const          E_pol           
L9  AV_permMoment    AV_indMoment     AV_totMoment     Density          dV/dlambda      
L0     1000  0.2000000000E+01  -.7587907622E+04  0.1789351757E+04
L1 0.3013528965E+03  0.3013528965E+03  -.9377259378E+10  0.1000000000E+01
L2 0.1000000000E+01  0.3491608716E+02  0.3491608716E+02  0.3491608716E+02
L3 0.3277065899E+05  -.8415660269E+03  -.1127857967E+04  -.3764684285E+03
L4 -.7819641409E+03  0.2892649231E+03  0.2913931381E+03  0.2912982943E+03
L5 0.8719563555E+03  0.4877509553E+03  0.5574020378E+03  0.3800895741E+03
L6 0.1425242567E+04  -.9377259378E+04  0.1391274623E+04  -.1084256575E+05
L7 0.0000000000E+00  0.4056637240E+01  0.1172710525E+02  0.1289450488E+02
L8 0.2821913081E+01  0.4107469749E+02  0.1456888605E+01  0.0000000000E+00
L9 0.0000000000E+00  0.0000000000E+00  0.0000000000E+00  0.9083512248E+00  0.0000000000E+00
L0     2000  0.4000000000E+01  -.7686801019E+04  0.1753861819E+04
L1 0.2953758741E+03  0.2953758741E+03  -.9440662838E+10  0.1000000000E+01
L2 0.1000000000E+01  0.3439546819E+02  0.3439546819E+02  0.3439546819E+02
L3 0.3132584869E+05  -.3952440604E+03  -.5584160270E+03  -.6721995868E+03
L4 -.5419532247E+03  0.2786672106E+03  0.2737210051E+03  0.2961208786E+03
L5 0.8485090942E+03  0.3677768688E+03  0.3996185613E+03  0.4476714811E+03
L6 0.1215066911E+04  -.9440662838E+04  0.1397361215E+04  -.1091301580E+05
L7 0.0000000000E+00  0.2472486528E+01  0.1130672762E+02  0.1044935074E+02
L8 0.4568690431E+01  0.4388331906E+02  0.2311174438E+01  0.0000000000E+00
L9 0.0000000000E+00  0.0000000000E+00  0.0000000000E+00  0.9502461857E+00  0.0000000000E+00
L0     3000  0.6000000000E+01  -.7732082938E+04  0.1722903317E+04
L1 0.2901620115E+03  0.2901620115E+03  -.9454986255E+10  0.1000000000E+01
L2 0.1000000000E+01  0.3407733113E+02  0.3407733113E+02  0.3407733113E+02
L3 0.3046590480E+05  -.1089373927E+04  -.1102199697E+04  -.8427159292E+03
L4 -.1011429851E+04  0.2857532762E+03  0.2710045811E+03  0.2930820013E+03
L5 0.8498398586E+03  0.5246155913E+03  0.5126791476E+03  0.4778606828E+03
L6 0.1515155422E+04  -.9454986255E+04  0.1285360340E+04  -.1081289260E+05
L7 0.0000000000E+00  0.2589987439E+01  0.1132396776E+02  0.1063086629E+02
L8 0.2374245035E+01  0.4310136781E+02  0.2525572356E+01  0.0000000000E+00
L9 0.0000000000E+00  0.0000000000E+00  0.0000000000E+00  0.9770682481E+00  0.0000000000E+00
L0     4000  0.8000000000E+01  -.7807415669E+04  0.1741400874E+04
L1 0.2932772696E+03  0.2932772696E+03  -.9548816543E+10  0.1000000000E+01
L2 0.1000000000E+01  0.3385667133E+02  0.3385667133E+02  0.3385667133E+02
L3 0.2987525089E+05  -.9905278044E+03  0.6719140932E+03  0.2710505317E+03
L4 -.1585439316E+02  0.2960455570E+03  0.2942732357E+03  0.2906924893E+03
L5 0.8810112820E+03  0.5090235901E+03  0.1498018323E+03  0.2324126421E+03
L6 0.8912380645E+03  -.9548816543E+04  0.1413067588E+04  -.1103372251E+05
L7 0.0000000000E+00  0.3419278343E+01  0.1168403011E+02  0.9428107997E+01
L8 0.3377966300E+01  0.4064971186E+02  0.3279285277E+01  0.0000000000E+00
L9 0.0000000000E+00  0.0000000000E+00  0.0000000000E+00  0.9963855483E+00  0.0000000000E+00
L0     5000  0.1000000000E+02  -.7728832013E+04  0.1755713371E+04
L1 0.2956877024E+03  0.2956877024E+03  -.9484545384E+10  0.1000000000E+01
L2 0.1000000000E+01  0.3392627292E+02  0.3392627292E+02  0.3392627292E+02
L3 0.3006072665E+05  -.4923878873E+02  -.5642965718E+03  -.3812411415E+03
L4 -.3315921673E+03  0.2659438104E+03  0.3219235627E+03  0.2960603490E+03
L5 0.8839277221E+03  0.2765966016E+03  0.4440088885E+03  0.3785417095E+03
L6 0.1099147200E+04  -.9484545384E+04  0.1361094405E+04  -.1091971478E+05
L7 0.0000000000E+00  0.2699327873E+01  0.7754416129E+01  0.1173865566E+02
L8 0.3042575377E+01  0.4461053265E+02  0.4229478414E+01  0.0000000000E+00
L9 0.0000000000E+00  0.0000000000E+00  0.0000000000E+00  0.9902378136E+00  0.0000000000E+00
L0     6000  0.1200000000E+02  -.7685359062E+04  0.1794619181E+04
L1 0.3022400075E+03  0.3022400075E+03  -.9479978243E+10  0.1000000000E+01
L2 0.1000000000E+01  0.3381478009E+02  0.3381478009E+02  0.3381478009E+02
L3 0.2976608058E+05  -.4437818166E+03  -.8081066681E+03  -.5893578425E+03
L4 -.6137487757E+03  0.3246377191E+03  0.2873406222E+03  0.2849229980E+03
L5 0.8969013393E+03  0.4197086479E+03  0.4604604947E+03  0.4111805313E+03
L6 0.1291349674E+04  -.9479978243E+04  0.1308014992E+04  -.1086271485E+05
L7 0.0000000000E+00  0.2528562738E+01  0.1119738716E+02  0.1103506688E+02
L8 0.3511069982E+01  0.4357749117E+02  0.2872038660E+01  0.0000000000E+00
L9 0.0000000000E+00  0.0000000000E+00  0.0000000000E+00  0.1000039900E+01  0.0000000000E+00
L0     7000  0.1400000000E+02  -.7701318646E+04  0.1856336134E+04
L1 0.3126340412E+03  0.3126340412E+03  -.9557654781E+10  0.1000000000E+01
L2 0.1000000000E+01  0.3391050364E+02  0.3391050364E+02  0.3391050364E+02
L3 0.3001930054E+05  -.8112540871E+03  -.3689443660E+03  -.3433835107E+03
L4 -.5078606546E+03  0.2986749771E+03  0.2947164026E+03  0.3199764514E+03
L5 0.9133678312E+03  0.4739475842E+03  0.3744273612E+03  0.3941649506E+03
L6 0.1242539896E+04  -.9557654781E+04  0.1339611934E+04  -.1096422023E+05
L7 0.0000000000E+00  0.1074394433E+01  0.9234604125E+01  0.9524609356E+01
L8 0.3592760427E+01  0.4201330451E+02  0.1513842842E+01  0.0000000000E+00
L9 0.0000000000E+00  0.0000000000E+00  0.0000000000E+00  0.9916043245E+00  0.0000000000E+00
L0     8000  0.1600000000E+02  -.7705675415E+04  0.1755288679E+04
L1 0.2956161780E+03  0.2956161780E+03  -.9460964094E+10  0.1000000000E+01
L2 0.1000000000E+01  0.3402653497E+02  0.3402653497E+02  0.3402653497E+02
L3 0.3032825556E+05  -.8813586093E+03  -.5838925627E+03  0.2200643419E+03
L4 -.4150622767E+03  0.2990390083E+03  0.2939727845E+03  0.2858327896E+03
L5 0.8788445824E+03  0.4914175651E+03  0.4214219378E+03  0.2377982438E+03
L6 0.1150637747E+04  -.9460964094E+04  0.1351016219E+04  -.1088428154E+05
L7 0.0000000000E+00  0.1551169654E+01  0.7803891810E+01  0.1071348783E+02
L8 0.4079791070E+01  0.4581337374E+02  0.2339516348E+01  0.0000000000E+00
L9 0.0000000000E+00  0.0000000000E+00  0.0000000000E+00  0.9815028158E+00  0.0000000000E+00
L0     9000  0.1800000000E+02  -.7648136889E+04  0.1774381189E+04
L1 0.2988316349E+03  0.2988316349E+03  -.9422518078E+10  0.1000000000E+01
L2 0.1000000000E+01  0.3398149118E+02  0.3398149118E+02  0.3398149118E+02
L3 0.3020737037E+05  -.1369153725E+03  -.3011580704E+02  -.4097538722E+03
L4 -.1922616839E+03  0.2928037390E+03  0.3070138770E+03  0.2779636435E+03
L5 0.8777812596E+03  0.3225698237E+03  0.3135612037E+03  0.3670461784E+03
L6 0.1003177206E+04  -.9422518078E+04  0.1348371456E+04  -.1084719381E+05
L7 0.0000000000E+00  0.1888642350E+01  0.1402992773E+02  0.8787113464E+01
L8 0.3720983369E+01  0.4581305915E+02  0.2064549372E+01  0.0000000000E+00
L9 0.0000000000E+00  0.0000000000E+00  0.0000000000E+00  0.9854306372E+00  0.0000000000E+00
L0    10000  0.2000000000E+02  -.7832863575E+04  0.1733227382E+04
L1 0.2919007344E+03  0.2919007344E+03  -.9566090957E+10  0.1000000000E+01
L2 0.1000000000E+01  0.3397419411E+02  0.3397419411E+02  0.3397419411E+02
L3 0.3018809667E+05  -.6242762844E+03  0.3979786341E+03  -.5532304885E+03
L4 -.2598427130E+03  0.2984250221E+03  0.2913674444E+03  0.2850628146E+03
L5 0.8748552812E+03  0.4340592030E+03  0.2049001104E+03  0.4052611403E+03
L6 0.1044220454E+04  -.9566090957E+04  0.1412938914E+04  -.1105753001E+05
L7 0.0000000000E+00  0.2712790312E+01  0.9800350379E+01  0.1224798596E+02
L8 0.3410892931E+01  0.4745577271E+02  0.2872349172E+01  0.0000000000E+00
L9 0.0000000000E+00  0.0000000000E+00  0.0000000000E+00  0.9860597892E+00  0.0000000000E+00
