L0  Nsteps           time(ps)         Etot             EKinetic        
L1  Temp             T_solute         T_solv           Pres_scal_solu  
L2  Pres_scal_solv   BoxX             BoxY             BoxZ            
L3  volume           pres_X           pres_Y           pres_Z          
L4  Pressure         EKCoM_x          EKCoM_y          EKCoM_z         
L5  EKComTot         VIRIAL_x         VIRIAL_y         VIRIAL_z        
L6  VIRIAL_tot       E_pot            E_vdw            E_el            
L7  E_hbon           E_bon            E_angle          E_dih           
L8  E_14vdw          E_14el           E_const          E_pol           
L9  AV_permMoment    AV_indMoment     AV_totMoment     Density          dV/dlambda      
L0     1000  0.2000000000E+01  -.7652681647E+04  0.1827458771E+04
L1 0.3041067361E+03  0.3041067361E+03  -.9480140417E+10  0.1000000000E+01
L2 0.1000000000E+01  0.3513667600E+02  0.3513667600E+02  0.3513667600E+02
L3 0.3339590282E+05  -.2712592750E+03  -.1253371096E+04  -.1030236450E+04
L4 -.8516222738E+03  0.3113575925E+03  0.2827736165E+03  0.3055795644E+03
L5 0.8997107734E+03  0.3765556063E+03  0.5840252732E+03  0.5532001121E+03
L6 0.1513780992E+04  -.9480140417E+04  0.1402228596E+04  -.1095659925E+05
L7 0.0000000000E+00  0.4222594698E+01  0.3939175542E+01  0.1167591574E+02
L8 0.2989220247E+01  0.4855497980E+02  0.2848346304E+01  0.0000000000E+00
L9 0.0000000000E+00  0.0000000000E+00  0.0000000000E+00  0.9020947770E+00  0.0000000000E+00
L0     2000  0.4000000000E+01  -.7618734099E+04  0.1831053853E+04
L1 0.3047049923E+03  0.3047049923E+03  -.9449787951E+10  0.1000000000E+01
L2 0.1000000000E+01  0.3452801094E+02  0.3452801094E+02  0.3452801094E+02
L3 0.3168828005E+05  -.4120876670E+03  0.7902343771E+02  -.1169906763E+03
L4 -.1500183019E+03  0.2829435902E+03  0.3190676154E+03  0.3160534755E+03
L5 0.9180646811E+03  0.3769256295E+03  0.3010452760E+03  0.3427347455E+03
L6 0.1020705651E+04  -.9449787951E+04  0.1427008213E+04  -.1095129823E+05
L7 0.0000000000E+00  0.3062537678E+01  0.6680302344E+01  0.1165298898E+02
L8 0.3348216806E+01  0.4674388145E+02  0.3014140432E+01  0.0000000000E+00
L9 0.0000000000E+00  0.0000000000E+00  0.0000000000E+00  0.9507069950E+00  0.0000000000E+00
L0     3000  0.6000000000E+01  -.7733634378E+04  0.1797539597E+04
L1 0.2991278974E+03  0.2991278974E+03  -.9531173975E+10  0.1000000000E+01
L2 0.1000000000E+01  0.3434291663E+02  0.3434291663E+02  0.3434291663E+02
L3 0.3118248403E+05  -.7364355166E+03  -.5754719153E+02  -.8328372068E+03
L4 -.5422733050E+03  0.2948830304E+03  0.2888926837E+03  0.2943206619E+03
L5 0.8780963760E+03  0.4601560699E+03  0.3018075948E+03  0.4812284541E+03
L6 0.1243192119E+04  -.9531173975E+04  0.1383603398E+04  -.1099077050E+05
L7 0.0000000000E+00  0.2102048307E+01  0.9377317444E+01  0.9980317207E+01
L8 0.3879634626E+01  0.4782738286E+02  0.2826423129E+01  0.0000000000E+00
L9 0.0000000000E+00  0.0000000000E+00  0.0000000000E+00  0.9661279542E+00  0.0000000000E+00
L0     4000  0.8000000000E+01  -.7792823992E+04  0.1860671699E+04
L1 0.3096336872E+03  0.3096336872E+03  -.9653495691E+10  0.1000000000E+01
L2 0.1000000000E+01  0.3422326042E+02  0.3422326042E+02  0.3422326042E+02
L3 0.3085662222E+05  0.1482507137E+02  -.2506295228E+03  -.2337138686E+03
L4 -.1565061067E+03  0.3059159597E+03  0.3138624196E+03  0.3044150072E+03
L5 0.9241933865E+03  0.3026236418E+03  0.3695216491E+03  0.3563176471E+03
L6 0.1028462938E+04  -.9653495691E+04  0.1444142255E+04  -.1117166030E+05
L7 0.0000000000E+00  0.5137051932E+01  0.9695302891E+01  0.1025210047E+02
L8 0.2876381446E+01  0.4389228292E+02  0.2169233303E+01  0.0000000000E+00
L9 0.0000000000E+00  0.0000000000E+00  0.0000000000E+00  0.9763307626E+00  0.0000000000E+00
L0     5000  0.1000000000E+02  -.7851988251E+04  0.1763473595E+04
L1 0.2934589867E+03  0.2934589867E+03  -.9615461846E+10  0.1000000000E+01
L2 0.1000000000E+01  0.3413761517E+02  0.3413761517E+02  0.3413761517E+02
L3 0.3062517432E+05  0.1892187012E+03  -.7440118578E+03  0.4881841348E+03
L4 -.2220300726E+02  0.2910392782E+03  0.2871013575E+03  0.3078025189E+03
L5 0.8859431546E+03  0.2493332141E+03  0.4510904667E+03  0.2002008986E+03
L6 0.9006245794E+03  -.9615461846E+04  0.1425713203E+04  -.1111136811E+05
L7 0.0000000000E+00  0.2200206201E+01  0.6323361893E+01  0.1012926259E+02
L8 0.2624058939E+01  0.4749607036E+02  0.1420103341E+01  0.0000000000E+00
L9 0.0000000000E+00  0.0000000000E+00  0.0000000000E+00  0.9837093230E+00  0.0000000000E+00
L0     6000  0.1200000000E+02  -.7862327124E+04  0.1820170046E+04
L1 0.3028938221E+03  0.3028938221E+03  -.9682497170E+10  0.1000000000E+01
L2 0.1000000000E+01  0.3412786564E+02  0.3412786564E+02  0.3412786564E+02
L3 0.3060088419E+05  -.9095216553E+03  -.1403672744E+03  -.1150599502E+04
L4 -.7334961439E+03  0.3009786641E+03  0.2867186938E+03  0.3298918844E+03
L5 0.9175892423E+03  0.5012891107E+03  0.3176327806E+03  0.5832966260E+03
L6 0.1402218517E+04  -.9682497170E+04  0.1360883663E+04  -.1111921180E+05
L7 0.0000000000E+00  0.1918475997E+01  0.6793962757E+01  0.1289639476E+02
L8 0.3089522721E+01  0.4778477028E+02  0.3347838778E+01  0.0000000000E+00
L9 0.0000000000E+00  0.0000000000E+00  0.0000000000E+00  0.9844901643E+00  0.0000000000E+00
L0     7000  0.1400000000E+02  -.7851025850E+04  0.1750327314E+04
L1 0.2912713190E+03  0.2912713190E+03  -.9601353164E+10  0.1000000000E+01
L2 0.1000000000E+01  0.3402641730E+02  0.3402641730E+02  0.3402641730E+02
L3 0.3032804064E+05  0.8168977423E+02  -.1039742498E+03  -.1333497576E+04
L4 -.4519273504E+03  0.2811208079E+03  0.2629135116E+03  0.3036046735E+03
L5 0.8476389930E+03  0.2632900982E+03  0.2856083309E+03  0.5946718037E+03
L6 0.1143570233E+04  -.9601353164E+04  0.1360768823E+04  -.1103147008E+05
L7 0.0000000000E+00  0.1918914754E+01  0.7366825280E+01  0.9637837628E+01
L8 0.2925626719E+01  0.4566001072E+02  0.1838877840E+01  0.0000000000E+00
L9 0.0000000000E+00  0.0000000000E+00  0.0000000000E+00  0.9933470433E+00  0.0000000000E+00
L0     8000  0.1600000000E+02  -.7804841293E+04  0.1789457855E+04
L1 0.2977830178E+03  0.2977830178E+03  -.9594299148E+10  0.1000000000E+01
L2 0.1000000000E+01  0.3402337401E+02  0.3402337401E+02  0.3402337401E+02
L3 0.3031711068E+05  0.9292728336E+03  0.8075677049E+03  0.5851860070E+01
L4 0.5808974662E+03  0.2945934291E+03  0.2822049422E+03  0.2799355092E+03
L5 0.8567338805E+03  0.9183093228E+02  0.1059978713E+03  0.2786586638E+03
L6 0.4764874674E+03  -.9594299148E+04  0.1481664869E+04  -.1115009804E+05
L7 0.0000000000E+00  0.2195098295E+01  0.9042555110E+01  0.1174362320E+02
L8 0.3159245168E+01  0.4559051018E+02  0.2402992857E+01  0.0000000000E+00
L9 0.0000000000E+00  0.0000000000E+00  0.0000000000E+00  0.9937051662E+00  0.0000000000E+00
L0     9000  0.1800000000E+02  -.7832262190E+04  0.1765024175E+04
L1 0.2937170181E+03  0.2937170181E+03  -.9597286365E+10  0.1000000000E+01
L2 0.1000000000E+01  0.3401044117E+02  0.3401044117E+02  0.3401044117E+02
L3 0.3028445196E+05  -.5236538179E+03  0.4182503177E+03  -.2622939086E+03
L4 -.1225658029E+03  0.2739052585E+03  0.3088836144E+03  0.3001030699E+03
L5 0.8828919428E+03  0.3880407132E+03  0.2177218801E+03  0.3572725844E+03
L6 0.9630351777E+03  -.9597286365E+04  0.1394680950E+04  -.1106901972E+05
L7 0.0000000000E+00  0.1213994598E+01  0.1152145939E+02  0.1168113522E+02
L8 0.2810579738E+01  0.4579902495E+02  0.4026207936E+01  0.0000000000E+00
L9 0.0000000000E+00  0.0000000000E+00  0.0000000000E+00  0.9947767766E+00  0.0000000000E+00
L0    10000  0.2000000000E+02  -.7746465933E+04  0.1856904870E+04
L1 0.3090068506E+03  0.3090068506E+03  -.9603370803E+10  0.1000000000E+01
L2 0.1000000000E+01  0.3411228076E+02  0.3411228076E+02  0.3411228076E+02
L3 0.3055756981E+05  -.9150528344E+03  -.2011399272E+03  0.4683455061E+03
L4 -.2159490852E+03  0.3057615306E+03  0.3155983252E+03  0.3130821946E+03
L5 0.9344420504E+03  0.5070048921E+03  0.3598341044E+03  0.2100811213E+03
L6 0.1076920118E+04  -.9603370803E+04  0.1374129561E+04  -.1105989854E+05
L7 0.0000000000E+00  0.2901960130E+01  0.7207509969E+01  0.1340962542E+02
L8 0.4545963164E+01  0.5000782953E+02  0.4325284860E+01  0.0000000000E+00
L9 0.0000000000E+00  0.0000000000E+00  0.0000000000E+00  0.9858856477E+00  0.0000000000E+00
