L0  Nsteps           time(ps)         Etot             EKinetic        
L1  Temp             T_solute         T_solv           Pres_scal_solu  
L2  Pres_scal_solv   BoxX             BoxY             BoxZ            
L3  volume           pres_X           pres_Y           pres_Z          
L4  Pressure         EKCoM_x          EKCoM_y          EKCoM_z         
L5  EKComTot         VIRIAL_x         VIRIAL_y         VIRIAL_z        
L6  VIRIAL_tot       E_pot            E_vdw            E_el            
L7  E_hbon           E_bon            E_angle          E_dih           
L8  E_14vdw          E_14el           E_const          E_pol           
L9  AV_permMoment    AV_indMoment     AV_totMoment     Density          dV/dlambda      
L0     1000  0.2000000000E+01  -.7634219002E+04  0.1784284117E+04
L1 0.2989984360E+03  0.2989984360E+03  -.9418503118E+10  0.1000000000E+01
L2 0.1000000000E+01  0.3497149399E+02  0.3497149399E+02  0.3497149399E+02
L3 0.3292741094E+05  -.7322710326E+03  -.9735622097E+03  -.1147910792E+04
L4 -.9512480114E+03  0.3082194439E+03  0.3164459826E+03  0.2833698095E+03
L5 0.9080352360E+03  0.4817540196E+03  0.5471620666E+03  0.5554032554E+03
L6 0.1584319342E+04  -.9418503118E+04  0.1382577485E+04  -.1087593211E+05
L7 0.0000000000E+00  0.1539037040E+01  0.8443749529E+01  0.9860204581E+01
L8 0.2677345783E+01  0.4827969698E+02  0.4051468678E+01  0.0000000000E+00
L9 0.0000000000E+00  0.0000000000E+00  0.0000000000E+00  0.9085698280E+00  0.0000000000E+00
L0     2000  0.4000000000E+01  -.7522675309E+04  0.1834409427E+04
L1 0.3073981013E+03  0.3073981013E+03  -.9357084736E+10  0.1000000000E+01
L2 0.1000000000E+01  0.3449642020E+02  0.3449642020E+02  0.3449642020E+02
L3 0.3160167791E+05  -.6223422579E+03  0.2810439542E+03  -.4238108877E+03
L4 -.2550363971E+03  0.2922134293E+03  0.3054191763E+03  0.3186520733E+03
L5 0.9162846789E+03  0.4337589119E+03  0.2414985577E+03  0.4150435940E+03
L6 0.1090301064E+04  -.9357084736E+04  0.1379161509E+04  -.1081703630E+05
L7 0.0000000000E+00  0.4934380368E+01  0.9422821395E+01  0.1323319642E+02
L8 0.1983085562E+01  0.4768452497E+02  0.3532042956E+01  0.0000000000E+00
L9 0.0000000000E+00  0.0000000000E+00  0.0000000000E+00  0.9466855582E+00  0.0000000000E+00
L0     3000  0.6000000000E+01  -.7697887564E+04  0.1781715216E+04
L1 0.2985679567E+03  0.2985679567E+03  -.9479602781E+10  0.1000000000E+01
L2 0.1000000000E+01  0.3423680600E+02  0.3423680600E+02  0.3423680600E+02
L3 0.3089292417E+05  -.2609171410E+03  0.1338361037E+03  0.4046776686E+02
L4 -.2887109015E+02  0.2775762353E+03  0.3196932026E+03  0.2907687011E+03
L5 0.8880381391E+03  0.3355882849E+03  0.2899362206E+03  0.2817711393E+03
L6 0.9072956448E+03  -.9479602781E+04  0.1422042380E+04  -.1097472188E+05
L7 0.0000000000E+00  0.3260523535E+01  0.8288255090E+01  0.1226553795E+02
L8 0.2760519103E+01  0.4212929660E+02  0.4372587115E+01  0.0000000000E+00
L9 0.0000000000E+00  0.0000000000E+00  0.0000000000E+00  0.9684046720E+00  0.0000000000E+00
L0     4000  0.8000000000E+01  -.7788911838E+04  0.1739588383E+04
L1 0.2915086228E+03  0.2915086228E+03  -.9528500221E+10  0.1000000000E+01
L2 0.1000000000E+01  0.3412671718E+02  0.3412671718E+02  0.3412671718E+02
L3 0.3059656474E+05  -.6123834641E+03  -.5168576180E+02  -.1842129327E+03
L4 -.2827607195E+03  0.3013198762E+03  0.2950811536E+03  0.2742884625E+03
L5 0.8706894923E+03  0.4361704204E+03  0.3064626711E+03  0.3148532649E+03
L6 0.1057486356E+04  -.9528500221E+04  0.1404472741E+04  -.1100398970E+05
L7 0.0000000000E+00  0.4187481994E+01  0.7371283399E+01  0.1183759469E+02
L8 0.2592761885E+01  0.4144094736E+02  0.3586671474E+01  0.0000000000E+00
L9 0.0000000000E+00  0.0000000000E+00  0.0000000000E+00  0.9777846747E+00  0.0000000000E+00
L0     5000  0.1000000000E+02  -.7650196215E+04  0.1764877450E+04
L1 0.2957463961E+03  0.2957463961E+03  -.9415073665E+10  0.1000000000E+01
L2 0.1000000000E+01  0.3400953608E+02  0.3400953608E+02  0.3400953608E+02
L3 0.3028097699E+05  0.8337282929E+02  0.1649596427E+03  0.5581976935E+03
L4 0.2688433885E+03  0.2972292596E+03  0.2802622602E+03  0.3207216195E+03
L5 0.8982131392E+03  0.2790594238E+03  0.2443118234E+03  0.1990709507E+03
L6 0.7224421980E+03  -.9415073665E+04  0.1412910492E+04  -.1089933378E+05
L7 0.0000000000E+00  0.3087287915E+01  0.5983739368E+01  0.1015337650E+02
L8 0.2862911661E+01  0.4546082256E+02  0.3801489048E+01  0.0000000000E+00
L9 0.0000000000E+00  0.0000000000E+00  0.0000000000E+00  0.9879751274E+00  0.0000000000E+00
L0     6000  0.1200000000E+02  -.7670586658E+04  0.1811706509E+04
L1 0.3035936977E+03  0.3035936977E+03  -.9482293167E+10  0.1000000000E+01
L2 0.1000000000E+01  0.3407030643E+02  0.3407030643E+02  0.3407030643E+02
L3 0.3044518353E+05  -.6222549934E+03  -.4066707361E+03  0.7616132378E+02
L4 -.3175881352E+03  0.2818140434E+03  0.3157828651E+03  0.2954153053E+03
L5 0.8930122139E+03  0.4181604093E+03  0.4048911528E+03  0.2787270990E+03
L6 0.1101778661E+04  -.9482293167E+04  0.1367161220E+04  -.1092572163E+05
L7 0.0000000000E+00  0.4006506168E+01  0.1167705315E+02  0.1268350464E+02
L8 0.2118749305E+01  0.4409307020E+02  0.1688357451E+01  0.0000000000E+00
L9 0.0000000000E+00  0.0000000000E+00  0.0000000000E+00  0.9826464691E+00  0.0000000000E+00
L0     7000  0.1400000000E+02  -.7678771756E+04  0.1826760449E+04
L1 0.3061163365E+03  0.3061163365E+03  -.9505532205E+10  0.1000000000E+01
L2 0.1000000000E+01  0.3405446021E+02  0.3405446021E+02  0.3405446021E+02
L3 0.3040142910E+05  0.7720739504E+03  -.2838589749E+03  -.9824279817E+01
L4 0.1594635652E+03  0.3162898267E+03  0.3122092332E+03  0.2997356435E+03
L5 0.9282347033E+03  0.1473587776E+03  0.3743180433E+03  0.3018852121E+03
L6 0.8235620330E+03  -.9505532205E+04  0.1416145143E+04  -.1099117866E+05
L7 0.0000000000E+00  0.3047904152E+01  0.6333135487E+01  0.9852392921E+01
L8 0.2528896075E+01  0.4320234850E+02  0.4536635541E+01  0.0000000000E+00
L9 0.0000000000E+00  0.0000000000E+00  0.0000000000E+00  0.9840607162E+00  0.0000000000E+00
L0     8000  0.1600000000E+02  -.7711145663E+04  0.1753995564E+04
L1 0.2939228822E+03  0.2939228822E+03  -.9465141227E+10  0.1000000000E+01
L2 0.1000000000E+01  0.3407138730E+02  0.3407138730E+02  0.3407138730E+02
L3 0.3044532484E+05  0.4549257265E+03  0.1140273700E+04  0.4968547140E+03
L4 0.6973513802E+03  0.2858730771E+03  0.2856929332E+03  0.3026319095E+03
L5 0.8741979198E+03  0.1861908598E+03  0.3583893710E+02  0.1937623146E+03
L6 0.4157921116E+03  -.9465141227E+04  0.1484703499E+04  -.1102865766E+05
L7 0.0000000000E+00  0.3740640582E+01  0.8979539571E+01  0.1346064692E+02
L8 0.3578347732E+01  0.4505966890E+02  0.3994093012E+01  0.0000000000E+00
L9 0.0000000000E+00  0.0000000000E+00  0.0000000000E+00  0.9826419081E+00  0.0000000000E+00
L0     9000  0.1800000000E+02  -.7737766121E+04  0.1754538827E+04
L1 0.2940139186E+03  0.2940139186E+03  -.9492304947E+10  0.1000000000E+01
L2 0.1000000000E+01  0.3412339904E+02  0.3412339904E+02  0.3412339904E+02
L3 0.3058666075E+05  0.1507441805E+03  -.9219802194E+02  0.1708840136E+03
L4 0.7647672407E+02  0.3122678183E+03  0.2955388635E+03  0.2884197764E+03
L5 0.8962264581E+03  0.2790837826E+03  0.3158348539E+03  0.2508022632E+03
L6 0.8457208997E+03  -.9492304947E+04  0.1421342084E+04  -.1099510191E+05
L7 0.0000000000E+00  0.8453651787E+01  0.9076813914E+01  0.1296011856E+02
L8 0.1971349754E+01  0.4695068667E+02  0.2042259095E+01  0.0000000000E+00
L9 0.0000000000E+00  0.0000000000E+00  0.0000000000E+00  0.9781012823E+00  0.0000000000E+00
L0    10000  0.2000000000E+02  -.7740033287E+04  0.1747294945E+04
L1 0.2928000372E+03  0.2928000372E+03  -.9487328232E+10  0.1000000000E+01
L2 0.1000000000E+01  0.3405923631E+02  0.3405923631E+02  0.3405923631E+02
L3 0.3041453971E+05  -.8583645829E+02  0.4153257318E+03  -.2022186054E+03
L4 0.4242355603E+02  0.2886313242E+03  0.2911392600E+03  0.2867206598E+03
L5 0.8664912440E+03  0.3074205817E+03  0.2002261180E+03  0.3309855040E+03
L6 0.8386322037E+03  -.9487328232E+04  0.1424826571E+04  -.1099122314E+05
L7 0.0000000000E+00  0.3492054865E+01  0.1271331063E+02  0.1193540149E+02
L8 0.2098836287E+01  0.4512451814E+02  0.3704212122E+01  0.0000000000E+00
L9 0.0000000000E+00  0.0000000000E+00  0.0000000000E+00  0.9836365231E+00  0.0000000000E+00
