L0  Nsteps           time(ps)         Etot             EKinetic        
L1  Temp             T_solute         T_solv           Pres_scal_solu  
L2  Pres_scal_solv   BoxX             BoxY             BoxZ            
L3  volume           pres_X           pres_Y           pres_Z          
L4  Pressure         EKCoM_x          EKCoM_y          EKCoM_z         
L5  EKComTot         VIRIAL_x         VIRIAL_y         VIRIAL_z        
L6  VIRIAL_tot       E_pot            E_vdw            E_el            
L7  E_hbon           E_bon            E_angle          E_dih           
L8  E_14vdw          E_14el           E_const          E_pol           
L9  AV_permMoment    AV_indMoment     AV_totMoment     Density          dV/dlambda      
L0     1000  0.2000000000E+01  -.7576496398E+04  0.1762200522E+04
L1 0.2955931123E+03  0.2955931123E+03  -.9338696921E+10  0.1000000000E+01
L2 0.1000000000E+01  0.3497727183E+02  0.3497727183E+02  0.3497727183E+02
L3 0.3294250769E+05  -.6600617375E+03  -.4851861246E+03  -.4565934637E+03
L4 -.5339471086E+03  0.2919310805E+03  0.3039807580E+03  0.2836803957E+03
L5 0.8795922343E+03  0.4484251177E+03  0.4190135361E+03  0.3919341399E+03
L6 0.1259372794E+04  -.9338696921E+04  0.1420151147E+04  -.1083241259E+05
L7 0.0000000000E+00  0.3732340431E+01  0.9670533476E+01  0.1187574795E+02
L8 0.2049993128E+01  0.4344313352E+02  0.2792776950E+01  0.0000000000E+00
L9 0.0000000000E+00  0.0000000000E+00  0.0000000000E+00  0.9072453016E+00  0.0000000000E+00
L0     2000  0.4000000000E+01  -.7593493567E+04  0.1774598010E+04
L1 0.2976726780E+03  0.2976726780E+03  -.9368091576E+10  0.1000000000E+01
L2 0.1000000000E+01  0.3437944405E+02  0.3437944405E+02  0.3437944405E+02
L3 0.3128175903E+05  0.1477008086E+03  -.6066478588E+03  -.8144506369E+03
L4 -.4244658957E+03  0.3222827914E+03  0.2870573797E+03  0.3064997702E+03
L5 0.9158399413E+03  0.2890298078E+03  0.4236365328E+03  0.4898631112E+03
L6 0.1202529452E+04  -.9368091576E+04  0.1351432748E+04  -.1079456202E+05
L7 0.0000000000E+00  0.2254418057E+01  0.1076126175E+02  0.1098626100E+02
L8 0.3617760272E+01  0.4555880753E+02  0.1859190814E+01  0.0000000000E+00
L9 0.0000000000E+00  0.0000000000E+00  0.0000000000E+00  0.9554109567E+00  0.0000000000E+00
L0     3000  0.6000000000E+01  -.7642427866E+04  0.1808748611E+04
L1 0.3034011308E+03  0.3034011308E+03  -.9451176477E+10  0.1000000000E+01
L2 0.1000000000E+01  0.3418400537E+02  0.3418400537E+02  0.3418400537E+02
L3 0.3075068715E+05  -.2028688590E+03  -.4260526570E+03  0.2437779212E+02
L4 -.2015145746E+03  0.3060093281E+03  0.2919976479E+03  0.3262248979E+03
L5 0.9242318739E+03  0.3509073070E+03  0.3862896122E+03  0.3208297200E+03
L6 0.1058026639E+04  -.9451176477E+04  0.1389612761E+04  -.1092264750E+05
L7 0.0000000000E+00  0.2420599515E+01  0.1311539765E+02  0.1251417354E+02
L8 0.2843087206E+01  0.4816537302E+02  0.2799630416E+01  0.0000000000E+00
L9 0.0000000000E+00  0.0000000000E+00  0.0000000000E+00  0.9719111374E+00  0.0000000000E+00
L0     4000  0.8000000000E+01  -.7793627113E+04  0.1717983907E+04
L1 0.2881761771E+03  0.2881761771E+03  -.9511611020E+10  0.1000000000E+01
L2 0.1000000000E+01  0.3408536194E+02  0.3408536194E+02  0.3408536194E+02
L3 0.3048530159E+05  -.6092136069E+03  -.2069891195E+03  0.1508549302E+03
L4 -.2217825987E+03  0.2970502278E+03  0.2605784489E+03  0.3068105923E+03
L5 0.8644392689E+03  0.4307149101E+03  0.3059929547E+03  0.2737122240E+03
L6 0.1010420089E+04  -.9511611020E+04  0.1384998848E+04  -.1097089592E+05
L7 0.0000000000E+00  0.3617000153E+01  0.1371845782E+02  0.1107718746E+02
L8 0.2067550812E+01  0.4161872417E+02  0.2187127783E+01  0.0000000000E+00
L9 0.0000000000E+00  0.0000000000E+00  0.0000000000E+00  0.9803719748E+00  0.0000000000E+00
L0     5000  0.1000000000E+02  -.7661033684E+04  0.1815723768E+04
L1 0.3045711500E+03  0.3045711500E+03  -.9476757452E+10  0.1000000000E+01
L2 0.1000000000E+01  0.3405729452E+02  0.3405729452E+02  0.3405729452E+02
L3 0.3040915477E+05  0.1586758245E+02  0.5773332720E+03  -.2632672474E+03
L4 0.1099778690E+03  0.2939183224E+03  0.3000286102E+03  0.2807951834E+03
L5 0.8747421161E+03  0.2904455870E+03  0.1736750405E+03  0.3384131280E+03
L6 0.8025337556E+03  -.9476757452E+04  0.1425852086E+04  -.1098128814E+05
L7 0.0000000000E+00  0.1866412404E+01  0.1022905768E+02  0.1102960232E+02
L8 0.2396999732E+01  0.4639996646E+02  0.6756562911E+01  0.0000000000E+00
L9 0.0000000000E+00  0.0000000000E+00  0.0000000000E+00  0.9828269003E+00  0.0000000000E+00
L0     6000  0.1200000000E+02  -.7784913823E+04  0.1738610985E+04
L1 0.2916361819E+03  0.2916361819E+03  -.9523524808E+10  0.1000000000E+01
L2 0.1000000000E+01  0.3396263122E+02  0.3396263122E+02  0.3396263122E+02
L3 0.3015654984E+05  -.7554997804E+01  -.2227623576E+03  0.2697619560E+03
L4 0.1314820020E+02  0.2814304906E+03  0.2747877334E+03  0.3211275797E+03
L5 0.8773458037E+03  0.2830702215E+03  0.3231359032E+03  0.2625786534E+03
L6 0.8687847781E+03  -.9523524808E+04  0.1411124890E+04  -.1100817643E+05
L7 0.0000000000E+00  0.6090556192E+01  0.7322924141E+01  0.1217845487E+02
L8 0.2256280855E+01  0.4324051290E+02  0.2438006774E+01  0.0000000000E+00
L9 0.0000000000E+00  0.0000000000E+00  0.0000000000E+00  0.9910595039E+00  0.0000000000E+00
L0     7000  0.1400000000E+02  -.7675345200E+04  0.1762771557E+04
L1 0.2956888981E+03  0.2956888981E+03  -.9438116757E+10  0.1000000000E+01
L2 0.1000000000E+01  0.3399382952E+02  0.3399382952E+02  0.3399382952E+02
L3 0.3023988107E+05  0.1085004580E+03  -.1580141436E+03  -.7656933129E+02
L4 -.4202767232E+02  0.2885059022E+03  0.2883122171E+03  0.2784966390E+03
L5 0.8553147582E+03  0.2648919744E+03  0.3227022523E+03  0.2951611093E+03
L6 0.8827553360E+03  -.9438116757E+04  0.1382727735E+04  -.1089745046E+05
L7 0.0000000000E+00  0.4153704954E+01  0.6411829086E+01  0.1206250749E+02
L8 0.2862642777E+01  0.4706196018E+02  0.4053328580E+01  0.0000000000E+00
L9 0.0000000000E+00  0.0000000000E+00  0.0000000000E+00  0.9883284678E+00  0.0000000000E+00
L0     8000  0.1600000000E+02  -.7741106694E+04  0.1757894867E+04
L1 0.2948708777E+03  0.2948708777E+03  -.9499001561E+10  0.1000000000E+01
L2 0.1000000000E+01  0.3398203432E+02  0.3398203432E+02  0.3398203432E+02
L3 0.3020910183E+05  -.3974588934E+03  0.3515606746E+03  -.8459412021E+03
L4 -.2972798070E+03  0.2888179327E+03  0.2757645313E+03  0.2800571345E+03
L5 0.8446395985E+03  0.3752324309E+03  0.1993291067E+03  0.4639795115E+03
L6 0.1038541049E+04  -.9499001561E+04  0.1370631311E+04  -.1094643764E+05
L7 0.0000000000E+00  0.7749920982E+01  0.9589727554E+01  0.1134611544E+02
L8 0.2252908806E+01  0.4299764239E+02  0.2868456474E+01  0.0000000000E+00
L9 0.0000000000E+00  0.0000000000E+00  0.0000000000E+00  0.9893354490E+00  0.0000000000E+00
L0     9000  0.1800000000E+02  -.7639566095E+04  0.1800089185E+04
L1 0.3019485908E+03  0.3019485908E+03  -.9439655280E+10  0.1000000000E+01
L2 0.1000000000E+01  0.3412479942E+02  0.3412479942E+02  0.3412479942E+02
L3 0.3059229346E+05  -.3816484913E+03  -.1034055146E+04  -.4072456194E+03
L4 -.6076497523E+03  0.3198461096E+03  0.3019112044E+03  0.2970501058E+03
L5 0.9188074198E+03  0.4038756845E+03  0.5295846169E+03  0.3867155364E+03
L6 0.1320175838E+04  -.9439655280E+04  0.1305097407E+04  -.1082360491E+05
L7 0.0000000000E+00  0.4048034992E+01  0.1223343419E+02  0.1372532686E+02
L8 0.2584721538E+01  0.4424980353E+02  0.2010899972E+01  0.0000000000E+00
L9 0.0000000000E+00  0.0000000000E+00  0.0000000000E+00  0.9769432736E+00  0.0000000000E+00
L0    10000  0.2000000000E+02  -.7775204774E+04  0.1780519996E+04
L1 0.2986660374E+03  0.2986660374E+03  -.9555724770E+10  0.1000000000E+01
L2 0.1000000000E+01  0.3409592727E+02  0.3409592727E+02  0.3409592727E+02
L3 0.3051291455E+05  0.3586228770E+03  -.3830635305E+03  0.1792810544E+03
L4 0.5161346698E+02  0.2926075932E+03  0.2893900130E+03  0.2978781547E+03
L5 0.8798757608E+03  0.2138525701E+03  0.3735123016E+03  0.2585073156E+03
L6 0.8458721873E+03  -.9555724770E+04  0.1454818566E+04  -.1108535074E+05
L7 0.0000000000E+00  0.3363464209E+01  0.1194604880E+02  0.1077853402E+02
L8 0.2330769124E+01  0.4376744499E+02  0.2621138514E+01  0.0000000000E+00
L9 0.0000000000E+00  0.0000000000E+00  0.0000000000E+00  0.9794847778E+00  0.0000000000E+00
