L0  Nsteps           time(ps)         Etot             EKinetic        
L1  Temp             T_solute         T_solv           Pres_scal_solu  
L2  Pres_scal_solv   BoxX             BoxY             BoxZ            
L3  volume           pres_X           pres_Y           pres_Z          
L4  Pressure         EKCoM_x          EKCoM_y          EKCoM_z         
L5  EKComTot         VIRIAL_x         VIRIAL_y         VIRIAL_z        
L6  VIRIAL_tot       E_pot            E_vdw            E_el            
L7  E_hbon           E_bon            E_angle          E_dih           
L8  E_14vdw          E_14el           E_const          E_pol           
L9  AV_permMoment    AV_indMoment     AV_totMoment     Density          dV/dlambda      
L0     1000  0.2000000000E+01  -.7562119517E+04  0.1697608072E+04
L1 0.2905697103E+03  0.2905697103E+03  -.9259727589E+10  0.1000000000E+01
L2 0.1000000000E+01  0.3477908326E+02  0.3477908326E+02  0.3477908326E+02
L3 0.3238410535E+05  -.3607202335E+03  0.7360757061E+03  -.3241354145E+03
L4 0.1707335270E+02  0.2653959000E+03  0.2870483382E+03  0.3029799969E+03
L5 0.8554242351E+03  0.3494693728E+03  0.1154903409E+03  0.3785266046E+03
L6 0.8434863183E+03  -.9259727589E+04  0.1492021563E+04  -.1082707294E+05
L7 0.0000000000E+00  0.2060419398E+01  0.5964567880E+01  0.1431053261E+02
L8 0.2927059186E+01  0.4758427251E+02  0.2476934838E+01  0.0000000000E+00
L9 0.0000000000E+00  0.0000000000E+00  0.0000000000E+00  0.9044128150E+00  0.0000000000E+00
L0     2000  0.4000000000E+01  -.7591765689E+04  0.1716141266E+04
L1 0.2937419294E+03  0.2937419294E+03  -.9307906954E+10  0.1000000000E+01
L2 0.1000000000E+01  0.3418667941E+02  0.3418667941E+02  0.3418667941E+02
L3 0.3075923274E+05  -.9417998355E+03  -.1648811321E+03  -.9505399119E+03
L4 -.6857402932E+03  0.2859542624E+03  0.2912728343E+03  0.2840912945E+03
L5 0.8613183913E+03  0.4944468831E+03  0.3277736894E+03  0.4945187653E+03
L6 0.1316739338E+04  -.9307906954E+04  0.1335969633E+04  -.1072503576E+05
L7 0.0000000000E+00  0.3703068481E+01  0.1592690544E+02  0.1297978211E+02
L8 0.2212032411E+01  0.4437311790E+02  0.1964269946E+01  0.0000000000E+00
L9 0.0000000000E+00  0.0000000000E+00  0.0000000000E+00  0.9521888965E+00  0.0000000000E+00
L0     3000  0.6000000000E+01  -.7519981595E+04  0.1684030452E+04
L1 0.2882457079E+03  0.2882457079E+03  -.9204012046E+10  0.1000000000E+01
L2 0.1000000000E+01  0.3388044389E+02  0.3388044389E+02  0.3388044389E+02
L3 0.2993825903E+05  0.4562147249E+03  0.2757242070E+02  -.5683800965E+03
L4 -.2819765030E+02  0.2757949220E+03  0.2773548016E+03  0.2686347613E+03
L5 0.8217844849E+03  0.1774951704E+03  0.2714138226E+03  0.3911025802E+03
L6 0.8400115731E+03  -.9204012046E+04  0.1352748663E+04  -.1063128796E+05
L7 0.0000000000E+00  0.2529069014E+01  0.8474803110E+01  0.1084286772E+02
L8 0.4657070851E+01  0.4463968114E+02  0.3383761520E+01  0.0000000000E+00
L9 0.0000000000E+00  0.0000000000E+00  0.0000000000E+00  0.9783000355E+00  0.0000000000E+00
L0     4000  0.8000000000E+01  -.7551867798E+04  0.1749611544E+04
L1 0.2994708424E+03  0.2994708424E+03  -.9301479341E+10  0.1000000000E+01
L2 0.1000000000E+01  0.3383538706E+02  0.3383538706E+02  0.3383538706E+02
L3 0.2981932784E+05  0.1044507007E+03  -.8085362703E+03  0.2217381971E+03
L4 -.1607824575E+03  0.2931149281E+03  0.3043539430E+03  0.2854722701E+03
L5 0.8829411411E+03  0.2706985322E+03  0.4778757000E+03  0.2378845452E+03
L6 0.9864587775E+03  -.9301479341E+04  0.1364854341E+04  -.1074503049E+05
L7 0.0000000000E+00  0.2582204868E+01  0.1631562577E+02  0.1043840006E+02
L8 0.2442611481E+01  0.4477854174E+02  0.2139426353E+01  0.0000000000E+00
L9 0.0000000000E+00  0.0000000000E+00  0.0000000000E+00  0.9822018804E+00  0.0000000000E+00
L0     5000  0.1000000000E+02  -.7439506987E+04  0.1774397978E+04
L1 0.3037133924E+03  0.3037133924E+03  -.9213904966E+10  0.1000000000E+01
L2 0.1000000000E+01  0.3374617074E+02  0.3374617074E+02  0.3374617074E+02
L3 0.2958327978E+05  -.6019511538E+03  -.2448594610E+02  0.1040889747E+04
L4 0.1381508824E+03  0.2889509634E+03  0.3138667784E+03  0.2912489489E+03
L5 0.8940666907E+03  0.4171144024E+03  0.3190801633E+03  0.6962962199E+02
L6 0.8058241876E+03  -.9213904966E+04  0.1347390127E+04  -.1063792581E+05
L7 0.0000000000E+00  0.2352833456E+01  0.1094330185E+02  0.1079054421E+02
L8 0.3151448967E+01  0.4466267471E+02  0.4729910269E+01  0.0000000000E+00
L9 0.0000000000E+00  0.0000000000E+00  0.0000000000E+00  0.9900389711E+00  0.0000000000E+00
L0     6000  0.1200000000E+02  -.7531846037E+04  0.1779332690E+04
L1 0.3045580383E+03  0.3045580383E+03  -.9311178726E+10  0.1000000000E+01
L2 0.1000000000E+01  0.3369987823E+02  0.3369987823E+02  0.3369987823E+02
L3 0.2946233838E+05  -.5077487581E+03  0.4110862237E+03  -.2165197441E+03
L4 -.1043940928E+03  0.2918099163E+03  0.3167767430E+03  0.2737018250E+03
L5 0.8822884842E+03  0.3994744498E+03  0.2296088163E+03  0.3196133056E+03
L6 0.9486965717E+03  -.9311178726E+04  0.1356000744E+04  -.1074139446E+05
L7 0.0000000000E+00  0.1694718801E+01  0.6198280446E+01  0.1308969994E+02
L8 0.2800009229E+01  0.4687130174E+02  0.3560981441E+01  0.0000000000E+00
L9 0.0000000000E+00  0.0000000000E+00  0.0000000000E+00  0.9941030307E+00  0.0000000000E+00
L0     7000  0.1400000000E+02  -.7550119748E+04  0.1769649823E+04
L1 0.3029006783E+03  0.3029006783E+03  -.9319769571E+10  0.1000000000E+01
L2 0.1000000000E+01  0.3365973512E+02  0.3365973512E+02  0.3365973512E+02
L3 0.2935695972E+05  -.5617711593E+03  0.3536642011E+03  0.1445646962E+03
L4 -.2118075402E+02  0.2811757539E+03  0.2971107696E+03  0.2867706443E+03
L5 0.8650571678E+03  0.3998692975E+03  0.2223870025E+03  0.2562263634E+03
L6 0.8784826635E+03  -.9319769571E+04  0.1360065183E+04  -.1075762368E+05
L7 0.0000000000E+00  0.2428111181E+01  0.9700064480E+01  0.1580378156E+02
L8 0.1823819990E+01  0.4169427828E+02  0.6338871200E+01  0.0000000000E+00
L9 0.0000000000E+00  0.0000000000E+00  0.0000000000E+00  0.9976714265E+00  0.0000000000E+00
L0     8000  0.1600000000E+02  -.7597722825E+04  0.1765672566E+04
L1 0.3022199142E+03  0.3022199142E+03  -.9363395391E+10  0.1000000000E+01
L2 0.1000000000E+01  0.3374456803E+02  0.3374456803E+02  0.3374456803E+02
L3 0.2957892064E+05  -.1180604580E+03  0.3077325744E+03  0.3889136623E+03
L4 0.1928619262E+03  0.2738178637E+03  0.2752409706E+03  0.2873958371E+03
L5 0.8364546714E+03  0.2989508078E+03  0.2097302507E+03  0.2046031263E+03
L6 0.7132841848E+03  -.9363395391E+04  0.1424129667E+04  -.1086034414E+05
L7 0.0000000000E+00  0.4792284510E+01  0.9655564867E+01  0.1066277147E+02
L8 0.2935556032E+01  0.4244937941E+02  0.2323528591E+01  0.0000000000E+00
L9 0.0000000000E+00  0.0000000000E+00  0.0000000000E+00  0.9901848763E+00  0.0000000000E+00
L0     9000  0.1800000000E+02  -.7563926394E+04  0.1748197365E+04
L1 0.2992287857E+03  0.2992287857E+03  -.9312123760E+10  0.1000000000E+01
L2 0.1000000000E+01  0.3387899468E+02  0.3387899468E+02  0.3387899468E+02
L3 0.2993431413E+05  -.1513250591E+03  -.9085199366E+02  0.2736639173E+03
L4 0.1049562154E+02  0.2778188802E+03  0.2817651219E+03  0.3021373874E+03
L5 0.8617213894E+03  0.3104203172E+03  0.3013382552E+03  0.2431792939E+03
L6 0.8549378663E+03  -.9312123760E+04  0.1407861920E+04  -.1079479979E+05
L7 0.0000000000E+00  0.1954923897E+01  0.7045507648E+01  0.1200545222E+02
L8 0.4284450487E+01  0.4426996801E+02  0.5253807563E+01  0.0000000000E+00
L9 0.0000000000E+00  0.0000000000E+00  0.0000000000E+00  0.9784289612E+00  0.0000000000E+00
L0    10000  0.2000000000E+02  -.7636254002E+04  0.1718172843E+04
L1 0.2940896626E+03  0.2940896626E+03  -.9354426845E+10  0.1000000000E+01
L2 0.1000000000E+01  0.3371084865E+02  0.3371084865E+02  0.3371084865E+02
L3 0.2949128669E+05  -.2475028480E+03  -.6416291764E+03  0.3865766123E+03
L4 -.1675184707E+03  0.2788400893E+03  0.2873692255E+03  0.2822385990E+03
L5 0.8484479137E+03  0.3313728835E+03  0.4235558341E+03  0.2001872214E+03
L6 0.9551159390E+03  -.9354426845E+04  0.1357505700E+04  -.1078591792E+05
L7 0.0000000000E+00  0.4513238284E+01  0.1319241542E+02  0.8116295719E+01
L8 0.2991726129E+01  0.4233672829E+02  0.2834972265E+01  0.0000000000E+00
L9 0.0000000000E+00  0.0000000000E+00  0.0000000000E+00  0.9931272305E+00  0.0000000000E+00
