L0  Nsteps           time(ps)         Etot             EKinetic        
L1  Temp             T_solute         T_solv           Pres_scal_solu  
L2  Pres_scal_solv   BoxX             BoxY             BoxZ            
L3  volume           pres_X           pres_Y           pres_Z          
L4  Pressure         EKCoM_x          EKCoM_y          EKCoM_z         
L5  EKComTot         VIRIAL_x         VIRIAL_y         VIRIAL_z        
L6  VIRIAL_tot       E_pot            E_vdw            E_el            
L7  E_hbon           E_bon            E_angle          E_dih           
L8  E_14vdw          E_14el           E_const          E_pol           
L9  AV_permMoment    AV_indMoment     AV_totMoment     Density          dV/dlambda      
L0     1000  0.2000000000E+01  -.6954093787E+04  0.1616973438E+04
L1 0.2977306143E+03  0.2977306143E+03  -.8571067225E+10  0.1000000000E+01
L2 0.1000000000E+01  0.3397300613E+02  0.3397300613E+02  0.3397300613E+02
L3 0.3018497209E+05  -.2956180796E+03  0.7566129442E+01  -.5383814440E+03
L4 -.2754777981E+03  0.2675040857E+03  0.2664314279E+03  0.2565723069E+03
L5 0.7905078206E+03  0.3317252759E+03  0.2647877333E+03  0.3735323290E+03
L6 0.9700453382E+03  -.8571067225E+04  0.1343783720E+04  -.9994859874E+04
L7 0.0000000000E+00  0.2734187687E+01  0.1000912318E+02  0.1495850798E+02
L8 0.2390745202E+01  0.4716060379E+02  0.2755760691E+01  0.0000000000E+00
L9 0.0000000000E+00  0.0000000000E+00  0.0000000000E+00  0.9019171031E+00  0.0000000000E+00
L0     2000  0.4000000000E+01  -.6992498385E+04  0.1629110262E+04
L1 0.2999653474E+03  0.2999653474E+03  -.8621608648E+10  0.1000000000E+01
L2 0.1000000000E+01  0.3342709018E+02  0.3342709018E+02  0.3342709018E+02
L3 0.2875324696E+05  -.4304816054E+03  -.5445240964E+03  -.3181697765E+02
L4 -.3356075598E+03  0.2848180663E+03  0.2745225095E+03  0.2691392730E+03
L5 0.8284798488E+03  0.3739017307E+03  0.3872060743E+03  0.2757234637E+03
L6 0.1036831269E+04  -.8621608648E+04  0.1282496867E+04  -.9986010702E+04
L7 0.0000000000E+00  0.2823710143E+01  0.1166251448E+02  0.1199177136E+02
L8 0.3797937680E+01  0.4610921299E+02  0.5520040846E+01  0.0000000000E+00
L9 0.0000000000E+00  0.0000000000E+00  0.0000000000E+00  0.9468267224E+00  0.0000000000E+00
L0     3000  0.6000000000E+01  -.7025835649E+04  0.1573783037E+04
L1 0.2897780379E+03  0.2897780379E+03  -.8599618686E+10  0.1000000000E+01
L2 0.1000000000E+01  0.3315827710E+02  0.3315827710E+02  0.3315827710E+02
L3 0.2806360605E+05  0.5246931692E+03  0.4463938369E+03  -.1526293133E+03
L4 0.2728192309E+03  0.2452136527E+03  0.2644053400E+03  0.2600364872E+03
L5 0.7696554799E+03  0.1392381548E+03  0.1742444385E+03  0.2908639659E+03
L6 0.6043465592E+03  -.8599618686E+04  0.1334812872E+04  -.1001123906E+05
L7 0.0000000000E+00  0.1839327017E+01  0.9872169065E+01  0.1086863212E+02
L8 0.3645312756E+01  0.4788219746E+02  0.2699861790E+01  0.0000000000E+00
L9 0.0000000000E+00  0.0000000000E+00  0.0000000000E+00  0.9700942399E+00  0.0000000000E+00
L0     4000  0.8000000000E+01  -.7172425724E+04  0.1604238838E+04
L1 0.2953858135E+03  0.2953858135E+03  -.8776664561E+10  0.1000000000E+01
L2 0.1000000000E+01  0.3295553149E+02  0.3295553149E+02  0.3295553149E+02
L3 0.2755141542E+05  0.5108855256E+03  0.1238037112E+04  -.2604939958E+03
L4 0.4961428805E+03  0.2598716600E+03  0.2708942458E+03  0.2810839200E+03
L5 0.8118498258E+03  0.1585682432E+03  0.2540404649E+02  0.3327372367E+03
L6 0.5167095264E+03  -.8776664561E+04  0.1385277337E+04  -.1023905591E+05
L7 0.0000000000E+00  0.1583413015E+01  0.8393466495E+01  0.1127511598E+02
L8 0.4594158625E+01  0.4954867400E+02  0.1719180411E+01  0.0000000000E+00
L9 0.0000000000E+00  0.0000000000E+00  0.0000000000E+00  0.9881286376E+00  0.0000000000E+00
L0     5000  0.1000000000E+02  -.7004061823E+04  0.1636386879E+04
L1 0.3013051787E+03  0.3013051787E+03  -.8640448703E+10  0.1000000000E+01
L2 0.1000000000E+01  0.3293282373E+02  0.3293282373E+02  0.3293282373E+02
L3 0.2749674981E+05  0.4230228981E+03  -.2107588193E+03  -.1472910756E+04
L4 -.4202155592E+03  0.2823079687E+03  0.2722836750E+03  0.2672050081E+03
L5 0.8217966518E+03  0.1985932507E+03  0.3139920913E+03  0.5586887767E+03
L6 0.1071274119E+04  -.8640448703E+04  0.1219088982E+04  -.9938410969E+04
L7 0.0000000000E+00  0.3042856848E+01  0.8370208421E+01  0.1085783925E+02
L8 0.4034848303E+01  0.4744354180E+02  0.5123990050E+01  0.0000000000E+00
L9 0.0000000000E+00  0.0000000000E+00  0.0000000000E+00  0.9900931117E+00  0.0000000000E+00
L0     6000  0.1200000000E+02  -.7070514949E+04  0.1643278608E+04
L1 0.3025741412E+03  0.3025741412E+03  -.8713793558E+10  0.1000000000E+01
L2 0.1000000000E+01  0.3294030289E+02  0.3294030289E+02  0.3294030289E+02
L3 0.2751433520E+05  -.3422932990E+03  0.3585196474E+03  0.1320939917E+03
L4 0.4944011335E+02  0.2545788821E+03  0.2944395882E+03  0.3016653276E+03
L5 0.8506837979E+03  0.3223608230E+03  0.2234444573E+03  0.2755076810E+03
L6 0.8213129613E+03  -.8713793558E+04  0.1289010247E+04  -.1008470137E+05
L7 0.0000000000E+00  0.7397720274E+01  0.8557486133E+01  0.1313094167E+02
L8 0.2536089886E+01  0.4809767687E+02  0.2177648168E+01  0.0000000000E+00
L9 0.0000000000E+00  0.0000000000E+00  0.0000000000E+00  0.9894603081E+00  0.0000000000E+00
L0     7000  0.1400000000E+02  -.7034330787E+04  0.1625836544E+04
L1 0.2993625631E+03  0.2993625631E+03  -.8660167331E+10  0.1000000000E+01
L2 0.1000000000E+01  0.3290822120E+02  0.3290822120E+02  0.3290822120E+02
L3 0.2743357839E+05  0.1590579439E+03  0.2058644905E+03  0.3272351230E+03
L4 0.2307191858E+03  0.2636265867E+03  0.2470402668E+03  0.2934286666E+03
L5 0.8040955201E+03  0.2322219044E+03  0.2063940171E+03  0.2288187841E+03
L6 0.6674347055E+03  -.8660167331E+04  0.1306971913E+04  -.1004817712E+05
L7 0.0000000000E+00  0.1527188433E+01  0.9308010220E+01  0.1083572745E+02
L8 0.5320974890E+01  0.4972714958E+02  0.4318827414E+01  0.0000000000E+00
L9 0.0000000000E+00  0.0000000000E+00  0.0000000000E+00  0.9923730035E+00  0.0000000000E+00
L0     8000  0.1600000000E+02  -.7074078016E+04  0.1638031877E+04
L1 0.3016080693E+03  0.3016080693E+03  -.8712109893E+10  0.1000000000E+01
L2 0.1000000000E+01  0.3292815713E+02  0.3292815713E+02  0.3292815713E+02
L3 0.2748419733E+05  -.1101316344E+03  0.2914496280E+03  -.3832288838E+03
L4 -.6730363007E+02  0.2587824773E+03  0.2952132183E+03  0.2832062591E+03
L5 0.8372019547E+03  0.2805671843E+03  0.2375627097E+03  0.3590112627E+03
L6 0.8771411566E+03  -.8712109893E+04  0.1282011338E+04  -.1006820607E+05
L7 0.0000000000E+00  0.1646971999E+01  0.9730821250E+01  0.1147788495E+02
L8 0.4099767636E+01  0.4512068066E+02  0.2008711973E+01  0.0000000000E+00
L9 0.0000000000E+00  0.0000000000E+00  0.0000000000E+00  0.9905453033E+00  0.0000000000E+00
L0     9000  0.1800000000E+02  -.7103730087E+04  0.1597396938E+04
L1 0.2941260259E+03  0.2941260259E+03  -.8701127025E+10  0.1000000000E+01
L2 0.1000000000E+01  0.3291306531E+02  0.3291306531E+02  0.3291306531E+02
L3 0.2744773173E+05  -.6834836223E+03  -.6896077610E+03  -.4305794839E+03
L4 -.6012236224E+03  0.2521024761E+03  0.2553544632E+03  0.2696686193E+03
L5 0.7771255586E+03  0.3871203152E+03  0.3915820868E+03  0.3547268556E+03
L6 0.1133429258E+04  -.8701127025E+04  0.1218621905E+04  -.9997232154E+04
L7 0.0000000000E+00  0.2840709767E+01  0.8451364235E+01  0.1093591684E+02
L8 0.3493201143E+01  0.4601159223E+02  0.5750439348E+01  0.0000000000E+00
L9 0.0000000000E+00  0.0000000000E+00  0.0000000000E+00  0.9918612893E+00  0.0000000000E+00
L0    10000  0.2000000000E+02  -.6980294353E+04  0.1644616960E+04
L1 0.3028205696E+03  0.3028205696E+03  -.8624911313E+10  0.1000000000E+01
L2 0.1000000000E+01  0.3289734309E+02  0.3289734309E+02  0.3289734309E+02
L3 0.2740574840E+05  0.9280969327E+03  0.4248685528E+03  0.1169269037E+03
L4 0.4899641297E+03  0.2799579312E+03  0.2881901948E+03  0.2652949463E+03
L5 0.8334430723E+03  0.9689872132E+02  0.2043884938E+03  0.2422321111E+03
L6 0.5435193263E+03  -.8624911313E+04  0.1315014736E+04  -.1001577236E+05
L7 0.0000000000E+00  0.2265483790E+01  0.1133254029E+02  0.1174184459E+02
L8 0.2738571401E+01  0.4416573952E+02  0.3602131835E+01  0.0000000000E+00
L9 0.0000000000E+00  0.0000000000E+00  0.0000000000E+00  0.9933807386E+00  0.0000000000E+00
