L0  Nsteps           time(ps)         Etot             EKinetic        
L1  Temp             T_solute         T_solv           Pres_scal_solu  
L2  Pres_scal_solv   BoxX             BoxY             BoxZ            
L3  volume           pres_X           pres_Y           pres_Z          
L4  Pressure         EKCoM_x          EKCoM_y          EKCoM_z         
L5  EKComTot         VIRIAL_x         VIRIAL_y         VIRIAL_z        
L6  VIRIAL_tot       E_pot            E_vdw            E_el            
L7  E_hbon           E_bon            E_angle          E_dih           
L8  E_14vdw          E_14el           E_const          E_pol           
L9  AV_permMoment    AV_indMoment     AV_totMoment     Density          dV/dlambda      
L0     1000  0.2000000000E+01  -.7522906066E+04  0.1763549782E+04
L1 0.2943476999E+03  0.2943476999E+03  -.9286455849E+10  0.1000000000E+01
L2 0.1000000000E+01  0.3522985886E+02  0.3522985886E+02  0.3522985886E+02
L3 0.3366234494E+05  -.1198401331E+04  -.7079127534E+03  -.6864485425E+03
L4 -.8642542089E+03  0.2882572405E+03  0.2868732359E+03  0.3017570666E+03
L5 0.8768875429E+03  0.5785948044E+03  0.4583797746E+03  0.4680634553E+03
L6 0.1505038034E+04  -.9286455849E+04  0.1363890674E+04  -.1071721600E+05
L7 0.0000000000E+00  0.2291891014E+01  0.6801507129E+01  0.1031062203E+02
L8 0.3299033023E+01  0.4255532490E+02  0.1611099528E+01  0.0000000000E+00
L9 0.0000000000E+00  0.0000000000E+00  0.0000000000E+00  0.8922883787E+00  0.0000000000E+00
L0     2000  0.4000000000E+01  -.7638521472E+04  0.1770397799E+04
L1 0.2954906776E+03  0.2954906776E+03  -.9408919272E+10  0.1000000000E+01
L2 0.1000000000E+01  0.3458516408E+02  0.3458516408E+02  0.3458516408E+02
L3 0.3184745616E+05  -.5059613702E+03  -.8749779569E+03  -.7139990697E+03
L4 -.6983127989E+03  0.2899753670E+03  0.2980237271E+03  0.2817102954E+03
L5 0.8697093895E+03  0.4059461765E+03  0.4985763936E+03  0.4453651808E+03
L6 0.1349887751E+04  -.9408919272E+04  0.1353444013E+04  -.1083727070E+05
L7 0.0000000000E+00  0.1841541483E+01  0.6431087583E+01  0.1327369761E+02
L8 0.4183152590E+01  0.4607120291E+02  0.3106735458E+01  0.0000000000E+00
L9 0.0000000000E+00  0.0000000000E+00  0.0000000000E+00  0.9431371546E+00  0.0000000000E+00
L0     3000  0.6000000000E+01  -.7765099482E+04  0.1791767906E+04
L1 0.2990574846E+03  0.2990574846E+03  -.9556867388E+10  0.1000000000E+01
L2 0.1000000000E+01  0.3415841375E+02  0.3415841375E+02  0.3415841375E+02
L3 0.3068175142E+05  -.1664480231E+03  -.4918527096E+02  -.4726892774E+03
L4 -.2294408572E+03  0.2924626283E+03  0.2992648171E+03  0.3020489552E+03
L5 0.8937764005E+03  0.3292175387E+03  0.3101258666E+03  0.4064277980E+03
L6 0.1045771203E+04  -.9556867388E+04  0.1405107191E+04  -.1103757198E+05
L7 0.0000000000E+00  0.5237187807E+01  0.6435938649E+01  0.1358988121E+02
L8 0.3549749399E+01  0.4498252861E+02  0.1802118570E+01  0.0000000000E+00
L9 0.0000000000E+00  0.0000000000E+00  0.0000000000E+00  0.9789701630E+00  0.0000000000E+00
L0     4000  0.8000000000E+01  -.7833384695E+04  0.1765427172E+04
L1 0.2946610481E+03  0.2946610481E+03  -.9598811867E+10  0.1000000000E+01
L2 0.1000000000E+01  0.3406620773E+02  0.3406620773E+02  0.3406620773E+02
L3 0.3043268611E+05  -.2516703782E+03  0.1379636437E+03  0.8307210950E+03
L4 0.2390047868E+03  0.3019565852E+03  0.2935115094E+03  0.2710852876E+03
L5 0.8665533822E+03  0.3570790931E+03  0.2632938012E+03  0.8913526850E+02
L6 0.7095081629E+03  -.9598811867E+04  0.1454584561E+04  -.1112430397E+05
L7 0.0000000000E+00  0.5125836918E+01  0.4933460248E+01  0.1121327665E+02
L8 0.2968657616E+01  0.4361097609E+02  0.3055335619E+01  0.0000000000E+00
L9 0.0000000000E+00  0.0000000000E+00  0.0000000000E+00  0.9869821900E+00  0.0000000000E+00
L0     5000  0.1000000000E+02  -.7793740728E+04  0.1829372803E+04
L1 0.3053339815E+03  0.3053339815E+03  -.9623113531E+10  0.1000000000E+01
L2 0.1000000000E+01  0.3405561860E+02  0.3405561860E+02  0.3405561860E+02
L3 0.3040548378E+05  -.5017009558E+03  0.1637189653E+03  -.2369001024E+03
L4 -.1916273643E+03  0.3108890442E+03  0.2825062052E+03  0.3168828578E+03
L5 0.9102781073E+03  0.4206766783E+03  0.2466794490E+03  0.3687239027E+03
L6 0.1036080030E+04  -.9623113531E+04  0.1411036872E+04  -.1111370322E+05
L7 0.0000000000E+00  0.4534161512E+01  0.8961701224E+01  0.1142158935E+02
L8 0.4637336079E+01  0.4589656132E+02  0.4101464612E+01  0.0000000000E+00
L9 0.0000000000E+00  0.0000000000E+00  0.0000000000E+00  0.9878651958E+00  0.0000000000E+00
L0     6000  0.1200000000E+02  -.7889784196E+04  0.1760283643E+04
L1 0.2938025603E+03  0.2938025603E+03  -.9650067839E+10  0.1000000000E+01
L2 0.1000000000E+01  0.3400912665E+02  0.3400912665E+02  0.3400912665E+02
L3 0.3028205088E+05  -.8984627684E+03  -.5203003917E+03  -.1820730747E+03
L4 -.5336120783E+03  0.2878484896E+03  0.3001794154E+03  0.2784585498E+03
L5 0.8664864549E+03  0.4836616829E+03  0.4135749670E+03  0.3181400051E+03
L6 0.1215376655E+04  -.9650067839E+04  0.1388685847E+04  -.1111520717E+05
L7 0.0000000000E+00  0.2645916442E+01  0.1348739836E+02  0.1161226161E+02
L8 0.3258763364E+01  0.4263009655E+02  0.2819051869E+01  0.0000000000E+00
L9 0.0000000000E+00  0.0000000000E+00  0.0000000000E+00  0.9918918407E+00  0.0000000000E+00
L0     7000  0.1400000000E+02  -.7729785895E+04  0.1789422297E+04
L1 0.2986659875E+03  0.2986659875E+03  -.9519208193E+10  0.1000000000E+01
L2 0.1000000000E+01  0.3406226849E+02  0.3406226849E+02  0.3406226849E+02
L3 0.3042210835E+05  0.7066760421E+03  0.3548858208E+02  -.1101443392E+01
L4 0.2470210602E+03  0.3025501561E+03  0.3048692099E+03  0.2930098677E+03
L5 0.9004292337E+03  0.1478231020E+03  0.2970989681E+03  0.2932510293E+03
L6 0.7381730994E+03  -.9519208193E+04  0.1435006404E+04  -.1103005591E+05
L7 0.0000000000E+00  0.4522778351E+01  0.8367890313E+01  0.1014231856E+02
L8 0.4138725366E+01  0.4507687318E+02  0.3592728999E+01  0.0000000000E+00
L9 0.0000000000E+00  0.0000000000E+00  0.0000000000E+00  0.9873253636E+00  0.0000000000E+00
L0     8000  0.1600000000E+02  -.7677719982E+04  0.1822134345E+04
L1 0.3041258368E+03  0.3041258368E+03  -.9499854327E+10  0.1000000000E+01
L2 0.1000000000E+01  0.3402229046E+02  0.3402229046E+02  0.3402229046E+02
L3 0.3031620342E+05  0.2834282984E+02  0.4298958251E+03  -.9224446231E+03
L4 -.1547353228E+03  0.3075321092E+03  0.2949684215E+03  0.2755660443E+03
L5 0.8780665749E+03  0.3013480363E+03  0.2011701965E+03  0.4768326378E+03
L6 0.9793508706E+03  -.9499854327E+04  0.1368429321E+04  -.1094424613E+05
L7 0.0000000000E+00  0.2363195479E+01  0.1353280060E+02  0.1076019817E+02
L8 0.3138934221E+01  0.4184763587E+02  0.4319716911E+01  0.0000000000E+00
L9 0.0000000000E+00  0.0000000000E+00  0.0000000000E+00  0.9907744309E+00  0.0000000000E+00
L0     9000  0.1800000000E+02  -.7761982999E+04  0.1782642338E+04
L1 0.2975343691E+03  0.2975343691E+03  -.9544625337E+10  0.1000000000E+01
L2 0.1000000000E+01  0.3412737263E+02  0.3412737263E+02  0.3412737263E+02
L3 0.3059679668E+05  0.9472124379E+02  0.3384055714E+03  0.4014693692E+03
L4 0.2781987281E+03  0.3128795410E+03  0.2850826662E+03  0.2806959058E+03
L5 0.8786581130E+03  0.2920211919E+03  0.2105631468E+03  0.1922892513E+03
L6 0.6948735900E+03  -.9544625337E+04  0.1477734114E+04  -.1109394162E+05
L7 0.0000000000E+00  0.1245361774E+01  0.9334070803E+01  0.1008695097E+02
L8 0.3017350306E+01  0.4536424687E+02  0.2534188549E+01  0.0000000000E+00
L9 0.0000000000E+00  0.0000000000E+00  0.0000000000E+00  0.9816883611E+00  0.0000000000E+00
L0    10000  0.2000000000E+02  -.7662574158E+04  0.1778578631E+04
L1 0.2968561105E+03  0.2968561105E+03  -.9441152789E+10  0.1000000000E+01
L2 0.1000000000E+01  0.3410791990E+02  0.3410791990E+02  0.3410791990E+02
L3 0.3054710381E+05  -.1257907048E+04  -.4595782306E+03  -.3085773444E+03
L4 -.6753542076E+03  0.2837863698E+03  0.3027633245E+03  0.3053617836E+03
L5 0.8919114779E+03  0.5603373304E+03  0.4038016336E+03  0.3732025363E+03
L6 0.1337341500E+04  -.9441152789E+04  0.1283767164E+04  -.1079856907E+05
L7 0.0000000000E+00  0.1809370279E+01  0.9411536713E+01  0.1212614216E+02
L8 0.3252299798E+01  0.4503434317E+02  0.2015427414E+01  0.0000000000E+00
L9 0.0000000000E+00  0.0000000000E+00  0.0000000000E+00  0.9832853344E+00  0.0000000000E+00
