L0  Nsteps           time(ps)         Etot             EKinetic        
L1  Temp             T_solute         T_solv           Pres_scal_solu  
L2  Pres_scal_solv   BoxX             BoxY             BoxZ            
L3  volume           pres_X           pres_Y           pres_Z          
L4  Pressure         EKCoM_x          EKCoM_y          EKCoM_z         
L5  EKComTot         VIRIAL_x         VIRIAL_y         VIRIAL_z        
L6  VIRIAL_tot       E_pot            E_vdw            E_el            
L7  E_hbon           E_bon            E_angle          E_dih           
L8  E_14vdw          E_14el           E_const          E_pol           
L9  AV_permMoment    AV_indMoment     AV_totMoment     Density          dV/dlambda      
L0     1000  0.2000000000E+01  -.7959902055E+04  0.1835068403E+04
L1 0.2965472413E+03  0.2965472413E+03  -.9794970458E+10  0.1000000000E+01
L2 0.1000000000E+01  0.3536673157E+02  0.3536673157E+02  0.3536673157E+02
L3 0.3405466811E+05  -.2781672168E+03  -.5528615346E+03  -.2298411001E+03
L4 -.3536232838E+03  0.3064460845E+03  0.3026953411E+03  0.2821070903E+03
L5 0.8912485159E+03  0.3746232871E+03  0.4381985584E+03  0.3384398365E+03
L6 0.1151261682E+04  -.9794970458E+04  0.1526708005E+04  -.1139527975E+05
L7 0.0000000000E+00  0.3112518819E+01  0.6762843304E+01  0.1107476636E+02
L8 0.2579412965E+01  0.4543182888E+02  0.4639916671E+01  0.0000000000E+00
L9 0.0000000000E+00  0.0000000000E+00  0.0000000000E+00  0.9109991200E+00  0.0000000000E+00
L0     2000  0.4000000000E+01  -.7886651502E+04  0.1845191566E+04
L1 0.2981831457E+03  0.2981831457E+03  -.9731843068E+10  0.1000000000E+01
L2 0.1000000000E+01  0.3491905534E+02  0.3491905534E+02  0.3491905534E+02
L3 0.3277776309E+05  0.5082696789E+03  -.9672926453E+03  -.6002611911E+03
L4 -.3530947192E+03  0.3059632451E+03  0.2895796334E+03  0.2928719577E+03
L5 0.8884148361E+03  0.1860602326E+03  0.5177681461E+03  0.4344761651E+03
L6 0.1138304544E+04  -.9731843068E+04  0.1425961892E+04  -.1123376003E+05
L7 0.0000000000E+00  0.1555831909E+01  0.8880757824E+01  0.1231752657E+02
L8 0.2132994895E+01  0.4659167498E+02  0.4476288268E+01  0.0000000000E+00
L9 0.0000000000E+00  0.0000000000E+00  0.0000000000E+00  0.9464884039E+00  0.0000000000E+00
L0     3000  0.6000000000E+01  -.7998510864E+04  0.1863383831E+04
L1 0.3011230175E+03  0.3011230175E+03  -.9861894696E+10  0.1000000000E+01
L2 0.1000000000E+01  0.3463903607E+02  0.3463903607E+02  0.3463903607E+02
L3 0.3199413005E+05  0.3610704800E+03  0.2558433206E+03  -.2093870095E+03
L4 0.1358422637E+03  0.3049004868E+03  0.3141039830E+03  0.3249537721E+03
L5 0.9439582420E+03  0.2217587928E+03  0.2551923626E+03  0.3731681559E+03
L6 0.8501193112E+03  -.9861894696E+04  0.1507634143E+04  -.1144792150E+05
L7 0.0000000000E+00  0.2166233229E+01  0.8610440458E+01  0.1214118405E+02
L8 0.3167412970E+01  0.4888374807E+02  0.3423646371E+01  0.0000000000E+00
L9 0.0000000000E+00  0.0000000000E+00  0.0000000000E+00  0.9696707685E+00  0.0000000000E+00
L0     4000  0.8000000000E+01  -.8059237144E+04  0.1840479549E+04
L1 0.2974216832E+03  0.2974216832E+03  -.9899716693E+10  0.1000000000E+01
L2 0.1000000000E+01  0.3450068971E+02  0.3450068971E+02  0.3450068971E+02
L3 0.3161230293E+05  0.6174619646E+03  0.1813740263E+03  -.3829004390E+03
L4 0.1386451840E+03  0.3152138710E+03  0.2816618854E+03  0.3180373468E+03
L5 0.9149131032E+03  0.1747311452E+03  0.2403963192E+03  0.4051534778E+03
L6 0.8202809421E+03  -.9899716693E+04  0.1508593357E+04  -.1148334014E+05
L7 0.0000000000E+00  0.3234742827E+01  0.8175264947E+01  0.1090049995E+02
L8 0.2954379826E+01  0.4780982477E+02  0.1955378482E+01  0.0000000000E+00
L9 0.0000000000E+00  0.0000000000E+00  0.0000000000E+00  0.9813828732E+00  0.0000000000E+00
L0     5000  0.1000000000E+02  -.8099459907E+04  0.1792923513E+04
L1 0.2897366229E+03  0.2897366229E+03  -.9892383421E+10  0.1000000000E+01
L2 0.1000000000E+01  0.3446310588E+02  0.3446310588E+02  0.3446310588E+02
L3 0.3150924868E+05  0.4650123523E+03  -.5510710940E+03  0.3469829322E+03
L4 0.8697473018E+02  0.2788558864E+03  0.2970494276E+03  0.2859383622E+03
L5 0.8618436762E+03  0.1734028433E+03  0.4220184173E+03  0.2072514070E+03
L6 0.8026726676E+03  -.9892383421E+04  0.1498674785E+04  -.1147021235E+05
L7 0.0000000000E+00  0.3460306984E+01  0.9506450785E+01  0.1245014003E+02
L8 0.2804278817E+01  0.4799288556E+02  0.2940082900E+01  0.0000000000E+00
L9 0.0000000000E+00  0.0000000000E+00  0.0000000000E+00  0.9845925871E+00  0.0000000000E+00
L0     6000  0.1200000000E+02  -.7978477143E+04  0.1853755822E+04
L1 0.2995671302E+03  0.2995671302E+03  -.9832232965E+10  0.1000000000E+01
L2 0.1000000000E+01  0.3453292063E+02  0.3453292063E+02  0.3453292063E+02
L3 0.3170062151E+05  0.1611957158E+03  0.5325218043E+03  0.1061731980E+03
L4 0.2666302394E+03  0.3028107317E+03  0.3177565985E+03  0.2893825876E+03
L5 0.9099499178E+03  0.2660336003E+03  0.1962606623E+03  0.2651589559E+03
L6 0.7274532184E+03  -.9832232965E+04  0.1511894254E+04  -.1142891901E+05
L7 0.0000000000E+00  0.1823197724E+01  0.1055385525E+02  0.1617075910E+02
L8 0.3107691892E+01  0.4769440560E+02  0.5441878103E+01  0.0000000000E+00
L9 0.0000000000E+00  0.0000000000E+00  0.0000000000E+00  0.9786487203E+00  0.0000000000E+00
L0     7000  0.1400000000E+02  -.8101443559E+04  0.1875150009E+04
L1 0.3030244330E+03  0.3030244330E+03  -.9976593568E+10  0.1000000000E+01
L2 0.1000000000E+01  0.3447721127E+02  0.3447721127E+02  0.3447721127E+02
L3 0.3154879362E+05  -.1931650903E+03  -.5232036418E+03  0.8193326091E+02
L4 -.2114784904E+03  0.2909454700E+03  0.3269064629E+03  0.3032489296E+03
L5 0.9211008625E+03  0.3348054045E+03  0.4457047272E+03  0.2846452189E+03
L6 0.1065155351E+04  -.9976593568E+04  0.1485256147E+04  -.1153688673E+05
L7 0.0000000000E+00  0.1692489949E+01  0.8066176036E+01  0.1231164723E+02
L8 0.2378939602E+01  0.4847910878E+02  0.2108654968E+01  0.0000000000E+00
L9 0.0000000000E+00  0.0000000000E+00  0.0000000000E+00  0.9833584461E+00  0.0000000000E+00
L0     8000  0.1600000000E+02  -.7972096267E+04  0.1865154386E+04
L1 0.3014091394E+03  0.3014091394E+03  -.9837250653E+10  0.1000000000E+01
L2 0.1000000000E+01  0.3452657576E+02  0.3452657576E+02  0.3452657576E+02
L3 0.3168397260E+05  0.3049899569E+03  0.1720620318E+03  -.5490093352E+03
L4 -.2398578217E+02  0.3297834146E+03  0.3115867431E+03  0.2977814480E+03
L5 0.9391516057E+03  0.2602358787E+03  0.2723510566E+03  0.4229732637E+03
L6 0.9555601989E+03  -.9837250653E+04  0.1462249508E+04  -.1137429118E+05
L7 0.0000000000E+00  0.3576490198E+01  0.5555720433E+01  0.1090702619E+02
L8 0.3001083788E+01  0.4863707049E+02  0.3113631587E+01  0.0000000000E+00
L9 0.0000000000E+00  0.0000000000E+00  0.0000000000E+00  0.9791629689E+00  0.0000000000E+00
L0     9000  0.1800000000E+02  -.8058223140E+04  0.1850551761E+04
L1 0.2990493537E+03  0.2990493537E+03  -.9908774902E+10  0.1000000000E+01
L2 0.1000000000E+01  0.3442122685E+02  0.3442122685E+02  0.3442122685E+02
L3 0.3139403559E+05  0.2055216591E+03  0.6072242661E+03  -.3334729879E+02
L4 0.2597995421E+03  0.3082136618E+03  0.3180121740E+03  0.2793477296E+03
L5 0.9055735653E+03  0.2617769645E+03  0.1808125740E+03  0.2868824022E+03
L6 0.7294719407E+03  -.9908774902E+04  0.1511754882E+04  -.1149442744E+05
L7 0.0000000000E+00  0.1613775737E+01  0.7758419052E+01  0.1070300674E+02
L8 0.2378140211E+01  0.4715986309E+02  0.4284451236E+01  0.0000000000E+00
L9 0.0000000000E+00  0.0000000000E+00  0.0000000000E+00  0.9882059470E+00  0.0000000000E+00
L0    10000  0.2000000000E+02  -.8111285890E+04  0.1836181263E+04
L1 0.2967270797E+03  0.2967270797E+03  -.9947467153E+10  0.1000000000E+01
L2 0.1000000000E+01  0.3442222179E+02  0.3442222179E+02  0.3442222179E+02
L3 0.3139729878E+05  0.5132411690E+03  -.2494128699E+03  -.6369939037E+02
L4 0.6670963624E+02  0.2924399496E+03  0.3323209760E+03  0.2941626698E+03
L5 0.9189235954E+03  0.1764633553E+03  0.3886805531E+03  0.3085567574E+03
L6 0.8737006658E+03  -.9947467153E+04  0.1494413184E+04  -.1151953844E+05
L7 0.0000000000E+00  0.2452083906E+01  0.1336361039E+02  0.1093763384E+02
L8 0.3207578431E+01  0.4288384081E+02  0.4813353130E+01  0.0000000000E+00
L9 0.0000000000E+00  0.0000000000E+00  0.0000000000E+00  0.9881032408E+00  0.0000000000E+00
