L0  Nsteps           time(ps)         Etot             EKinetic        
L1  Temp             T_solute         T_solv           Pres_scal_solu  
L2  Pres_scal_solv   BoxX             BoxY             BoxZ            
L3  volume           pres_X           pres_Y           pres_Z          
L4  Pressure         EKCoM_x          EKCoM_y          EKCoM_z         
L5  EKComTot         VIRIAL_x         VIRIAL_y         VIRIAL_z        
L6  VIRIAL_tot       E_pot            E_vdw            E_el            
L7  E_hbon           E_bon            E_angle          E_dih           
L8  E_14vdw          E_14el           E_const          E_pol           
L9  AV_permMoment    AV_indMoment     AV_totMoment     Density          dV/dlambda      
L0     1000  0.2000000000E+01  -.7583673248E+04  0.1774739314E+04
L1 0.2976963806E+03  0.2976963806E+03  -.9358412562E+10  0.1000000000E+01
L2 0.1000000000E+01  0.3506571849E+02  0.3506571849E+02  0.3506571849E+02
L3 0.3319443165E+05  -.1209500471E+04  -.1184717369E+04  -.6132402113E+03
L4 -.1002486017E+04  0.2805845501E+03  0.2928009737E+03  0.3161056705E+03
L5 0.8894911943E+03  0.5695379835E+03  0.5758336466E+03  0.4626106688E+03
L6 0.1607982299E+04  -.9358412562E+04  0.1337590361E+04  -.1077318680E+05
L7 0.0000000000E+00  0.1600674772E+01  0.9155346038E+01  0.1094916229E+02
L8 0.3281800024E+01  0.4830557252E+02  0.3891318369E+01  0.0000000000E+00
L9 0.0000000000E+00  0.0000000000E+00  0.0000000000E+00  0.9003599049E+00  0.0000000000E+00
L0     2000  0.4000000000E+01  -.7693365857E+04  0.1763186425E+04
L1 0.2957584884E+03  0.2957584884E+03  -.9456552281E+10  0.1000000000E+01
L2 0.1000000000E+01  0.3452197315E+02  0.3452197315E+02  0.3452197315E+02
L3 0.3167380818E+05  -.1212505423E+04  -.1063294789E+04  -.4559428391E+03
L4 -.9105810171E+03  0.2861471983E+03  0.2896687192E+03  0.2984511258E+03
L5 0.8742670434E+03  0.5625487978E+03  0.5320564026E+03  0.4023874279E+03
L6 0.1496992628E+04  -.9456552281E+04  0.1336885006E+04  -.1087079669E+05
L7 0.0000000000E+00  0.4787374870E+01  0.7549322578E+01  0.1058991811E+02
L8 0.3083444945E+01  0.4747711964E+02  0.3872224525E+01  0.0000000000E+00
L9 0.0000000000E+00  0.0000000000E+00  0.0000000000E+00  0.9435851590E+00  0.0000000000E+00
L0     3000  0.6000000000E+01  -.7636999133E+04  0.1809677612E+04
L1 0.3035569623E+03  0.3035569623E+03  -.9446676745E+10  0.1000000000E+01
L2 0.1000000000E+01  0.3430117497E+02  0.3430117497E+02  0.3430117497E+02
L3 0.3106893197E+05  -.6733317843E+03  -.8664707938E+03  -.9877484626E+02
L4 -.5461924748E+03  0.3011470925E+03  0.2948230612E+03  0.2827089064E+03
L5 0.8786790601E+03  0.4517079293E+03  0.4885708848E+03  0.3047955268E+03
L6 0.1245074341E+04  -.9446676745E+04  0.1362741281E+04  -.1088822328E+05
L7 0.0000000000E+00  0.3279657749E+01  0.1084381758E+02  0.1141128653E+02
L8 0.2587233768E+01  0.4725816835E+02  0.3425092706E+01  0.0000000000E+00
L9 0.0000000000E+00  0.0000000000E+00  0.0000000000E+00  0.9619556716E+00  0.0000000000E+00
L0     4000  0.8000000000E+01  -.7673706677E+04  0.1758321837E+04
L1 0.2949424981E+03  0.2949424981E+03  -.9432028514E+10  0.1000000000E+01
L2 0.1000000000E+01  0.3419536986E+02  0.3419536986E+02  0.3419536986E+02
L3 0.3078184893E+05  -.1534682563E+03  -.8968155550E+03  -.8123341219E+02
L4 -.3771724078E+03  0.2974631990E+03  0.3015336600E+03  0.2773256720E+03
L5 0.8763225311E+03  0.3314624885E+03  0.5002137806E+03  0.2953220862E+03
L6 0.1126998355E+04  -.9432028514E+04  0.1349563012E+04  -.1085303226E+05
L7 0.0000000000E+00  0.4060656424E+01  0.5536300177E+01  0.9619734085E+01
L8 0.2519593632E+01  0.4594683687E+02  0.3757610185E+01  0.0000000000E+00
L9 0.0000000000E+00  0.0000000000E+00  0.0000000000E+00  0.9709272304E+00  0.0000000000E+00
L0     5000  0.1000000000E+02  -.7813879257E+04  0.1761045519E+04
L1 0.2953993710E+03  0.2953993710E+03  -.9574924776E+10  0.1000000000E+01
L2 0.1000000000E+01  0.3403256129E+02  0.3403256129E+02  0.3403256129E+02
L3 0.3034325949E+05  -.1107109459E+03  0.4012685637E+03  -.3022391228E+03
L4 -.3893835015E+01  0.2963438839E+03  0.3138641899E+03  0.2754040743E+03
L5 0.8856121481E+03  0.3205212715E+03  0.2262339605E+03  0.3414079581E+03
L6 0.8881631901E+03  -.9574924776E+04  0.1429032477E+04  -.1107434013E+05
L7 0.0000000000E+00  0.3284762472E+01  0.8766080502E+01  0.1061913388E+02
L8 0.2586452985E+01  0.4425184605E+02  0.8745999585E+00  0.0000000000E+00
L9 0.0000000000E+00  0.0000000000E+00  0.0000000000E+00  0.9849612673E+00  0.0000000000E+00
L0     6000  0.1200000000E+02  -.7778734103E+04  0.1779329983E+04
L1 0.2984664234E+03  0.2984664234E+03  -.9558064085E+10  0.1000000000E+01
L2 0.1000000000E+01  0.3405229600E+02  0.3405229600E+02  0.3405229600E+02
L3 0.3039477231E+05  0.4984686532E+03  0.8218273590E+03  0.1107954016E+03
L4 0.4770304713E+03  0.2780707311E+03  0.3032230534E+03  0.2746624304E+03
L5 0.8559562148E+03  0.1690288520E+03  0.1234452501E+03  0.2504255226E+03
L6 0.5428996246E+03  -.9558064085E+04  0.1493056127E+04  -.1112238596E+05
L7 0.0000000000E+00  0.1118474396E+01  0.7378436301E+01  0.1178686648E+02
L8 0.3137571483E+01  0.4613551368E+02  0.1708885513E+01  0.0000000000E+00
L9 0.0000000000E+00  0.0000000000E+00  0.0000000000E+00  0.9832919627E+00  0.0000000000E+00
L0     7000  0.1400000000E+02  -.7705068638E+04  0.1754195606E+04
L1 0.2942503604E+03  0.2942503604E+03  -.9459264244E+10  0.1000000000E+01
L2 0.1000000000E+01  0.3404710672E+02  0.3404710672E+02  0.3404710672E+02
L3 0.3038241740E+05  0.4214026834E+03  -.8636742520E+01  -.6850190905E+03
L4 -.9075104986E+02  0.2875110066E+03  0.2913332244E+03  0.2698597530E+03
L5 0.8487039840E+03  0.1953650670E+03  0.2932217761E+03  0.4196493253E+03
L6 0.9082361685E+03  -.9459264244E+04  0.1391837186E+04  -.1092445608E+05
L7 0.0000000000E+00  0.1104753718E+01  0.6159787749E+01  0.1188554886E+02
L8 0.3341081695E+01  0.4802786507E+02  0.2835612300E+01  0.0000000000E+00
L9 0.0000000000E+00  0.0000000000E+00  0.0000000000E+00  0.9836918154E+00  0.0000000000E+00
L0     8000  0.1600000000E+02  -.7694774944E+04  0.1782725249E+04
L1 0.2990359486E+03  0.2990359486E+03  -.9477500194E+10  0.1000000000E+01
L2 0.1000000000E+01  0.3394463176E+02  0.3394463176E+02  0.3394463176E+02
L3 0.3010826997E+05  -.2506191087E+03  0.3915602695E+03  0.2987430350E+03
L4 0.1465613986E+03  0.3172985732E+03  0.2867944148E+03  0.3081569990E+03
L5 0.9122499871E+03  0.3716056670E+03  0.2019465339E+03  0.2434218473E+03
L6 0.8169740482E+03  -.9477500194E+04  0.1397877561E+04  -.1094481452E+05
L7 0.0000000000E+00  0.2782219341E+01  0.7288154655E+01  0.1350987173E+02
L8 0.2425253912E+01  0.4084313672E+02  0.2588126584E+01  0.0000000000E+00
L9 0.0000000000E+00  0.0000000000E+00  0.0000000000E+00  0.9926487092E+00  0.0000000000E+00
L0     9000  0.1800000000E+02  -.7780008715E+04  0.1781714482E+04
L1 0.2988664015E+03  0.2988664015E+03  -.9561723197E+10  0.1000000000E+01
L2 0.1000000000E+01  0.3406204311E+02  0.3406204311E+02  0.3406204311E+02
L3 0.3042235067E+05  -.1797880246E+03  0.2724011458E+03  -.2870526760E+03
L4 -.6481318497E+02  0.2782212787E+03  0.2930674921E+03  0.3086888605E+03
L5 0.8799776312E+03  0.3175862653E+03  0.2334246572E+03  0.3715396805E+03
L6 0.9225506029E+03  -.9561723197E+04  0.1427569364E+04  -.1106877361E+05
L7 0.0000000000E+00  0.2463849278E+01  0.1221935394E+02  0.1320463234E+02
L8 0.3359378447E+01  0.4597939897E+02  0.2254438484E+01  0.0000000000E+00
L9 0.0000000000E+00  0.0000000000E+00  0.0000000000E+00  0.9824005927E+00  0.0000000000E+00
L0    10000  0.2000000000E+02  -.7639636574E+04  0.1802875442E+04
L1 0.3024159601E+03  0.3024159601E+03  -.9442512016E+10  0.1000000000E+01
L2 0.1000000000E+01  0.3409608756E+02  0.3409608756E+02  0.3409608756E+02
L3 0.3051276169E+05  0.6132754075E+03  0.3886835364E+03  -.2042938995E+03
L4 0.2658883481E+03  0.2999684941E+03  0.2951080221E+03  0.3043973482E+03
L5 0.8994738644E+03  0.1652914280E+03  0.2097519852E+03  0.3492608836E+03
L6 0.7243042968E+03  -.9442512016E+04  0.1411470473E+04  -.1093120915E+05
L7 0.0000000000E+00  0.4604511002E+01  0.7370470929E+01  0.1370741522E+02
L8 0.3602830601E+01  0.4604903088E+02  0.1892406843E+01  0.0000000000E+00
L9 0.0000000000E+00  0.0000000000E+00  0.0000000000E+00  0.9794896847E+00  0.0000000000E+00
