L0  Nsteps           time(ps)         Etot             EKinetic        
L1  Temp             T_solute         T_solv           Pres_scal_solu  
L2  Pres_scal_solv   BoxX             BoxY             BoxZ            
L3  volume           pres_X           pres_Y           pres_Z          
L4  Pressure         EKCoM_x          EKCoM_y          EKCoM_z         
L5  EKComTot         VIRIAL_x         VIRIAL_y         VIRIAL_z        
L6  VIRIAL_tot       E_pot            E_vdw            E_el            
L7  E_hbon           E_bon            E_angle          E_dih           
L8  E_14vdw          E_14el           E_const          E_pol           
L9  AV_permMoment    AV_indMoment     AV_totMoment     Density          dV/dlambda      
L0     1000  0.2000000000E+01  -.6940289902E+04  0.1593391757E+04
L1 0.2917870929E+03  0.2917870929E+03  -.8533681659E+10  0.1000000000E+01
L2 0.1000000000E+01  0.3394302609E+02  0.3394302609E+02  0.3394302609E+02
L3 0.3010530220E+05  0.1205637791E+03  -.5538610117E+03  -.5845037038E+03
L4 -.3392669788E+03  0.2641625252E+03  0.2680801486E+03  0.2461000453E+03
L5 0.7783427190E+03  0.2380399238E+03  0.3880854316E+03  0.3727446925E+03
L6 0.9988700479E+03  -.8533681659E+04  0.1290632663E+04  -.9902219694E+04
L7 0.0000000000E+00  0.4695089197E+01  0.1651543837E+02  0.1258920952E+02
L8 0.2162065991E+01  0.3888656952E+02  0.3056999532E+01  0.0000000000E+00
L9 0.0000000000E+00  0.0000000000E+00  0.0000000000E+00  0.9092726013E+00  0.0000000000E+00
L0     2000  0.4000000000E+01  -.6941516418E+04  0.1631995998E+04
L1 0.2988564272E+03  0.2988564272E+03  -.8573512415E+10  0.1000000000E+01
L2 0.1000000000E+01  0.3348279791E+02  0.3348279791E+02  0.3348279791E+02
L3 0.2889693921E+05  0.2157824996E+03  -.4736572961E+03  -.3961212579E+03
L4 -.2179986848E+03  0.2636031666E+03  0.2718341903E+03  0.2855908473E+03
L5 0.8210282042E+03  0.2187260812E+03  0.3703424520E+03  0.3679736521E+03
L6 0.9570421853E+03  -.8573512415E+04  0.1277104951E+04  -.9918900406E+04
L7 0.0000000000E+00  0.2914683446E+01  0.7377900379E+01  0.1222573348E+02
L8 0.2761139778E+01  0.4073982811E+02  0.2263754751E+01  0.0000000000E+00
L9 0.0000000000E+00  0.0000000000E+00  0.0000000000E+00  0.9472950144E+00  0.0000000000E+00
L0     3000  0.6000000000E+01  -.6998979916E+04  0.1625132507E+04
L1 0.2975995624E+03  0.2975995624E+03  -.8624112424E+10  0.1000000000E+01
L2 0.1000000000E+01  0.3322743938E+02  0.3322743938E+02  0.3322743938E+02
L3 0.2823963319E+05  0.4710119532E+02  0.5744841969E+02  0.6502170270E+03
L4 0.2515888807E+03  0.2715549981E+03  0.2767187858E+03  0.2605892758E+03
L5 0.8088630598E+03  0.2619820091E+03  0.2650427957E+03  0.1284372061E+03
L6 0.6554620110E+03  -.8624112424E+04  0.1328818293E+04  -.1003327770E+05
L7 0.0000000000E+00  0.4313048451E+01  0.1711523571E+02  0.1075906524E+02
L8 0.2446880139E+01  0.4231176905E+02  0.3400986200E+01  0.0000000000E+00
L9 0.0000000000E+00  0.0000000000E+00  0.0000000000E+00  0.9693442639E+00  0.0000000000E+00
L0     4000  0.8000000000E+01  -.6999925380E+04  0.1632030328E+04
L1 0.2988627139E+03  0.2988627139E+03  -.8631955708E+10  0.1000000000E+01
L2 0.1000000000E+01  0.3305336534E+02  0.3305336534E+02  0.3305336534E+02
L3 0.2779923342E+05  0.7116607592E+02  -.3945869932E+03  -.2646821971E+03
L4 -.1960343715E+03  0.2715817734E+03  0.2795510064E+03  0.2734992843E+03
L5 0.8246320641E+03  0.2573433331E+03  0.3584973764E+03  0.3264551572E+03
L6 0.9422958667E+03  -.8631955708E+04  0.1238124948E+04  -.9942404946E+04
L7 0.0000000000E+00  0.3228421796E+01  0.1193420572E+02  0.9126711456E+01
L8 0.2874545108E+01  0.4252100851E+02  0.2639397515E+01  0.0000000000E+00
L9 0.0000000000E+00  0.0000000000E+00  0.0000000000E+00  0.9847007661E+00  0.0000000000E+00
L0     5000  0.1000000000E+02  -.7054460498E+04  0.1618382176E+04
L1 0.2963634198E+03  0.2963634198E+03  -.8672842674E+10  0.1000000000E+01
L2 0.1000000000E+01  0.3302391934E+02  0.3302391934E+02  0.3302391934E+02
L3 0.2772383751E+05  0.3052928791E+03  0.5109022593E+03  0.1043359087E+02
L4 0.2755429098E+03  0.2588349986E+03  0.2728034311E+03  0.2835682094E+03
L5 0.8152066391E+03  0.1979196689E+03  0.1708626990E+03  0.2814863867E+03
L6 0.6502687546E+03  -.8672842674E+04  0.1316912415E+04  -.1006750506E+05
L7 0.0000000000E+00  0.5167369662E+01  0.1100954194E+02  0.1074671329E+02
L8 0.4351804723E+01  0.4284144149E+02  0.3633102654E+01  0.0000000000E+00
L9 0.0000000000E+00  0.0000000000E+00  0.0000000000E+00  0.9873786928E+00  0.0000000000E+00
L0     6000  0.1200000000E+02  -.7046693513E+04  0.1660700277E+04
L1 0.3041128484E+03  0.3041128484E+03  -.8707393790E+10  0.1000000000E+01
L2 0.1000000000E+01  0.3308299370E+02  0.3308299370E+02  0.3308299370E+02
L3 0.2787306155E+05  0.4474595912E+03  -.1488442511E+02  0.1797617119E+03
L4 0.2041122926E+03  0.2670149472E+03  0.2637334304E+03  0.2809594940E+03
L5 0.8117078716E+03  0.1772524191E+03  0.2667193171E+03  0.2448984373E+03
L6 0.6888701736E+03  -.8707393790E+04  0.1327414797E+04  -.1010411365E+05
L7 0.0000000000E+00  0.2882937246E+01  0.1032546582E+02  0.8317584517E+01
L8 0.2192401384E+01  0.4239510500E+02  0.3191566987E+01  0.0000000000E+00
L9 0.0000000000E+00  0.0000000000E+00  0.0000000000E+00  0.9820925626E+00  0.0000000000E+00
L0     7000  0.1400000000E+02  -.7106159820E+04  0.1587691946E+04
L1 0.2907433248E+03  0.2907433248E+03  -.8693851766E+10  0.1000000000E+01
L2 0.1000000000E+01  0.3304933559E+02  0.3304933559E+02  0.3304933559E+02
L3 0.2778980956E+05  -.2815303413E+03  -.1035446434E+04  -.1696451949E+03
L4 -.4955406569E+03  0.2626616112E+03  0.2439944451E+03  0.2756781531E+03
L5 0.7823342094E+03  0.3189692554E+03  0.4510895280E+03  0.3096081417E+03
L6 0.1079666925E+04  -.8693851766E+04  0.1231765507E+04  -.9996328990E+04
L7 0.0000000000E+00  0.1307738805E+01  0.6020597893E+01  0.1083958192E+02
L8 0.3189664611E+01  0.4668620296E+02  0.2667929827E+01  0.0000000000E+00
L9 0.0000000000E+00  0.0000000000E+00  0.0000000000E+00  0.9850346899E+00  0.0000000000E+00
L0     8000  0.1600000000E+02  -.7088993830E+04  0.1623946812E+04
L1 0.2973824340E+03  0.2973824340E+03  -.8712940641E+10  0.1000000000E+01
L2 0.1000000000E+01  0.3296377141E+02  0.3296377141E+02  0.3296377141E+02
L3 0.2757385898E+05  0.6563280409E+03  -.1111036778E+04  -.2185955666E+03
L4 -.2244347681E+03  0.2682373304E+03  0.2589028419E+03  0.2587168348E+03
L5 0.7858570071E+03  0.1379881228E+03  0.4793896273E+03  0.3020974274E+03
L6 0.9194751775E+03  -.8712940641E+04  0.1263191213E+04  -.1005590828E+05
L7 0.0000000000E+00  0.3667625165E+01  0.1277966363E+02  0.1018438760E+02
L8 0.2900628873E+01  0.4502033663E+02  0.5223780349E+01  0.0000000000E+00
L9 0.0000000000E+00  0.0000000000E+00  0.0000000000E+00  0.9927491999E+00  0.0000000000E+00
L0     9000  0.1800000000E+02  -.7097598239E+04  0.1587888194E+04
L1 0.2907792624E+03  0.2907792624E+03  -.8685486433E+10  0.1000000000E+01
L2 0.1000000000E+01  0.3297162933E+02  0.3297162933E+02  0.3297162933E+02
L3 0.2759283483E+05  0.3152464980E+03  0.2825851111E+03  -.3593645395E+03
L4 0.7948902322E+02  0.2650369455E+03  0.2656645711E+03  0.2741307588E+03
L5 0.8048322754E+03  0.2024327884E+03  0.2095465721E+03  0.3454962275E+03
L6 0.7574755880E+03  -.8685486433E+04  0.1288259252E+04  -.1005359017E+05
L7 0.0000000000E+00  0.3807318403E+01  0.1097150078E+02  0.1145903279E+02
L8 0.3936591190E+01  0.4558886892E+02  0.4081173919E+01  0.0000000000E+00
L9 0.0000000000E+00  0.0000000000E+00  0.0000000000E+00  0.9920664772E+00  0.0000000000E+00
L0    10000  0.2000000000E+02  -.7082298784E+04  0.1620962118E+04
L1 0.2968358672E+03  0.2968358672E+03  -.8703260902E+10  0.1000000000E+01
L2 0.1000000000E+01  0.3303093742E+02  0.3303093742E+02  0.3303093742E+02
L3 0.2774322776E+05  -.1836671349E+03  -.5525259733E+03  -.5117808612E+03
L4 -.4159913231E+03  0.2569486236E+03  0.2595208376E+03  0.2627407926E+03
L5 0.7792102537E+03  0.2936215037E+03  0.3698438891E+03  0.3649282534E+03
L6 0.1028393646E+04  -.8703260902E+04  0.1237544817E+04  -.1001577338E+05
L7 0.0000000000E+00  0.6246753654E+01  0.6424110829E+01  0.1275899521E+02
L8 0.2274922641E+01  0.4565737714E+02  0.1605497366E+01  0.0000000000E+00
L9 0.0000000000E+00  0.0000000000E+00  0.0000000000E+00  0.9866885957E+00  0.0000000000E+00
