L0  Nsteps           time(ps)         Etot             EKinetic        
L1  Temp             T_solute         T_solv           Pres_scal_solu  
L2  Pres_scal_solv   BoxX             BoxY             BoxZ            
L3  volume           pres_X           pres_Y           pres_Z          
L4  Pressure         EKCoM_x          EKCoM_y          EKCoM_z         
L5  EKComTot         VIRIAL_x         VIRIAL_y         VIRIAL_z        
L6  VIRIAL_tot       E_pot            E_vdw            E_el            
L7  E_hbon           E_bon            E_angle          E_dih           
L8  E_14vdw          E_14el           E_const          E_pol           
L9  AV_permMoment    AV_indMoment     AV_totMoment     Density          dV/dlambda      
L0     1000  0.2000000000E+01  -.7054219971E+04  0.1629688020E+04
L1 0.2961704714E+03  0.2961704714E+03  -.8683907992E+10  0.1000000000E+01
L2 0.1000000000E+01  0.3412719328E+02  0.3412719328E+02  0.3412719328E+02
L3 0.3059893726E+05  -.4241660073E+03  -.1135082755E+04  -.4891944322E+03
L4 -.6828143983E+03  0.2870727712E+03  0.2591267728E+03  0.2763989563E+03
L5 0.8225985003E+03  0.3804839353E+03  0.5090982455E+03  0.3841308834E+03
L6 0.1273713064E+04  -.8683907992E+04  0.1313732385E+04  -.1007175316E+05
L7 0.0000000000E+00  0.4642000316E+01  0.6252656567E+01  0.1164527293E+02
L8 0.2765864302E+01  0.4454371806E+02  0.4263276079E+01  0.0000000000E+00
L9 0.0000000000E+00  0.0000000000E+00  0.0000000000E+00  0.9014477730E+00  0.0000000000E+00
L0     2000  0.4000000000E+01  -.7155461114E+04  0.1581117492E+04
L1 0.2873435326E+03  0.2873435326E+03  -.8736578606E+10  0.1000000000E+01
L2 0.1000000000E+01  0.3351594313E+02  0.3351594313E+02  0.3351594313E+02
L3 0.2898336877E+05  -.1129499201E+03  -.7370107698E+03  -.4164708420E+03
L4 -.4221438440E+03  0.2695063337E+03  0.2439696912E+03  0.2516909642E+03
L5 0.7651669891E+03  0.2930672063E+03  0.3977070008E+03  0.3385650093E+03
L6 0.1029339216E+04  -.8736578606E+04  0.1316142737E+04  -.1012845648E+05
L7 0.0000000000E+00  0.5541361284E+01  0.4460862631E+01  0.1349180019E+02
L8 0.3740971699E+01  0.4695178308E+02  0.1548362607E+01  0.0000000000E+00
L9 0.0000000000E+00  0.0000000000E+00  0.0000000000E+00  0.9516955766E+00  0.0000000000E+00
L0     3000  0.6000000000E+01  -.7107949374E+04  0.1681654755E+04
L1 0.3056146179E+03  0.3056146179E+03  -.8789604130E+10  0.1000000000E+01
L2 0.1000000000E+01  0.3326924104E+02  0.3326924104E+02  0.3326924104E+02
L3 0.2834669530E+05  -.2801266556E+03  0.8641803640E+03  -.2417829588E+03
L4 0.1140902499E+03  0.2776382971E+03  0.3007599049E+03  0.2622457828E+03
L5 0.8406439847E+03  0.3347879308E+03  0.1244553999E+03  0.3115727828E+03
L6 0.7708161136E+03  -.8789604130E+04  0.1344599827E+04  -.1021097675E+05
L7 0.0000000000E+00  0.2271898225E+01  0.7569943759E+01  0.1168199341E+02
L8 0.4139192986E+01  0.4919372208E+02  0.1916047353E+01  0.0000000000E+00
L9 0.0000000000E+00  0.0000000000E+00  0.0000000000E+00  0.9730708840E+00  0.0000000000E+00
L0     4000  0.8000000000E+01  -.7165283362E+04  0.1611717977E+04
L1 0.2929046953E+03  0.2929046953E+03  -.8777001339E+10  0.1000000000E+01
L2 0.1000000000E+01  0.3317680276E+02  0.3317680276E+02  0.3317680276E+02
L3 0.2811151915E+05  0.3218059658E+03  -.6956877029E+02  -.4496049574E+03
L4 -.6578925397E+02  0.2500909141E+03  0.2736937040E+03  0.2741272359E+03
L5 0.7979118540E+03  0.1849828194E+03  0.2877689250E+03  0.3650917464E+03
L6 0.8378434908E+03  -.8777001339E+04  0.1303138408E+04  -.1016109666E+05
L7 0.0000000000E+00  0.1575740388E+01  0.8546139997E+01  0.1175158280E+02
L8 0.4907534256E+01  0.4919279318E+02  0.4983125881E+01  0.0000000000E+00
L9 0.0000000000E+00  0.0000000000E+00  0.0000000000E+00  0.9812114282E+00  0.0000000000E+00
L0     5000  0.1000000000E+02  -.7158531262E+04  0.1584137789E+04
L1 0.2878924247E+03  0.2878924247E+03  -.8742669050E+10  0.1000000000E+01
L2 0.1000000000E+01  0.3307424879E+02  0.3307424879E+02  0.3307424879E+02
L3 0.2785304101E+05  -.4702274805E+03  -.8324403653E+03  -.5928519181E+03
L4 -.6318399213E+03  0.2391952272E+03  0.2600351534E+03  0.2800731682E+03
L5 0.7793035488E+03  0.3334573475E+03  0.4269067149E+03  0.3989166667E+03
L6 0.1159280729E+04  -.8742669050E+04  0.1215261985E+04  -.1003971938E+05
L7 0.0000000000E+00  0.2970843200E+01  0.8540943967E+01  0.1446973099E+02
L8 0.3890931591E+01  0.4871245189E+02  0.3203444800E+01  0.0000000000E+00
L9 0.0000000000E+00  0.0000000000E+00  0.0000000000E+00  0.9903171379E+00  0.0000000000E+00
L0     6000  0.1200000000E+02  -.7086225250E+04  0.1690846822E+04
L1 0.3072851332E+03  0.3072851332E+03  -.8777072072E+10  0.1000000000E+01
L2 0.1000000000E+01  0.3304896557E+02  0.3304896557E+02  0.3304896557E+02
L3 0.2778767094E+05  0.1818042084E+03  -.6590578603E+03  0.4492911933E+03
L4 -.9320819549E+01  0.2925907179E+03  0.2585957099E+03  0.2761336528E+03
L5 0.8273200807E+03  0.2562316569E+03  0.3904008271E+03  0.1862798146E+03
L6 0.8329122985E+03  -.8777072072E+04  0.1282198885E+04  -.1013592820E+05
L7 0.0000000000E+00  0.2662031503E+01  0.1017404374E+02  0.1167264410E+02
L8 0.1992632961E+01  0.4473738484E+02  0.5418510421E+01  0.0000000000E+00
L9 0.0000000000E+00  0.0000000000E+00  0.0000000000E+00  0.9926468436E+00  0.0000000000E+00
L0     7000  0.1400000000E+02  -.7134585559E+04  0.1620867201E+04
L1 0.2945674245E+03  0.2945674245E+03  -.8755452759E+10  0.1000000000E+01
L2 0.1000000000E+01  0.3312205407E+02  0.3312205407E+02  0.3312205407E+02
L3 0.2797265125E+05  0.3260302910E+03  -.1765067802E+03  -.4338165079E+03
L4 -.9476433233E+02  0.2813687700E+03  0.2710566662E+03  0.2735446538E+03
L5 0.8259700899E+03  0.2157318547E+03  0.3065912803E+03  0.3608812546E+03
L6 0.8832043895E+03  -.8755452759E+04  0.1267145030E+04  -.1010130612E+05
L7 0.0000000000E+00  0.3674383809E+01  0.5887728227E+01  0.1362979278E+02
L8 0.3047313010E+01  0.4717935202E+02  0.5289760860E+01  0.0000000000E+00
L9 0.0000000000E+00  0.0000000000E+00  0.0000000000E+00  0.9860825706E+00  0.0000000000E+00
L0     8000  0.1600000000E+02  -.7035064685E+04  0.1681467438E+04
L1 0.3055805759E+03  0.3055805759E+03  -.8716532123E+10  0.1000000000E+01
L2 0.1000000000E+01  0.3312950986E+02  0.3312950986E+02  0.3312950986E+02
L3 0.2799042455E+05  0.6448740387E+03  0.2301345345E+03  0.1875566206E+03
L4 0.3541883980E+03  0.2560124838E+03  0.2779324895E+03  0.2737272605E+03
L5 0.8076722338E+03  0.1261029695E+03  0.2315720163E+03  0.2359440842E+03
L6 0.5936190699E+03  -.8716532123E+04  0.1308580684E+04  -.1010477690E+05
L7 0.0000000000E+00  0.2949687227E+01  0.8797863128E+01  0.1293224011E+02
L8 0.3849255539E+01  0.4784188531E+02  0.3293166072E+01  0.0000000000E+00
L9 0.0000000000E+00  0.0000000000E+00  0.0000000000E+00  0.9854564301E+00  0.0000000000E+00
L0     9000  0.1800000000E+02  -.7139645652E+04  0.1660038129E+04
L1 0.3016861320E+03  0.3016861320E+03  -.8799683781E+10  0.1000000000E+01
L2 0.1000000000E+01  0.3310496173E+02  0.3310496173E+02  0.3310496173E+02
L3 0.2792874100E+05  0.1616119960E+03  -.2712002999E+03  0.5808953870E+03
L4 0.1571023610E+03  0.2818388203E+03  0.2680480478E+03  0.2734932059E+03
L5 0.8233800740E+03  0.2493539204E+03  0.3225607994E+03  0.1567300388E+03
L6 0.7286447586E+03  -.8799683781E+04  0.1316226058E+04  -.1018700843E+05
L7 0.0000000000E+00  0.2838299482E+01  0.8502920801E+01  0.9991314629E+01
L8 0.2495378411E+01  0.4385775469E+02  0.3412918079E+01  0.0000000000E+00
L9 0.0000000000E+00  0.0000000000E+00  0.0000000000E+00  0.9876329135E+00  0.0000000000E+00
L0    10000  0.2000000000E+02  -.7126404138E+04  0.1685209816E+04
L1 0.3062606950E+03  0.3062606950E+03  -.8811613955E+10  0.1000000000E+01
L2 0.1000000000E+01  0.3313069479E+02  0.3313069479E+02  0.3313069479E+02
L3 0.2799480148E+05  -.3612551229E+03  -.4842922116E+02  -.1778406830E+03
L4 -.1958416757E+03  0.2827420270E+03  0.2784054377E+03  0.2987765524E+03
L5 0.8599240171E+03  0.3555280494E+03  0.2881630028E+03  0.3346080607E+03
L6 0.9782991129E+03  -.8811613955E+04  0.1293909707E+04  -.1018253181E+05
L7 0.0000000000E+00  0.3786749835E+01  0.8901537553E+01  0.9958222293E+01
L8 0.2644219327E+01  0.4597180814E+02  0.5745612967E+01  0.0000000000E+00
L9 0.0000000000E+00  0.0000000000E+00  0.0000000000E+00  0.9853023558E+00  0.0000000000E+00
