L0  Nsteps           time(ps)         Etot             EKinetic        
L1  Temp             T_solute         T_solv           Pres_scal_solu  
L2  Pres_scal_solv   BoxX             BoxY             BoxZ            
L3  volume           pres_X           pres_Y           pres_Z          
L4  Pressure         EKCoM_x          EKCoM_y          EKCoM_z         
L5  EKComTot         VIRIAL_x         VIRIAL_y         VIRIAL_z        
L6  VIRIAL_tot       E_pot            E_vdw            E_el            
L7  E_hbon           E_bon            E_angle          E_dih           
L8  E_14vdw          E_14el           E_const          E_pol           
L9  AV_permMoment    AV_indMoment     AV_totMoment     Density          dV/dlambda      
L0     1000  0.2000000000E+01  -.7197263779E+04  0.1690543498E+04
L1 0.2994438205E+03  0.2994438205E+03  -.8887807276E+10  0.1000000000E+01
L2 0.1000000000E+01  0.3450406826E+02  0.3450406826E+02  0.3450406826E+02
L3 0.3162397735E+05  -.1127255053E+04  -.5156035695E+03  -.4791992929E+03
L4 -.7073526383E+03  0.2811697250E+03  0.2822980833E+03  0.2833590658E+03
L5 0.8468268741E+03  0.5377334550E+03  0.3996496753E+03  0.3924250290E+03
L6 0.1329808159E+04  -.8887807276E+04  0.1316115508E+04  -.1027769144E+05
L7 0.0000000000E+00  0.3388648695E+01  0.8341981358E+01  0.1404534909E+02
L8 0.2000092666E+01  0.4488357471E+02  0.1109004626E+01  0.0000000000E+00
L9 0.0000000000E+00  0.0000000000E+00  0.0000000000E+00  0.8949331727E+00  0.0000000000E+00
L0     2000  0.4000000000E+01  -.7199356442E+04  0.1693793576E+04
L1 0.3000195027E+03  0.3000195027E+03  -.8893150017E+10  0.1000000000E+01
L2 0.1000000000E+01  0.3395775719E+02  0.3395775719E+02  0.3395775719E+02
L3 0.3014494330E+05  -.5750496548E+03  -.9257297844E+03  0.6103449106E+01
L4 -.4982253300E+03  0.2967014054E+03  0.2695703828E+03  0.2985169908E+03
L5 0.8647887790E+03  0.4214617020E+03  0.4704127301E+03  0.2971928127E+03
L6 0.1189067245E+04  -.8893150017E+04  0.1300697770E+04  -.1027508285E+05
L7 0.0000000000E+00  0.2677370031E+01  0.7905481111E+01  0.1641344063E+02
L8 0.3211832152E+01  0.4507995322E+02  0.5946985377E+01  0.0000000000E+00
L9 0.0000000000E+00  0.0000000000E+00  0.0000000000E+00  0.9388422499E+00  0.0000000000E+00
L0     3000  0.6000000000E+01  -.7352508016E+04  0.1644565189E+04
L1 0.2912997412E+03  0.2912997412E+03  -.8997073205E+10  0.1000000000E+01
L2 0.1000000000E+01  0.3365962680E+02  0.3365962680E+02  0.3365962680E+02
L3 0.2935828852E+05  -.1698975474E+03  -.6005541996E+03  -.1140005275E+04
L4 -.6368190072E+03  0.2604228946E+03  0.2618993983E+03  0.2574299380E+03
L5 0.7797522309E+03  0.2963212393E+03  0.3887929410E+03  0.4983062954E+03
L6 0.1183420476E+04  -.8997073205E+04  0.1293922930E+04  -.1036494600E+05
L7 0.0000000000E+00  0.5679397652E+01  0.1006432874E+02  0.9286621815E+01
L8 0.2208099679E+01  0.4375688890E+02  0.2954530047E+01  0.0000000000E+00
L9 0.0000000000E+00  0.0000000000E+00  0.0000000000E+00  0.9639985100E+00  0.0000000000E+00
L0     4000  0.8000000000E+01  -.7388863606E+04  0.1684113996E+04
L1 0.2983049711E+03  0.2983049711E+03  -.9072977602E+10  0.1000000000E+01
L2 0.1000000000E+01  0.3350263699E+02  0.3350263699E+02  0.3350263699E+02
L3 0.2894875365E+05  -.4907138690E+01  -.5646433626E+03  -.5704653837E+03
L4 -.3800052950E+03  0.2846178198E+03  0.2791417029E+03  0.2862147945E+03
L5 0.8499743173E+03  0.2856402056E+03  0.3967832366E+03  0.4050693266E+03
L6 0.1087492769E+04  -.9072977602E+04  0.1326654289E+04  -.1047109263E+05
L7 0.0000000000E+00  0.4992255914E+01  0.5910313250E+01  0.1020785268E+02
L8 0.2231012120E+01  0.4492674947E+02  0.3192551455E+01  0.0000000000E+00
L9 0.0000000000E+00  0.0000000000E+00  0.0000000000E+00  0.9776360921E+00  0.0000000000E+00
L0     5000  0.1000000000E+02  -.7340665461E+04  0.1690127990E+04
L1 0.2993702222E+03  0.2993702222E+03  -.9030793451E+10  0.1000000000E+01
L2 0.1000000000E+01  0.3340791179E+02  0.3340791179E+02  0.3340791179E+02
L3 0.2870265750E+05  0.9470696023E+02  -.1654266484E+03  0.3848512413E+03
L4 0.1047105177E+03  0.2560645286E+03  0.2872465891E+03  0.3027000971E+03
L5 0.8460112147E+03  0.2365003965E+03  0.3214196720E+03  0.2231992822E+03
L6 0.7811193506E+03  -.9030793451E+04  0.1356980121E+04  -.1046122155E+05
L7 0.0000000000E+00  0.5195434769E+01  0.8814625552E+01  0.1084546739E+02
L8 0.3061752432E+01  0.4226154183E+02  0.3269157604E+01  0.0000000000E+00
L9 0.0000000000E+00  0.0000000000E+00  0.0000000000E+00  0.9860183290E+00  0.0000000000E+00
L0     6000  0.1200000000E+02  -.7308309021E+04  0.1690314366E+04
L1 0.2994032348E+03  0.2994032348E+03  -.8998623388E+10  0.1000000000E+01
L2 0.1000000000E+01  0.3344095018E+02  0.3344095018E+02  0.3344095018E+02
L3 0.2878745106E+05  0.4063159722E+03  0.1520004627E+03  0.2771339550E+03
L4 0.2784834633E+03  0.2611332089E+03  0.2979102178E+03  0.2965180317E+03
L5 0.8555614584E+03  0.1769503467E+03  0.2664178944E+03  0.2390998371E+03
L6 0.6824680783E+03  -.8998623388E+04  0.1370172905E+04  -.1044178111E+05
L7 0.0000000000E+00  0.1741642386E+01  0.8316240630E+01  0.1020399591E+02
L8 0.3291700791E+01  0.4704448251E+02  0.2386759379E+01  0.0000000000E+00
L9 0.0000000000E+00  0.0000000000E+00  0.0000000000E+00  0.9831140078E+00  0.0000000000E+00
L0     7000  0.1400000000E+02  -.7255152890E+04  0.1686737039E+04
L1 0.2987695873E+03  0.2987695873E+03  -.8941889929E+10  0.1000000000E+01
L2 0.1000000000E+01  0.3345129344E+02  0.3345129344E+02  0.3345129344E+02
L3 0.2881414157E+05  0.1984253999E+03  0.6953234738E+03  -.2377264396E+02
L4 0.2899920766E+03  0.2699453325E+03  0.2878199949E+03  0.2712781994E+03
L5 0.8290435268E+03  0.2287963093E+03  0.1436253417E+03  0.2762081180E+03
L6 0.6486297691E+03  -.8941889929E+04  0.1373472697E+04  -.1039150045E+05
L7 0.0000000000E+00  0.6916831631E+01  0.1094774140E+02  0.1207972694E+02
L8 0.2507110243E+01  0.4143905180E+02  0.2247357631E+01  0.0000000000E+00
L9 0.0000000000E+00  0.0000000000E+00  0.0000000000E+00  0.9822033505E+00  0.0000000000E+00
L0     8000  0.1600000000E+02  -.7384403259E+04  0.1660126394E+04
L1 0.2940560775E+03  0.2940560775E+03  -.9044529653E+10  0.1000000000E+01
L2 0.1000000000E+01  0.3350091927E+02  0.3350091927E+02  0.3350091927E+02
L3 0.2894388621E+05  -.4992122969E+03  -.1589086906E+03  0.2654284485E+00
L4 -.2192851864E+03  0.2888990699E+03  0.2399121641E+03  0.2770150740E+03
L5 0.8058263080E+03  0.3928907744E+03  0.2730146852E+03  0.2769597822E+03
L6 0.9428652419E+03  -.9044529653E+04  0.1346971945E+04  -.1047184612E+05
L7 0.0000000000E+00  0.4108951242E+01  0.1130524424E+02  0.1250090769E+02
L8 0.4189459015E+01  0.4510594433E+02  0.3134017114E+01  0.0000000000E+00
L9 0.0000000000E+00  0.0000000000E+00  0.0000000000E+00  0.9778004992E+00  0.0000000000E+00
L0     9000  0.1800000000E+02  -.7336307484E+04  0.1658316767E+04
L1 0.2937355406E+03  0.2937355406E+03  -.8994624250E+10  0.1000000000E+01
L2 0.1000000000E+01  0.3337458957E+02  0.3337458957E+02  0.3337458957E+02
L3 0.2861679705E+05  -.4828281075E+03  0.6405246819E+03  0.2257660710E+03
L4 0.1278208818E+03  0.2746333026E+03  0.2698310906E+03  0.2724208377E+03
L5 0.8168852309E+03  0.3740753707E+03  0.1379102309E+03  0.2259226230E+03
L6 0.7379082245E+03  -.8994624250E+04  0.1345182341E+04  -.1041492401E+05
L7 0.0000000000E+00  0.3064647082E+01  0.1012176541E+02  0.1193731916E+02
L8 0.3927999887E+01  0.4288942587E+02  0.3176265627E+01  0.0000000000E+00
L9 0.0000000000E+00  0.0000000000E+00  0.0000000000E+00  0.9889767305E+00  0.0000000000E+00
L0    10000  0.2000000000E+02  -.7319773029E+04  0.1685013337E+04
L1 0.2984642701E+03  0.2984642701E+03  -.9004786366E+10  0.1000000000E+01
L2 0.1000000000E+01  0.3347189547E+02  0.3347189547E+02  0.3347189547E+02
L3 0.2886889840E+05  -.9211567590E+03  0.2535237849E+03  -.1933690534E+03
L4 -.2870006758E+03  0.2521043512E+03  0.2795618192E+03  0.3129356731E+03
L5 0.8446018435E+03  0.4434948328E+03  0.2268867030E+03  0.3531123269E+03
L6 0.1023493863E+04  -.9004786366E+04  0.1317241504E+04  -.1039887726E+05
L7 0.0000000000E+00  0.4590473927E+01  0.9671537628E+01  0.1091331061E+02
L8 0.2265152078E+01  0.4612354492E+02  0.3285375257E+01  0.0000000000E+00
L9 0.0000000000E+00  0.0000000000E+00  0.0000000000E+00  0.9803403646E+00  0.0000000000E+00
