# Final energies generated by paramfit for ../../2_quantum_extract/original//fit.prmtop
# Num	Amber+K		Quantum		Initial Amber+K
0	-621542.41015	-621543.95383	-621558.97006
1	-621544.53874	-621544.64096	-621560.73554
2	-621546.38153	-621546.92521	-621559.67323
3	-621544.34094	-621546.10158	-621558.15507
4	-621540.27353	-621541.35950	-621558.46139
5	-621533.77339	-621534.43656	-621558.62519
6	-621536.64353	-621538.70560	-621556.83059
7	-621541.90962	-621543.36019	-621557.85241
8	-621545.93120	-621545.65385	-621559.93073
9	-621547.02406	-621545.31416	-621562.00227
10	-621543.91228	-621543.87756	-621560.46267
11	-621544.70901	-621548.19400	-621552.44469
12	-621540.17717	-621545.94628	-621550.77258
13	-621540.08589	-621545.24749	-621550.96419
14	-621541.13042	-621546.00550	-621550.82369
15	-621543.59800	-621546.35214	-621552.63078
16	-621545.05163	-621547.47072	-621552.53465
17	-621545.91048	-621548.50024	-621552.09652
18	-621544.73912	-621549.14972	-621550.65157
19	-621544.15633	-621548.28367	-621551.34896
20	-621544.09097	-621546.95515	-621552.96318
21	-621544.83751	-621547.35822	-621553.78238
22	-621545.57441	-621548.46175	-621553.31513
23	-621543.10208	-621547.24891	-621552.09434
24	-621540.35929	-621546.02544	-621550.32767
25	-621542.95172	-621546.96231	-621552.34398
26	-621544.21875	-621546.84848	-621553.25983
27	-621545.31441	-621548.68220	-621552.10065
28	-621548.18794	-621551.30893	-621552.02199
29	-621549.18688	-621551.92088	-621552.21119
30	-621547.01805	-621550.86315	-621551.44804
31	-621545.37073	-621549.02862	-621551.99405
32	-621544.48577	-621546.99331	-621553.53363
33	-621545.45076	-621547.41333	-621554.52507
34	-621545.96065	-621548.59969	-621553.84474
35	-621546.81483	-621549.24639	-621553.70959
36	-621549.44968	-621550.81177	-621555.39452
37	-621549.63501	-621550.18339	-621556.62497
38	-621549.87616	-621550.41729	-621555.99139
39	-621552.94674	-621552.77782	-621556.28507
40	-621556.52583	-621554.77374	-621557.53760
41	-621556.83437	-621554.81904	-621557.59083
42	-621552.72385	-621553.19212	-621555.46147
43	-621549.23870	-621550.63609	-621554.93465
44	-621549.04552	-621548.20515	-621557.55305
45	-621550.62382	-621549.18362	-621558.65913
46	-621549.91448	-621549.68258	-621557.46986
47	-621554.35883	-621552.37090	-621557.63392
48	-621555.22230	-621552.98498	-621558.58590
49	-621554.44855	-621551.87845	-621559.18735
50	-621555.15727	-621552.16948	-621558.94954
51	-621558.22698	-621553.93943	-621559.83231
52	-621560.86764	-621555.36389	-621560.73979
53	-621559.84878	-621555.39028	-621559.49810
54	-621555.70100	-621553.64954	-621557.42964
55	-621553.09111	-621550.83909	-621557.98855
56	-621553.01370	-621549.45915	-621559.61847
57	-621553.96258	-621549.94745	-621560.70553
58	-621550.95150	-621549.74817	-621557.18179
59	-621557.38261	-621553.36640	-621559.73216
60	-621556.46512	-621553.20694	-621559.49866
61	-621555.57310	-621552.26854	-621559.82197
62	-621556.25720	-621552.68180	-621559.43293
63	-621558.32942	-621553.84988	-621559.87128
64	-621559.42014	-621554.72587	-621559.83165
65	-621557.95540	-621554.14851	-621558.77872
66	-621554.96979	-621552.02831	-621558.17478
67	-621553.27172	-621550.13627	-621558.71295
68	-621552.65433	-621549.47709	-621559.08713
69	-621554.10312	-621549.44866	-621560.95985
70	-621554.17998	-621551.49935	-621558.55003
71	-621557.55849	-621553.35837	-621561.65797
72	-621556.39020	-621552.69924	-621561.84073
73	-621556.31134	-621553.35231	-621561.20469
74	-621555.64252	-621553.47617	-621560.00341
75	-621555.86847	-621553.32318	-621559.98532
76	-621556.44316	-621553.64280	-621559.90425
77	-621555.48972	-621552.75303	-621559.61131
78	-621552.05923	-621551.09528	-621558.05985
79	-621549.51746	-621549.51664	-621557.40686
80	-621549.57858	-621548.65196	-621558.64046
81	-621552.00433	-621549.72009	-621560.01641
82	-621555.52382	-621552.30238	-621561.13430
83	-621548.33537	-621546.03239	-621562.60950
84	-621548.86865	-621546.27160	-621563.43942
85	-621547.45856	-621548.42800	-621560.09914
86	-621544.35845	-621545.88384	-621559.00042
87	-621540.89026	-621541.44161	-621559.51913
88	-621538.80856	-621539.08201	-621558.88203
89	-621540.68260	-621542.81260	-621556.79726
90	-621545.05202	-621546.54090	-621557.72013
91	-621548.24277	-621547.52022	-621560.25858
92	-621548.84577	-621545.64592	-621563.21422
93	-621546.53065	-621545.36488	-621561.92149
94	-621547.65436	-621545.87537	-621562.35220
95	-621554.88100	-621550.92486	-621563.66173
96	-621552.28988	-621550.31715	-621562.45839
97	-621552.70995	-621551.22379	-621561.84821
98	-621552.33640	-621552.03005	-621560.34812
99	-621553.60840	-621552.22782	-621561.07846
100	-621554.72123	-621552.47391	-621561.44646
101	-621551.34048	-621551.01322	-621559.23248
102	-621545.22930	-621547.78274	-621556.60588
103	-621542.78709	-621545.39071	-621556.85010
104	-621545.69230	-621545.79797	-621559.52477
105	-621549.78369	-621549.58743	-621559.82997
106	-621554.87959	-621552.47315	-621562.17566
107	-621547.53133	-621545.62950	-621562.15607
108	-621545.03841	-621549.32877	-621559.55863
109	-621545.64207	-621546.14683	-621560.43806
110	-621547.67601	-621547.61318	-621560.64941
111	-621550.02081	-621549.97481	-621560.15219
112	-621548.17159	-621549.01512	-621558.88632
113	-621541.70172	-621544.00858	-621557.14385
114	-621534.97080	-621538.39225	-621556.21116
115	-621538.18847	-621538.85874	-621558.86355
116	-621544.12337	-621544.18900	-621559.77581
117	-621548.79714	-621549.24610	-621559.73788
118	-621551.03201	-621547.92638	-621563.60960
119	-621552.76867	-621549.54355	-621563.19085
120	-621551.04532	-621550.81650	-621560.60797
121	-621546.45012	-621549.19053	-621557.92780
122	-621544.92021	-621546.13956	-621558.55870
123	-621543.53760	-621545.41709	-621557.30458
124	-621545.73663	-621547.08296	-621557.44299
125	-621548.65155	-621549.16790	-621558.08303
126	-621549.87681	-621550.01234	-621558.74010
127	-621550.42606	-621549.47066	-621560.23400
128	-621550.59836	-621549.28348	-621560.90421
129	-621552.48089	-621550.24285	-621562.44673
130	-621555.39825	-621555.36405	-621562.75701
131	-621549.86579	-621550.06661	-621557.49497
132	-621545.64588	-621549.19964	-621554.78822
133	-621543.42434	-621546.87155	-621555.04111
134	-621542.99366	-621546.63129	-621553.94689
135	-621544.58347	-621546.97058	-621554.79275
136	-621547.15907	-621547.87043	-621556.07812
137	-621547.84124	-621548.55195	-621555.86988
138	-621546.66866	-621549.14465	-621554.40406
139	-621546.68730	-621548.84753	-621555.19710
140	-621548.23420	-621548.94206	-621556.90949
141	-621550.39426	-621550.44522	-621558.18332
142	-621550.31354	-621550.03281	-621558.52235
