L0  Nsteps           time(ps)         Etot             EKinetic        
L1  Temp             T_solute         T_solv           Pres_scal_solu  
L2  Pres_scal_solv   BoxX             BoxY             BoxZ            
L3  volume           pres_X           pres_Y           pres_Z          
L4  Pressure         EKCoM_x          EKCoM_y          EKCoM_z         
L5  EKComTot         VIRIAL_x         VIRIAL_y         VIRIAL_z        
L6  VIRIAL_tot       E_pot            E_vdw            E_el            
L7  E_hbon           E_bon            E_angle          E_dih           
L8  E_14vdw          E_14el           E_const          E_pol           
L9  AV_permMoment    AV_indMoment     AV_totMoment     Density          dV/dlambda      
L0     1000  0.2000000000E+01  -.7196846971E+04  0.1698774856E+04
L1 0.3005844236E+03  0.3005844236E+03  -.8895621827E+10  0.1000000000E+01
L2 0.1000000000E+01  0.3441275913E+02  0.3441275913E+02  0.3441275913E+02
L3 0.3137365140E+05  -.1252097589E+04  -.5535891799E+03  -.3942123697E+03
L4 -.7332997128E+03  0.2932858838E+03  0.2831597344E+03  0.2926028302E+03
L5 0.8690484484E+03  0.5760080280E+03  0.4081595119E+03  0.3816155138E+03
L6 0.1365783054E+04  -.8895621827E+04  0.1325070768E+04  -.1029555865E+05
L7 0.0000000000E+00  0.1659543761E+01  0.4929464467E+01  0.1252279870E+02
L8 0.3868921572E+01  0.4844792825E+02  0.3437402538E+01  0.0000000000E+00
L9 0.0000000000E+00  0.0000000000E+00  0.0000000000E+00  0.9030272823E+00  0.0000000000E+00
L0     2000  0.4000000000E+01  -.7251062616E+04  0.1660768746E+04
L1 0.2938595509E+03  0.2938595509E+03  -.8911831363E+10  0.1000000000E+01
L2 0.1000000000E+01  0.3388908830E+02  0.3388908830E+02  0.3388908830E+02
L3 0.2996238011E+05  -.6487097993E+02  -.8989677231E+03  -.4671521405E+03
L4 -.4769969478E+03  0.2625744295E+03  0.2665764127E+03  0.3039406216E+03
L5 0.8330914638E+03  0.2765633225E+03  0.4604314043E+03  0.4046781363E+03
L6 0.1141672863E+04  -.8911831363E+04  0.1307103554E+04  -.1029058543E+05
L7 0.0000000000E+00  0.2211341138E+01  0.1074357930E+02  0.1032085281E+02
L8 0.2445170284E+01  0.4382172290E+02  0.2107842079E+01  0.0000000000E+00
L9 0.0000000000E+00  0.0000000000E+00  0.0000000000E+00  0.9455611689E+00  0.0000000000E+00
L0     3000  0.6000000000E+01  -.7221571573E+04  0.1673299021E+04
L1 0.2960766812E+03  0.2960766812E+03  -.8894870594E+10  0.1000000000E+01
L2 0.1000000000E+01  0.3371389187E+02  0.3371389187E+02  0.3371389187E+02
L3 0.2949797743E+05  0.2036769515E+03  0.1095292070E+03  0.6628791040E+03
L4 0.3253617542E+03  0.2722693994E+03  0.2779306329E+03  0.2798377403E+03
L5 0.8300377726E+03  0.2290288996E+03  0.2546776452E+03  0.1391088873E+03
L6 0.6228154321E+03  -.8894870594E+04  0.1371042259E+04  -.1033608872E+05
L7 0.0000000000E+00  0.2268827005E+01  0.6091538718E+01  0.1019061580E+02
L8 0.3979592675E+01  0.4564735758E+02  0.1997931812E+01  0.0000000000E+00
L9 0.0000000000E+00  0.0000000000E+00  0.0000000000E+00  0.9604476520E+00  0.0000000000E+00
L0     4000  0.8000000000E+01  -.7270276377E+04  0.1728719685E+04
L1 0.3058829181E+03  0.3058829181E+03  -.8998996062E+10  0.1000000000E+01
L2 0.1000000000E+01  0.3347209815E+02  0.3347209815E+02  0.3347209815E+02
L3 0.2886858682E+05  -.7265027128E+03  0.7005231555E+03  0.1389390467E+03
L4 0.3765316314E+02  0.2935885905E+03  0.2831602189E+03  0.3069029126E+03
L5 0.8836517219E+03  0.4445338036E+03  0.1376127692E+03  0.2780355957E+03
L6 0.8601821685E+03  -.8998996062E+04  0.1327272706E+04  -.1040662581E+05
L7 0.0000000000E+00  0.3876687652E+01  0.1016976088E+02  0.1118444781E+02
L8 0.3132294204E+01  0.4612209497E+02  0.5871760629E+01  0.0000000000E+00
L9 0.0000000000E+00  0.0000000000E+00  0.0000000000E+00  0.9813872546E+00  0.0000000000E+00
L0     5000  0.1000000000E+02  -.7328886717E+04  0.1664745243E+04
L1 0.2945631597E+03  0.2945631597E+03  -.8993631960E+10  0.1000000000E+01
L2 0.1000000000E+01  0.3351562106E+02  0.3351562106E+02  0.3351562106E+02
L3 0.2898036795E+05  0.8584588127E+03  0.1073807191E+04  -.6859492737E+03
L4 0.4154389099E+03  0.2662955175E+03  0.2965641849E+03  0.2716941196E+03
L5 0.8345538219E+03  0.8724320328E+02  0.7259576650E+02  0.4147654039E+03
L6 0.5746043737E+03  -.8993631960E+04  0.1403966753E+04  -.1047076899E+05
L7 0.0000000000E+00  0.1694402773E+01  0.1018749629E+02  0.9220192006E+01
L8 0.3871470387E+01  0.4531253731E+02  0.2884173571E+01  0.0000000000E+00
L9 0.0000000000E+00  0.0000000000E+00  0.0000000000E+00  0.9776019135E+00  0.0000000000E+00
L0     6000  0.1200000000E+02  -.7225928487E+04  0.1717727558E+04
L1 0.3039379504E+03  0.3039379504E+03  -.8943656045E+10  0.1000000000E+01
L2 0.1000000000E+01  0.3345538868E+02  0.3345538868E+02  0.3345538868E+02
L3 0.2882471856E+05  0.8173754858E+03  -.2633249781E+03  0.3240038552E+03
L4 0.2926847876E+03  0.2857019017E+03  0.2659771153E+03  0.2895530397E+03
L5 0.8412320567E+03  0.1161341492E+03  0.3206049155E+03  0.2223371683E+03
L6 0.6590762329E+03  -.8943656045E+04  0.1339665525E+04  -.1035559155E+05
L7 0.0000000000E+00  0.7783629566E+00  0.9093102384E+01  0.9372895431E+01
L8 0.4302450644E+01  0.4637940154E+02  0.2343764443E+01  0.0000000000E+00
L9 0.0000000000E+00  0.0000000000E+00  0.0000000000E+00  0.9828808250E+00  0.0000000000E+00
L0     7000  0.1400000000E+02  -.7289962720E+04  0.1627996135E+04
L1 0.2880607033E+03  0.2880607033E+03  -.8917958855E+10  0.1000000000E+01
L2 0.1000000000E+01  0.3350150881E+02  0.3350150881E+02  0.3350150881E+02
L3 0.2894500827E+05  0.4943573136E+03  -.1559085451E+03  -.5245439760E+03
L4 -.6203173584E+02  0.2521963566E+03  0.2549148882E+03  0.2692595203E+03
L5 0.7763707651E+03  0.1492120092E+03  0.2873937033E+03  0.3785323430E+03
L6 0.8151380554E+03  -.8917958855E+04  0.1319530635E+04  -.1031428739E+05
L7 0.0000000000E+00  0.2453794481E+01  0.8231767959E+01  0.1291946537E+02
L8 0.2328223263E+01  0.4832771229E+02  0.2536940716E+01  0.0000000000E+00
L9 0.0000000000E+00  0.0000000000E+00  0.0000000000E+00  0.9787961675E+00  0.0000000000E+00
L0     8000  0.1600000000E+02  -.7303423169E+04  0.1728779536E+04
L1 0.3058935081E+03  0.3058935081E+03  -.9032202705E+10  0.1000000000E+01
L2 0.1000000000E+01  0.3341519905E+02  0.3341519905E+02  0.3341519905E+02
L3 0.2872145516E+05  -.3374079681E+03  0.3838651095E+03  0.2549757014E+03
L4 0.1004776143E+03  0.2807157214E+03  0.2888943792E+03  0.3025632509E+03
L5 0.8721733515E+03  0.3504615686E+03  0.2095453424E+03  0.2498570377E+03
L6 0.8098639487E+03  -.9032202705E+04  0.1349485413E+04  -.1046197600E+05
L7 0.0000000000E+00  0.1278390055E+01  0.1437251786E+02  0.1178719957E+02
L8 0.2014603699E+01  0.4702265195E+02  0.3812516741E+01  0.0000000000E+00
L9 0.0000000000E+00  0.0000000000E+00  0.0000000000E+00  0.9864146158E+00  0.0000000000E+00
L0     9000  0.1800000000E+02  -.7257471716E+04  0.1704451947E+04
L1 0.3015889387E+03  0.3015889387E+03  -.8961923663E+10  0.1000000000E+01
L2 0.1000000000E+01  0.3346409404E+02  0.3346409404E+02  0.3346409404E+02
L3 0.2884805207E+05  0.1299961196E+03  -.1932045401E+03  -.2219667064E+02
L4 -.2846836370E+02  0.2895964066E+03  0.2942890377E+03  0.2998592308E+03
L5 0.8837446751E+03  0.2626063707E+03  0.3344025232E+03  0.3044677448E+03
L6 0.9014766388E+03  -.8961923663E+04  0.1309484521E+04  -.1034933682E+05
L7 0.0000000000E+00  0.2982168341E+01  0.9832738623E+01  0.1197531890E+02
L8 0.2974303896E+01  0.4662772335E+02  0.3536385345E+01  0.0000000000E+00
L9 0.0000000000E+00  0.0000000000E+00  0.0000000000E+00  0.9820858301E+00  0.0000000000E+00
L0    10000  0.2000000000E+02  -.7304518182E+04  0.1695049811E+04
L1 0.2999253070E+03  0.2999253070E+03  -.8999567993E+10  0.1000000000E+01
L2 0.1000000000E+01  0.3339238822E+02  0.3339238822E+02  0.3339238822E+02
L3 0.2866439180E+05  -.2981919536E+02  -.1675281368E+04  -.7436879417E+01
L4 -.5708458143E+03  0.2896691485E+03  0.2732943211E+03  0.2768209162E+03
L5 0.8397843858E+03  0.2958208496E+03  0.6189049338E+03  0.2783551447E+03
L6 0.1193080928E+04  -.8999567993E+04  0.1262266246E+04  -.1033539401E+05
L7 0.0000000000E+00  0.6468370561E+00  0.9469597490E+01  0.9738135567E+01
L8 0.3560560596E+01  0.4524661264E+02  0.4898023688E+01  0.0000000000E+00
L9 0.0000000000E+00  0.0000000000E+00  0.0000000000E+00  0.9883783111E+00  0.0000000000E+00
