L0  Nsteps           time(ps)         Etot             EKinetic        
L1  Temp             T_solute         T_solv           Pres_scal_solu  
L2  Pres_scal_solv   BoxX             BoxY             BoxZ            
L3  volume           pres_X           pres_Y           pres_Z          
L4  Pressure         EKCoM_x          EKCoM_y          EKCoM_z         
L5  EKComTot         VIRIAL_x         VIRIAL_y         VIRIAL_z        
L6  VIRIAL_tot       E_pot            E_vdw            E_el            
L7  E_hbon           E_bon            E_angle          E_dih           
L8  E_14vdw          E_14el           E_const          E_pol           
L9  AV_permMoment    AV_indMoment     AV_totMoment     Density          dV/dlambda      
L0     1000  0.2000000000E+01  -.7161694627E+04  0.1638533392E+04
L1 0.2955366407E+03  0.2955366407E+03  -.8800228020E+10  0.1000000000E+01
L2 0.1000000000E+01  0.3416709756E+02  0.3416709756E+02  0.3416709756E+02
L3 0.3070615676E+05  -.7933803408E+03  -.7048192646E+03  -.2848520068E+03
L4 -.5943505374E+03  0.2722267552E+03  0.2698557105E+03  0.2675218515E+03
L5 0.8096043172E+03  0.4475596801E+03  0.4256170986E+03  0.3304726620E+03
L6 0.1203649441E+04  -.8800228020E+04  0.1349905748E+04  -.1022721830E+05
L7 0.0000000000E+00  0.4226773146E+01  0.9750207034E+01  0.1293962923E+02
L8 0.3580748354E+01  0.4421668614E+02  0.2370483991E+01  0.0000000000E+00
L9 0.0000000000E+00  0.0000000000E+00  0.0000000000E+00  0.9051201515E+00  0.0000000000E+00
L0     2000  0.4000000000E+01  -.7125971794E+04  0.1614659716E+04
L1 0.2912306277E+03  0.2912306277E+03  -.8740631510E+10  0.1000000000E+01
L2 0.1000000000E+01  0.3367164657E+02  0.3367164657E+02  0.3367164657E+02
L3 0.2938890616E+05  -.6944253959E+03  0.1130874903E+02  -.2604933525E+03
L4 -.3145366664E+03  0.2556362063E+03  0.2638179748E+03  0.2592520454E+03
L5 0.7787062265E+03  0.4025171983E+03  0.2614260112E+03  0.3143501485E+03
L6 0.9782933580E+03  -.8740631510E+04  0.1298849243E+04  -.1011602354E+05
L7 0.0000000000E+00  0.2338322853E+01  0.9721564816E+01  0.1282557506E+02
L8 0.2697768809E+01  0.4590763384E+02  0.3051923501E+01  0.0000000000E+00
L9 0.0000000000E+00  0.0000000000E+00  0.0000000000E+00  0.9456888633E+00  0.0000000000E+00
L0     3000  0.6000000000E+01  -.7257735988E+04  0.1610179971E+04
L1 0.2904226315E+03  0.2904226315E+03  -.8867915959E+10  0.1000000000E+01
L2 0.1000000000E+01  0.3343960582E+02  0.3343960582E+02  0.3343960582E+02
L3 0.2878518887E+05  -.1176560148E+03  -.2229960037E+03  -.2371136276E+03
L4 -.1925885487E+03  0.2513994921E+03  0.2783716102E+03  0.2602040832E+03
L5 0.7899751855E+03  0.2757742212E+03  0.3245695644E+03  0.3093267774E+03
L6 0.9096705629E+03  -.8867915959E+04  0.1338602404E+04  -.1028228308E+05
L7 0.0000000000E+00  0.2852020123E+01  0.1163597400E+02  0.1249453375E+02
L8 0.2769339062E+01  0.4353539821E+02  0.2477455647E+01  0.0000000000E+00
L9 0.0000000000E+00  0.0000000000E+00  0.0000000000E+00  0.9655229773E+00  0.0000000000E+00
L0     4000  0.8000000000E+01  -.7261648944E+04  0.1631250161E+04
L1 0.2942229892E+03  0.2942229892E+03  -.8892899105E+10  0.1000000000E+01
L2 0.1000000000E+01  0.3330322192E+02  0.3330322192E+02  0.3330322192E+02
L3 0.2843491345E+05  -.7803758636E+03  -.2257075757E+02  -.3572979838E+03
L4 -.3867482017E+03  0.2602882255E+03  0.2723493234E+03  0.2618671226E+03
L5 0.7945046715E+03  0.4199909479E+03  0.2769683943E+03  0.3349876064E+03
L6 0.1031946949E+04  -.8892899105E+04  0.1295113222E+04  -.1025789446E+05
L7 0.0000000000E+00  0.5024756502E+01  0.7608527408E+01  0.1036836100E+02
L8 0.2497216405E+01  0.4117301011E+02  0.3210261647E+01  0.0000000000E+00
L9 0.0000000000E+00  0.0000000000E+00  0.0000000000E+00  0.9774167698E+00  0.0000000000E+00
L0     5000  0.1000000000E+02  -.7207128069E+04  0.1591671734E+04
L1 0.2870843643E+03  0.2870843643E+03  -.8798799803E+10  0.1000000000E+01
L2 0.1000000000E+01  0.3319909226E+02  0.3319909226E+02  0.3319909226E+02
L3 0.2816644772E+05  0.6191126314E+03  0.3527914196E+03  0.9427671857E+03
L4 0.6382237456E+03  0.2595744596E+03  0.2671612858E+03  0.2693365469E+03
L5 0.7960722922E+03  0.1340702413E+03  0.1956447165E+03  0.7822227667E+02
L6 0.4079372345E+03  -.8798799803E+04  0.1381426149E+04  -.1025262948E+05
L7 0.0000000000E+00  0.5610574730E+01  0.1139774793E+02  0.8718013639E+01
L8 0.1287288730E+01  0.4149552795E+02  0.3894380117E+01  0.0000000000E+00
L9 0.0000000000E+00  0.0000000000E+00  0.0000000000E+00  0.9867329218E+00  0.0000000000E+00
L0     6000  0.1200000000E+02  -.7167012186E+04  0.1678324086E+04
L1 0.3027135515E+03  0.3027135515E+03  -.8845336272E+10  0.1000000000E+01
L2 0.1000000000E+01  0.3326403906E+02  0.3326403906E+02  0.3326403906E+02
L3 0.2833325087E+05  -.5589325017E+03  0.3406201512E+03  0.7382051873E+03
L4 0.1732976123E+03  0.2684209211E+03  0.2699483806E+03  0.2692292223E+03
L5 0.8075985240E+03  0.3823966430E+03  0.2004902125E+03  0.1186967898E+03
L6 0.7015836453E+03  -.8845336272E+04  0.1346917608E+04  -.1026729878E+05
L7 0.0000000000E+00  0.1566063500E+01  0.9321582097E+01  0.1325615071E+02
L8 0.3946740936E+01  0.4341342710E+02  0.3540934887E+01  0.0000000000E+00
L9 0.0000000000E+00  0.0000000000E+00  0.0000000000E+00  0.9809238406E+00  0.0000000000E+00
L0     7000  0.1400000000E+02  -.7166675241E+04  0.1658647381E+04
L1 0.2991645318E+03  0.2991645318E+03  -.8825322622E+10  0.1000000000E+01
L2 0.1000000000E+01  0.3319110535E+02  0.3319110535E+02  0.3319110535E+02
L3 0.2814733680E+05  -.5852127798E+03  0.8913115325E+03  0.1594681464E+03
L4 0.1551889664E+03  0.2633507439E+03  0.2794820065E+03  0.2784298400E+03
L5 0.8212625904E+03  0.3819024180E+03  0.9892122928E+02  0.2461249821E+03
L6 0.7269486294E+03  -.8825322622E+04  0.1328192227E+04  -.1022467186E+05
L7 0.0000000000E+00  0.2283930602E+01  0.7663833583E+01  0.1103608282E+02
L8 0.3405006317E+01  0.4390220832E+02  0.2865945181E+01  0.0000000000E+00
L9 0.0000000000E+00  0.0000000000E+00  0.0000000000E+00  0.9874028743E+00  0.0000000000E+00
L0     8000  0.1600000000E+02  -.7182449698E+04  0.1695800048E+04
L1 0.3058656306E+03  0.3058656306E+03  -.8878249746E+10  0.1000000000E+01
L2 0.1000000000E+01  0.3318340114E+02  0.3318340114E+02  0.3318340114E+02
L3 0.2812894647E+05  -.4292316792E+03  0.2159305709E+03  -.7625125586E+03
L4 -.3252712223E+03  0.2694104292E+03  0.2646663133E+03  0.3017951324E+03
L5 0.8358718749E+03  0.3563068350E+03  0.2209519477E+03  0.4561630507E+03
L6 0.1033421833E+04  -.8878249746E+04  0.1278740998E+04  -.1022579045E+05
L7 0.0000000000E+00  0.2201546948E+01  0.8493455063E+01  0.1019055729E+02
L8 0.2815980559E+01  0.4361807154E+02  0.1480090942E+01  0.0000000000E+00
L9 0.0000000000E+00  0.0000000000E+00  0.0000000000E+00  0.9880484252E+00  0.0000000000E+00
L0     9000  0.1800000000E+02  -.7027663606E+04  0.1714147300E+04
L1 0.3091748615E+03  0.3091748615E+03  -.8741810907E+10  0.1000000000E+01
L2 0.1000000000E+01  0.3320776533E+02  0.3320776533E+02  0.3320776533E+02
L3 0.2819015729E+05  0.6082329035E+02  -.7028353773E+03  0.6132939613E+03
L4 -.9572708535E+01  0.2910304944E+03  0.2732010673E+03  0.2781289374E+03
L5 0.8423604991E+03  0.2786902435E+03  0.4157971821E+03  0.1536996060E+03
L6 0.8481870315E+03  -.8741810907E+04  0.1259099907E+04  -.1007212756E+05
L7 0.0000000000E+00  0.3476234761E+01  0.7996863187E+01  0.1041332822E+02
L8 0.3073765179E+01  0.4348116544E+02  0.2775385444E+01  0.0000000000E+00
L9 0.0000000000E+00  0.0000000000E+00  0.0000000000E+00  0.9859030218E+00  0.0000000000E+00
L0    10000  0.2000000000E+02  -.7220535537E+04  0.1584905919E+04
L1 0.2858640374E+03  0.2858640374E+03  -.8805441456E+10  0.1000000000E+01
L2 0.1000000000E+01  0.3315752475E+02  0.3315752475E+02  0.3315752475E+02
L3 0.2806121930E+05  0.8172657301E+03  0.4432084468E+03  0.1291550060E+03
L4 0.4632097276E+03  0.2913973600E+03  0.2400400492E+03  0.2624403353E+03
L5 0.7938777445E+03  0.1263432260E+03  0.1505301338E+03  0.2363563251E+03
L6 0.5132296850E+03  -.8805441456E+04  0.1345816759E+04  -.1022163735E+05
L7 0.0000000000E+00  0.1998527350E+01  0.7787446443E+01  0.9731620364E+01
L8 0.3730834011E+01  0.4419893621E+02  0.2931772093E+01  0.0000000000E+00
L9 0.0000000000E+00  0.0000000000E+00  0.0000000000E+00  0.9904331299E+00  0.0000000000E+00
