L0  Nsteps           time(ps)         Etot             EKinetic        
L1  Temp             T_solute         T_solv           Pres_scal_solu  
L2  Pres_scal_solv   BoxX             BoxY             BoxZ            
L3  volume           pres_X           pres_Y           pres_Z          
L4  Pressure         EKCoM_x          EKCoM_y          EKCoM_z         
L5  EKComTot         VIRIAL_x         VIRIAL_y         VIRIAL_z        
L6  VIRIAL_tot       E_pot            E_vdw            E_el            
L7  E_hbon           E_bon            E_angle          E_dih           
L8  E_14vdw          E_14el           E_const          E_pol           
L9  AV_permMoment    AV_indMoment     AV_totMoment     Density          dV/dlambda      
L0     1000  0.2000000000E+01  -.7108398758E+04  0.1609600791E+04
L1 0.2915722409E+03  0.2915722409E+03  -.8717999549E+10  0.1000000000E+01
L2 0.1000000000E+01  0.3414368924E+02  0.3414368924E+02  0.3414368924E+02
L3 0.3064365536E+05  -.7788774699E+03  -.1238134125E+04  -.3882165300E+03
L4 -.8017427083E+03  0.2721305548E+03  0.2622126440E+03  0.2696627655E+03
L5 0.8040059643E+03  0.4439080600E+03  0.5352768925E+03  0.3552819669E+03
L6 0.1334466919E+04  -.8717999549E+04  0.1318118121E+04  -.1011359696E+05
L7 0.0000000000E+00  0.1929884777E+01  0.9351403960E+01  0.1137941002E+02
L8 0.3910511736E+01  0.4293774644E+02  0.7970334035E+01  0.0000000000E+00
L9 0.0000000000E+00  0.0000000000E+00  0.0000000000E+00  0.9030611342E+00  0.0000000000E+00
L0     2000  0.4000000000E+01  -.7051020095E+04  0.1668403731E+04
L1 0.3022241399E+03  0.3022241399E+03  -.8719423827E+10  0.1000000000E+01
L2 0.1000000000E+01  0.3361008287E+02  0.3361008287E+02  0.3361008287E+02
L3 0.2922730417E+05  -.1378825058E+03  -.4733782479E+03  0.4691362444E+03
L4 -.4737483643E+02  0.2686712607E+03  0.2729630574E+03  0.2857862994E+03
L5 0.8274206175E+03  0.2976750343E+03  0.3725388191E+03  0.1871028489E+03
L6 0.8573167024E+03  -.8719423827E+04  0.1330674073E+04  -.1012380761E+05
L7 0.0000000000E+00  0.3863328959E+01  0.6024996204E+01  0.1248821673E+02
L8 0.3338807927E+01  0.4583423857E+02  0.2160124268E+01  0.0000000000E+00
L9 0.0000000000E+00  0.0000000000E+00  0.0000000000E+00  0.9468233543E+00  0.0000000000E+00
L0     3000  0.6000000000E+01  -.7153160455E+04  0.1619275810E+04
L1 0.2933248289E+03  0.2933248289E+03  -.8772436265E+10  0.1000000000E+01
L2 0.1000000000E+01  0.3331044125E+02  0.3331044125E+02  0.3331044125E+02
L3 0.2845341641E+05  -.6410339321E+03  0.3052101556E+03  -.8326259555E+03
L4 -.3894832440E+03  0.2559258828E+03  0.2653328370E+03  0.2630421008E+03
L5 0.7843008206E+03  0.3871978576E+03  0.2028314033E+03  0.4335486028E+03
L6 0.1023577864E+04  -.8772436265E+04  0.1280788663E+04  -.1012781471E+05
L7 0.0000000000E+00  0.3066848053E+01  0.1166688925E+02  0.1011886360E+02
L8 0.5270389069E+01  0.4179296517E+02  0.2673828688E+01  0.0000000000E+00
L9 0.0000000000E+00  0.0000000000E+00  0.0000000000E+00  0.9725754464E+00  0.0000000000E+00
L0     4000  0.8000000000E+01  -.7048795437E+04  0.1626421316E+04
L1 0.2946192064E+03  0.2946192064E+03  -.8675216753E+10  0.1000000000E+01
L2 0.1000000000E+01  0.3321236622E+02  0.3321236622E+02  0.3321236622E+02
L3 0.2820014642E+05  0.1123644365E+04  0.3844010658E+02  0.8720009747E+03
L4 0.6780284819E+03  0.2829054931E+03  0.2840290071E+03  0.2645633190E+03
L5 0.8314978192E+03  0.5485195144E+02  0.2762272481E+03  0.8758302449E+02
L6 0.4186622241E+03  -.8675216753E+04  0.1352682198E+04  -.1010246225E+05
L7 0.0000000000E+00  0.2181896676E+01  0.7780360033E+01  0.1090741870E+02
L8 0.4985199453E+01  0.4614758459E+02  0.2560842840E+01  0.0000000000E+00
L9 0.0000000000E+00  0.0000000000E+00  0.0000000000E+00  0.9813103010E+00  0.0000000000E+00
L0     5000  0.1000000000E+02  -.7105900410E+04  0.1684978991E+04
L1 0.3052266768E+03  0.3052266768E+03  -.8790879401E+10  0.1000000000E+01
L2 0.1000000000E+01  0.3318554306E+02  0.3318554306E+02  0.3318554306E+02
L3 0.2813331951E+05  0.3950814465E+03  -.1976791456E+03  0.1110348722E+03
L4 0.1028123910E+03  0.2583314253E+03  0.2805459990E+03  0.2843164486E+03
L5 0.8231938729E+03  0.1783361765E+03  0.3205716508E+03  0.2618343445E+03
L6 0.7607421718E+03  -.8790879401E+04  0.1321292061E+04  -.1018486768E+05
L7 0.0000000000E+00  0.2759774826E+01  0.1053045713E+02  0.9823425146E+01
L8 0.4249827954E+01  0.4273695805E+02  0.2595777833E+01  0.0000000000E+00
L9 0.0000000000E+00  0.0000000000E+00  0.0000000000E+00  0.9836412714E+00  0.0000000000E+00
L0     6000  0.1200000000E+02  -.7111745772E+04  0.1690598246E+04
L1 0.3062445805E+03  0.3062445805E+03  -.8802344018E+10  0.1000000000E+01
L2 0.1000000000E+01  0.3313642207E+02  0.3313642207E+02  0.3313642207E+02
L3 0.2800840322E+05  0.7739877220E+02  0.5525789920E+03  -.1138739819E+03
L4 0.1720345941E+03  0.2765527452E+03  0.2791625953E+03  0.3048100158E+03
L5 0.8605253562E+03  0.2609507909E+03  0.1677743660E+03  0.3277646003E+03
L6 0.7564897573E+03  -.8802344018E+04  0.1322425439E+04  -.1019664303E+05
L7 0.0000000000E+00  0.3190362275E+01  0.9848729799E+01  0.9769982907E+01
L8 0.2757683142E+01  0.4206741515E+02  0.4239402648E+01  0.0000000000E+00
L9 0.0000000000E+00  0.0000000000E+00  0.0000000000E+00  0.9880282697E+00  0.0000000000E+00
L0     7000  0.1400000000E+02  -.7128977776E+04  0.1643088191E+04
L1 0.2976383389E+03  0.2976383389E+03  -.8772065966E+10  0.1000000000E+01
L2 0.1000000000E+01  0.3311873159E+02  0.3311873159E+02  0.3311873159E+02
L3 0.2796395683E+05  0.3333014303E+02  0.3786250836E+03  -.3625657184E+03
L4 0.1646316940E+02  0.2680725989E+03  0.2646105884E+03  0.2780198731E+03
L5 0.8107030604E+03  0.2613646093E+03  0.1884089015E+03  0.3509894690E+03
L6 0.8007629798E+03  -.8772065966E+04  0.1299747587E+04  -.1014281103E+05
L7 0.0000000000E+00  0.1265013456E+01  0.7179440330E+01  0.9931355490E+01
L8 0.4064823901E+01  0.4651297711E+02  0.2043868050E+01  0.0000000000E+00
L9 0.0000000000E+00  0.0000000000E+00  0.0000000000E+00  0.9895986586E+00  0.0000000000E+00
L0     8000  0.1600000000E+02  -.7131135154E+04  0.1669652853E+04
L1 0.3024504129E+03  0.3024504129E+03  -.8800788007E+10  0.1000000000E+01
L2 0.1000000000E+01  0.3316562977E+02  0.3316562977E+02  0.3316562977E+02
L3 0.2808332165E+05  -.1617863262E+03  0.1265526182E+03  -.3949483069E+03
L4 -.1433940049E+03  0.2714749213E+03  0.2812707055E+03  0.2761231064E+03
L5 0.8288687332E+03  0.3041748546E+03  0.2556921398E+03  0.3559492797E+03
L6 0.9158162741E+03  -.8800788007E+04  0.1282168486E+04  -.1015067148E+05
L7 0.0000000000E+00  0.2854710359E+01  0.7040430846E+01  0.1005906614E+02
L8 0.2307406019E+01  0.4309983489E+02  0.2353539566E+01  0.0000000000E+00
L9 0.0000000000E+00  0.0000000000E+00  0.0000000000E+00  0.9853924870E+00  0.0000000000E+00
L0     9000  0.1800000000E+02  -.7144784605E+04  0.1605741663E+04
L1 0.2908731765E+03  0.2908731765E+03  -.8750526268E+10  0.1000000000E+01
L2 0.1000000000E+01  0.3324055116E+02  0.3324055116E+02  0.3324055116E+02
L3 0.2827457676E+05  -.5909273174E+03  -.6442468784E+03  0.2060035672E+03
L4 -.3430568762E+03  0.2653487936E+03  0.2828618431E+03  0.2600230766E+03
L5 0.8082337133E+03  0.3855992574E+03  0.4139625447E+03  0.2181024820E+03
L6 0.1017664284E+04  -.8750526268E+04  0.1248485778E+04  -.1007540615E+05
L7 0.0000000000E+00  0.5336308349E+01  0.1112178688E+02  0.1225283574E+02
L8 0.2267986756E+01  0.4204275977E+02  0.3372428080E+01  0.0000000000E+00
L9 0.0000000000E+00  0.0000000000E+00  0.0000000000E+00  0.9787270875E+00  0.0000000000E+00
L0    10000  0.2000000000E+02  -.7092630349E+04  0.1639357045E+04
L1 0.2969624580E+03  0.2969624580E+03  -.8731987394E+10  0.1000000000E+01
L2 0.1000000000E+01  0.3314375881E+02  0.3314375881E+02  0.3314375881E+02
L3 0.2802792959E+05  -.1393290461E+03  -.6229861148E+03  0.1765765058E+03
L4 -.1952462184E+03  0.2580094612E+03  0.2703546029E+03  0.2783959721E+03
L5 0.8067600363E+03  0.2861148283E+03  0.3960229680E+03  0.2427770710E+03
L6 0.9249148674E+03  -.8731987394E+04  0.1256725679E+04  -.1006530946E+05
L7 0.0000000000E+00  0.2165123850E+01  0.1151273192E+02  0.1291914409E+02
L8 0.3275794016E+01  0.4497160904E+02  0.1751980767E+01  0.0000000000E+00
L9 0.0000000000E+00  0.0000000000E+00  0.0000000000E+00  0.9873399344E+00  0.0000000000E+00
