L0  Nsteps           time(ps)         Etot             EKinetic        
L1  Temp             T_solute         T_solv           Pres_scal_solu  
L2  Pres_scal_solv   BoxX             BoxY             BoxZ            
L3  volume           pres_X           pres_Y           pres_Z          
L4  Pressure         EKCoM_x          EKCoM_y          EKCoM_z         
L5  EKComTot         VIRIAL_x         VIRIAL_y         VIRIAL_z        
L6  VIRIAL_tot       E_pot            E_vdw            E_el            
L7  E_hbon           E_bon            E_angle          E_dih           
L8  E_14vdw          E_14el           E_const          E_pol           
L9  AV_permMoment    AV_indMoment     AV_totMoment     Density          dV/dlambda      
L0     1000  0.2000000000E+01  -.7160316545E+04  0.1622193964E+04
L1 0.2910249040E+03  0.2910249040E+03  -.8782510508E+10  0.1000000000E+01
L2 0.1000000000E+01  0.3429316263E+02  0.3429316263E+02  0.3429316263E+02
L3 0.3104688845E+05  -.6419733097E+03  -.1241428356E+04  0.5444664688E+03
L4 -.4463117323E+03  0.2568071953E+03  0.2795114401E+03  0.2848347611E+03
L5 0.8211533965E+03  0.4002542495E+03  0.5569049670E+03  0.1631753247E+03
L6 0.1120334541E+04  -.8782510508E+04  0.1364846330E+04  -.1022016210E+05
L7 0.0000000000E+00  0.3003342707E+01  0.6794307191E+01  0.1092226333E+02
L8 0.4442725796E+01  0.4604094039E+02  0.1601678491E+01  0.0000000000E+00
L9 0.0000000000E+00  0.0000000000E+00  0.0000000000E+00  0.9000046868E+00  0.0000000000E+00
L0     2000  0.4000000000E+01  -.7110478735E+04  0.1710006447E+04
L1 0.3067786426E+03  0.3067786426E+03  -.8820485183E+10  0.1000000000E+01
L2 0.1000000000E+01  0.3383061278E+02  0.3383061278E+02  0.3383061278E+02
L3 0.2980834577E+05  -.1384620627E+04  -.1747035008E+03  -.7721922646E+03
L4 -.7771721307E+03  0.2882921783E+03  0.2809924139E+03  0.2899388478E+03
L5 0.8592234400E+03  0.5853392342E+03  0.3184721102E+03  0.4555997042E+03
L6 0.1359411049E+04  -.8820485183E+04  0.1252745733E+04  -.1014541393E+05
L7 0.0000000000E+00  0.1166435677E+01  0.1050770359E+02  0.1144692845E+02
L8 0.1973780335E+01  0.4395245929E+02  0.3135703775E+01  0.0000000000E+00
L9 0.0000000000E+00  0.0000000000E+00  0.0000000000E+00  0.9374000602E+00  0.0000000000E+00
L0     3000  0.6000000000E+01  -.7226425744E+04  0.1637624969E+04
L1 0.2937932578E+03  0.2937932578E+03  -.8864050713E+10  0.1000000000E+01
L2 0.1000000000E+01  0.3342782422E+02  0.3342782422E+02  0.3342782422E+02
L3 0.2875379644E+05  -.1101262906E+03  0.4948826594E+03  0.1813147659E+03
L4 0.1886903783E+03  0.2479850965E+03  0.2659919046E+03  0.3002673679E+03
L5 0.8142443690E+03  0.2707750157E+03  0.1635791587E+03  0.2627454571E+03
L6 0.6970996315E+03  -.8864050713E+04  0.1354805464E+04  -.1029042025E+05
L7 0.0000000000E+00  0.2845484186E+01  0.1123095637E+02  0.1039790619E+02
L8 0.2196877572E+01  0.4255901461E+02  0.2333834174E+01  0.0000000000E+00
L9 0.0000000000E+00  0.0000000000E+00  0.0000000000E+00  0.9717793329E+00  0.0000000000E+00
L0     4000  0.8000000000E+01  -.7184762744E+04  0.1671529343E+04
L1 0.2998757716E+03  0.2998757716E+03  -.8856292087E+10  0.1000000000E+01
L2 0.1000000000E+01  0.3332702162E+02  0.3332702162E+02  0.3332702162E+02
L3 0.2849592622E+05  -.3056551028E+03  -.6838335573E+03  -.1793654865E+03
L4 -.3896180489E+03  0.2680835586E+03  0.2626629514E+03  0.3030039193E+03
L5 0.8337504293E+03  0.3307696235E+03  0.4029087199E+03  0.3397895526E+03
L6 0.1073467896E+04  -.8856292087E+04  0.1253345094E+04  -.1018210066E+05
L7 0.0000000000E+00  0.2228094728E+01  0.9173663824E+01  0.1087090298E+02
L8 0.4312043842E+01  0.4393950221E+02  0.1939275589E+01  0.0000000000E+00
L9 0.0000000000E+00  0.0000000000E+00  0.0000000000E+00  0.9805733248E+00  0.0000000000E+00
L0     5000  0.1000000000E+02  -.7193940843E+04  0.1657677482E+04
L1 0.2973907195E+03  0.2973907195E+03  -.8851618325E+10  0.1000000000E+01
L2 0.1000000000E+01  0.3327396391E+02  0.3327396391E+02  0.3327396391E+02
L3 0.2835716102E+05  0.4047669400E+03  0.1090675413E+04  0.7541939969E+03
L4 0.7498787831E+03  0.2823814593E+03  0.2997527375E+03  0.2730396872E+03
L5 0.8551738840E+03  0.1997730303E+03  0.7715802088E+02  0.1191170837E+03
L6 0.3960481349E+03  -.8851618325E+04  0.1401526832E+04  -.1032714663E+05
L7 0.0000000000E+00  0.2789938541E+01  0.7044627596E+01  0.1144123548E+02
L8 0.3597732171E+01  0.4571873244E+02  0.3409207047E+01  0.0000000000E+00
L9 0.0000000000E+00  0.0000000000E+00  0.0000000000E+00  0.9853717409E+00  0.0000000000E+00
L0     6000  0.1200000000E+02  -.7191774711E+04  0.1655372714E+04
L1 0.2969772394E+03  0.2969772394E+03  -.8847147424E+10  0.1000000000E+01
L2 0.1000000000E+01  0.3323158909E+02  0.3323158909E+02  0.3323158909E+02
L3 0.2825172732E+05  -.3181038153E+03  0.3620745580E+03  -.1089741903E+04
L4 -.3485903868E+03  0.2732502776E+03  0.2812272845E+03  0.2825429676E+03
L5 0.8370205297E+03  0.3379303450E+03  0.2076066434E+03  0.5041202527E+03
L6 0.1049657241E+04  -.8847147424E+04  0.1251235575E+04  -.1017513743E+05
L7 0.0000000000E+00  0.2828435500E+01  0.8045939427E+01  0.1087624038E+02
L8 0.4732715295E+01  0.4678950189E+02  0.3481599964E+01  0.0000000000E+00
L9 0.0000000000E+00  0.0000000000E+00  0.0000000000E+00  0.9890490871E+00  0.0000000000E+00
L0     7000  0.1400000000E+02  -.7135992306E+04  0.1712434250E+04
L1 0.3072141953E+03  0.3072141953E+03  -.8848426556E+10  0.1000000000E+01
L2 0.1000000000E+01  0.3324142444E+02  0.3324142444E+02  0.3324142444E+02
L3 0.2827633355E+05  -.1078681642E+03  -.4813752420E+03  0.1211324274E+03
L4 -.1560369930E+03  0.2932423508E+03  0.2682232344E+03  0.2660404878E+03
L5 0.8275060729E+03  0.3151942936E+03  0.3661865388E+03  0.2413891725E+03
L6 0.9227700049E+03  -.8848426556E+04  0.1279285798E+04  -.1020509176E+05
L7 0.0000000000E+00  0.2845629005E+01  0.9950155394E+01  0.1047768580E+02
L8 0.4797369902E+01  0.4770706224E+02  0.1601501077E+01  0.0000000000E+00
L9 0.0000000000E+00  0.0000000000E+00  0.0000000000E+00  0.9881884111E+00  0.0000000000E+00
L0     8000  0.1600000000E+02  -.7213181090E+04  0.1665082028E+04
L1 0.2987191101E+03  0.2987191101E+03  -.8878263118E+10  0.1000000000E+01
L2 0.1000000000E+01  0.3327093880E+02  0.3327093880E+02  0.3327093880E+02
L3 0.2835138137E+05  -.4448120618E+03  0.7150591134E+02  0.3048912481E+03
L4 -.2280496745E+02  0.2774753348E+03  0.2547463789E+03  0.2858676211E+03
L5 0.8180893348E+03  0.3682380249E+03  0.2401557924E+03  0.2236553920E+03
L6 0.8320492093E+03  -.8878263118E+04  0.1317002146E+04  -.1026898801E+05
L7 0.0000000000E+00  0.2062697356E+01  0.8741524469E+01  0.1059766271E+02
L8 0.3629032330E+01  0.4564471863E+02  0.3047106226E+01  0.0000000000E+00
L9 0.0000000000E+00  0.0000000000E+00  0.0000000000E+00  0.9855726164E+00  0.0000000000E+00
L0     9000  0.1800000000E+02  -.7219921643E+04  0.1674575159E+04
L1 0.3004221973E+03  0.3004221973E+03  -.8894496802E+10  0.1000000000E+01
L2 0.1000000000E+01  0.3323001174E+02  0.3323001174E+02  0.3323001174E+02
L3 0.2824746675E+05  -.9962632336E+03  0.3484464506E+03  -.1147784333E+03
L4 -.2541984054E+03  0.2734874646E+03  0.2863102316E+03  0.2801083061E+03
L5 0.8399060022E+03  0.4760271772E+03  0.2154712790E+03  0.3034426921E+03
L6 0.9949411483E+03  -.8894496802E+04  0.1277398424E+04  -.1024817469E+05
L7 0.0000000000E+00  0.4245899333E+01  0.9149790665E+01  0.1128258325E+02
L8 0.2933256853E+01  0.4428157044E+02  0.4386360229E+01  0.0000000000E+00
L9 0.0000000000E+00  0.0000000000E+00  0.0000000000E+00  0.9891982658E+00  0.0000000000E+00
L0    10000  0.2000000000E+02  -.7151570115E+04  0.1656766008E+04
L1 0.2972271992E+03  0.2972271992E+03  -.8808336123E+10  0.1000000000E+01
L2 0.1000000000E+01  0.3332726695E+02  0.3332726695E+02  0.3332726695E+02
L3 0.2849449873E+05  0.6233022200E+03  0.4600776544E+03  0.1753315149E+03
L4 0.4195704631E+03  0.2952358831E+03  0.2584599607E+03  0.2713813364E+03
L5 0.8250771802E+03  0.1674107436E+03  0.1641084753E+03  0.2354248218E+03
L6 0.5669440408E+03  -.8808336123E+04  0.1348065927E+04  -.1023978275E+05
L7 0.0000000000E+00  0.5255693709E+01  0.1278537208E+02  0.1317181124E+02
L8 0.3317453565E+01  0.4523098795E+02  0.3619383402E+01  0.0000000000E+00
L9 0.0000000000E+00  0.0000000000E+00  0.0000000000E+00  0.9806224485E+00  0.0000000000E+00
