L0  Nsteps           time(ps)         Etot             EKinetic        
L1  Temp             T_solute         T_solv           Pres_scal_solu  
L2  Pres_scal_solv   BoxX             BoxY             BoxZ            
L3  volume           pres_X           pres_Y           pres_Z          
L4  Pressure         EKCoM_x          EKCoM_y          EKCoM_z         
L5  EKComTot         VIRIAL_x         VIRIAL_y         VIRIAL_z        
L6  VIRIAL_tot       E_pot            E_vdw            E_el            
L7  E_hbon           E_bon            E_angle          E_dih           
L8  E_14vdw          E_14el           E_const          E_pol           
L9  AV_permMoment    AV_indMoment     AV_totMoment     Density          dV/dlambda      
L0     1000  0.2000000000E+01  -.7577856018E+04  0.1789206821E+04
L1 0.2998233500E+03  0.2998233500E+03  -.9367062839E+10  0.1000000000E+01
L2 0.1000000000E+01  0.3499281509E+02  0.3499281509E+02  0.3499281509E+02
L3 0.3298673140E+05  -.5245304110E+03  -.7063833404E+03  -.6635720387E+03
L4 -.6314952634E+03  0.2765231024E+03  0.3166037594E+03  0.3211423964E+03
L5 0.9142692582E+03  0.4010509658E+03  0.4843050143E+03  0.4786798937E+03
L6 0.1364035874E+04  -.9367062839E+04  0.1391812228E+04  -.1083024521E+05
L7 0.0000000000E+00  0.1758619659E+01  0.5550839565E+01  0.1075062292E+02
L8 0.3336506966E+01  0.4730051390E+02  0.2673044849E+01  0.0000000000E+00
L9 0.0000000000E+00  0.0000000000E+00  0.0000000000E+00  0.9069359353E+00  0.0000000000E+00
L0     2000  0.4000000000E+01  -.7593133815E+04  0.1787550824E+04
L1 0.2995458490E+03  0.2995458490E+03  -.9380684639E+10  0.1000000000E+01
L2 0.1000000000E+01  0.3446662713E+02  0.3446662713E+02  0.3446662713E+02
L3 0.3152148442E+05  -.1187822447E+04  -.3820829309E+03  -.9181398080E+03
L4 -.8293483952E+03  0.3001880741E+03  0.3005090846E+03  0.3035909620E+03
L5 0.9042881206E+03  0.5696607712E+03  0.3871894788E+03  0.5118827072E+03
L6 0.1468732957E+04  -.9380684639E+04  0.1312511651E+04  -.1076562406E+05
L7 0.0000000000E+00  0.5926423889E+01  0.7348953636E+01  0.1139495123E+02
L8 0.3158966196E+01  0.4351755361E+02  0.1080917414E+01  0.0000000000E+00
L9 0.0000000000E+00  0.0000000000E+00  0.0000000000E+00  0.9490940116E+00  0.0000000000E+00
L0     3000  0.6000000000E+01  -.7766333539E+04  0.1758202877E+04
L1 0.2946279157E+03  0.2946279157E+03  -.9524536417E+10  0.1000000000E+01
L2 0.1000000000E+01  0.3429596106E+02  0.3429596106E+02  0.3429596106E+02
L3 0.3105330487E+05  -.1587755634E+03  -.2167489247E+03  0.3197088444E+03
L4 -.1860521457E+02  0.3014134300E+03  0.2834331110E+03  0.3043772550E+03
L5 0.8892237960E+03  0.3368986963E+03  0.3318750322E+03  0.2329244870E+03
L6 0.9016982155E+03  -.9524536417E+04  0.1454197770E+04  -.1105565711E+05
L7 0.0000000000E+00  0.3688967319E+01  0.9951202250E+01  0.1463570068E+02
L8 0.1946641134E+01  0.4469065749E+02  0.2009751128E+01  0.0000000000E+00
L9 0.0000000000E+00  0.0000000000E+00  0.0000000000E+00  0.9634031618E+00  0.0000000000E+00
L0     4000  0.8000000000E+01  -.7761878708E+04  0.1771327352E+04
L1 0.2968272276E+03  0.2968272276E+03  -.9533206060E+10  0.1000000000E+01
L2 0.1000000000E+01  0.3415046586E+02  0.3415046586E+02  0.3415046586E+02
L3 0.3065789892E+05  0.5609166045E+03  0.7725287290E+03  0.6555869846E+03
L4 0.6630107727E+03  0.2874723038E+03  0.3011276059E+03  0.2992451640E+03
L5 0.8878450738E+03  0.1637074696E+03  0.1306710901E+03  0.1545915492E+03
L6 0.4489701090E+03  -.9533206060E+04  0.1528243728E+04  -.1113934682E+05
L7 0.0000000000E+00  0.2461944112E+01  0.1212603259E+02  0.1033704303E+02
L8 0.4140722829E+01  0.4688808880E+02  0.1943202989E+01  0.0000000000E+00
L9 0.0000000000E+00  0.0000000000E+00  0.0000000000E+00  0.9758285190E+00  0.0000000000E+00
L0     5000  0.1000000000E+02  -.7825665648E+04  0.1774430684E+04
L1 0.2973472634E+03  0.2973472634E+03  -.9600096332E+10  0.1000000000E+01
L2 0.1000000000E+01  0.3410002829E+02  0.3410002829E+02  0.3410002829E+02
L3 0.3052604754E+05  -.5216728434E+03  -.1051909734E+04  -.6089447268E+03
L4 -.7275091014E+03  0.3035463326E+03  0.2832944416E+03  0.3092857963E+03
L5 0.8961265704E+03  0.4181570908E+03  0.5143974666E+03  0.4430700592E+03
L6 0.1375624617E+04  -.9600096332E+04  0.1344490018E+04  -.1101628931E+05
L7 0.0000000000E+00  0.3409642585E+01  0.6777639467E+01  0.1116424361E+02
L8 0.3078363649E+01  0.4411925118E+02  0.3153820527E+01  0.0000000000E+00
L9 0.0000000000E+00  0.0000000000E+00  0.0000000000E+00  0.9800434222E+00  0.0000000000E+00
L0     6000  0.1200000000E+02  -.7840163289E+04  0.1752971207E+04
L1 0.2937512274E+03  0.2937512274E+03  -.9593134496E+10  0.1000000000E+01
L2 0.1000000000E+01  0.3402783625E+02  0.3402783625E+02  0.3402783625E+02
L3 0.3033214338E+05  0.7207106503E+02  -.5435822879E+03  -.1226208897E+04
L4 -.5659067064E+03  0.2890689665E+03  0.2998363443E+03  0.2867830406E+03
L5 0.8756883514E+03  0.2733356377E+03  0.4185019820E+03  0.5544681067E+03
L6 0.1246305726E+04  -.9593134496E+04  0.1361378616E+04  -.1102970010E+05
L7 0.0000000000E+00  0.2199455027E+01  0.1054374966E+02  0.1057220628E+02
L8 0.3234845155E+01  0.4601331129E+02  0.2623418669E+01  0.0000000000E+00
L9 0.0000000000E+00  0.0000000000E+00  0.0000000000E+00  0.9863085416E+00  0.0000000000E+00
L0     7000  0.1400000000E+02  -.7721863176E+04  0.1741941969E+04
L1 0.2919030211E+03  0.2919030211E+03  -.9463805145E+10  0.1000000000E+01
L2 0.1000000000E+01  0.3398463553E+02  0.3398463553E+02  0.3398463553E+02
L3 0.3021509425E+05  0.6947590023E+03  -.5938975045E+03  0.5951607656E+02
L4 0.5345919144E+02  0.3124810719E+03  0.2658243267E+03  0.2909779237E+03
L5 0.8692833223E+03  0.1613983793E+03  0.3949736199E+03  0.2780355234E+03
L6 0.8344075226E+03  -.9463805145E+04  0.1381031080E+04  -.1092414844E+05
L7 0.0000000000E+00  0.4006886406E+01  0.1262859024E+02  0.1149567383E+02
L8 0.2708891029E+01  0.4379546632E+02  0.4676703857E+01  0.0000000000E+00
L9 0.0000000000E+00  0.0000000000E+00  0.0000000000E+00  0.9901293655E+00  0.0000000000E+00
L0     8000  0.1600000000E+02  -.7829015474E+04  0.1695536341E+04
L1 0.2841266755E+03  0.2841266755E+03  -.9524551816E+10  0.1000000000E+01
L2 0.1000000000E+01  0.3401366900E+02  0.3401366900E+02  0.3401366900E+02
L3 0.3029160087E+05  -.1100765253E+03  0.1656586548E+03  0.1213842244E+04
L4 0.4231414580E+03  0.2578290979E+03  0.2844366594E+03  0.2804693074E+03
L5 0.8227350648E+03  0.2818270133E+03  0.2483212173E+03  0.1583810281E+02
L6 0.5459863334E+03  -.9524551816E+04  0.1486911548E+04  -.1108696215E+05
L7 0.0000000000E+00  0.1846832869E+01  0.9210978376E+01  0.1411799355E+02
L8 0.3342931527E+01  0.4572409360E+02  0.1255953673E+01  0.0000000000E+00
L9 0.0000000000E+00  0.0000000000E+00  0.0000000000E+00  0.9876286242E+00  0.0000000000E+00
L0     9000  0.1800000000E+02  -.7637949452E+04  0.1814176474E+04
L1 0.3040075979E+03  0.3040075979E+03  -.9452125926E+10  0.1000000000E+01
L2 0.1000000000E+01  0.3403680038E+02  0.3403680038E+02  0.3403680038E+02
L3 0.3035316238E+05  0.4596105322E+03  0.5458081317E+03  0.5753378223E+03
L4 0.5269188288E+03  0.2973445081E+03  0.3174968995E+03  0.2829140771E+03
L5 0.8977554847E+03  0.1969406278E+03  0.1982627860E+03  0.1572290768E+03
L6 0.5524324906E+03  -.9452125926E+04  0.1452742187E+04  -.1098462522E+05
L7 0.0000000000E+00  0.3031713245E+01  0.1617297231E+02  0.1065295031E+02
L8 0.2404582364E+01  0.4471060302E+02  0.2784286533E+01  0.0000000000E+00
L9 0.0000000000E+00  0.0000000000E+00  0.0000000000E+00  0.9856255412E+00  0.0000000000E+00
L0    10000  0.2000000000E+02  -.7749762270E+04  0.1794786779E+04
L1 0.3007584022E+03  0.3007584022E+03  -.9544549049E+10  0.1000000000E+01
L2 0.1000000000E+01  0.3407599177E+02  0.3407599177E+02  0.3407599177E+02
L3 0.3045947571E+05  0.2907600978E+03  0.2655705391E+03  -.4584055106E+03
L4 0.3264170878E+02  0.3112039179E+03  0.3012575022E+03  0.3101322042E+03
L5 0.9225936243E+03  0.2474636610E+03  0.2430392854E+03  0.4106235895E+03
L6 0.9011265359E+03  -.9544549049E+04  0.1425484004E+04  -.1104719184E+05
L7 0.0000000000E+00  0.4921804380E+01  0.5968834050E+01  0.1302417121E+02
L8 0.3364606856E+01  0.4724127934E+02  0.2638088886E+01  0.0000000000E+00
L9 0.0000000000E+00  0.0000000000E+00  0.0000000000E+00  0.9821853921E+00  0.0000000000E+00
