-9.913729
-8.245373
-6.487154
-4.144061
-0.762859
-9.375735
3.219899
6.978660
6.246765
3.044739
-0.568169
-3.526803
-6.057223
-8.805599
-10.931648
-11.196840
-9.117220
-10.845396
-10.619132
-10.352219
-9.416044
-9.839379
-10.875149
-9.978303
-4.657170
-2.623059
-3.257571
-3.934740
-4.737991
-2.817991
-5.578472
-5.739126
-5.654509
-6.127882
-6.895710
-7.785389
-8.507195
-9.123970
-10.195409
-10.989138
-0.932040
-9.955717
-8.062962
-6.352171
0.536755
0.439329
-1.424345
-1.968897
-1.540788
-2.327911
-3.101060
-3.673529
-3.509839
0.579900
-5.115926
-5.050739
-4.886500
-5.071192
-5.587786
-6.084418
-6.543284
-6.900947
-7.235589
-7.491425
2.497355
-7.039538
-5.387656
-3.550735
3.403275
0.842368
-0.400737
-1.419046
0.367373
-3.801427
-4.211576
-4.652496
-5.461194
2.910335
-6.250717
-6.178177
-5.707593
-5.326384
-5.419455
-5.611568
-4.964871
-6.079735
-6.173709
-6.111800
4.904550
-5.549546
-4.327270
-2.146221
2.545536
-0.090637
-1.621278
-2.745575
-10.618753
-6.704371
-4.330337
-1.127305
2.475360
-9.881886
3.902390
3.638275
1.670035
-1.437204
-4.171964
-6.464406
-9.056882
-11.406260
-12.593245
-12.887431
-9.493172
-12.833515
-12.482202
-11.773052
-10.180029
-11.212150
-10.193394
-8.541084
0.788399
-5.712749
-6.344827
-7.364069
-8.439553
3.824144
-8.790074
-8.669053
-7.867699
-6.844601
-6.537086
-6.620430
-6.528987
-6.688430
-6.775679
-6.856902
2.842521
-6.850151
-4.916892
-2.270286
-0.724979
-3.418166
-4.953252
-5.775755
0.160813
-8.598556
-10.119188
-11.420615
-12.541866
1.077141
-12.880764
-12.297867
-11.001850
-8.912824
-8.600198
-7.843526
-8.072000
-8.313808
-8.648457
-9.121184
-2.148384
-8.720125
-6.415963
-3.331292
-5.236291
-7.491043
-8.139320
-8.125934
-1.678088
-12.701421
-14.030845
-15.048578
-16.063762
-4.315266
-16.547374
-15.771361
-14.216044
-12.442430
-11.033137
-10.198307
-9.974965
-10.173968
-11.590370
-12.239490
-7.113533
-10.722010
-8.004465
-4.556116
-9.630543
-10.747169
-10.997851
-11.623015
-6.190180
-15.929956
-17.149747
-18.234488
-18.930799
-8.555371
-19.042564
-17.937327
-16.364996
-14.491394
-12.871288
-11.095342
-11.759639
-12.952898
-14.051420
-13.844686
-10.996279
-11.976873
-8.926788
-4.184993
-13.104417
-13.531410
-14.061814
-14.849309
-9.373889
-18.000264
-18.959158
-19.663960
-19.949790
-11.477404
-20.503097
-18.551384
-16.792824
-14.955182
-13.495716
-12.754734
-13.064262
-14.406093
-14.422634
-14.037998
-13.584733
-11.992864
-6.363210
-7.490014
-15.326914
-15.689756
-16.342002
-17.075610
-11.540177
-18.943838
-19.474510
-19.739830
-20.077307
-13.353413
-19.244841
-17.859490
-16.062717
-14.421416
-13.312792
-13.048572
-13.722094
-13.852285
-13.846108
-13.248879
-15.172498
-11.240814
-8.533246
-9.827518
-16.706031
-17.352050
-17.859611
-18.319588
-13.116524
-19.164681
-20.116444
-19.273353
-18.890227
-14.635159
-18.015598
-16.519457
-14.824721
-13.467689
-12.565993
-12.619862
-12.740169
-12.748940
-12.760971
-12.360449
-16.200868
-9.737883
-10.254995
-11.607005
-17.725287
-19.016612
-19.000425
-18.990244
-14.344030
-19.573130
-18.884310
-18.405154
-17.687173
-15.566864
-16.636508
-15.113376
-13.460916
-12.373303
-11.421661
-11.166195
-11.159482
-11.306656
-11.638113
-11.013227
-16.816383
-10.683921
-11.677296
-13.042733
-18.574310
-19.947262
-20.343529
-19.615410
-15.197851
-19.118538
-18.232462
-17.463496
-16.591827
-15.882188
-15.463912
-13.847579
-12.016457
-10.522367
-9.564980
-9.174719
-9.243341
-9.686543
-12.281243
-10.759314
-17.413153
-11.401399
-12.753170
-14.124605
-19.817289
-21.752875
-21.702929
-20.269325
-15.035762
-18.723968
-17.348198
-16.397996
-15.465535
-15.631539
-14.180601
-12.252683
-9.945172
-7.986173
-6.816442
-6.550967
-7.031553
-8.223440
-11.070905
-10.664898
-18.146374
-12.003384
-13.568354
-14.826661
-20.072311
-21.949750
-21.958250
-20.495408
-12.208728
-5.503424
-2.705334
-0.547686
1.427097
-11.107939
0.728426
-0.980779
-3.087841
-5.445302
-7.431689
-9.628757
-12.075682
-14.011824
-15.312490
-15.941699
-10.901012
-15.807281
-14.966672
-13.615158
-12.233415
-11.188441
-9.442951
-7.713210
-13.732621
-17.486934
-16.007311
-14.870663
-13.762625
-14.819760
-12.097501
-9.486595
-6.329546
-3.854101
-2.839813
-3.356411
-4.936264
-8.136490
-9.405888
-10.760572
-16.738449
-12.565751
-14.179575
-14.229585
-18.869064
-19.648341
-20.345911
-19.112949
-12.454816
-15.492922
-14.006682
-12.554019
-11.099159
-13.463794
-8.794929
-5.225170
-1.253468
1.225080
1.270105
-0.800480
-3.797648
-6.386365
-8.545870
-10.767260
-14.977034
-12.901121
-13.315511
-12.197980
-16.707420
-17.719009
-17.576114
-16.716351
-11.198320
-13.141873
-11.360755
-9.694541
-7.821076
-11.851054
-4.719568
-0.379775
3.901849
5.697150
3.762638
1.691278
-2.309490
-5.573083
-8.415627
-11.078097
-12.927410
-12.293024
-11.140769
-10.896143
-14.029583
-14.579459
-14.603670
-14.234992
-9.927946
-10.516257
-8.643718
-6.938439
-4.372779
-10.230213
-0.594632
4.013935
7.672181
7.325909
3.350430
-0.564497
-3.801266
-6.616085
-9.492935
-11.335218
-10.572290
-10.716847
-10.151985
-10.008381
-11.071171
-11.602282
-12.092543
-11.904368
-13.217999
-6.041350
-3.195276
-1.858341
-2.107352
-12.142936
-3.713363
-5.476328
-7.105669
-8.727923
-10.311080
-12.176940
-14.256801
-16.314627
-18.005136
-18.780278
-12.903500
-18.245677
-16.711609
-14.910725
-12.253179
-10.370051
-8.872425
-7.473077
-13.244268
-5.558509
-4.292092
-4.259766
-5.277168
-12.665257
-6.851871
-8.081211
-9.051598
-10.188185
-11.526991
-13.078560
-15.018990
-17.379599
-19.427603
-20.246312
-12.169359
-19.231543
-17.211619
-14.975527
-10.304821
-8.637244
-7.593596
-7.971856
-11.565960
-4.813324
-4.782001
-5.342946
-6.441436
-10.575985
-7.666205
-8.319476
-8.802942
-9.644952
-10.815232
-12.187279
-13.865108
-16.135003
-18.325390
-19.244215
-8.843230
-18.068137
-15.799972
-13.359792
-7.009383
-5.597683
-5.194586
-6.950422
-8.340397
-3.782903
-4.210605
-4.909276
-5.873991
-6.681197
-6.831247
-7.156954
-7.317399
-7.944043
-8.922042
-10.135979
-11.144316
-12.751908
-14.788707
-15.821056
-4.835636
-14.488807
-12.031390
-9.827836
-3.099174
-2.150124
-2.950518
-3.603707
