L0  Nsteps           time(ps)         Etot             EKinetic        
L1  Temp             T_solute         T_solv           Pres_scal_solu  
L2  Pres_scal_solv   BoxX             BoxY             BoxZ            
L3  volume           pres_X           pres_Y           pres_Z          
L4  Pressure         EKCoM_x          EKCoM_y          EKCoM_z         
L5  EKComTot         VIRIAL_x         VIRIAL_y         VIRIAL_z        
L6  VIRIAL_tot       E_pot            E_vdw            E_el            
L7  E_hbon           E_bon            E_angle          E_dih           
L8  E_14vdw          E_14el           E_const          E_pol           
L9  AV_permMoment    AV_indMoment     AV_totMoment     Density          dV/dlambda      
L0     1000  0.2000000000E+01  -.6680879592E+04  0.1578816456E+04
L1 0.2989075653E+03  0.2989075653E+03  -.8259696048E+10  0.1000000000E+01
L2 0.1000000000E+01  0.3352527819E+02  0.3352527819E+02  0.3352527819E+02
L3 0.2900817743E+05  -.1131626033E+04  -.2347352354E+03  -.5772210327E+03
L4 -.6478607672E+03  0.2706301783E+03  0.2510125797E+03  0.2570725236E+03
L5 0.7787152816E+03  0.5068846042E+03  0.3000192627E+03  0.3775814371E+03
L6 0.1184485304E+04  -.8259696048E+04  0.1212261264E+04  -.9551992795E+04
L7 0.0000000000E+00  0.1173694184E+01  0.1104457274E+02  0.1090721803E+02
L8 0.3172966220E+01  0.4911054175E+02  0.4626489102E+01  0.0000000000E+00
L9 0.0000000000E+00  0.0000000000E+00  0.0000000000E+00  0.9127227429E+00  0.0000000000E+00
L0     2000  0.4000000000E+01  -.6807840360E+04  0.1548943668E+04
L1 0.2932519349E+03  0.2932519349E+03  -.8356784028E+10  0.1000000000E+01
L2 0.1000000000E+01  0.3305732886E+02  0.3305732886E+02  0.3305732886E+02
L3 0.2780953922E+05  -.3017080093E+03  -.5614670294E+03  -.9274479907E+02
L4 -.3186399459E+03  0.2703214586E+03  0.2780998359E+03  0.2463108540E+03
L5 0.7947321485E+03  0.3307075906E+03  0.3904761108E+03  0.2648735024E+03
L6 0.9860572039E+03  -.8356784028E+04  0.1243151425E+04  -.9671775860E+04
L7 0.0000000000E+00  0.3091892006E+01  0.5258707057E+01  0.1111069654E+02
L8 0.2611041785E+01  0.4454766185E+02  0.5220407830E+01  0.0000000000E+00
L9 0.0000000000E+00  0.0000000000E+00  0.0000000000E+00  0.9520626379E+00  0.0000000000E+00
L0     3000  0.6000000000E+01  -.6893149286E+04  0.1574723972E+04
L1 0.2981327606E+03  0.2981327606E+03  -.8467873259E+10  0.1000000000E+01
L2 0.1000000000E+01  0.3284860831E+02  0.3284860831E+02  0.3284860831E+02
L3 0.2728572241E+05  -.3282682955E+03  -.8027255878E+03  0.6385969387E+03
L4 -.1641323149E+03  0.2545744527E+03  0.2582614500E+03  0.2728056523E+03
L5 0.7856415550E+03  0.3190390058E+03  0.4158988066E+03  0.1473994925E+03
L6 0.8823373049E+03  -.8467873259E+04  0.1270738956E+04  -.9819286095E+04
L7 0.0000000000E+00  0.4564138452E+01  0.1224208465E+02  0.1178572924E+02
L8 0.2821487581E+01  0.4792953156E+02  0.1330909346E+01  0.0000000000E+00
L9 0.0000000000E+00  0.0000000000E+00  0.0000000000E+00  0.9703398310E+00  0.0000000000E+00
L0     4000  0.8000000000E+01  -.6873232476E+04  0.1542939483E+04
L1 0.2921151995E+03  0.2921151995E+03  -.8416171959E+10  0.1000000000E+01
L2 0.1000000000E+01  0.3275294178E+02  0.3275294178E+02  0.3275294178E+02
L3 0.2704856656E+05  -.2166536540E+03  -.8090677438E+03  -.1467842397E+03
L4 -.3908352125E+03  0.2698320375E+03  0.2551216866E+03  0.2811004891E+03
L5 0.8060542132E+03  0.3120081797E+03  0.4126235592E+03  0.3096750959E+03
L6 0.1034306835E+04  -.8416171959E+04  0.1210525243E+04  -.9704949917E+04
L7 0.0000000000E+00  0.2274783370E+01  0.9497756331E+01  0.1193652702E+02
L8 0.3787609798E+01  0.4871623358E+02  0.2039805282E+01  0.0000000000E+00
L9 0.0000000000E+00  0.0000000000E+00  0.0000000000E+00  0.9788475559E+00  0.0000000000E+00
L0     5000  0.1000000000E+02  -.6810020917E+04  0.1610605088E+04
L1 0.3049259106E+03  0.3049259106E+03  -.8420626005E+10  0.1000000000E+01
L2 0.1000000000E+01  0.3271227802E+02  0.3271227802E+02  0.3271227802E+02
L3 0.2694593717E+05  0.1648970013E+03  0.6971576944E+03  0.4736382911E+03
L4 0.4452309956E+03  0.2732634706E+03  0.2875505979E+03  0.2640790254E+03
L5 0.8248930940E+03  0.2412846362E+03  0.1523492885E+03  0.1722253205E+03
L6 0.5658592452E+03  -.8420626005E+04  0.1321547243E+04  -.9818392071E+04
L7 0.0000000000E+00  0.2424508829E+01  0.8345219089E+01  0.1103499922E+02
L8 0.3064719294E+01  0.4742778021E+02  0.3921595576E+01  0.0000000000E+00
L9 0.0000000000E+00  0.0000000000E+00  0.0000000000E+00  0.9825757074E+00  0.0000000000E+00
L0     6000  0.1200000000E+02  -.6856880234E+04  0.1568228396E+04
L1 0.2969029932E+03  0.2969029932E+03  -.8425108630E+10  0.1000000000E+01
L2 0.1000000000E+01  0.3265899611E+02  0.3265899611E+02  0.3265899611E+02
L3 0.2681434389E+05  0.6452629788E+03  0.5853475134E+03  0.2789401328E+03
L4 0.5031835417E+03  0.2621077824E+03  0.2716494616E+03  0.2519515675E+03
L5 0.7857088115E+03  0.1375816489E+03  0.1586861195E+03  0.1981202811E+03
L6 0.4943880495E+03  -.8425108630E+04  0.1305097659E+04  -.9801867121E+04
L7 0.0000000000E+00  0.1969567858E+01  0.8003854715E+01  0.1334330234E+02
L8 0.3234536693E+01  0.4313729068E+02  0.1972280129E+01  0.0000000000E+00
L9 0.0000000000E+00  0.0000000000E+00  0.0000000000E+00  0.9873977666E+00  0.0000000000E+00
L0     7000  0.1400000000E+02  -.6934462798E+04  0.1562173227E+04
L1 0.2957566056E+03  0.2957566056E+03  -.8496636025E+10  0.1000000000E+01
L2 0.1000000000E+01  0.3254680815E+02  0.3254680815E+02  0.3254680815E+02
L3 0.2654080803E+05  -.6692377758E+03  -.9178003261E+03  0.7541979058E+03
L4 -.2776133987E+03  0.2581997504E+03  0.2696761987E+03  0.2554433237E+03
L5 0.7833192728E+03  0.3860351601E+03  0.4449911391E+03  0.1113791333E+03
L6 0.9424054326E+03  -.8496636025E+04  0.1230290812E+04  -.9796276733E+04
L7 0.0000000000E+00  0.8967162797E+00  0.4589314894E+01  0.1131796794E+02
L8 0.3033431121E+01  0.4767097300E+02  0.1841492493E+01  0.0000000000E+00
L9 0.0000000000E+00  0.0000000000E+00  0.0000000000E+00  0.9975741222E+00  0.0000000000E+00
L0     8000  0.1600000000E+02  -.6847201152E+04  0.1636173028E+04
L1 0.3097665306E+03  0.3097665306E+03  -.8483374180E+10  0.1000000000E+01
L2 0.1000000000E+01  0.3264851672E+02  0.3264851672E+02  0.3264851672E+02
L3 0.2678924850E+05  -.4893745178E+03  0.8238749917E+03  0.2857590639E+03
L4 0.2067531793E+03  0.2812409087E+03  0.2871492499E+03  0.2667694435E+03
L5 0.8351596021E+03  0.3755945059E+03  0.1283024642E+03  0.2116738171E+03
L6 0.7155707872E+03  -.8483374180E+04  0.1285778361E+04  -.9845020856E+04
L7 0.0000000000E+00  0.4958197891E+01  0.7078109682E+01  0.1180476702E+02
L8 0.2466569364E+01  0.4601029332E+02  0.3550377209E+01  0.0000000000E+00
L9 0.0000000000E+00  0.0000000000E+00  0.0000000000E+00  0.9883227322E+00  0.0000000000E+00
L0     9000  0.1800000000E+02  -.6972876639E+04  0.1519267502E+04
L1 0.2876335298E+03  0.2876335298E+03  -.8492144141E+10  0.1000000000E+01
L2 0.1000000000E+01  0.3262056205E+02  0.3262056205E+02  0.3262056205E+02
L3 0.2672182148E+05  -.9920555734E+03  -.2574180123E+03  0.1989874214E+03
L4 -.3501620548E+03  0.2574890002E+03  0.2365556837E+03  0.2518080684E+03
L5 0.7458527522E+03  0.4482803320E+03  0.2860621093E+03  0.2135389672E+03
L6 0.9478814084E+03  -.8492144141E+04  0.1231205308E+04  -.9797575893E+04
L7 0.0000000000E+00  0.2232433833E+01  0.7667806116E+01  0.1289627848E+02
L8 0.3284488049E+01  0.4647792081E+02  0.1667516976E+01  0.0000000000E+00
L9 0.0000000000E+00  0.0000000000E+00  0.0000000000E+00  0.9908165615E+00  0.0000000000E+00
L0    10000  0.2000000000E+02  -.6909266344E+04  0.1572174674E+04
L1 0.2976501177E+03  0.2976501177E+03  -.8481441018E+10  0.1000000000E+01
L2 0.1000000000E+01  0.3265538363E+02  0.3265538363E+02  0.3265538363E+02
L3 0.2680712451E+05  0.2226579139E+03  -.3477733577E+03  -.4701562106E+03
L4 -.1984238848E+03  0.2659132197E+03  0.2532507898E+03  0.2515105564E+03
L5 0.7706745659E+03  0.2229551313E+03  0.3203477925E+03  0.3422192660E+03
L6 0.8855221898E+03  -.8481441018E+04  0.1255246490E+04  -.9807022005E+04
L7 0.0000000000E+00  0.3316339598E+01  0.8618010257E+01  0.1139696358E+02
L8 0.2093080091E+01  0.4175130201E+02  0.3158800697E+01  0.0000000000E+00
L9 0.0000000000E+00  0.0000000000E+00  0.0000000000E+00  0.9876636810E+00  0.0000000000E+00
