L0  Nsteps           time(ps)         Etot             EKinetic        
L1  Temp             T_solute         T_solv           Pres_scal_solu  
L2  Pres_scal_solv   BoxX             BoxY             BoxZ            
L3  volume           pres_X           pres_Y           pres_Z          
L4  Pressure         EKCoM_x          EKCoM_y          EKCoM_z         
L5  EKComTot         VIRIAL_x         VIRIAL_y         VIRIAL_z        
L6  VIRIAL_tot       E_pot            E_vdw            E_el            
L7  E_hbon           E_bon            E_angle          E_dih           
L8  E_14vdw          E_14el           E_const          E_pol           
L9  AV_permMoment    AV_indMoment     AV_totMoment     Density          dV/dlambda      
L0     1000  0.2000000000E+01  -.6872311062E+04  0.1646011550E+04
L1 0.3034104053E+03  0.3034104053E+03  -.8518322612E+10  0.1000000000E+01
L2 0.1000000000E+01  0.3408164458E+02  0.3408164458E+02  0.3408164458E+02
L3 0.3047656790E+05  -.9464533760E+03  -.2150044285E+03  -.8716265851E+03
L4 -.6776947965E+03  0.2743878564E+03  0.2595852030E+03  0.2932761428E+03
L5 0.8272492022E+03  0.4819852336E+03  0.3067447955E+03  0.4844608303E+03
L6 0.1273190859E+04  -.8518322612E+04  0.1265138999E+04  -.9864970384E+04
L7 0.0000000000E+00  0.6585714158E+01  0.1334873808E+02  0.1103924847E+02
L8 0.2556130486E+01  0.4173735183E+02  0.6241589658E+01  0.0000000000E+00
L9 0.0000000000E+00  0.0000000000E+00  0.0000000000E+00  0.8923060464E+00  0.0000000000E+00
L0     2000  0.4000000000E+01  -.6915490238E+04  0.1637112268E+04
L1 0.3017699947E+03  0.3017699947E+03  -.8552602506E+10  0.1000000000E+01
L2 0.1000000000E+01  0.3342744097E+02  0.3342744097E+02  0.3342744097E+02
L3 0.2875351456E+05  -.2078395808E+03  -.1497473295E+03  0.9657016493E+02
L4 -.8700558179E+02  0.2762632290E+03  0.2725751176E+03  0.2696346967E+03
L5 0.8184730434E+03  0.3192738561E+03  0.3035640491E+03  0.2496503255E+03
L6 0.8724882307E+03  -.8552602506E+04  0.1285850391E+04  -.9911839759E+04
L7 0.0000000000E+00  0.2527383580E+01  0.1039213742E+02  0.1056334693E+02
L8 0.2828643294E+01  0.4221903776E+02  0.4856313005E+01  0.0000000000E+00
L9 0.0000000000E+00  0.0000000000E+00  0.0000000000E+00  0.9457774545E+00  0.0000000000E+00
L0     3000  0.6000000000E+01  -.7054636119E+04  0.1611971453E+04
L1 0.2971357716E+03  0.2971357716E+03  -.8666607573E+10  0.1000000000E+01
L2 0.1000000000E+01  0.3313239887E+02  0.3313239887E+02  0.3313239887E+02
L3 0.2799812268E+05  0.3298796166E+03  0.3994581905E+02  0.2423538890E+03
L4 0.2040597749E+03  0.2634232979E+03  0.2605364486E+03  0.2657905914E+03
L5 0.7897503379E+03  0.1969509570E+03  0.2524871725E+03  0.2169551086E+03
L6 0.6663932381E+03  -.8666607573E+04  0.1341905881E+04  -.1009032584E+05
L7 0.0000000000E+00  0.2755528863E+01  0.1095996719E+02  0.1048681513E+02
L8 0.3033342844E+01  0.4691227198E+02  0.7664459106E+01  0.0000000000E+00
L9 0.0000000000E+00  0.0000000000E+00  0.0000000000E+00  0.9712946155E+00  0.0000000000E+00
L0     4000  0.8000000000E+01  -.7042559279E+04  0.1647529464E+04
L1 0.3036902034E+03  0.3036902034E+03  -.8690088743E+10  0.1000000000E+01
L2 0.1000000000E+01  0.3309496134E+02  0.3309496134E+02  0.3309496134E+02
L3 0.2790319622E+05  0.5736106347E+03  0.1589699435E+03  0.3064015590E+02
L4 0.2544069114E+03  0.2766384667E+03  0.2708420818E+03  0.2774662462E+03
L5 0.8249467947E+03  0.1614450320E+03  0.2389174753E+03  0.2713130396E+03
L6 0.6716755468E+03  -.8690088743E+04  0.1337242080E+04  -.1010527786E+05
L7 0.0000000000E+00  0.2837941430E+01  0.8090003832E+01  0.1202318254E+02
L8 0.3193089588E+01  0.4619847243E+02  0.5604348600E+01  0.0000000000E+00
L9 0.0000000000E+00  0.0000000000E+00  0.0000000000E+00  0.9745989527E+00  0.0000000000E+00
L0     5000  0.1000000000E+02  -.7023583026E+04  0.1581972388E+04
L1 0.2916060239E+03  0.2916060239E+03  -.8605555414E+10  0.1000000000E+01
L2 0.1000000000E+01  0.3302157348E+02  0.3302157348E+02  0.3302157348E+02
L3 0.2771846203E+05  -.1484486944E+03  0.2986317816E+03  0.3068900485E+02
L4 0.6029069736E+02  0.2759169383E+03  0.2589240998E+03  0.2724824770E+03
L5 0.8073235151E+03  0.3055312806E+03  0.1993494175E+03  0.2663602629E+03
L6 0.7712409610E+03  -.8605555414E+04  0.1278031272E+04  -.9959960184E+04
L7 0.0000000000E+00  0.4206104004E+01  0.8691640768E+01  0.9347929097E+01
L8 0.4605004134E+01  0.4761949920E+02  0.1903320060E+01  0.0000000000E+00
L9 0.0000000000E+00  0.0000000000E+00  0.0000000000E+00  0.9810943255E+00  0.0000000000E+00
L0     6000  0.1200000000E+02  -.7069050144E+04  0.1613303368E+04
L1 0.2973812843E+03  0.2973812843E+03  -.8682353512E+10  0.1000000000E+01
L2 0.1000000000E+01  0.3293382286E+02  0.3293382286E+02  0.3293382286E+02
L3 0.2749922767E+05  -.2304309324E+03  -.4881739792E+03  -.5116520432E+03
L4 -.4100856516E+03  0.2779929930E+03  0.2497914975E+03  0.2559276528E+03
L5 0.7837121433E+03  0.3235985594E+03  0.3464080871E+03  0.3571908860E+03
L6 0.1027197532E+04  -.8682353512E+04  0.1250706500E+04  -.1000815533E+05
L7 0.0000000000E+00  0.3423012815E+01  0.8165422568E+01  0.1026546400E+02
L8 0.4251763821E+01  0.4582052931E+02  0.3169123768E+01  0.0000000000E+00
L9 0.0000000000E+00  0.0000000000E+00  0.0000000000E+00  0.9889159846E+00  0.0000000000E+00
L0     7000  0.1400000000E+02  -.7014148225E+04  0.1640926963E+04
L1 0.3024731599E+03  0.3024731599E+03  -.8655075188E+10  0.1000000000E+01
L2 0.1000000000E+01  0.3296161762E+02  0.3296161762E+02  0.3296161762E+02
L3 0.2756853166E+05  -.2300306397E+03  -.3874514882E+03  -.1499980669E+03
L4 -.2558267316E+03  0.2652521607E+03  0.2660138749E+03  0.2833977090E+03
L5 0.8146637446E+03  0.3108932397E+03  0.3428893033E+03  0.3131592817E+03
L6 0.9669418247E+03  -.8655075188E+04  0.1240714947E+04  -.9971550703E+04
L7 0.0000000000E+00  0.2797953247E+01  0.5757686677E+01  0.1101984623E+02
L8 0.3301730712E+01  0.4713642484E+02  0.5746926047E+01  0.0000000000E+00
L9 0.0000000000E+00  0.0000000000E+00  0.0000000000E+00  0.9864299683E+00  0.0000000000E+00
L0     8000  0.1600000000E+02  -.7059378701E+04  0.1613328181E+04
L1 0.2973858581E+03  0.2973858581E+03  -.8672706882E+10  0.1000000000E+01
L2 0.1000000000E+01  0.3300506637E+02  0.3300506637E+02  0.3300506637E+02
L3 0.2767791283E+05  -.6905628883E+03  0.4441011320E+02  -.3862536133E+03
L4 -.3441354628E+03  0.2597147635E+03  0.2684879252E+03  0.2673516214E+03
L5 0.7955543100E+03  0.3972750755E+03  0.2596414187E+03  0.3442934445E+03
L6 0.1001209939E+04  -.8672706882E+04  0.1250146581E+04  -.9995800825E+04
L7 0.0000000000E+00  0.3012332452E+01  0.9186500091E+01  0.9788323796E+01
L8 0.2316703073E+01  0.4481583067E+02  0.3827671926E+01  0.0000000000E+00
L9 0.0000000000E+00  0.0000000000E+00  0.0000000000E+00  0.9825316662E+00  0.0000000000E+00
L0     9000  0.1800000000E+02  -.7031440405E+04  0.1561243612E+04
L1 0.2877850747E+03  0.2877850747E+03  -.8592684016E+10  0.1000000000E+01
L2 0.1000000000E+01  0.3296408648E+02  0.3296408648E+02  0.3296408648E+02
L3 0.2757361862E+05  0.1696530769E+03  0.6970824118E+03  -.2824941692E+03
L4 0.1947471065E+03  0.2528270331E+03  0.2798597112E+03  0.2603929658E+03
L5 0.7930797101E+03  0.2191594388E+03  0.1415239482E+03  0.3164538358E+03
L6 0.6771372228E+03  -.8592684016E+04  0.1297046207E+04  -.9971774879E+04
L7 0.0000000000E+00  0.1116691456E+01  0.1374511688E+02  0.1212926851E+02
L8 0.3682255060E+01  0.4867084467E+02  0.2700478531E+01  0.0000000000E+00
L9 0.0000000000E+00  0.0000000000E+00  0.0000000000E+00  0.9862479851E+00  0.0000000000E+00
L0    10000  0.2000000000E+02  -.7021520764E+04  0.1593371517E+04
L1 0.2937072329E+03  0.2937072329E+03  -.8614892281E+10  0.1000000000E+01
L2 0.1000000000E+01  0.3291386406E+02  0.3291386406E+02  0.3291386406E+02
L3 0.2744707142E+05  0.4474872043E+03  0.6227132267E+03  0.3837985915E+03
L4 0.4846663409E+03  0.2615956388E+03  0.2594988766E+03  0.2758785350E+03
L5 0.7969730504E+03  0.1731995166E+03  0.1364888017E+03  0.2000633901E+03
L6 0.5097517084E+03  -.8614892281E+04  0.1307163979E+04  -.9995214900E+04
L7 0.0000000000E+00  0.1741092140E+01  0.8672717428E+01  0.1342591514E+02
L8 0.2763491080E+01  0.4458880961E+02  0.1966615192E+01  0.0000000000E+00
L9 0.0000000000E+00  0.0000000000E+00  0.0000000000E+00  0.9907951706E+00  0.0000000000E+00
