L0  Nsteps           time(ps)         Etot             EKinetic        
L1  Temp             T_solute         T_solv           Pres_scal_solu  
L2  Pres_scal_solv   BoxX             BoxY             BoxZ            
L3  volume           pres_X           pres_Y           pres_Z          
L4  Pressure         EKCoM_x          EKCoM_y          EKCoM_z         
L5  EKComTot         VIRIAL_x         VIRIAL_y         VIRIAL_z        
L6  VIRIAL_tot       E_pot            E_vdw            E_el            
L7  E_hbon           E_bon            E_angle          E_dih           
L8  E_14vdw          E_14el           E_const          E_pol           
L9  AV_permMoment    AV_indMoment     AV_totMoment     Density          dV/dlambda      
L0     1000  0.2000000000E+01  -.6927708490E+04  0.1590436442E+04
L1 0.2934887236E+03  0.2934887236E+03  -.8518144932E+10  0.1000000000E+01
L2 0.1000000000E+01  0.3394990060E+02  0.3394990060E+02  0.3394990060E+02
L3 0.3012383328E+05  -.5338689608E+03  -.7186920535E+03  -.2826651427E+02
L4 -.4269425095E+03  0.2706705022E+03  0.2433767691E+03  0.2769889502E+03
L5 0.7910362215E+03  0.3864153017E+03  0.3991919106E+03  0.2831172369E+03
L6 0.1068724449E+04  -.8518144932E+04  0.1311367666E+04  -.9910048440E+04
L7 0.0000000000E+00  0.5336481199E+01  0.9150997046E+01  0.1053113040E+02
L8 0.3810330535E+01  0.4739674875E+02  0.4310154415E+01  0.0000000000E+00
L9 0.0000000000E+00  0.0000000000E+00  0.0000000000E+00  0.9017613657E+00  0.0000000000E+00
L0     2000  0.4000000000E+01  -.6947768789E+04  0.1600664529E+04
L1 0.2953761478E+03  0.2953761478E+03  -.8548433318E+10  0.1000000000E+01
L2 0.1000000000E+01  0.3332086545E+02  0.3332086545E+02  0.3332086545E+02
L3 0.2848186821E+05  -.1078249117E+04  -.7710254933E+03  -.1362797385E+04
L4 -.1070690665E+04  0.2721921524E+03  0.2698556585E+03  0.2662464009E+03
L5 0.8082942118E+03  0.4932185594E+03  0.4279054003E+03  0.5456013335E+03
L6 0.1466725293E+04  -.8548433318E+04  0.1166212082E+04  -.9792282788E+04
L7 0.0000000000E+00  0.4114756430E+01  0.1106619322E+02  0.1271806551E+02
L8 0.2374294592E+01  0.4464900952E+02  0.2715068742E+01  0.0000000000E+00
L9 0.0000000000E+00  0.0000000000E+00  0.0000000000E+00  0.9537474450E+00  0.0000000000E+00
L0     3000  0.6000000000E+01  -.6997366453E+04  0.1589958952E+04
L1 0.2934006108E+03  0.2934006108E+03  -.8587325405E+10  0.1000000000E+01
L2 0.1000000000E+01  0.3318154074E+02  0.3318154074E+02  0.3318154074E+02
L3 0.2812331066E+05  -.9248366547E+03  0.8248429263E+03  0.2063993422E+03
L4 0.3546853794E+02  0.2526299988E+03  0.2353570375E+03  0.2697485698E+03
L5 0.7577356061E+03  0.4398223324E+03  0.6840401776E+02  0.2279721390E+03
L6 0.7361984891E+03  -.8587325405E+04  0.1314530495E+04  -.9976525514E+04
L7 0.0000000000E+00  0.4081678515E+01  0.8773249355E+01  0.1046794957E+02
L8 0.2573567265E+01  0.4654134017E+02  0.2231829054E+01  0.0000000000E+00
L9 0.0000000000E+00  0.0000000000E+00  0.0000000000E+00  0.9659072279E+00  0.0000000000E+00
L0     4000  0.8000000000E+01  -.6986266552E+04  0.1607974123E+04
L1 0.2967250125E+03  0.2967250125E+03  -.8594240675E+10  0.1000000000E+01
L2 0.1000000000E+01  0.3308467819E+02  0.3308467819E+02  0.3308467819E+02
L3 0.2787777887E+05  0.5049668323E+02  -.3609017296E+02  0.4363572850E+02
L4 0.1934741292E+02  0.2506035320E+03  0.2604111379E+03  0.2864377155E+03
L5 0.7974523855E+03  0.2404719421E+03  0.2676522240E+03  0.2776826988E+03
L6 0.7858068650E+03  -.8594240675E+04  0.1293165432E+04  -.9964642431E+04
L7 0.0000000000E+00  0.2962800189E+01  0.8097706963E+01  0.9668542154E+01
L8 0.3584805228E+01  0.4748311932E+02  0.5439350906E+01  0.0000000000E+00
L9 0.0000000000E+00  0.0000000000E+00  0.0000000000E+00  0.9744143952E+00  0.0000000000E+00
L0     5000  0.1000000000E+02  -.7035010326E+04  0.1590901771E+04
L1 0.2935745925E+03  0.2935745925E+03  -.8625912097E+10  0.1000000000E+01
L2 0.1000000000E+01  0.3302884157E+02  0.3302884157E+02  0.3302884157E+02
L3 0.2773684970E+05  0.1410344020E+03  0.3809633515E+03  -.4394027393E+03
L4 0.2753167141E+02  0.2668047303E+03  0.2750840731E+03  0.2695902790E+03
L5 0.8114790824E+03  0.2386508167E+03  0.1990344770E+03  0.3573058052E+03
L6 0.7949910989E+03  -.8625912097E+04  0.1294873728E+04  -.1000763622E+05
L7 0.0000000000E+00  0.1535114345E+01  0.1321540217E+02  0.1418268226E+02
L8 0.4718775399E+01  0.5023382062E+02  0.2964599684E+01  0.0000000000E+00
L9 0.0000000000E+00  0.0000000000E+00  0.0000000000E+00  0.9793653329E+00  0.0000000000E+00
L0     6000  0.1200000000E+02  -.7012275467E+04  0.1603163859E+04
L1 0.2958373577E+03  0.2958373577E+03  -.8615439326E+10  0.1000000000E+01
L2 0.1000000000E+01  0.3299090190E+02  0.3299090190E+02  0.3299090190E+02
L3 0.2764054897E+05  -.1027304906E+02  0.7272066306E+03  0.3730740914E+03
L4 0.3633358910E+03  0.2686800280E+03  0.2592787289E+03  0.2696200348E+03
L5 0.7975787917E+03  0.2707236596E+03  0.1146145273E+03  0.1954038997E+03
L6 0.5807420866E+03  -.8615439326E+04  0.1331694470E+04  -.1002803742E+05
L7 0.0000000000E+00  0.2540208979E+01  0.8555022729E+01  0.1474928329E+02
L8 0.3798544001E+01  0.4779401311E+02  0.3466550512E+01  0.0000000000E+00
L9 0.0000000000E+00  0.0000000000E+00  0.0000000000E+00  0.9827774792E+00  0.0000000000E+00
L0     7000  0.1400000000E+02  -.7075145920E+04  0.1601448714E+04
L1 0.2955208562E+03  0.2955208562E+03  -.8676594634E+10  0.1000000000E+01
L2 0.1000000000E+01  0.3287854513E+02  0.3287854513E+02  0.3287854513E+02
L3 0.2736237774E+05  -.1610816165E+04  -.6594369770E+03  -.6634261393E+03
L4 -.9778930939E+03  0.2733991944E+03  0.2738775799E+03  0.2553493842E+03
L5 0.8026261585E+03  0.5906161504E+03  0.4037400651E+03  0.3859974525E+03
L6 0.1380353668E+04  -.8676594634E+04  0.1169646051E+04  -.9921823960E+04
L7 0.0000000000E+00  0.3532023841E+01  0.6512476341E+01  0.1177061366E+02
L8 0.3047290127E+01  0.4529586612E+02  0.5425004412E+01  0.0000000000E+00
L9 0.0000000000E+00  0.0000000000E+00  0.0000000000E+00  0.9927685853E+00  0.0000000000E+00
L0     8000  0.1600000000E+02  -.7056373523E+04  0.1600170494E+04
L1 0.2952849819E+03  0.2952849819E+03  -.8656544017E+10  0.1000000000E+01
L2 0.1000000000E+01  0.3292061793E+02  0.3292061793E+02  0.3292061793E+02
L3 0.2746582101E+05  -.3281854059E+03  -.6366293754E+03  0.1535422746E+03
L4 -.2704241689E+03  0.2531896011E+03  0.2686348264E+03  0.2718347471E+03
L5 0.7936591746E+03  0.3180632656E+03  0.3944797901E+03  0.2414834584E+03
L6 0.9540265140E+03  -.8656544017E+04  0.1249897075E+04  -.9986205194E+04
L7 0.0000000000E+00  0.4159917885E+01  0.8358481548E+01  0.1205900024E+02
L8 0.3894356857E+01  0.4755963424E+02  0.3732710986E+01  0.0000000000E+00
L9 0.0000000000E+00  0.0000000000E+00  0.0000000000E+00  0.9890295660E+00  0.0000000000E+00
L0     9000  0.1800000000E+02  -.7013020325E+04  0.1632663612E+04
L1 0.3012810489E+03  0.3012810489E+03  -.8645683937E+10  0.1000000000E+01
L2 0.1000000000E+01  0.3293477161E+02  0.3293477161E+02  0.3293477161E+02
L3 0.2749994328E+05  0.7431147747E+02  0.1196791927E+02  0.7148142020E+03
L4 0.2670311996E+03  0.2832431854E+03  0.2635525123E+03  0.2610127136E+03
L5 0.8078084113E+03  0.2685355019E+03  0.2611838289E+03  0.1195371116E+03
L6 0.6492564423E+03  -.8645683937E+04  0.1309735372E+04  -.1002564009E+05
L7 0.0000000000E+00  0.2217648369E+01  0.7427517846E+01  0.9396768313E+01
L8 0.3609064867E+01  0.4433745459E+02  0.3232332183E+01  0.0000000000E+00
L9 0.0000000000E+00  0.0000000000E+00  0.0000000000E+00  0.9878023660E+00  0.0000000000E+00
L0    10000  0.2000000000E+02  -.7063247357E+04  0.1600046416E+04
L1 0.2952620853E+03  0.2952620853E+03  -.8663293773E+10  0.1000000000E+01
L2 0.1000000000E+01  0.3283565108E+02  0.3283565108E+02  0.3283565108E+02
L3 0.2725181641E+05  0.7221038969E+03  0.9173449951E+03  -.1203283443E+03
L4 0.5063735159E+03  0.2526997580E+03  0.2805309347E+03  0.2537461793E+03
L5 0.7869768720E+03  0.1110709098E+03  0.1006087440E+03  0.2773466125E+03
L6 0.4890262663E+03  -.8663293773E+04  0.1349289690E+04  -.1008798983E+05
L7 0.0000000000E+00  0.1576491438E+01  0.8904805403E+01  0.1129526806E+02
L8 0.4339554641E+01  0.4580846426E+02  0.3481786599E+01  0.0000000000E+00
L9 0.0000000000E+00  0.0000000000E+00  0.0000000000E+00  0.9967962734E+00  0.0000000000E+00
