L0  Nsteps           time(ps)         Etot             EKinetic        
L1  Temp             T_solute         T_solv           Pres_scal_solu  
L2  Pres_scal_solv   BoxX             BoxY             BoxZ            
L3  volume           pres_X           pres_Y           pres_Z          
L4  Pressure         EKCoM_x          EKCoM_y          EKCoM_z         
L5  EKComTot         VIRIAL_x         VIRIAL_y         VIRIAL_z        
L6  VIRIAL_tot       E_pot            E_vdw            E_el            
L7  E_hbon           E_bon            E_angle          E_dih           
L8  E_14vdw          E_14el           E_const          E_pol           
L9  AV_permMoment    AV_indMoment     AV_totMoment     Density          dV/dlambda      
L0     1000  0.2000000000E+01  -.7409713227E+04  0.1664791322E+04
L1 0.2899829748E+03  0.2899829748E+03  -.9074504549E+10  0.1000000000E+01
L2 0.1000000000E+01  0.3457594132E+02  0.3457594132E+02  0.3457594132E+02
L3 0.3182254753E+05  -.1018299324E+04  -.1384834722E+03  -.1532799591E+04
L4 -.8965274625E+03  0.2723304721E+03  0.2727530223E+03  0.2794781725E+03
L5 0.8245616669E+03  0.5055511101E+03  0.3044698299E+03  0.6305345764E+03
L6 0.1440555516E+04  -.9074504549E+04  0.1351161531E+04  -.1049737715E+05
L7 0.0000000000E+00  0.3379700632E+01  0.8636814827E+01  0.1128294898E+02
L8 0.2335727714E+01  0.4412827479E+02  0.1947605982E+01  0.0000000000E+00
L9 0.0000000000E+00  0.0000000000E+00  0.0000000000E+00  0.9043906595E+00  0.0000000000E+00
L0     2000  0.4000000000E+01  -.7386622488E+04  0.1705066185E+04
L1 0.2969982832E+03  0.2969982832E+03  -.9091688673E+10  0.1000000000E+01
L2 0.1000000000E+01  0.3390377834E+02  0.3390377834E+02  0.3390377834E+02
L3 0.3000064218E+05  0.5456707117E+03  -.8632259706E+03  -.3079225963E+03
L4 -.2084926184E+03  0.2703248736E+03  0.2911141491E+03  0.2705087124E+03
L5 0.8319477351E+03  0.1525052108E+03  0.4774994371E+03  0.3369944806E+03
L6 0.9669991285E+03  -.9091688673E+04  0.1358453634E+04  -.1052897762E+05
L7 0.0000000000E+00  0.4089940431E+01  0.8568020436E+01  0.1162256496E+02
L8 0.2468933283E+01  0.4720595289E+02  0.4879900525E+01  0.0000000000E+00
L9 0.0000000000E+00  0.0000000000E+00  0.0000000000E+00  0.9593132897E+00  0.0000000000E+00
L0     3000  0.6000000000E+01  -.7485154749E+04  0.1702033159E+04
L1 0.2964699733E+03  0.2964699733E+03  -.9187187908E+10  0.1000000000E+01
L2 0.1000000000E+01  0.3372112486E+02  0.3372112486E+02  0.3372112486E+02
L3 0.2951876654E+05  -.4572642145E+03  -.1114658671E+03  -.5055246086E+03
L4 -.3580848967E+03  0.2772501179E+03  0.2667153424E+03  0.2865356291E+03
L5 0.8305010893E+03  0.3743954643E+03  0.2903961595E+03  0.3939338502E+03
L6 0.1058725474E+04  -.9187187908E+04  0.1344861433E+04  -.1060659183E+05
L7 0.0000000000E+00  0.5026404475E+01  0.6698091118E+01  0.1140765852E+02
L8 0.3105236771E+01  0.4682173048E+02  0.1483371589E+01  0.0000000000E+00
L9 0.0000000000E+00  0.0000000000E+00  0.0000000000E+00  0.9749734871E+00  0.0000000000E+00
L0     4000  0.8000000000E+01  -.7321928072E+04  0.1778072053E+04
L1 0.3097148673E+03  0.3097148673E+03  -.9100000126E+10  0.1000000000E+01
L2 0.1000000000E+01  0.3368559206E+02  0.3368559206E+02  0.3368559206E+02
L3 0.2942507394E+05  -.4023644531E+03  0.9439912009E+01  -.1362859234E+03
L4 -.1764034882E+03  0.2859980148E+03  0.3167256606E+03  0.2959511153E+03
L5 0.8986747907E+03  0.3712086394E+03  0.3147265258E+03  0.3248130304E+03
L6 0.1010748196E+04  -.9100000126E+04  0.1315867705E+04  -.1049125616E+05
L7 0.0000000000E+00  0.2765221563E+01  0.1066428249E+02  0.1151839173E+02
L8 0.3319073714E+01  0.4532706809E+02  0.1794296424E+01  0.0000000000E+00
L9 0.0000000000E+00  0.0000000000E+00  0.0000000000E+00  0.9780779076E+00  0.0000000000E+00
L0     5000  0.1000000000E+02  -.7374825062E+04  0.1762297159E+04
L1 0.3069671051E+03  0.3069671051E+03  -.9137122221E+10  0.1000000000E+01
L2 0.1000000000E+01  0.3369188078E+02  0.3369188078E+02  0.3369188078E+02
L3 0.2944130474E+05  0.1095245534E+03  -.6445988850E+03  0.2940281731E+03
L4 -.8034871951E+02  0.2887352619E+03  0.2984760031E+03  0.2951058982E+03
L5 0.8823171633E+03  0.2655279349E+03  0.4350610584E+03  0.2328038136E+03
L6 0.9333928068E+03  -.9137122221E+04  0.1348774659E+04  -.1056229561E+05
L7 0.0000000000E+00  0.1491173524E+01  0.8163899966E+01  0.1357012704E+02
L8 0.3772144496E+01  0.4551161168E+02  0.3889775053E+01  0.0000000000E+00
L9 0.0000000000E+00  0.0000000000E+00  0.0000000000E+00  0.9775386995E+00  0.0000000000E+00
L0     6000  0.1200000000E+02  -.7465619860E+04  0.1703994538E+04
L1 0.2968116175E+03  0.2968116175E+03  -.9169614398E+10  0.1000000000E+01
L2 0.1000000000E+01  0.3366510195E+02  0.3366510195E+02  0.3366510195E+02
L3 0.2937099452E+05  -.5087726110E+03  0.3919827157E+03  0.6445129575E+02
L4 -.1744619986E+02  0.2526304595E+03  0.3024829848E+03  0.2793783560E+03
L5 0.8344918003E+03  0.3601776219E+03  0.2196235150E+03  0.2657542854E+03
L6 0.8455554223E+03  -.9169614398E+04  0.1373778244E+04  -.1061439372E+05
L7 0.0000000000E+00  0.1977011683E+01  0.8718425062E+01  0.1096481847E+02
L8 0.2982337599E+01  0.4247901525E+02  0.3879472971E+01  0.0000000000E+00
L9 0.0000000000E+00  0.0000000000E+00  0.0000000000E+00  0.9798787961E+00  0.0000000000E+00
L0     7000  0.1400000000E+02  -.7461899022E+04  0.1694490331E+04
L1 0.2951561198E+03  0.2951561198E+03  -.9156389353E+10  0.1000000000E+01
L2 0.1000000000E+01  0.3358662568E+02  0.3358662568E+02  0.3358662568E+02
L3 0.2916790627E+05  -.3258666857E+03  -.5269078475E+03  -.1312342212E+04
L4 -.7217055816E+03  0.2655807092E+03  0.2936016871E+03  0.2774145435E+03
L5 0.8365969398E+03  0.3339879068E+03  0.4042122245E+03  0.5529065067E+03
L6 0.1291106638E+04  -.9156389353E+04  0.1261098711E+04  -.1049338947E+05
L7 0.0000000000E+00  0.2416457666E+01  0.9428740515E+01  0.9647150785E+01
L8 0.3095563321E+01  0.4629137302E+02  0.5022119389E+01  0.0000000000E+00
L9 0.0000000000E+00  0.0000000000E+00  0.0000000000E+00  0.9867014274E+00  0.0000000000E+00
L0     8000  0.1600000000E+02  -.7424524497E+04  0.1742907954E+04
L1 0.3035897813E+03  0.3035897813E+03  -.9167432451E+10  0.1000000000E+01
L2 0.1000000000E+01  0.3362262661E+02  0.3362262661E+02  0.3362262661E+02
L3 0.2926111988E+05  0.1078414765E+03  -.1300602780E+04  -.1900159554E+03
L4 -.4609257529E+03  0.2992511686E+03  0.2630188545E+03  0.3016681387E+03
L5 0.8639381618E+03  0.2765403207E+03  0.5369189612E+03  0.3416844998E+03
L6 0.1155143782E+04  -.9167432451E+04  0.1301779657E+04  -.1054343124E+05
L7 0.0000000000E+00  0.2903766114E+01  0.5947878851E+01  0.9440532378E+01
L8 0.4215384094E+01  0.4814214001E+02  0.3569435097E+01  0.0000000000E+00
L9 0.0000000000E+00  0.0000000000E+00  0.0000000000E+00  0.9835582117E+00  0.0000000000E+00
L0     9000  0.1800000000E+02  -.7376724941E+04  0.1732614894E+04
L1 0.3017968765E+03  0.3017968765E+03  -.9109339835E+10  0.1000000000E+01
L2 0.1000000000E+01  0.3366529103E+02  0.3366529103E+02  0.3366529103E+02
L3 0.2937163016E+05  -.3452904845E+03  0.2106679048E+03  -.7889848476E+02
L4 -.7117368816E+02  0.2772563439E+03  0.2845033594E+03  0.2850443879E+03
L5 0.8468040912E+03  0.3502473317E+03  0.2399702513E+03  0.3017227460E+03
L6 0.8919403290E+03  -.9109339835E+04  0.1331890378E+04  -.1051516551E+05
L7 0.0000000000E+00  0.3367779613E+01  0.7963033649E+01  0.9189505153E+01
L8 0.3811604649E+01  0.4558938280E+02  0.4013988402E+01  0.0000000000E+00
L9 0.0000000000E+00  0.0000000000E+00  0.0000000000E+00  0.9798575901E+00  0.0000000000E+00
L0    10000  0.2000000000E+02  -.7356754496E+04  0.1705202323E+04
L1 0.2970219965E+03  0.2970219965E+03  -.9061956819E+10  0.1000000000E+01
L2 0.1000000000E+01  0.3361166807E+02  0.3361166807E+02  0.3361166807E+02
L3 0.2923063577E+05  0.3598179202E+03  0.9248613546E+03  -.5016695515E+03
L4 0.2610032411E+03  0.2787095020E+03  0.2759873479E+03  0.2791259566E+03
L5 0.8338228064E+03  0.2030126828E+03  0.8141932125E+02  0.3846648616E+03
L6 0.6690968657E+03  -.9061956819E+04  0.1373176479E+04  -.1051101135E+05
L7 0.0000000000E+00  0.1842039465E+01  0.1260872735E+02  0.1234451129E+02
L8 0.2632835114E+01  0.4466201966E+02  0.1787923835E+01  0.0000000000E+00
L9 0.0000000000E+00  0.0000000000E+00  0.0000000000E+00  0.9845839473E+00  0.0000000000E+00
