L0  Nsteps           time(ps)         Etot             EKinetic        
L1  Temp             T_solute         T_solv           Pres_scal_solu  
L2  Pres_scal_solv   BoxX             BoxY             BoxZ            
L3  volume           pres_X           pres_Y           pres_Z          
L4  Pressure         EKCoM_x          EKCoM_y          EKCoM_z         
L5  EKComTot         VIRIAL_x         VIRIAL_y         VIRIAL_z        
L6  VIRIAL_tot       E_pot            E_vdw            E_el            
L7  E_hbon           E_bon            E_angle          E_dih           
L8  E_14vdw          E_14el           E_const          E_pol           
L9  AV_permMoment    AV_indMoment     AV_totMoment     Density          dV/dlambda      
L0     1000  0.2000000000E+01  -.7746543966E+04  0.1732164512E+04
L1 0.2882488538E+03  0.2882488538E+03  -.9478708478E+10  0.1000000000E+01
L2 0.1000000000E+01  0.3511833655E+02  0.3511833655E+02  0.3511833655E+02
L3 0.3334342418E+05  -.1770773230E+03  -.1432423468E+04  -.7302060324E+03
L4 -.7799022743E+03  0.2628209323E+03  0.2833175144E+03  0.2732829043E+03
L5 0.8194213510E+03  0.3053151389E+03  0.6270639511E+03  0.4485144105E+03
L6 0.1380893501E+04  -.9478708478E+04  0.1437838926E+04  -.1099105431E+05
L7 0.0000000000E+00  0.1794253265E+01  0.7821380859E+01  0.1065439814E+02
L8 0.3378685269E+01  0.4901090346E+02  0.1847287324E+01  0.0000000000E+00
L9 0.0000000000E+00  0.0000000000E+00  0.0000000000E+00  0.9035145682E+00  0.0000000000E+00
L0     2000  0.4000000000E+01  -.7738153528E+04  0.1832380748E+04
L1 0.3049258006E+03  0.3049258006E+03  -.9570534277E+10  0.1000000000E+01
L2 0.1000000000E+01  0.3448498783E+02  0.3448498783E+02  0.3448498783E+02
L3 0.3157069578E+05  -.3646732223E+03  -.1622835791E+02  -.8386085575E+03
L4 -.4065033792E+03  0.2969929599E+03  0.2933997980E+03  0.3047179573E+03
L5 0.8951107152E+03  0.3798528986E+03  0.2970871560E+03  0.4952640393E+03
L6 0.1172204094E+04  -.9570534277E+04  0.1414789370E+04  -.1105758643E+05
L7 0.0000000000E+00  0.4658999684E+01  0.6909310465E+01  0.1040556032E+02
L8 0.2920397281E+01  0.4556177007E+02  0.1806748354E+01  0.0000000000E+00
L9 0.0000000000E+00  0.0000000000E+00  0.0000000000E+00  0.9542478797E+00  0.0000000000E+00
L0     3000  0.6000000000E+01  -.7763443499E+04  0.1772584306E+04
L1 0.2949750968E+03  0.2949750968E+03  -.9536027805E+10  0.1000000000E+01
L2 0.1000000000E+01  0.3429427763E+02  0.3429427763E+02  0.3429427763E+02
L3 0.3105012959E+05  -.5239581818E+03  -.1050712051E+04  0.5388442357E+01
L4 -.5230939301E+03  0.3002686976E+03  0.3116585380E+03  0.3074320744E+03
L5 0.9193593100E+03  0.4173578396E+03  0.5464615753E+03  0.3062279170E+03
L6 0.1270047332E+04  -.9536027805E+04  0.1344923861E+04  -.1096081199E+05
L7 0.0000000000E+00  0.9069728684E+01  0.8079645943E+01  0.1134227979E+02
L8 0.2830563297E+01  0.4577956214E+02  0.2758548997E+01  0.0000000000E+00
L9 0.0000000000E+00  0.0000000000E+00  0.0000000000E+00  0.9702461761E+00  0.0000000000E+00
L0     4000  0.8000000000E+01  -.7750753423E+04  0.1786553471E+04
L1 0.2972997003E+03  0.2972997003E+03  -.9537306894E+10  0.1000000000E+01
L2 0.1000000000E+01  0.3420466402E+02  0.3420466402E+02  0.3420466402E+02
L3 0.3080542379E+05  0.2334644237E+03  0.1426520454E+03  0.1638923234E+03
L4 0.1800029308E+03  0.2889640321E+03  0.2992440847E+03  0.2991248362E+03
L5 0.8873329530E+03  0.2372028152E+03  0.2676168100E+03  0.2627883959E+03
L6 0.7676080210E+03  -.9537306894E+04  0.1438372357E+04  -.1104980116E+05
L7 0.0000000000E+00  0.1605365513E+01  0.4339407906E+01  0.1122815724E+02
L8 0.3727877838E+01  0.4993349706E+02  0.3287599536E+01  0.0000000000E+00
L9 0.0000000000E+00  0.0000000000E+00  0.0000000000E+00  0.9779534186E+00  0.0000000000E+00
L0     5000  0.1000000000E+02  -.7697935108E+04  0.1792484605E+04
L1 0.2982866982E+03  0.2982866982E+03  -.9490419713E+10  0.1000000000E+01
L2 0.1000000000E+01  0.3423547698E+02  0.3423547698E+02  0.3423547698E+02
L3 0.3088994651E+05  0.3414484764E+00  -.1181855934E+04  0.4200507095E+03
L4 -.2538212587E+03  0.3098208314E+03  0.2857832700E+03  0.3014606762E+03
L5 0.8970647777E+03  0.3097449214E+03  0.5485305788E+03  0.2080760341E+03
L6 0.1066351534E+04  -.9490419713E+04  0.1373314214E+04  -.1093762796E+05
L7 0.0000000000E+00  0.2331564872E+01  0.6783916203E+01  0.1181141715E+02
L8 0.3531574102E+01  0.4619296209E+02  0.3242601150E+01  0.0000000000E+00
L9 0.0000000000E+00  0.0000000000E+00  0.0000000000E+00  0.9752774901E+00  0.0000000000E+00
L0     6000  0.1200000000E+02  -.7813376376E+04  0.1778491343E+04
L1 0.2959580847E+03  0.2959580847E+03  -.9591867720E+10  0.1000000000E+01
L2 0.1000000000E+01  0.3416821146E+02  0.3416821146E+02  0.3416821146E+02
L3 0.3070829591E+05  -.3057537343E+03  -.2551316101E+03  -.2757928977E+03
L4 -.2788927474E+03  0.2918625905E+03  0.2986388625E+03  0.2948165468E+03
L5 0.8853179998E+03  0.3594372812E+03  0.3550255480E+03  0.3557695874E+03
L6 0.1070232417E+04  -.9591867720E+04  0.1395075297E+04  -.1106166666E+05
L7 0.0000000000E+00  0.3504587194E+01  0.5943122066E+01  0.1051729185E+02
L8 0.3957205466E+01  0.4898334290E+02  0.1818092389E+01  0.0000000000E+00
L9 0.0000000000E+00  0.0000000000E+00  0.0000000000E+00  0.9810466069E+00  0.0000000000E+00
L0     7000  0.1400000000E+02  -.7853950463E+04  0.1756888649E+04
L1 0.2923631883E+03  0.2923631883E+03  -.9610839112E+10  0.1000000000E+01
L2 0.1000000000E+01  0.3405109257E+02  0.3405109257E+02  0.3405109257E+02
L3 0.3039259576E+05  -.3389973599E+03  0.2803302200E+03  0.3323900846E+03
L4 0.9124098159E+02  0.2894274536E+03  0.3054350161E+03  0.2971450194E+03
L5 0.8920074892E+03  0.3635790815E+03  0.2441161251E+03  0.2244386542E+03
L6 0.8321338608E+03  -.9610839112E+04  0.1432932853E+04  -.1111474277E+05
L7 0.0000000000E+00  0.2077548595E+01  0.6012914053E+01  0.1067145432E+02
L8 0.2571626577E+01  0.4567119980E+02  0.3966060576E+01  0.0000000000E+00
L9 0.0000000000E+00  0.0000000000E+00  0.0000000000E+00  0.9912371337E+00  0.0000000000E+00
L0     8000  0.1600000000E+02  -.7770064700E+04  0.1768919948E+04
L1 0.2943653123E+03  0.2943653123E+03  -.9538984648E+10  0.1000000000E+01
L2 0.1000000000E+01  0.3402185587E+02  0.3402185587E+02  0.3402185587E+02
L3 0.3031528334E+05  -.1384074974E+03  -.7916886977E+03  0.1978225202E+03
L4 -.2440912250E+03  0.2917101006E+03  0.2933068045E+03  0.3121197152E+03
L5 0.8971366203E+03  0.3219080760E+03  0.4660387468E+03  0.2689584724E+03
L6 0.1056905295E+04  -.9538984648E+04  0.1342349851E+04  -.1094875852E+05
L7 0.0000000000E+00  0.2187738072E+01  0.8495368286E+01  0.1042454897E+02
L8 0.2444482624E+01  0.4261405497E+02  0.1257828145E+01  0.0000000000E+00
L9 0.0000000000E+00  0.0000000000E+00  0.0000000000E+00  0.9937650646E+00  0.0000000000E+00
L0     9000  0.1800000000E+02  -.7804791202E+04  0.1778961311E+04
L1 0.2960362918E+03  0.2960362918E+03  -.9583752513E+10  0.1000000000E+01
L2 0.1000000000E+01  0.3409942910E+02  0.3409942910E+02  0.3409942910E+02
L3 0.3052327154E+05  -.1019821996E+03  -.2484986507E+03  -.5464386287E+03
L4 -.2989731597E+03  0.2996825891E+03  0.3063431190E+03  0.2721954118E+03
L5 0.8782211199E+03  0.3220858912E+03  0.3609329431E+03  0.3922362593E+03
L6 0.1075255094E+04  -.9583752513E+04  0.1384214628E+04  -.1104442456E+05
L7 0.0000000000E+00  0.1953720334E+01  0.6317735206E+01  0.1008935147E+02
L8 0.3446629106E+01  0.5147369032E+02  0.3176289657E+01  0.0000000000E+00
L9 0.0000000000E+00  0.0000000000E+00  0.0000000000E+00  0.9869934639E+00  0.0000000000E+00
L0    10000  0.2000000000E+02  -.7716596360E+04  0.1849169485E+04
L1 0.3077196080E+03  0.3077196080E+03  -.9565765844E+10  0.1000000000E+01
L2 0.1000000000E+01  0.3411371858E+02  0.3411371858E+02  0.3411371858E+02
L3 0.3056140848E+05  0.3394395488E+03  -.3505473609E+03  -.6087181371E+03
L4 -.2066086497E+03  0.3049947077E+03  0.3115411664E+03  0.3052268021E+03
L5 0.9217626763E+03  0.2303339510E+03  0.3886451200E+03  0.4391161998E+03
L6 0.1058095271E+04  -.9565765844E+04  0.1377223644E+04  -.1101705248E+05
L7 0.0000000000E+00  0.3373199549E+01  0.9587683883E+01  0.1108840214E+02
L8 0.3030716587E+01  0.4218209495E+02  0.4800895402E+01  0.0000000000E+00
L9 0.0000000000E+00  0.0000000000E+00  0.0000000000E+00  0.9857618155E+00  0.0000000000E+00
