L0  Nsteps           time(ps)         Etot             EKinetic        
L1  Temp             T_solute         T_solv           Pres_scal_solu  
L2  Pres_scal_solv   BoxX             BoxY             BoxZ            
L3  volume           pres_X           pres_Y           pres_Z          
L4  Pressure         EKCoM_x          EKCoM_y          EKCoM_z         
L5  EKComTot         VIRIAL_x         VIRIAL_y         VIRIAL_z        
L6  VIRIAL_tot       E_pot            E_vdw            E_el            
L7  E_hbon           E_bon            E_angle          E_dih           
L8  E_14vdw          E_14el           E_const          E_pol           
L9  AV_permMoment    AV_indMoment     AV_totMoment     Density          dV/dlambda      
L0     1000  0.2000000000E+01  -.7494921188E+04  0.1704147808E+04
L1 0.2950003068E+03  0.2950003068E+03  -.9199068995E+10  0.1000000000E+01
L2 0.1000000000E+01  0.3447861345E+02  0.3447861345E+02  0.3447861345E+02
L3 0.3155446551E+05  -.8353293825E+03  -.1195549586E+04  -.5460016041E+03
L4 -.8589601909E+03  0.2783272270E+03  0.2884058514E+03  0.2771281861E+03
L5 0.8438612645E+03  0.4680306495E+03  0.5599153337E+03  0.4011252286E+03
L6 0.1429071212E+04  -.9199068995E+04  0.1379558684E+04  -.1064663042E+05
L7 0.0000000000E+00  0.1108370910E+01  0.4202312386E+01  0.1401341739E+02
L8 0.3334698156E+01  0.4343952586E+02  0.1904418801E+01  0.0000000000E+00
L9 0.0000000000E+00  0.0000000000E+00  0.0000000000E+00  0.9177628242E+00  0.0000000000E+00
L0     2000  0.4000000000E+01  -.7425080352E+04  0.1692397300E+04
L1 0.2929662089E+03  0.2929662089E+03  -.9117477652E+10  0.1000000000E+01
L2 0.1000000000E+01  0.3406622891E+02  0.3406622891E+02  0.3406622891E+02
L3 0.3043395649E+05  0.3915697073E+03  -.7323167451E+03  -.2834355961E+03
L4 -.2080608779E+03  0.2711360429E+03  0.2929135084E+03  0.2735499513E+03
L5 0.8375995026E+03  0.1853682801E+03  0.4533170527E+03  0.3356324784E+03
L6 0.9743178112E+03  -.9117477652E+04  0.1366227064E+04  -.1055374379E+05
L7 0.0000000000E+00  0.2762601339E+01  0.8468183466E+01  0.1351286189E+02
L8 0.2533026602E+01  0.3912106317E+02  0.3641336908E+01  0.0000000000E+00
L9 0.0000000000E+00  0.0000000000E+00  0.0000000000E+00  0.9515527626E+00  0.0000000000E+00
L0     3000  0.6000000000E+01  -.7407657235E+04  0.1744429295E+04
L1 0.3019733235E+03  0.3019733235E+03  -.9152086530E+10  0.1000000000E+01
L2 0.1000000000E+01  0.3383380718E+02  0.3383380718E+02  0.3383380718E+02
L3 0.2981566264E+05  -.2705722886E+03  -.6660181914E+03  -.1229289346E+03
L4 -.3531731382E+03  0.3019396822E+03  0.2790418942E+03  0.3084585705E+03
L5 0.8894401470E+03  0.3600006621E+03  0.4219599624E+03  0.3348373783E+03
L6 0.1116798003E+04  -.9152086530E+04  0.1312289469E+04  -.1053567049E+05
L7 0.0000000000E+00  0.1626596531E+01  0.6580551799E+01  0.1176801363E+02
L8 0.4484274776E+01  0.4315274185E+02  0.3682309727E+01  0.0000000000E+00
L9 0.0000000000E+00  0.0000000000E+00  0.0000000000E+00  0.9712853183E+00  0.0000000000E+00
L0     4000  0.8000000000E+01  -.7524497310E+04  0.1730906088E+04
L1 0.2996323586E+03  0.2996323586E+03  -.9255403398E+10  0.1000000000E+01
L2 0.1000000000E+01  0.3376974851E+02  0.3376974851E+02  0.3376974851E+02
L3 0.2964552375E+05  0.3682967608E+02  0.8933479403E+02  0.6945307473E+02
L4 0.6520584828E+02  0.3013001112E+03  0.2805066893E+03  0.2859500957E+03
L5 0.8677568962E+03  0.2934420826E+03  0.2614460989E+03  0.2711314954E+03
L6 0.8260196769E+03  -.9255403398E+04  0.1392393841E+04  -.1072338187E+05
L7 0.0000000000E+00  0.3561596313E+01  0.1190005815E+02  0.1178524960E+02
L8 0.3271150763E+01  0.4226449817E+02  0.2802073020E+01  0.0000000000E+00
L9 0.0000000000E+00  0.0000000000E+00  0.0000000000E+00  0.9768596307E+00  0.0000000000E+00
L0     5000  0.1000000000E+02  -.7450841255E+04  0.1743210297E+04
L1 0.3017623062E+03  0.3017623062E+03  -.9194051552E+10  0.1000000000E+01
L2 0.1000000000E+01  0.3380944579E+02  0.3380944579E+02  0.3380944579E+02
L3 0.2975148167E+05  -.9629741575E+03  0.2795668436E+03  -.5764853357E+03
L4 -.4199642165E+03  0.2901325708E+03  0.2865380842E+03  0.2893968332E+03
L5 0.8660674882E+03  0.4963283692E+03  0.2266761366E+03  0.4128361313E+03
L6 0.1135840637E+04  -.9194051552E+04  0.1324449268E+04  -.1059185359E+05
L7 0.0000000000E+00  0.5147460328E+00  0.1242497659E+02  0.1201398775E+02
L8 0.4097724353E+01  0.4078838347E+02  0.3512949811E+01  0.0000000000E+00
L9 0.0000000000E+00  0.0000000000E+00  0.0000000000E+00  0.9733806102E+00  0.0000000000E+00
L0     6000  0.1200000000E+02  -.7478410993E+04  0.1702613828E+04
L1 0.2947347638E+03  0.2947347638E+03  -.9181024821E+10  0.1000000000E+01
L2 0.1000000000E+01  0.3373128993E+02  0.3373128993E+02  0.3373128993E+02
L3 0.2954424573E+05  0.3275173384E+03  -.5119009369E+03  0.5031443584E+03
L4 0.1062535866E+03  0.2852094232E+03  0.2886156137E+03  0.2843332101E+03
L5 0.8581582470E+03  0.2155686182E+03  0.3974623500E+03  0.1773484063E+03
L6 0.7903793745E+03  -.9181024821E+04  0.1379677535E+04  -.1063819651E+05
L7 0.0000000000E+00  0.3714054475E+01  0.1354100674E+02  0.1446837498E+02
L8 0.2561097285E+01  0.3978973047E+02  0.3419895229E+01  0.0000000000E+00
L9 0.0000000000E+00  0.0000000000E+00  0.0000000000E+00  0.9802083169E+00  0.0000000000E+00
L0     7000  0.1400000000E+02  -.7530955309E+04  0.1725149998E+04
L1 0.2986359378E+03  0.2986359378E+03  -.9256105307E+10  0.1000000000E+01
L2 0.1000000000E+01  0.3369009545E+02  0.3369009545E+02  0.3369009545E+02
L3 0.2943716649E+05  0.2345664273E+03  0.1480164019E+03  -.1242589293E+04
L4 -.2866688214E+03  0.2850055187E+03  0.2903798951E+03  0.2939126813E+03
L5 0.8692980951E+03  0.2353098616E+03  0.2590208791E+03  0.5571698410E+03
L6 0.1051500582E+04  -.9256105307E+04  0.1345968023E+04  -.1067255578E+05
L7 0.0000000000E+00  0.2904716329E+01  0.5926256598E+01  0.1131033211E+02
L8 0.3117310888E+01  0.4354028485E+02  0.3683549484E+01  0.0000000000E+00
L9 0.0000000000E+00  0.0000000000E+00  0.0000000000E+00  0.9837738763E+00  0.0000000000E+00
L0     8000  0.1600000000E+02  -.7498924401E+04  0.1757116429E+04
L1 0.3041695581E+03  0.3041695581E+03  -.9256040830E+10  0.1000000000E+01
L2 0.1000000000E+01  0.3372387101E+02  0.3372387101E+02  0.3372387101E+02
L3 0.2952603492E+05  -.4729326731E+03  -.5673468321E+03  -.9780170105E+02
L4 -.3793604021E+03  0.2708922347E+03  0.2755556052E+03  0.2965417559E+03
L5 0.8429895958E+03  0.3713910698E+03  0.3961175773E+03  0.3173247501E+03
L6 0.1084833397E+04  -.9256040830E+04  0.1325957940E+04  -.1065278039E+05
L7 0.0000000000E+00  0.1457310508E+01  0.4958756074E+01  0.1128646320E+02
L8 0.3565893895E+01  0.4602605197E+02  0.3487146052E+01  0.0000000000E+00
L9 0.0000000000E+00  0.0000000000E+00  0.0000000000E+00  0.9808128811E+00  0.0000000000E+00
L0     9000  0.1800000000E+02  -.7316406147E+04  0.1747043500E+04
L1 0.3024258613E+03  0.3024258613E+03  -.9063449647E+10  0.1000000000E+01
L2 0.1000000000E+01  0.3377547840E+02  0.3377547840E+02  0.3377547840E+02
L3 0.2965999421E+05  0.7005302573E+02  0.2964930354E+03  0.5348613285E+03
L4 0.3004691299E+03  0.2908470388E+03  0.2772217924E+03  0.3097095295E+03
L5 0.8777783607E+03  0.2758931364E+03  0.2139307660E+03  0.1955351026E+03
L6 0.6853590050E+03  -.9063449647E+04  0.1350177385E+04  -.1049028661E+05
L7 0.0000000000E+00  0.2843040904E+01  0.1322001228E+02  0.1056727850E+02
L8 0.3753406165E+01  0.4372324569E+02  0.2552595332E+01  0.0000000000E+00
L9 0.0000000000E+00  0.0000000000E+00  0.0000000000E+00  0.9763830422E+00  0.0000000000E+00
L0    10000  0.2000000000E+02  -.7545542819E+04  0.1705401656E+04
L1 0.2952173570E+03  0.2952173570E+03  -.9250944475E+10  0.1000000000E+01
L2 0.1000000000E+01  0.3372856888E+02  0.3372856888E+02  0.3372856888E+02
L3 0.2953763908E+05  -.2815279918E+03  0.2567366617E+03  -.2743291237E+03
L4 -.9970681796E+02  0.2814378093E+03  0.2897708908E+03  0.2961355696E+03
L5 0.8673442698E+03  0.3412864020E+03  0.2351925600E+03  0.3544537918E+03
L6 0.9309327537E+03  -.9250944475E+04  0.1372847528E+04  -.1069597594E+05
L7 0.0000000000E+00  0.2042711979E+01  0.8516315620E+01  0.1114473836E+02
L8 0.4138653709E+01  0.4331238289E+02  0.3029138811E+01  0.0000000000E+00
L9 0.0000000000E+00  0.0000000000E+00  0.0000000000E+00  0.9804275589E+00  0.0000000000E+00
