L0  Nsteps           time(ps)         Etot             EKinetic        
L1  Temp             T_solute         T_solv           Pres_scal_solu  
L2  Pres_scal_solv   BoxX             BoxY             BoxZ            
L3  volume           pres_X           pres_Y           pres_Z          
L4  Pressure         EKCoM_x          EKCoM_y          EKCoM_z         
L5  EKComTot         VIRIAL_x         VIRIAL_y         VIRIAL_z        
L6  VIRIAL_tot       E_pot            E_vdw            E_el            
L7  E_hbon           E_bon            E_angle          E_dih           
L8  E_14vdw          E_14el           E_const          E_pol           
L9  AV_permMoment    AV_indMoment     AV_totMoment     Density          dV/dlambda      
L0     1000  0.2000000000E+01  -.7364833237E+04  0.1729804195E+04
L1 0.2988248434E+03  0.2988248434E+03  -.9094637432E+10  0.1000000000E+01
L2 0.1000000000E+01  0.3472783353E+02  0.3472783353E+02  0.3472783353E+02
L3 0.3224319755E+05  -.1928870456E+03  -.5003527486E+03  -.1386520549E+04
L4 -.6932534477E+03  0.2966669751E+03  0.2839866103E+03  0.2804566217E+03
L5 0.8611102071E+03  0.3414277653E+03  0.4000969710E+03  0.6022084287E+03
L6 0.1343733165E+04  -.9094637432E+04  0.1360463534E+04  -.1052852955E+05
L7 0.0000000000E+00  0.2987952636E+01  0.6634338443E+01  0.1005970004E+02
L8 0.3049002965E+01  0.4818964726E+02  0.2507941508E+01  0.0000000000E+00
L9 0.0000000000E+00  0.0000000000E+00  0.0000000000E+00  0.9000146117E+00  0.0000000000E+00
L0     2000  0.4000000000E+01  -.7331067751E+04  0.1727377479E+04
L1 0.2984056265E+03  0.2984056265E+03  -.9058445230E+10  0.1000000000E+01
L2 0.1000000000E+01  0.3405135139E+02  0.3405135139E+02  0.3405135139E+02
L3 0.3039529738E+05  -.6465707788E+03  -.7650917787E+03  -.5371159771E+03
L4 -.6495928449E+03  0.3025392465E+03  0.2664654684E+03  0.2959970305E+03
L5 0.8650017454E+03  0.4439814619E+03  0.4338350429E+03  0.4134951857E+03
L6 0.1291311690E+04  -.9058445230E+04  0.1281967338E+04  -.1042281607E+05
L7 0.0000000000E+00  0.2728114187E+01  0.1211191318E+02  0.1109921214E+02
L8 0.4208476436E+01  0.4821274736E+02  0.4043035782E+01  0.0000000000E+00
L9 0.0000000000E+00  0.0000000000E+00  0.0000000000E+00  0.9547315351E+00  0.0000000000E+00
L0     3000  0.6000000000E+01  -.7525711059E+04  0.1708212054E+04
L1 0.2950947865E+03  0.2950947865E+03  -.9233923113E+10  0.1000000000E+01
L2 0.1000000000E+01  0.3381913234E+02  0.3381913234E+02  0.3381913234E+02
L3 0.2977613975E+05  0.1746940386E+02  -.6797303902E+03  0.4426210090E+03
L4 -.7321332581E+02  0.2972382333E+03  0.2712940420E+03  0.2772946440E+03
L5 0.8458269193E+03  0.2934945159E+03  0.4169612048E+03  0.1824403496E+03
L6 0.8928960703E+03  -.9233923113E+04  0.1388286588E+04  -.1070009254E+05
L7 0.0000000000E+00  0.2241263972E+01  0.9496265018E+01  0.1230941273E+02
L8 0.3109861185E+01  0.4689743797E+02  0.3828603206E+01  0.0000000000E+00
L9 0.0000000000E+00  0.0000000000E+00  0.0000000000E+00  0.9745839848E+00  0.0000000000E+00
L0     4000  0.8000000000E+01  -.7468522164E+04  0.1755524767E+04
L1 0.3032680896E+03  0.3032680896E+03  -.9224046931E+10  0.1000000000E+01
L2 0.1000000000E+01  0.3372248565E+02  0.3372248565E+02  0.3372248565E+02
L3 0.2952253063E+05  -.3412251836E+03  -.3457375261E+03  -.6041178981E+03
L4 -.4303602026E+03  0.2995520464E+03  0.2954035844E+03  0.2997444198E+03
L5 0.8947000506E+03  0.3720542552E+03  0.3688645584E+03  0.4281050570E+03
L6 0.1169023871E+04  -.9224046931E+04  0.1301247159E+04  -.1060000194E+05
L7 0.0000000000E+00  0.1303222914E+01  0.6517340569E+01  0.1106139846E+02
L8 0.2519950444E+01  0.4885094534E+02  0.4454991691E+01  0.0000000000E+00
L9 0.0000000000E+00  0.0000000000E+00  0.0000000000E+00  0.9829560105E+00  0.0000000000E+00
L0     5000  0.1000000000E+02  -.7508341037E+04  0.1752037453E+04
L1 0.3026656538E+03  0.3026656538E+03  -.9260378490E+10  0.1000000000E+01
L2 0.1000000000E+01  0.3365506781E+02  0.3365506781E+02  0.3365506781E+02
L3 0.2934512858E+05  -.3966871898E+03  -.5438245119E+03  0.4423705865E+03
L4 -.1660470384E+03  0.2812328496E+03  0.2925666677E+03  0.3031897905E+03
L5 0.8769893078E+03  0.3650129300E+03  0.4074220563E+03  0.2097614060E+03
L6 0.9821963923E+03  -.9260378490E+04  0.1343023520E+04  -.1068455079E+05
L7 0.0000000000E+00  0.5006855611E+01  0.1018271395E+02  0.1455566395E+02
L8 0.3705593707E+01  0.4480767621E+02  0.2890278943E+01  0.0000000000E+00
L9 0.0000000000E+00  0.0000000000E+00  0.0000000000E+00  0.9888983396E+00  0.0000000000E+00
L0     6000  0.1200000000E+02  -.7509007247E+04  0.1706263805E+04
L1 0.2947582251E+03  0.2947582251E+03  -.9215271051E+10  0.1000000000E+01
L2 0.1000000000E+01  0.3366218997E+02  0.3366218997E+02  0.3366218997E+02
L3 0.2936242892E+05  0.3688823330E+03  0.7579623701E+02  0.5849505889E+03
L4 0.3432097196E+03  0.2991647529E+03  0.2777758424E+03  0.2942028792E+03
L5 0.8711434744E+03  0.2212111101E+03  0.2617582882E+03  0.1705888561E+03
L6 0.6535582544E+03  -.9215271051E+04  0.1400903166E+04  -.1069212602E+05
L7 0.0000000000E+00  0.2348668210E+01  0.8671401079E+01  0.1279288998E+02
L8 0.3477464015E+01  0.4571501960E+02  0.2946361004E+01  0.0000000000E+00
L9 0.0000000000E+00  0.0000000000E+00  0.0000000000E+00  0.9883156807E+00  0.0000000000E+00
L0     7000  0.1400000000E+02  -.7590373350E+04  0.1676130519E+04
L1 0.2895526797E+03  0.2895526797E+03  -.9266503869E+10  0.1000000000E+01
L2 0.1000000000E+01  0.3361013676E+02  0.3361013676E+02  0.3361013676E+02
L3 0.2922890482E+05  -.6860342842E+03  -.5724471900E+03  -.5636707902E+03
L4 -.6073840882E+03  0.2748408207E+03  0.2723874603E+03  0.2747387021E+03
L5 0.8219669832E+03  0.4191569736E+03  0.3928091041E+03  0.3933141171E+03
L6 0.1205280195E+04  -.9266503869E+04  0.1307744191E+04  -.1065775271E+05
L7 0.0000000000E+00  0.2740195103E+01  0.1227143548E+02  0.1197424515E+02
L8 0.4290131277E+01  0.4849166621E+02  0.3736977730E+01  0.0000000000E+00
L9 0.0000000000E+00  0.0000000000E+00  0.0000000000E+00  0.9928305251E+00  0.0000000000E+00
L0     8000  0.1600000000E+02  -.7633962771E+04  0.1702371911E+04
L1 0.2940858978E+03  0.2940858978E+03  -.9336334682E+10  0.1000000000E+01
L2 0.1000000000E+01  0.3381385459E+02  0.3381385459E+02  0.3381385459E+02
L3 0.2976256192E+05  -.1626854395E+03  -.3726911321E+03  -.9155470091E+02
L4 -.2089770908E+03  0.2839058457E+03  0.2875766429E+03  0.2993728951E+03
L5 0.8708553836E+03  0.3187536626E+03  0.3674084483E+03  0.3189842473E+03
L6 0.1005146358E+04  -.9336334682E+04  0.1397138152E+04  -.1081093707E+05
L7 0.0000000000E+00  0.2806624311E+01  0.4988889731E+01  0.1155426724E+02
L8 0.2763433040E+01  0.4980279471E+02  0.5548224646E+01  0.0000000000E+00
L9 0.0000000000E+00  0.0000000000E+00  0.0000000000E+00  0.9750285947E+00  0.0000000000E+00
L0     9000  0.1800000000E+02  -.7512221015E+04  0.1733541911E+04
L1 0.2994705363E+03  0.2994705363E+03  -.9245762925E+10  0.1000000000E+01
L2 0.1000000000E+01  0.3368424319E+02  0.3368424319E+02  0.3368424319E+02
L3 0.2942144115E+05  -.8570408859E+02  -.5023381252E+02  -.2810841890E+03
L4 -.1390073634E+03  0.3088840025E+03  0.2964115762E+03  0.3045080373E+03
L5 0.9098036160E+03  0.3270317222E+03  0.3070485151E+03  0.3640272173E+03
L6 0.9981074546E+03  -.9245762925E+04  0.1347779258E+04  -.1067082525E+05
L7 0.0000000000E+00  0.2844043941E+01  0.8797448362E+01  0.1138675116E+02
L8 0.3090085193E+01  0.4638015748E+02  0.4784582359E+01  0.0000000000E+00
L9 0.0000000000E+00  0.0000000000E+00  0.0000000000E+00  0.9863333606E+00  0.0000000000E+00
L0    10000  0.2000000000E+02  -.7562656013E+04  0.1745055282E+04
L1 0.3014594790E+03  0.3014594790E+03  -.9307711295E+10  0.1000000000E+01
L2 0.1000000000E+01  0.3369951533E+02  0.3369951533E+02  0.3369951533E+02
L3 0.2945990655E+05  0.2866891583E+03  0.1030896788E+04  0.5888645690E+02
L4 0.4588241344E+03  0.2755568233E+03  0.2958948319E+03  0.2797626806E+03
L5 0.8512143359E+03  0.2147714323E+03  0.7731850102E+02  0.2672772545E+03
L6 0.5593671879E+03  -.9307711295E+04  0.1453738909E+04  -.1083373253E+05
L7 0.0000000000E+00  0.1091246175E+01  0.7154748722E+01  0.1289315693E+02
L8 0.3062101524E+01  0.4620595799E+02  0.1875111552E+01  0.0000000000E+00
L9 0.0000000000E+00  0.0000000000E+00  0.0000000000E+00  0.9850455185E+00  0.0000000000E+00
