L0  Nsteps           time(ps)         Etot             EKinetic        
L1  Temp             T_solute         T_solv           Pres_scal_solu  
L2  Pres_scal_solv   BoxX             BoxY             BoxZ            
L3  volume           pres_X           pres_Y           pres_Z          
L4  Pressure         EKCoM_x          EKCoM_y          EKCoM_z         
L5  EKComTot         VIRIAL_x         VIRIAL_y         VIRIAL_z        
L6  VIRIAL_tot       E_pot            E_vdw            E_el            
L7  E_hbon           E_bon            E_angle          E_dih           
L8  E_14vdw          E_14el           E_const          E_pol           
L9  AV_permMoment    AV_indMoment     AV_totMoment     Density          dV/dlambda      
L0     1000  0.2000000000E+01  -.7048873919E+04  0.1595326335E+04
L1 0.2915048856E+03  0.2915048856E+03  -.8644200254E+10  0.1000000000E+01
L2 0.1000000000E+01  0.3403805597E+02  0.3403805597E+02  0.3403805597E+02
L3 0.3036153987E+05  -.1617534596E+04  -.1465890347E+04  -.8949425690E+03
L4 -.1326122504E+04  0.2687318429E+03  0.2554222890E+03  0.2537132056E+03
L5 0.7778673376E+03  0.6221866987E+03  0.5757406690E+03  0.4492711847E+03
L6 0.1647198552E+04  -.8644200254E+04  0.1239586259E+04  -.9958073894E+04
L7 0.0000000000E+00  0.3852431826E+01  0.1042261012E+02  0.9188220893E+01
L8 0.3227695784E+01  0.4496751878E+02  0.2628903201E+01  0.0000000000E+00
L9 0.0000000000E+00  0.0000000000E+00  0.0000000000E+00  0.9035694536E+00  0.0000000000E+00
L0     2000  0.4000000000E+01  -.7003560383E+04  0.1650656864E+04
L1 0.3016151176E+03  0.3016151176E+03  -.8654217247E+10  0.1000000000E+01
L2 0.1000000000E+01  0.3354087405E+02  0.3354087405E+02  0.3354087405E+02
L3 0.2904819615E+05  -.1261965069E+04  0.3911684247E+03  -.5128208053E+03
L4 -.4612058166E+03  0.2848627921E+03  0.2841827452E+03  0.2733610088E+03
L5 0.8424065461E+03  0.5486921269E+03  0.2024041700E+03  0.3805725119E+03
L6 0.1131668809E+04  -.8654217247E+04  0.1282925872E+04  -.1000815312E+05
L7 0.0000000000E+00  0.1443433239E+01  0.1115026368E+02  0.1241634497E+02
L8 0.2465127618E+01  0.3986285358E+02  0.3671980557E+01  0.0000000000E+00
L9 0.0000000000E+00  0.0000000000E+00  0.0000000000E+00  0.9444221542E+00  0.0000000000E+00
L0     3000  0.6000000000E+01  -.7139285705E+04  0.1556678846E+04
L1 0.2844430501E+03  0.2844430501E+03  -.8695964550E+10  0.1000000000E+01
L2 0.1000000000E+01  0.3325346146E+02  0.3325346146E+02  0.3325346146E+02
L3 0.2830626236E+05  0.1068557226E+04  0.3108363700E+03  -.8974037776E+03
L4 0.1606632727E+03  0.2648884208E+03  0.2407112115E+03  0.2569552343E+03
L5 0.7625548666E+03  0.4719921596E+02  0.1773868330E+03  0.4397766219E+03
L6 0.6643626709E+03  -.8695964550E+04  0.1353029564E+04  -.1012569271E+05
L7 0.0000000000E+00  0.5449412906E+01  0.1463100409E+02  0.1084593169E+02
L8 0.2250758820E+01  0.4050112781E+02  0.3020357342E+01  0.0000000000E+00
L9 0.0000000000E+00  0.0000000000E+00  0.0000000000E+00  0.9691763484E+00  0.0000000000E+00
L0     4000  0.8000000000E+01  -.7076618457E+04  0.1619273567E+04
L1 0.2958806267E+03  0.2958806267E+03  -.8695892024E+10  0.1000000000E+01
L2 0.1000000000E+01  0.3303325769E+02  0.3303325769E+02  0.3303325769E+02
L3 0.2774824953E+05  -.5484336173E+03  0.1056724632E+03  0.1948598258E+03
L4 -.8263377610E+02  0.2754877986E+03  0.2671205203E+03  0.2600463482E+03
L5 0.8026546671E+03  0.3850135494E+03  0.2460170440E+03  0.2211315770E+03
L6 0.8521621704E+03  -.8695892024E+04  0.1260274749E+04  -.1003242835E+05
L7 0.0000000000E+00  0.5251326220E+01  0.9779261602E+01  0.1095904183E+02
L8 0.3082991337E+01  0.4576923882E+02  0.1419716666E+01  0.0000000000E+00
L9 0.0000000000E+00  0.0000000000E+00  0.0000000000E+00  0.9886663288E+00  0.0000000000E+00
L0     5000  0.1000000000E+02  -.7004007821E+04  0.1650432812E+04
L1 0.3015741779E+03  0.3015741779E+03  -.8654440634E+10  0.1000000000E+01
L2 0.1000000000E+01  0.3308116440E+02  0.3308116440E+02  0.3308116440E+02
L3 0.2786977479E+05  -.2950475811E+03  0.3207977866E+02  -.7377227791E+03
L4 -.3335635272E+03  0.3003906349E+03  0.2932465320E+03  0.2856869305E+03
L5 0.8793240974E+03  0.3595716074E+03  0.2868119342E+03  0.4336601875E+03
L6 0.1080043729E+04  -.8654440634E+04  0.1198448168E+04  -.9924683226E+04
L7 0.0000000000E+00  0.2624778192E+01  0.9565883614E+01  0.9372093787E+01
L8 0.3028759355E+01  0.4308734475E+02  0.4115564007E+01  0.0000000000E+00
L9 0.0000000000E+00  0.0000000000E+00  0.0000000000E+00  0.9843552807E+00  0.0000000000E+00
L0     6000  0.1200000000E+02  -.7113053150E+04  0.1650785518E+04
L1 0.3016386257E+03  0.3016386257E+03  -.8763838667E+10  0.1000000000E+01
L2 0.1000000000E+01  0.3309853989E+02  0.3309853989E+02  0.3309853989E+02
L3 0.2791300260E+05  -.2573574763E+03  -.1124902068E+03  0.2246820721E+03
L4 -.4838853701E+02  0.2824664491E+03  0.2741934742E+03  0.2633056568E+03
L5 0.8199655800E+03  0.3341675660E+03  0.2967918825E+03  0.2181687746E+03
L6 0.8491282231E+03  -.8763838667E+04  0.1303983421E+04  -.1014358435E+05
L7 0.0000000000E+00  0.1226997303E+01  0.6725956700E+01  0.1086104219E+02
L8 0.4359134430E+01  0.4894039635E+02  0.3648730420E+01  0.0000000000E+00
L9 0.0000000000E+00  0.0000000000E+00  0.0000000000E+00  0.9828308469E+00  0.0000000000E+00
L0     7000  0.1400000000E+02  -.7082525757E+04  0.1666849272E+04
L1 0.3045738641E+03  0.3045738641E+03  -.8749375030E+10  0.1000000000E+01
L2 0.1000000000E+01  0.3307564166E+02  0.3307564166E+02  0.3307564166E+02
L3 0.2785534355E+05  0.9943381350E+02  -.8673607621E+03  0.3412008450E+03
L4 -.1422420345E+03  0.2678325712E+03  0.2919783337E+03  0.2911737959E+03
L5 0.8509847008E+03  0.2478983536E+03  0.4658644352E+03  0.2227707884E+03
L6 0.9365335771E+03  -.8749375030E+04  0.1279295680E+04  -.1010235377E+05
L7 0.0000000000E+00  0.4277199266E+01  0.8903105933E+01  0.9737140195E+01
L8 0.2319433495E+01  0.4518733881E+02  0.3258840894E+01  0.0000000000E+00
L9 0.0000000000E+00  0.0000000000E+00  0.0000000000E+00  0.9848652535E+00  0.0000000000E+00
L0     8000  0.1600000000E+02  -.7124656649E+04  0.1625418599E+04
L1 0.2970034734E+03  0.2970034734E+03  -.8750075248E+10  0.1000000000E+01
L2 0.1000000000E+01  0.3310139172E+02  0.3310139172E+02  0.3310139172E+02
L3 0.2791961450E+05  0.5371954782E+03  -.1140066010E+03  0.1590114348E+03
L4 0.1940667707E+03  0.2595816758E+03  0.2695685778E+03  0.2401272504E+03
L5 0.7692775040E+03  0.1516377159E+03  0.2924770431E+03  0.2081755222E+03
L6 0.6522902811E+03  -.8750075248E+04  0.1335974866E+04  -.1015636841E+05
L7 0.0000000000E+00  0.2224740042E+01  0.1097333734E+02  0.1057694965E+02
L8 0.3386372691E+01  0.4186666301E+02  0.1290232472E+01  0.0000000000E+00
L9 0.0000000000E+00  0.0000000000E+00  0.0000000000E+00  0.9825980939E+00  0.0000000000E+00
L0     9000  0.1800000000E+02  -.7076338555E+04  0.1656816769E+04
L1 0.3027406819E+03  0.3027406819E+03  -.8733155324E+10  0.1000000000E+01
L2 0.1000000000E+01  0.3310924744E+02  0.3310924744E+02  0.3310924744E+02
L3 0.2793995552E+05  -.2544961689E+03  -.1807563790E+03  0.4656457964E+03
L4 0.1013108284E+02  0.2728128816E+03  0.2655313029E+03  0.2652339259E+03
L5 0.8035781104E+03  0.3239885519E+03  0.3018789182E+03  0.1715989771E+03
L6 0.7974664472E+03  -.8733155324E+04  0.1296441745E+04  -.1010925293E+05
L7 0.0000000000E+00  0.1247641917E+01  0.9618241199E+01  0.1032600448E+02
L8 0.4078142653E+01  0.4909814515E+02  0.5287682804E+01  0.0000000000E+00
L9 0.0000000000E+00  0.0000000000E+00  0.0000000000E+00  0.9818827368E+00  0.0000000000E+00
L0    10000  0.2000000000E+02  -.7096415062E+04  0.1618964965E+04
L1 0.2958242376E+03  0.2958242376E+03  -.8715380027E+10  0.1000000000E+01
L2 0.1000000000E+01  0.3303722388E+02  0.3303722388E+02  0.3303722388E+02
L3 0.2775714158E+05  -.1714779125E+03  0.7647115290E+03  0.4966126315E+03
L4 0.3632820827E+03  0.2728459827E+03  0.2751700940E+03  0.2609887779E+03
L5 0.8090048546E+03  0.3071022082E+03  0.1224033021E+03  0.1617802324E+03
L6 0.5912857427E+03  -.8715380027E+04  0.1330444304E+04  -.1012489286E+05
L7 0.0000000000E+00  0.4903499241E+01  0.1217636270E+02  0.9568531346E+01
L8 0.2455569267E+01  0.4367763572E+02  0.6286932775E+01  0.0000000000E+00
L9 0.0000000000E+00  0.0000000000E+00  0.0000000000E+00  0.9883496075E+00  0.0000000000E+00
