L0  Nsteps           time(ps)         Etot             EKinetic        
L1  Temp             T_solute         T_solv           Pres_scal_solu  
L2  Pres_scal_solv   BoxX             BoxY             BoxZ            
L3  volume           pres_X           pres_Y           pres_Z          
L4  Pressure         EKCoM_x          EKCoM_y          EKCoM_z         
L5  EKComTot         VIRIAL_x         VIRIAL_y         VIRIAL_z        
L6  VIRIAL_tot       E_pot            E_vdw            E_el            
L7  E_hbon           E_bon            E_angle          E_dih           
L8  E_14vdw          E_14el           E_const          E_pol           
L9  AV_permMoment    AV_indMoment     AV_totMoment     Density          dV/dlambda      
L0     1000  0.2000000000E+01  -.6919739000E+04  0.1561782529E+04
L1 0.2897951510E+03  0.2897951510E+03  -.8481521529E+10  0.1000000000E+01
L2 0.1000000000E+01  0.3393778285E+02  0.3393778285E+02  0.3393778285E+02
L3 0.3009210377E+05  -.8432752727E+03  -.2323317206E+03  -.7811406880E+03
L4 -.6189158938E+03  0.2436326594E+03  0.2607968123E+03  0.2677052931E+03
L5 0.7721347648E+03  0.4262653412E+03  0.3111141482E+03  0.4368811523E+03
L6 0.1174260642E+04  -.8481521529E+04  0.1309268770E+04  -.9864514831E+04
L7 0.0000000000E+00  0.2626507518E+01  0.7593710158E+01  0.1125775203E+02
L8 0.3408166754E+01  0.4506061205E+02  0.3777783774E+01  0.0000000000E+00
L9 0.0000000000E+00  0.0000000000E+00  0.0000000000E+00  0.8977413272E+00  0.0000000000E+00
L0     2000  0.4000000000E+01  -.6931271622E+04  0.1615872475E+04
L1 0.2998317622E+03  0.2998317622E+03  -.8547144097E+10  0.1000000000E+01
L2 0.1000000000E+01  0.3331703415E+02  0.3331703415E+02  0.3331703415E+02
L3 0.2847101471E+05  -.3735205525E+03  -.1101051029E+04  -.5209953844E+03
L4 -.6651889886E+03  0.2537854856E+03  0.2522879683E+03  0.2867718649E+03
L5 0.7928453188E+03  0.3303229427E+03  0.4779024501E+03  0.3935281374E+03
L6 0.1201753530E+04  -.8547144097E+04  0.1233957593E+04  -.9852921223E+04
L7 0.0000000000E+00  0.2959841183E+01  0.1003849157E+02  0.9085334507E+01
L8 0.2450793592E+01  0.4410432790E+02  0.3180744699E+01  0.0000000000E+00
L9 0.0000000000E+00  0.0000000000E+00  0.0000000000E+00  0.9488571253E+00  0.0000000000E+00
L0     3000  0.6000000000E+01  -.6890901628E+04  0.1634461673E+04
L1 0.3032810640E+03  0.3032810640E+03  -.8525363301E+10  0.1000000000E+01
L2 0.1000000000E+01  0.3303818008E+02  0.3303818008E+02  0.3303818008E+02
L3 0.2776108781E+05  -.3146765013E+03  -.8008678502E+03  0.3444288381E+03
L4 -.2570385045E+03  0.2769690740E+03  0.2579883630E+03  0.2779058141E+03
L5 0.8128632510E+03  0.3398410880E+03  0.4180008663E+03  0.2090893164E+03
L6 0.9669312707E+03  -.8525363301E+04  0.1236569961E+04  -.9835174535E+04
L7 0.0000000000E+00  0.3401828357E+01  0.1018657424E+02  0.8561566692E+01
L8 0.3602223088E+01  0.4540143822E+02  0.2087643345E+01  0.0000000000E+00
L9 0.0000000000E+00  0.0000000000E+00  0.0000000000E+00  0.9731219957E+00  0.0000000000E+00
L0     4000  0.8000000000E+01  -.6845248283E+04  0.1618405263E+04
L1 0.3003017315E+03  0.3003017315E+03  -.8463653547E+10  0.1000000000E+01
L2 0.1000000000E+01  0.3300640231E+02  0.3300640231E+02  0.3300640231E+02
L3 0.2768109403E+05  -.1224158262E+04  0.8044172522E+03  -.3941240814E+03
L4 -.2712883637E+03  0.2601484840E+03  0.2430296389E+03  0.2725286373E+03
L5 0.7757067602E+03  0.5040291647E+03  0.8277108966E+02  0.3510472834E+03
L6 0.9378475378E+03  -.8463653547E+04  0.1222105364E+04  -.9754623200E+04
L7 0.0000000000E+00  0.4354024141E+01  0.9703166062E+01  0.8863125213E+01
L8 0.3110754258E+01  0.4085487142E+02  0.1978347734E+01  0.0000000000E+00
L9 0.0000000000E+00  0.0000000000E+00  0.0000000000E+00  0.9759341574E+00  0.0000000000E+00
L0     5000  0.1000000000E+02  -.6983093188E+04  0.1569323213E+04
L1 0.2911943558E+03  0.2911943558E+03  -.8552416401E+10  0.1000000000E+01
L2 0.1000000000E+01  0.3302020452E+02  0.3302020452E+02  0.3302020452E+02
L3 0.2771641010E+05  -.1502942525E+04  0.3011627784E+03  -.3104391558E+03
L4 -.5040729676E+03  0.2486418094E+03  0.2606647353E+03  0.2751600628E+03
L5 0.7844666075E+03  0.5484447799E+03  0.2005895867E+03  0.3370856384E+03
L6 0.1086120005E+04  -.8552416401E+04  0.1222199126E+04  -.9851771566E+04
L7 0.0000000000E+00  0.1203517031E+01  0.1082534315E+02  0.9945442591E+01
L8 0.4952172409E+01  0.4639828978E+02  0.3831274167E+01  0.0000000000E+00
L9 0.0000000000E+00  0.0000000000E+00  0.0000000000E+00  0.9746906284E+00  0.0000000000E+00
L0     6000  0.1200000000E+02  -.6918582048E+04  0.1626307728E+04
L1 0.3017680661E+03  0.3017680661E+03  -.8544889776E+10  0.1000000000E+01
L2 0.1000000000E+01  0.3287433024E+02  0.3287433024E+02  0.3287433024E+02
L3 0.2735065994E+05  -.8969759901E+03  -.5266629274E+02  -.5135491013E+03
L4 -.4877304614E+03  0.2735648310E+03  0.2657527200E+03  0.2517866766E+03
L5 0.7911042276E+03  0.4501300706E+03  0.2761198165E+03  0.3528762499E+03
L6 0.1079126137E+04  -.8544889776E+04  0.1198976742E+04  -.9823154420E+04
L7 0.0000000000E+00  0.2958067378E+01  0.1012939886E+02  0.1292657099E+02
L8 0.3543804463E+01  0.4633029608E+02  0.3399764070E+01  0.0000000000E+00
L9 0.0000000000E+00  0.0000000000E+00  0.0000000000E+00  0.9877248022E+00  0.0000000000E+00
L0     7000  0.1400000000E+02  -.7050058701E+04  0.1587105201E+04
L1 0.2944938765E+03  0.2944938765E+03  -.8637163902E+10  0.1000000000E+01
L2 0.1000000000E+01  0.3289919793E+02  0.3289919793E+02  0.3289919793E+02
L3 0.2741079580E+05  -.5104302074E+01  0.5034963254E+03  0.4665858209E+03
L4 0.3216592814E+03  0.2629699814E+03  0.2695236302E+03  0.2703390273E+03
L5 0.8028326389E+03  0.2639769469E+03  0.1701949810E+03  0.1782920013E+03
L6 0.6124639292E+03  -.8637163902E+04  0.1323809169E+04  -.1004091209E+05
L7 0.0000000000E+00  0.2841459622E+01  0.1167218335E+02  0.1086690681E+02
L8 0.3548371593E+01  0.4672660942E+02  0.4283488550E+01  0.0000000000E+00
L9 0.0000000000E+00  0.0000000000E+00  0.0000000000E+00  0.9855578574E+00  0.0000000000E+00
L0     8000  0.1600000000E+02  -.6879633720E+04  0.1624997254E+04
L1 0.3015249023E+03  0.3015249023E+03  -.8504630974E+10  0.1000000000E+01
L2 0.1000000000E+01  0.3296524835E+02  0.3296524835E+02  0.3296524835E+02
L3 0.2757699210E+05  0.4116662981E+03  -.3805685649E+02  -.3476441404E+03
L4 0.8655100415E+01  0.2746695617E+03  0.2651236447E+03  0.2694787045E+03
L5 0.8092719110E+03  0.1929645327E+03  0.2726769387E+03  0.3384770042E+03
L6 0.8041184755E+03  -.8504630974E+04  0.1252033216E+04  -.9833559829E+04
L7 0.0000000000E+00  0.2229444034E+01  0.9331398611E+01  0.8295184384E+01
L8 0.3898462282E+01  0.4813519791E+02  0.5005951554E+01  0.0000000000E+00
L9 0.0000000000E+00  0.0000000000E+00  0.0000000000E+00  0.9796182656E+00  0.0000000000E+00
L0     9000  0.1800000000E+02  -.6993693733E+04  0.1606170046E+04
L1 0.2980314368E+03  0.2980314368E+03  -.8599863780E+10  0.1000000000E+01
L2 0.1000000000E+01  0.3295201007E+02  0.3295201007E+02  0.3295201007E+02
L3 0.2754353797E+05  -.1139975193E+03  -.2224191959E+03  0.6604862999E+03
L4 0.1080231949E+03  0.2688485738E+03  0.2633958548E+03  0.2730334755E+03
L5 0.8052779040E+03  0.2914466623E+03  0.3074867149E+03  0.1421031889E+03
L6 0.7410365661E+03  -.8599863780E+04  0.1300517668E+04  -.9976970374E+04
L7 0.0000000000E+00  0.1620105930E+01  0.1103725530E+02  0.1093599288E+02
L8 0.4624261852E+01  0.4560655650E+02  0.2764753774E+01  0.0000000000E+00
L9 0.0000000000E+00  0.0000000000E+00  0.0000000000E+00  0.9808081012E+00  0.0000000000E+00
L0    10000  0.2000000000E+02  -.6866892023E+04  0.1661226715E+04
L1 0.3082474273E+03  0.3082474273E+03  -.8528118738E+10  0.1000000000E+01
L2 0.1000000000E+01  0.3283491586E+02  0.3283491586E+02  0.3283491586E+02
L3 0.2725141920E+05  -.9602058095E+02  -.4460871906E+02  -.1092551653E+03
L4 -.8329482176E+02  0.3000008903E+03  0.2754835609E+03  0.2771299962E+03
L5 0.8526144475E+03  0.3188334795E+03  0.2842327028E+03  0.2985582945E+03
L6 0.9016244768E+03  -.8528118738E+04  0.1216455744E+04  -.9818538340E+04
L7 0.0000000000E+00  0.2563973728E+01  0.9142449325E+01  0.9845901750E+01
L8 0.4191154655E+01  0.4614649658E+02  0.2073881730E+01  0.0000000000E+00
L9 0.0000000000E+00  0.0000000000E+00  0.0000000000E+00  0.9913217721E+00  0.0000000000E+00
