L0  Nsteps           time(ps)         Etot             EKinetic        
L1  Temp             T_solute         T_solv           Pres_scal_solu  
L2  Pres_scal_solv   BoxX             BoxY             BoxZ            
L3  volume           pres_X           pres_Y           pres_Z          
L4  Pressure         EKCoM_x          EKCoM_y          EKCoM_z         
L5  EKComTot         VIRIAL_x         VIRIAL_y         VIRIAL_z        
L6  VIRIAL_tot       E_pot            E_vdw            E_el            
L7  E_hbon           E_bon            E_angle          E_dih           
L8  E_14vdw          E_14el           E_const          E_pol           
L9  AV_permMoment    AV_indMoment     AV_totMoment     Density          dV/dlambda      
L0     1000  0.2000000000E+01  -.7386893263E+04  0.1677293655E+04
L1 0.2900523272E+03  0.2900523272E+03  -.9064186918E+10  0.1000000000E+01
L2 0.1000000000E+01  0.3470471540E+02  0.3470471540E+02  0.3470471540E+02
L3 0.3217691860E+05  0.1416653290E+03  -.3992313222E+01  -.2008465642E+03
L4 -.2105784947E+02  0.3021343391E+03  0.2580159851E+03  0.2728988824E+03
L5 0.8330492066E+03  0.2693274835E+03  0.2589405250E+03  0.3194109278E+03
L6 0.8476789363E+03  -.9064186918E+04  0.1456615407E+04  -.1060312544E+05
L7 0.0000000000E+00  0.4810999403E+01  0.8825126337E+01  0.1562016901E+02
L8 0.3519124538E+01  0.4546788456E+02  0.4079814187E+01  0.0000000000E+00
L9 0.0000000000E+00  0.0000000000E+00  0.0000000000E+00  0.9009387292E+00  0.0000000000E+00
L0     2000  0.4000000000E+01  -.7384326462E+04  0.1730380416E+04
L1 0.2992325554E+03  0.2992325554E+03  -.9114706878E+10  0.1000000000E+01
L2 0.1000000000E+01  0.3424002577E+02  0.3424002577E+02  0.3424002577E+02
L3 0.3090095581E+05  0.1008772375E+04  -.3134500561E+03  -.3628081628E+02
L4 0.2196805011E+03  0.2900718171E+03  0.2797051810E+03  0.2883425163E+03
L5 0.8581195144E+03  0.6572409005E+02  0.3494154638E+03  0.2964112530E+03
L6 0.7115508069E+03  -.9114706878E+04  0.1443488956E+04  -.1062694478E+05
L7 0.0000000000E+00  0.1984624464E+01  0.8372508285E+01  0.1046081996E+02
L8 0.2667383422E+01  0.4267354691E+02  0.2590065516E+01  0.0000000000E+00
L9 0.0000000000E+00  0.0000000000E+00  0.0000000000E+00  0.9381403066E+00  0.0000000000E+00
L0     3000  0.6000000000E+01  -.7449097600E+04  0.1731443110E+04
L1 0.2994163258E+03  0.2994163258E+03  -.9180540711E+10  0.1000000000E+01
L2 0.1000000000E+01  0.3386125860E+02  0.3386125860E+02  0.3386125860E+02
L3 0.2988700567E+05  0.4744675284E+03  -.2536953868E+03  0.1709238324E+03
L4 0.1305653247E+03  0.2833409793E+03  0.3038319793E+03  0.2989417755E+03
L5 0.8861147341E+03  0.1812833487E+03  0.3584016780E+03  0.2621761797E+03
L6 0.8018612064E+03  -.9180540711E+04  0.1398208411E+04  -.1064993196E+05
L7 0.0000000000E+00  0.4197459512E+01  0.9780942318E+01  0.9465063841E+01
L8 0.3863878233E+01  0.4044388390E+02  0.3431614439E+01  0.0000000000E+00
L9 0.0000000000E+00  0.0000000000E+00  0.0000000000E+00  0.9699677672E+00  0.0000000000E+00
L0     4000  0.8000000000E+01  -.7476664047E+04  0.1697125530E+04
L1 0.2934818289E+03  0.2934818289E+03  -.9173789577E+10  0.1000000000E+01
L2 0.1000000000E+01  0.3378475868E+02  0.3378475868E+02  0.3378475868E+02
L3 0.2968615890E+05  -.7005343905E+03  -.4134681177E+03  0.7862670645E+02
L4 -.3451252673E+03  0.2649856366E+03  0.2791609315E+03  0.2932671388E+03
L5 0.8374137070E+03  0.4146574596E+03  0.3674999592E+03  0.2764682455E+03
L6 0.1058625664E+04  -.9173789577E+04  0.1316432800E+04  -.1056478909E+05
L7 0.0000000000E+00  0.2505044565E+01  0.8097376113E+01  0.1482448825E+02
L8 0.2729325370E+01  0.4472078499E+02  0.1689697948E+01  0.0000000000E+00
L9 0.0000000000E+00  0.0000000000E+00  0.0000000000E+00  0.9765302492E+00  0.0000000000E+00
L0     5000  0.1000000000E+02  -.7468459517E+04  0.1723293193E+04
L1 0.2980069706E+03  0.2980069706E+03  -.9191752710E+10  0.1000000000E+01
L2 0.1000000000E+01  0.3371216357E+02  0.3371216357E+02  0.3371216357E+02
L3 0.2949411658E+05  -.3074238152E+02  -.4635869876E+03  0.7001817514E+03
L4 0.6861746076E+02  0.2932206518E+03  0.3162879680E+03  0.2829696336E+03
L5 0.8924782534E+03  0.2997463875E+03  0.4146943375E+03  0.1343409058E+03
L6 0.8487816309E+03  -.9191752710E+04  0.1358942329E+04  -.1062124073E+05
L7 0.0000000000E+00  0.1216642352E+01  0.6060411173E+01  0.1105689541E+02
L8 0.4734579903E+01  0.4485357794E+02  0.2623581249E+01  0.0000000000E+00
L9 0.0000000000E+00  0.0000000000E+00  0.0000000000E+00  0.9828886405E+00  0.0000000000E+00
L0     6000  0.1200000000E+02  -.7585468409E+04  0.1669128437E+04
L1 0.2886403261E+03  0.2886403261E+03  -.9254596846E+10  0.1000000000E+01
L2 0.1000000000E+01  0.3371919816E+02  0.3371919816E+02  0.3371919816E+02
L3 0.2951243075E+05  -.2044391008E+02  0.5373303212E+03  -.1367141130E+03
L4 0.1267240994E+03  0.2678732258E+03  0.2890156980E+03  0.2857970066E+03
L5 0.8426859304E+03  0.2722155828E+03  0.1748848854E+03  0.3148355555E+03
L6 0.7619360238E+03  -.9254596846E+04  0.1409305975E+04  -.1074288081E+05
L7 0.0000000000E+00  0.2873237076E+01  0.7719277002E+01  0.1203125378E+02
L8 0.6201410531E+01  0.4757913429E+02  0.2573672360E+01  0.0000000000E+00
L9 0.0000000000E+00  0.0000000000E+00  0.0000000000E+00  0.9822787015E+00  0.0000000000E+00
L0     7000  0.1400000000E+02  -.7439019009E+04  0.1739611756E+04
L1 0.3008289198E+03  0.3008289198E+03  -.9178630765E+10  0.1000000000E+01
L2 0.1000000000E+01  0.3369607514E+02  0.3369607514E+02  0.3369607514E+02
L3 0.2945190320E+05  0.3342209857E+03  -.1579307096E+03  0.3772955993E+02
L4 0.7133994534E+02  0.2697428315E+03  0.2804494717E+03  0.3170482107E+03
L5 0.8672405140E+03  0.1988987360E+03  0.3139257008E+03  0.3090507580E+03
L6 0.8218751947E+03  -.9178630765E+04  0.1354873061E+04  -.1060522900E+05
L7 0.0000000000E+00  0.3676271033E+01  0.7866972627E+01  0.1014099517E+02
L8 0.3708211147E+01  0.4388354118E+02  0.2449184614E+01  0.0000000000E+00
L9 0.0000000000E+00  0.0000000000E+00  0.0000000000E+00  0.9842974137E+00  0.0000000000E+00
L0     8000  0.1600000000E+02  -.7422179029E+04  0.1743226781E+04
L1 0.3014540616E+03  0.3014540616E+03  -.9165405810E+10  0.1000000000E+01
L2 0.1000000000E+01  0.3375318339E+02  0.3375318339E+02  0.3375318339E+02
L3 0.2960096238E+05  0.3585084356E+03  -.7143035299E+02  0.9954083469E+03
L4 0.4274954765E+03  0.2780597118E+03  0.2739173095E+03  0.2849163103E+03
L5 0.8368933316E+03  0.2016828535E+03  0.2891348759E+03  0.7285390202E+02
L6 0.5636716315E+03  -.9165405810E+04  0.1402912166E+04  -.1063657218E+05
L7 0.0000000000E+00  0.1770461345E+01  0.7091410434E+01  0.1120750249E+02
L8 0.3184165786E+01  0.4357904890E+02  0.1421610004E+01  0.0000000000E+00
L9 0.0000000000E+00  0.0000000000E+00  0.0000000000E+00  0.9793408667E+00  0.0000000000E+00
L0     9000  0.1800000000E+02  -.7418634826E+04  0.1766486549E+04
L1 0.3054763447E+03  0.3054763447E+03  -.9185121376E+10  0.1000000000E+01
L2 0.1000000000E+01  0.3365047670E+02  0.3365047670E+02  0.3365047670E+02
L3 0.2933341281E+05  -.2630670103E+02  -.4899203020E+03  -.3168116100E+03
L4 -.2776795377E+03  0.3027018962E+03  0.3069050100E+03  0.2877448926E+03
L5 0.8973517988E+03  0.3082556364E+03  0.4103345542E+03  0.3546285884E+03
L6 0.1073218779E+04  -.9185121376E+04  0.1302873390E+04  -.1056481960E+05
L7 0.0000000000E+00  0.2609519454E+01  0.8600442947E+01  0.1316674856E+02
L8 0.2767334967E+01  0.4705133252E+02  0.2629460879E+01  0.0000000000E+00
L9 0.0000000000E+00  0.0000000000E+00  0.0000000000E+00  0.9882734186E+00  0.0000000000E+00
L0    10000  0.2000000000E+02  -.7538182537E+04  0.1719277907E+04
L1 0.2973126122E+03  0.2973126122E+03  -.9257460444E+10  0.1000000000E+01
L2 0.1000000000E+01  0.3358085476E+02  0.3358085476E+02  0.3358085476E+02
L3 0.2915088643E+05  -.5524787176E+03  0.1514608892E+03  0.5286345779E+03
L4 0.4253891654E+02  0.2759474073E+03  0.2920739407E+03  0.2848315833E+03
L5 0.8528529313E+03  0.3918582060E+03  0.2602972368E+03  0.1739233181E+03
L6 0.8260787608E+03  -.9257460444E+04  0.1370345270E+04  -.1069966863E+05
L7 0.0000000000E+00  0.3948890120E+01  0.6721657195E+01  0.1301478270E+02
L8 0.1964770992E+01  0.4282627589E+02  0.3386542089E+01  0.0000000000E+00
L9 0.0000000000E+00  0.0000000000E+00  0.0000000000E+00  0.9944614283E+00  0.0000000000E+00
