L0  Nsteps           time(ps)         Etot             EKinetic        
L1  Temp             T_solute         T_solv           Pres_scal_solu  
L2  Pres_scal_solv   BoxX             BoxY             BoxZ            
L3  volume           pres_X           pres_Y           pres_Z          
L4  Pressure         EKCoM_x          EKCoM_y          EKCoM_z         
L5  EKComTot         VIRIAL_x         VIRIAL_y         VIRIAL_z        
L6  VIRIAL_tot       E_pot            E_vdw            E_el            
L7  E_hbon           E_bon            E_angle          E_dih           
L8  E_14vdw          E_14el           E_const          E_pol           
L9  AV_permMoment    AV_indMoment     AV_totMoment     Density          dV/dlambda      
L0     1000  0.2000000000E+01  -.7515257287E+04  0.1708456165E+04
L1 0.2903525684E+03  0.2903525684E+03  -.9223713451E+10  0.1000000000E+01
L2 0.1000000000E+01  0.3486026790E+02  0.3486026790E+02  0.3486026790E+02
L3 0.3261361748E+05  -.1058177642E+04  -.2393818590E+03  -.9201143658E+03
L4 -.7392246223E+03  0.2743759426E+03  0.2865291603E+03  0.2709865007E+03
L5 0.8318916035E+03  0.5227545194E+03  0.3427175762E+03  0.4869584582E+03
L6 0.1352430554E+04  -.9223713451E+04  0.1383269322E+04  -.1068162957E+05
L7 0.0000000000E+00  0.1841252319E+01  0.8067589117E+01  0.9686602958E+01
L8 0.3459379670E+01  0.4627269510E+02  0.5319276230E+01  0.0000000000E+00
L9 0.0000000000E+00  0.0000000000E+00  0.0000000000E+00  0.9044693464E+00  0.0000000000E+00
L0     2000  0.4000000000E+01  -.7565000078E+04  0.1757346450E+04
L1 0.2986614852E+03  0.2986614852E+03  -.9322346529E+10  0.1000000000E+01
L2 0.1000000000E+01  0.3434450115E+02  0.3434450115E+02  0.3434450115E+02
L3 0.3118766830E+05  -.8426152406E+03  -.1036260724E+04  -.6838816130E+03
L4 -.8542525258E+03  0.2945101116E+03  0.2994500669E+03  0.2797425979E+03
L5 0.8737027765E+03  0.4836437584E+03  0.5320494318E+03  0.4332468514E+03
L6 0.1448940042E+04  -.9322346529E+04  0.1323568722E+04  -.1071954781E+05
L7 0.0000000000E+00  0.3936506362E+01  0.9382148530E+01  0.1088789351E+02
L8 0.3143923431E+01  0.4351337808E+02  0.2768711510E+01  0.0000000000E+00
L9 0.0000000000E+00  0.0000000000E+00  0.0000000000E+00  0.9458231055E+00  0.0000000000E+00
L0     3000  0.6000000000E+01  -.7701915669E+04  0.1720853195E+04
L1 0.2924594469E+03  0.2924594469E+03  -.9422768863E+10  0.1000000000E+01
L2 0.1000000000E+01  0.3401683332E+02  0.3401683332E+02  0.3401683332E+02
L3 0.3030147527E+05  -.3539667732E+03  0.6097285774E+03  -.5618989378E+03
L4 -.1020457112E+03  0.2735570958E+03  0.2801001019E+03  0.2967902538E+03
L5 0.8504474515E+03  0.3507509721E+03  0.1471291114E+03  0.4193304481E+03
L6 0.9172105317E+03  -.9422768863E+04  0.1419191838E+04  -.1091694483E+05
L7 0.0000000000E+00  0.3508103756E+01  0.6300297244E+01  0.1150384527E+02
L8 0.3133373395E+01  0.4725222664E+02  0.3286283764E+01  0.0000000000E+00
L9 0.0000000000E+00  0.0000000000E+00  0.0000000000E+00  0.9734845257E+00  0.0000000000E+00
L0     4000  0.8000000000E+01  -.7653258558E+04  0.1776318681E+04
L1 0.3018858207E+03  0.3018858207E+03  -.9429577239E+10  0.1000000000E+01
L2 0.1000000000E+01  0.3393719345E+02  0.3393719345E+02  0.3393719345E+02
L3 0.3008794997E+05  0.5870349317E+03  0.9052569517E+02  0.3561534007E+03
L4 0.3445713425E+03  0.3034741487E+03  0.3039066878E+03  0.2809861301E+03
L5 0.8883669667E+03  0.1763543715E+03  0.2843037552E+03  0.2038627112E+03
L6 0.6645208379E+03  -.9429577239E+04  0.1473290060E+04  -.1098243796E+05
L7 0.0000000000E+00  0.3750169746E+01  0.6181406391E+01  0.1306569792E+02
L8 0.2842417683E+01  0.4818655261E+02  0.5544420101E+01  0.0000000000E+00
L9 0.0000000000E+00  0.0000000000E+00  0.0000000000E+00  0.9803930581E+00  0.0000000000E+00
L0     5000  0.1000000000E+02  -.7664713286E+04  0.1748067176E+04
L1 0.2970844701E+03  0.2970844701E+03  -.9412780462E+10  0.1000000000E+01
L2 0.1000000000E+01  0.3386075422E+02  0.3386075422E+02  0.3386075422E+02
L3 0.2988576819E+05  0.4519378910E+03  0.3838093435E+03  -.5543917136E+03
L4 0.9378517361E+02  0.2959808169E+03  0.2922879682E+03  0.2735513980E+03
L5 0.8618201831E+03  0.1987733204E+03  0.2097342675E+03  0.3927957269E+03
L6 0.8013033148E+03  -.9412780462E+04  0.1422659198E+04  -.1090886989E+05
L7 0.0000000000E+00  0.3026905679E+01  0.8613434222E+01  0.1102484950E+02
L8 0.2615631196E+01  0.4446571467E+02  0.3683696357E+01  0.0000000000E+00
L9 0.0000000000E+00  0.0000000000E+00  0.0000000000E+00  0.9870255667E+00  0.0000000000E+00
L0     6000  0.1200000000E+02  -.7604468241E+04  0.1787695825E+04
L1 0.3038193693E+03  0.3038193693E+03  -.9392164066E+10  0.1000000000E+01
L2 0.1000000000E+01  0.3389634725E+02  0.3389634725E+02  0.3389634725E+02
L3 0.2998070364E+05  0.5521534558E+03  -.5862019427E+03  -.3490351284E+03
L4 -.1276945384E+03  0.2866065262E+03  0.2980914108E+03  0.2920289565E+03
L5 0.8767268936E+03  0.1674663616E+03  0.4245783417E+03  0.3673415390E+03
L6 0.9593862422E+03  -.9392164066E+04  0.1373056578E+04  -.1083282459E+05
L7 0.0000000000E+00  0.2508129846E+01  0.8152787815E+01  0.8954477240E+01
L8 0.2708490505E+01  0.4453666364E+02  0.7433982404E+00  0.0000000000E+00
L9 0.0000000000E+00  0.0000000000E+00  0.0000000000E+00  0.9839000991E+00  0.0000000000E+00
L0     7000  0.1400000000E+02  -.7714223170E+04  0.1731112609E+04
L1 0.2942030370E+03  0.2942030370E+03  -.9445335779E+10  0.1000000000E+01
L2 0.1000000000E+01  0.3388015638E+02  0.3388015638E+02  0.3388015638E+02
L3 0.2993708709E+05  0.1766979815E+03  0.3958565032E+03  -.1967828211E+03
L4 0.1252572212E+03  0.2813677505E+03  0.3010366952E+03  0.2830718439E+03
L5 0.8654762896E+03  0.2432964502E+03  0.2157455580E+03  0.3254706183E+03
L6 0.7845126266E+03  -.9445335779E+04  0.1430759084E+04  -.1095164261E+05
L7 0.0000000000E+00  0.3970527354E+01  0.1005015186E+02  0.1214472155E+02
L8 0.2450547422E+01  0.4300570515E+02  0.3926092604E+01  0.0000000000E+00
L9 0.0000000000E+00  0.0000000000E+00  0.0000000000E+00  0.9853335829E+00  0.0000000000E+00
L0     8000  0.1600000000E+02  -.7657496388E+04  0.1806121250E+04
L1 0.3069507749E+03  0.3069507749E+03  -.9463617638E+10  0.1000000000E+01
L2 0.1000000000E+01  0.3389619147E+02  0.3389619147E+02  0.3389619147E+02
L3 0.2997936992E+05  -.2529398224E+03  0.1515984782E+03  0.7507687967E+03
L4 0.2164758175E+03  0.3253787780E+03  0.3007470263E+03  0.2944939548E+03
L5 0.9206197590E+03  0.3799540980E+03  0.2680375249E+03  0.1325050402E+03
L6 0.7804966631E+03  -.9463617638E+04  0.1441025889E+04  -.1097591127E+05
L7 0.0000000000E+00  0.2454770472E+01  0.6071054771E+01  0.9683818617E+01
L8 0.2617657055E+01  0.4561725997E+02  0.4823186180E+01  0.0000000000E+00
L9 0.0000000000E+00  0.0000000000E+00  0.0000000000E+00  0.9839438707E+00  0.0000000000E+00
L0     9000  0.1800000000E+02  -.7603235654E+04  0.1784558283E+04
L1 0.3032861432E+03  0.3032861432E+03  -.9387793938E+10  0.1000000000E+01
L2 0.1000000000E+01  0.3388324159E+02  0.3388324159E+02  0.3388324159E+02
L3 0.2994391362E+05  0.4670364124E+03  0.1383221926E+04  0.4478040001E+02
L4 0.6316795794E+03  0.3052032947E+03  0.2712755932E+03  0.3051009802E+03
L5 0.8815798681E+03  0.2045528071E+03  -.2682099522E+02  0.2954504070E+03
L6 0.4731822189E+03  -.9387793938E+04  0.1489712533E+04  -.1095190903E+05
L7 0.0000000000E+00  0.2981213855E+01  0.1115500786E+02  0.1089661126E+02
L8 0.1132527938E+01  0.4374282235E+02  0.4494378858E+01  0.0000000000E+00
L9 0.0000000000E+00  0.0000000000E+00  0.0000000000E+00  0.9851089491E+00  0.0000000000E+00
L0    10000  0.2000000000E+02  -.7605147045E+04  0.1755457514E+04
L1 0.2983404599E+03  0.2983404599E+03  -.9360604558E+10  0.1000000000E+01
L2 0.1000000000E+01  0.3370042528E+02  0.3370042528E+02  0.3370042528E+02
L3 0.2946381028E+05  0.4461498117E+03  -.1163361083E+03  -.6853218079E+03
L4 -.1185027015E+03  0.2931325675E+03  0.2861968536E+03  0.2779749523E+03
L5 0.8573043733E+03  0.1985249287E+03  0.3108663350E+03  0.4232998551E+03
L6 0.9326911189E+03  -.9360604558E+04  0.1340719957E+04  -.1077022116E+05
L7 0.0000000000E+00  0.4538047572E+01  0.5282018922E+01  0.1153634181E+02
L8 0.1768612620E+01  0.4359246599E+02  0.2179155398E+01  0.0000000000E+00
L9 0.0000000000E+00  0.0000000000E+00  0.0000000000E+00  0.1001160984E+01  0.0000000000E+00
