0		11.2113		5.6709		6.5456
1		11.2365		6.1957		6.5707
2		9.5159		4.0502		4.8502
3		11.7845		8.1984		7.1187
4		11.7601		6.2183		7.0944
5		6.1870		1.9258		1.5213
6		10.9606		5.5972		6.2949
7		11.9835		7.3042		7.3177
8		7.9276		2.9565		3.2619
9		20.2804		7.1096		15.6147
10		13.9540		6.0928		9.2883
11		10.3681		8.1754		5.7023
12		7.7423		2.9850		3.0766
13		10.9252		5.1046		6.2595
14		17.4024		6.9682		12.7366
15		14.8449		5.1495		10.1792
16		9.7190		7.0553		5.0532
17		17.6432		5.8231		12.9775
18		9.2570		4.1056		4.5913
19		5.4110		1.3046		0.7453
20		10.3354		5.1028		5.6697
21		12.3279		5.1474		7.6622
22		6.9098		2.0815		2.2441
23		5.8946		1.4663		1.2289
24		2.0111		1.7852		-2.6547
25		11.2745		5.8347		6.6088
26		9.5851		5.7773		4.9194
27		10.6518		8.0458		5.9861
28		10.7923		7.3573		6.1265
29		6.8450		2.6946		2.1792
30		1.6148		0.9459		-3.0509
31		10.7990		7.8982		6.1333
32		3.0741		1.4070		-1.5917
33		7.6144		2.7142		2.9486
34		10.2811		4.2337		5.6154
35		10.3204		7.9840		5.6547
36		8.4974		4.0090		3.8317
37		10.5368		6.4477		5.8710
38		8.9157		3.1868		4.2499
39		5.1420		2.4958		0.4762
40		10.9453		7.5805		6.2795
41		6.3915		2.6469		1.7258
42		2.3852		1.3911		-2.2805
43		5.3218		1.7657		0.6561
44		2.3429		1.0468		-2.3228
45		3.3840		1.8981		-1.2817
46		3.5532		1.3039		-1.1125
47		4.2712		1.3396		-0.3946
48		4.6064		3.0302		-0.0594
49		10.7177		7.1559		6.0519
50		7.5369		3.8622		2.8712
51		8.1062		7.3424		3.4405
52		8.9098		6.4007		4.2441
53		4.0989		1.5114		-0.5669
54		4.0988		2.9208		-0.5669
55		8.2364		7.2477		3.5706
56		2.4839		1.5579		-2.1818
57		10.4183		3.0929		5.7525
58		13.4252		5.6064		8.7595
59		8.1124		7.0702		3.4466
60		5.8956		2.6133		1.2299
61		8.6456		5.1505		3.9798
62		12.1309		4.1230		7.4652
63		6.7859		2.5474		2.1202
64		8.7096		6.8773		4.0439
65		8.6050		2.5739		3.9393
66		3.0146		2.1029		-1.6512
67		2.7135		0.8780		-1.9522
68		3.6388		2.5837		-1.0269
69		5.2524		2.8419		0.5867
70		2.2186		1.0680		-2.4472
71		1.8811		1.1279		-2.7847
72		12.1190		11.8498		7.4532
73		11.1128		10.8376		6.4471
74		25.0033		19.6545		20.3375
75		13.1528		10.7609		8.4870
76		18.4316		13.9611		13.7659
77		28.9373		25.9098		24.2716
78		11.0832		9.9430		6.4175
79		15.9012		11.9727		11.2354
80		15.4713		11.7792		10.8056
81		12.0444		11.4730		7.3787
82		11.3390		10.9391		6.6733
83		11.0267		10.4579		6.3609
84		28.2053		23.0371		23.5396
85		21.3903		16.5667		16.7246
86		11.6059		11.1729		6.9402
87		12.8410		11.9644		8.1752
88		10.7614		10.7725		6.0957
89		12.5824		11.7733		7.9167
90		13.7131		10.0952		9.0473
91		25.1785		21.6283		20.5128
92		11.9801		9.4567		7.3144
93		12.5422		11.8858		7.8764
94		17.8145		14.2876		13.1487
95		21.1957		17.5760		16.5300
96		0.0085		0.8131		-4.6572
97		9.9550		4.5357		5.2893
98		13.9722		6.6585		9.3065
99		13.7351		10.3155		9.0694
100		15.4075		9.7383		10.7418
101		9.7057		3.1437		5.0399
102		0.0000		0.4013		-4.6657
103		14.9270		10.3840		10.2612
104		4.6101		1.0226		-0.0556
105		6.9226		3.3621		2.2568
106		8.3901		3.2875		3.7243
107		10.8876		9.4227		6.2219
108		12.0132		4.7890		7.3475
109		15.1420		8.4011		10.4763
110		7.1317		3.1157		2.4660
111		3.8119		2.2412		-0.8539
112		11.2936		6.8208		6.6278
113		6.3267		2.9899		1.6610
114		3.2343		0.6233		-1.4314
115		7.7777		2.0519		3.1120
116		1.4629		0.3094		-3.2029
117		1.8859		1.3735		-2.7798
118		5.5603		1.2638		0.8946
119		6.4928		1.4963		1.8271
120		0.2054		0.3382		-4.4603
121		10.5570		5.1310		5.8913
122		11.4360		5.6369		6.7703
123		12.2720		8.8233		7.6062
124		12.7838		7.9996		8.1180
125		8.1108		2.8853		3.4450
126		0.2554		0.0000		-4.4104
127		12.7152		8.6489		8.0494
128		3.7259		1.1398		-0.9399
129		6.7605		2.8021		2.0948
130		9.2053		3.6217		4.5395
131		9.6773		9.0324		5.0115
132		9.9419		4.2218		5.2762
133		12.3935		6.9314		7.7277
134		7.8338		2.9019		3.1681
135		4.5452		1.9840		-0.1206
136		11.1992		7.1830		6.5334
137		6.0762		2.7400		1.4104
138		2.8398		0.7283		-1.8259
139		6.4944		1.9509		1.8287
140		1.6890		0.1826		-2.9768
141		2.1410		1.0072		-2.5247
142		4.4948		1.2900		-0.1709
143		5.3665		1.4626		0.7008
144		7.3787		9.3041		2.7130
145		9.6653		7.7961		4.9996
146		27.6557		21.5346		22.9900
147		16.3854		13.1326		11.7196
148		23.6498		20.2435		18.9841
149		21.5787		13.8421		16.9130
150		7.3546		8.5671		2.6888
151		19.6490		16.7925		14.9833
152		10.5976		5.2809		5.9319
153		10.7599		9.2393		6.0941
154		10.8175		8.4412		6.1518
155		13.5428		9.7814		8.8771
156		25.8604		18.1028		21.1946
157		25.7213		22.8401		21.0555
158		11.0621		8.8543		6.3963
159		9.0308		9.7784		4.3650
160		10.8803		7.8181		6.2146
161		10.1071		9.5799		5.4414
162		8.8165		6.0099		4.1507
163		17.2389		10.0551		12.5731
164		7.7233		7.3906		3.0575
165		7.9286		9.7130		3.2629
166		12.2638		5.7031		7.5981
167		14.1373		7.3058		9.4716
168		6.2687		3.2769		1.6029
169		9.9656		6.1108		5.2999
170		7.0032		2.9749		2.3374
171		7.5524		7.1970		2.8866
172		9.2037		5.5782		4.5379
173		3.4070		0.9241		-1.2588
174		5.6164		3.3333		0.9507
175		8.8942		6.7521		4.2284
176		2.9993		1.7520		-1.6665
177		12.5846		3.6183		7.9188
178		15.5953		6.5637		10.9295
179		7.5358		6.8122		2.8701
180		5.1655		1.8570		0.4998
181		8.4627		4.2298		3.7969
182		14.4684		4.8975		9.8027
183		8.3737		2.6621		3.7080
184		7.9205		6.2999		3.2547
185		10.4810		2.8561		5.8153
186		3.9582		2.2793		-0.7076
187		1.4553		1.4014		-3.2105
188		4.8828		2.9526		0.2171
189		6.6315		2.9523		1.9658
190		2.2944		0.8880		-2.3713
191		2.0086		0.4715		-2.6571
192		2.3099		3.6338		-2.3559
193		9.3927		4.5114		4.7269
194		18.1043		9.5888		13.4386
195		13.8221		12.5231		9.1563
196		18.6021		13.2499		13.9364
197		12.4718		4.4481		7.8060
198		1.6123		2.4546		-3.0534
199		17.0223		13.4470		12.3566
200		5.9510		1.5748		1.2853
201		8.2257		4.6166		3.5599
202		7.7788		3.9475		3.1131
203		12.5526		9.8997		7.8869
204		15.6289		6.8810		10.9631
205		19.1187		11.8749		14.4529
206		7.7288		4.4346		3.0630
207		5.2198		3.8930		0.5540
208		11.1979		6.6832		6.5321
209		7.1385		4.3199		2.4727
210		4.4713		1.6997		-0.1944
211		9.8609		2.7805		5.1951
212		2.8453		1.9726		-1.8204
213		3.0891		3.4668		-1.5766
214		7.0877		1.5887		2.4219
215		8.1957		1.8975		3.5300
216		10.3559		11.2267		5.6902
217		11.2414		9.9641		6.5757
218		29.2845		23.7979		24.6188
219		15.3423		11.7654		10.6766
220		21.3940		17.4711		16.7283
221		25.9725		20.4680		21.3067
222		9.8658		10.2895		5.2000
223		18.1572		14.4858		13.4914
224		13.3147		8.2229		8.6490
225		12.0302		10.9890		7.3645
226		11.8062		10.2578		7.1405
227		12.4654		9.8891		7.7997
228		29.6308		24.7646		24.9650
229		25.3090		20.5854		20.6432
230		11.9498		10.5959		7.2841
231		11.3859		11.5956		6.7201
232		10.6231		9.4943		5.9574
233		11.7279		11.3492		7.0622
234		11.4421		7.9492		6.7764
235		21.3639		16.0394		16.6981
236		10.0540		8.8293		5.3883
237		10.8870		11.5823		6.2213
238		15.0200		9.7465		10.3543
239		17.5857		12.3685		12.9200
240		21.8679		11.6914		17.2022
241		16.4089		8.2361		11.7432
242		16.6320		7.8232		11.9663
243		15.8787		9.3866		11.2130
244		16.3468		8.5292		11.6811
245		15.7802		7.4096		11.1145
246		20.3373		11.3061		15.6716
247		16.9935		9.5985		12.3278
248		17.7470		9.9795		13.0812
249		22.3259		8.8359		17.6601
250		17.6312		7.7700		12.9655
251		15.7847		9.2194		11.1190
252		16.2508		7.6906		11.5850
253		16.5389		8.0973		11.8732
254		19.8123		8.0009		15.1465
255		26.8631		11.9784		22.1974
256		15.8466		8.6840		11.1809
257		24.8688		10.2106		20.2031
258		18.1571		10.8923		13.4914
259		15.7077		7.2811		11.0420
260		19.2130		11.2069		14.5473
261		24.5041		12.6820		19.8384
262		17.3060		8.7212		12.6403
263		16.4973		7.7033		11.8315
264		10.7463		9.5616		6.0805
265		9.1247		10.3904		4.4589
266		20.5212		14.4935		15.8555
267		10.5521		10.0216		5.8863
268		15.4940		10.4571		10.8282
269		25.5968		20.7727		20.9311
270		11.7651		9.1955		7.0993
271		12.9015		9.8659		8.2357
272		17.6282		15.2586		12.9625
273		11.3394		10.8565		6.6737
274		9.4760		10.4615		4.8102
275		9.3650		10.4108		4.6993
276		23.6285		17.5612		18.9628
277		17.7864		12.0534		13.1207
278		10.1851		10.6297		5.5194
279		12.4650		11.1412		7.7993
280		9.0708		10.4493		4.4050
281		12.0763		11.0678		7.4106
282		15.2541		12.5965		10.5884
283		25.8610		23.1253		21.1953
284		13.4174		10.4029		8.7517
285		11.7783		10.7848		7.1125
286		20.8313		18.2459		16.1656
287		24.4340		21.6336		19.7683
288		2.9418		2.5148		-1.7240
289		12.2206		6.5252		7.5549
290		8.4907		4.8349		3.8249
291		9.2095		7.6345		4.5438
292		9.3386		7.0336		4.6728
293		5.4389		2.2221		0.7731
294		2.9580		2.1776		-1.7078
295		9.2183		7.5679		4.5526
296		1.8420		2.1672		-2.8238
297		8.8419		2.8276		4.1762
298		11.7035		4.8747		7.0377
299		9.1975		7.4934		4.5318
300		7.1336		3.5069		2.4679
301		9.3924		6.3760		4.7267
302		10.3514		3.5954		5.6857
303		5.7575		2.6091		1.0918
304		9.5980		7.5119		4.9323
305		7.3233		2.5476		2.6575
306		2.7937		1.8456		-1.8720
307		3.9428		1.3855		-0.7230
308		2.9681		2.0024		-1.6976
309		4.2331		2.6697		-0.4326
310		2.6850		1.2358		-1.9807
311		3.0681		1.1019		-1.5976
312		22.8010		12.4232		18.1352
313		14.9189		7.5947		10.2532
314		16.8872		8.0351		12.2215
315		15.0575		8.7324		10.3917
316		15.8740		8.4658		11.2082
317		16.9077		8.6126		12.2419
318		21.5579		11.7447		16.8921
319		15.4151		8.7573		10.7494
320		18.8575		10.6406		14.1918
321		20.4177		8.0754		15.7520
322		16.5708		7.4007		11.9051
323		14.7228		8.2850		10.0571
324		17.0719		8.1620		12.4061
325		16.3706		8.1621		11.7049
326		18.4077		7.5243		13.7420
327		24.4559		10.4944		19.7901
328		14.4670		7.8812		9.8012
329		22.5384		9.0817		17.8727
330		19.6307		11.2075		14.9650
331		16.8425		8.5118		12.1768
332		20.5396		11.4823		15.8738
333		25.3618		12.1048		20.6961
334		18.2850		9.7922		13.6193
335		18.4486		9.4152		13.7829
336		18.5404		10.1256		13.8746
337		15.1083		7.8536		10.4426
338		15.1138		6.9469		10.4480
339		15.2700		9.3224		10.6043
340		15.3380		8.8021		10.6722
341		13.2893		5.6331		8.6236
342		17.0053		10.1776		12.3396
343		15.4294		8.7819		10.7637
344		15.6136		7.8350		10.9479
345		22.7469		9.1043		18.0812
346		17.0416		7.5177		12.3759
347		15.1828		9.2438		10.5170
348		14.0907		6.3953		9.4249
349		15.4213		7.4665		10.7556
350		19.6882		7.9543		15.0225
351		24.8010		11.4117		20.1353
352		15.1016		8.5869		10.4358
353		25.7827		10.8422		21.1169
354		16.2458		9.2263		11.5800
355		13.1683		5.3798		8.5026
356		16.1828		10.0976		11.5170
357		21.2335		10.4341		16.5678
358		14.5944		6.4366		9.9286
359		13.5189		5.4596		8.8531
360		11.5884		6.6708		6.9227
361		3.7125		6.1755		-0.9532
362		13.2304		5.8829		8.5647
363		5.6436		6.1521		0.9779
364		9.7814		5.4955		5.1156
365		16.4821		8.8247		11.8164
366		13.0861		9.1197		8.4204
367		7.7015		5.9371		3.0357
368		18.7634		15.6549		14.0977
369		8.7402		6.9372		4.0745
370		5.2466		6.3062		0.5809
371		3.9531		6.1248		-0.7127
372		14.8527		7.0634		10.1870
373		11.6473		5.3707		6.9815
374		7.0475		6.5747		2.3818
375		9.0549		6.8223		4.3892
376		3.1779		6.1220		-1.4878
377		9.8154		7.2175		5.1496
378		15.9173		14.8077		11.2516
379		18.2452		10.9616		13.5794
380		14.4855		12.2072		9.8198
381		9.7053		5.9450		5.0395
382		20.1003		15.0376		15.4346
383		19.8512		13.2399		15.1855
384		10.7700		7.6869		6.1043
385		6.1509		8.7649		1.4852
386		16.5131		9.3577		11.8473
387		7.9464		8.5537		3.2807
388		12.3296		7.5380		7.6638
389		20.9777		14.2196		16.3120
390		12.5155		8.9729		7.8498
391		9.8826		7.9636		5.2169
392		19.2533		17.6214		14.5876
393		9.7495		9.2186		5.0837
394		6.9915		8.8555		2.3258
395		6.6457		8.7579		1.9800
396		18.8706		11.5437		14.2049
397		14.5267		7.9647		9.8609
398		8.3430		9.0109		3.6773
399		11.0573		9.3258		6.3915
400		6.0165		8.7420		1.3508
401		10.8503		9.3976		6.1846
402		16.4552		14.6636		11.7894
403		22.6870		16.8560		18.0213
404		14.2453		11.6340		9.5796
405		9.7250		8.3678		5.0593
406		21.4110		19.8756		16.7453
407		23.3857		18.9893		18.7200
408		16.3609		7.6523		11.6951
409		3.8901		2.8337		-0.7756
410		12.3134		5.6288		7.6477
411		5.8233		3.8000		1.1575
412		9.7711		5.4269		5.1053
413		13.6390		6.3331		8.9732
414		16.7640		9.7292		12.0983
415		8.0932		4.7932		3.4275
416		17.1766		10.4885		12.5109
417		10.3924		4.7894		5.7267
418		6.1583		3.3029		1.4926
419		3.6329		3.0351		-1.0329
420		13.1555		5.8426		8.4897
421		11.1431		5.5905		6.4774
422		8.5985		4.0847		3.9328
423		13.1152		4.9253		8.4495
424		2.7140		2.7607		-1.9517
425		11.3824		4.8647		6.7167
426		17.1453		11.0377		12.4796
427		14.2923		7.0692		9.6266
428		15.0083		11.1544		10.3425
429		14.9491		5.8469		10.2834
430		16.6157		9.4110		11.9499
431		15.5171		8.1275		10.8514
432		19.8085		9.4404		15.1427
433		7.4695		3.7245		2.8038
434		14.0143		6.7590		9.3486
435		9.2064		4.9961		4.5407
436		11.8224		6.7199		7.1566
437		14.8015		7.3140		10.1357
438		19.0081		10.8515		14.3424
439		10.8140		6.1927		6.1483
440		17.7480		10.1412		13.0823
441		13.6180		5.5915		8.9523
442		9.9269		4.3398		5.2612
443		7.1696		3.9506		2.5039
444		14.6410		6.9394		9.9753
445		13.0363		6.7548		8.3706
446		12.1305		5.1332		7.4648
447		17.1229		6.5217		12.4571
448		6.1372		3.5886		1.4715
449		15.2773		5.8683		10.6115
450		18.1757		10.7159		13.5100
451		15.1272		7.7565		10.4615
452		18.3549		10.9800		13.6892
453		18.8594		7.7812		14.1936
454		17.0493		9.2773		12.3836
455		16.0846		8.3910		11.4188
456		22.3979		11.4760		17.7322
457		12.0027		5.9005		7.3369
458		15.8305		7.6380		11.1648
459		12.8344		7.1024		8.1687
460		14.1730		7.8357		9.5073
461		16.2193		8.2170		11.5536
462		20.5343		11.5999		15.8686
463		13.4512		7.7903		8.7854
464		18.7010		10.4427		14.0353
465		17.3013		6.9008		12.6356
466		13.8954		6.2149		9.2297
467		11.7629		6.2023		7.0972
468		16.3039		7.8409		11.6381
469		15.0627		7.6820		10.3969
470		15.6063		6.5430		10.9405
471		21.0265		8.5980		16.3607
472		10.9692		5.8491		6.3035
473		19.1405		7.5400		14.4748
474		19.3356		10.9748		14.6698
475		16.3800		8.5378		11.7143
476		19.9897		11.2780		15.3240
477		22.4953		10.0469		17.8296
478		18.0238		9.7059		13.3581
479		17.2205		8.9964		12.5548
480		14.4675		7.8758		9.8017
481		13.2384		7.0881		8.5726
482		13.0455		5.8092		8.3798
483		13.6446		8.7917		8.9789
484		14.1149		7.3066		9.4491
485		9.6605		3.6062		4.9948
486		13.8192		8.0698		9.1534
487		13.8864		8.1254		9.2207
488		11.8393		5.1311		7.1735
489		22.1193		8.9527		17.4536
490		15.5425		6.8329		10.8768
491		13.3100		8.7218		8.6443
492		10.9565		4.6337		6.2908
493		13.3582		6.3722		8.6925
494		18.6272		7.4930		13.9615
495		19.8101		8.0374		15.1444
496		12.8373		7.9651		8.1716
497		23.0356		9.1267		18.3699
498		13.3599		6.6407		8.6942
499		9.0776		2.9898		4.4119
500		13.8326		7.5895		9.1668
501		16.7222		7.6710		12.0565
502		10.5378		3.8897		5.8721
503		9.4165		3.0939		4.7508
504		13.3213		6.6680		8.6555
505		2.7267		3.7705		-1.9391
506		11.7702		4.9070		7.1044
507		4.5786		4.1925		-0.0871
508		8.8797		4.7704		4.2140
509		13.8772		6.3526		9.2115
510		14.3650		9.2250		9.6993
511		6.9393		4.6077		2.2735
512		17.6666		12.2830		13.0008
513		8.7140		5.1848		4.0483
514		4.7466		4.0448		0.0809
515		2.5306		3.8357		-2.1351
516		12.9068		5.4093		8.2411
517		10.4313		4.7727		5.7656
518		6.9827		4.5879		2.3170
519		9.7891		4.8896		5.1233
520		1.7119		3.7272		-2.9538
521		9.2931		5.4346		4.6274
522		16.4002		12.7246		11.7344
523		15.1066		7.6890		10.4409
524		13.9868		11.6960		9.3211
525		11.6537		5.0336		6.9879
526		17.6988		11.1437		13.0331
527		16.6814		9.4009		12.0157
528		8.4270		3.9183		3.7613
529		9.9816		5.7183		5.3159
530		7.4670		3.0191		2.8012
531		9.0055		7.4266		4.3398
532		10.8630		5.9247		6.1973
533		4.0210		0.9957		-0.6447
534		7.8966		4.0139		3.2309
535		10.1988		6.6979		5.5330
536		4.8087		1.8270		0.1429
537		15.7683		4.7667		11.1025
538		13.0317		5.8828		8.3659
539		7.9071		7.1245		3.2413
540		5.5934		1.9445		0.9276
541		9.0871		4.1975		4.4214
542		17.7735		6.2769		13.1077
543		10.9622		3.3600		6.2964
544		8.1138		6.3173		3.4481
545		13.4031		3.7595		8.7373
546		6.0285		2.7572		1.3627
547		2.9158		0.8910		-1.7499
548		7.1091		3.5890		2.4434
549		8.8540		3.5530		4.1883
550		3.7239		1.0204		-0.9418
551		3.0276		0.5140		-1.6381
552		4.2392		6.2180		-0.4266
553		9.0573		5.5774		4.3915
554		23.1836		14.9714		18.5178
555		15.5722		13.9178		10.9064
556		21.1581		18.6173		16.4924
557		16.7332		8.0103		12.0675
558		4.3821		5.5304		-0.2836
559		18.1609		16.8866		13.4952
560		7.9516		3.0476		3.2859
561		9.5034		6.7411		4.8377
562		8.6428		5.9755		3.9771
563		13.4126		10.0292		8.7469
564		20.7050		11.5277		16.0392
565		23.2286		17.2781		18.5629
566		9.7603		6.5476		5.0946
567		6.9812		6.8222		2.3154
568		11.1912		6.9048		6.5254
569		8.4944		6.8321		3.8287
570		6.4654		3.7761		1.7996
571		13.1635		5.3090		8.4977
572		5.2419		4.6987		0.5762
573		5.2508		6.6462		0.5850
574		9.4043		2.9339		4.7386
575		10.8592		3.6450		6.1935
