L0  Nsteps           time(ps)         Etot             EKinetic        
L1  Temp             T_solute         T_solv           Pres_scal_solu  
L2  Pres_scal_solv   BoxX             BoxY             BoxZ            
L3  volume           pres_X           pres_Y           pres_Z          
L4  Pressure         EKCoM_x          EKCoM_y          EKCoM_z         
L5  EKComTot         VIRIAL_x         VIRIAL_y         VIRIAL_z        
L6  VIRIAL_tot       E_pot            E_vdw            E_el            
L7  E_hbon           E_bon            E_angle          E_dih           
L8  E_14vdw          E_14el           E_const          E_pol           
L9  AV_permMoment    AV_indMoment     AV_totMoment     Density          dV/dlambda      
L0     1000  0.2000000000E+01  -.7021958809E+04  0.1607740872E+04
L1 0.2918657040E+03  0.2918657040E+03  -.8629699681E+10  0.1000000000E+01
L2 0.1000000000E+01  0.3418703742E+02  0.3418703742E+02  0.3418703742E+02
L3 0.3075961406E+05  -.3501778905E+03  0.2225107439E+02  -.1089651249E+04
L4 -.4725260217E+03  0.2745371319E+03  0.2684190997E+03  0.2663373834E+03
L5 0.8092936149E+03  0.3520593489E+03  0.2634931673E+03  0.5075638653E+03
L6 0.1123116381E+04  -.8629699681E+04  0.1315971601E+04  -.1002732119E+05
L7 0.0000000000E+00  0.4494429851E+01  0.7461863384E+01  0.1256236114E+02
L8 0.4589440308E+01  0.4892628922E+02  0.3615520584E+01  0.0000000000E+00
L9 0.0000000000E+00  0.0000000000E+00  0.0000000000E+00  0.8977115439E+00  0.0000000000E+00
L0     2000  0.4000000000E+01  -.6997342702E+04  0.1653917348E+04
L1 0.3002484788E+03  0.3002484788E+03  -.8651260050E+10  0.1000000000E+01
L2 0.1000000000E+01  0.3369834382E+02  0.3369834382E+02  0.3369834382E+02
L3 0.2945826887E+05  0.4540562092E+03  -.4918967357E+03  -.2236145661E+03
L4 -.8715169756E+02  0.2677552349E+03  0.2811100659E+03  0.2922411403E+03
L5 0.8411064411E+03  0.1714891254E+03  0.3853988832E+03  0.3396504784E+03
L6 0.8965384869E+03  -.8651260050E+04  0.1320482643E+04  -.1004875915E+05
L7 0.0000000000E+00  0.3949910678E+01  0.7222683658E+01  0.1228981773E+02
L8 0.4204198574E+01  0.4700348571E+02  0.2346364978E+01  0.0000000000E+00
L9 0.0000000000E+00  0.0000000000E+00  0.0000000000E+00  0.9373687486E+00  0.0000000000E+00
L0     3000  0.6000000000E+01  -.7151532156E+04  0.1631725058E+04
L1 0.2962197398E+03  0.2962197398E+03  -.8783257213E+10  0.1000000000E+01
L2 0.1000000000E+01  0.3334083646E+02  0.3334083646E+02  0.3334083646E+02
L3 0.2852998263E+05  0.2234569073E+03  0.4193358650E+03  -.1672390906E+03
L4 0.1585178939E+03  0.2597780996E+03  0.2735808057E+03  0.2659229035E+03
L5 0.7992818089E+03  0.2138950927E+03  0.1874774464E+03  0.3002625551E+03
L6 0.7016350943E+03  -.8783257213E+04  0.1352934780E+04  -.1020807865E+05
L7 0.0000000000E+00  0.2478844907E+01  0.6124913385E+01  0.1488159576E+02
L8 0.3848715095E+01  0.4311401804E+02  0.1438566815E+01  0.0000000000E+00
L9 0.0000000000E+00  0.0000000000E+00  0.0000000000E+00  0.9678681189E+00  0.0000000000E+00
L0     4000  0.8000000000E+01  -.7151108669E+04  0.1637123647E+04
L1 0.2971997877E+03  0.2971997877E+03  -.8788232316E+10  0.1000000000E+01
L2 0.1000000000E+01  0.3316526186E+02  0.3316526186E+02  0.3316526186E+02
L3 0.2808057347E+05  0.7653117892E+03  0.9694827942E+03  0.7179914685E+01
L4 0.5806581660E+03  0.2591893661E+03  0.2728481141E+03  0.2671432355E+03
L5 0.7991807157E+03  0.1045211928E+03  0.7691733802E+02  0.2656921873E+03
L6 0.4471307181E+03  -.8788232316E+04  0.1396283852E+04  -.1025911892E+05
L7 0.0000000000E+00  0.2670151136E+01  0.7184043294E+01  0.1388197740E+02
L8 0.3006818229E+01  0.4626920871E+02  0.1590554752E+01  0.0000000000E+00
L9 0.0000000000E+00  0.0000000000E+00  0.0000000000E+00  0.9833581444E+00  0.0000000000E+00
L0     5000  0.1000000000E+02  -.7125057469E+04  0.1631027393E+04
L1 0.2960930874E+03  0.2960930874E+03  -.8756084862E+10  0.1000000000E+01
L2 0.1000000000E+01  0.3313777646E+02  0.3313777646E+02  0.3313777646E+02
L3 0.2801209718E+05  0.3451595842E+03  -.1040298398E+03  -.3653370422E+02
L4 0.6819868006E+02  0.2718470754E+03  0.2802865936E+03  0.2770595057E+03
L5 0.8291931747E+03  0.2022610323E+03  0.3012595732E+03  0.2844248985E+03
L6 0.7879455040E+03  -.8756084862E+04  0.1298514028E+04  -.1012338119E+05
L7 0.0000000000E+00  0.3020671816E+01  0.5651494201E+01  0.1153651183E+02
L8 0.2677694118E+01  0.4389472129E+02  0.2001205712E+01  0.0000000000E+00
L9 0.0000000000E+00  0.0000000000E+00  0.0000000000E+00  0.9857619887E+00  0.0000000000E+00
L0     6000  0.1200000000E+02  -.7116366098E+04  0.1678295392E+04
L1 0.3046740148E+03  0.3046740148E+03  -.8794661490E+10  0.1000000000E+01
L2 0.1000000000E+01  0.3314088692E+02  0.3314088692E+02  0.3314088692E+02
L3 0.2801959777E+05  -.1226505123E+03  0.9259467031E+02  0.7005642216E+03
L4 0.2235027932E+03  0.2919896130E+03  0.2584267281E+03  0.2890012848E+03
L5 0.8394176258E+03  0.3167232420E+03  0.2397541422E+03  0.1477259223E+03
L6 0.7042033065E+03  -.8794661490E+04  0.1335535568E+04  -.1020663773E+05
L7 0.0000000000E+00  0.3316332615E+01  0.7783785596E+01  0.1340886186E+02
L8 0.6759294647E+01  0.4311787228E+02  0.2054526828E+01  0.0000000000E+00
L9 0.0000000000E+00  0.0000000000E+00  0.0000000000E+00  0.9854981092E+00  0.0000000000E+00
L0     7000  0.1400000000E+02  -.7142953663E+04  0.1659379138E+04
L1 0.3012400001E+03  0.3012400001E+03  -.8802332801E+10  0.1000000000E+01
L2 0.1000000000E+01  0.3317035946E+02  0.3317035946E+02  0.3317035946E+02
L3 0.2809381843E+05  0.7855512216E+03  0.1017198486E+03  0.5018012642E+03
L4 0.4630241115E+03  0.2697875840E+03  0.2629566699E+03  0.2860593978E+03
L5 0.8188036518E+03  0.1109541742E+03  0.2423895701E+03  0.1845984062E+03
L6 0.5379421505E+03  -.8802332801E+04  0.1365433017E+04  -.1024235797E+05
L7 0.0000000000E+00  0.2553587152E+01  0.5835117398E+01  0.1111542280E+02
L8 0.4604595548E+01  0.4694859790E+02  0.3534830542E+01  0.0000000000E+00
L9 0.0000000000E+00  0.0000000000E+00  0.0000000000E+00  0.9828945359E+00  0.0000000000E+00
L0     8000  0.1600000000E+02  -.7132578372E+04  0.1655352534E+04
L1 0.3005090193E+03  0.3005090193E+03  -.8787930906E+10  0.1000000000E+01
L2 0.1000000000E+01  0.3311370283E+02  0.3311370283E+02  0.3311370283E+02
L3 0.2795215656E+05  -.2079199176E+03  -.4808275204E+03  -.3880359566E+03
L4 -.3589277982E+03  0.2909454376E+03  0.2870011367E+03  0.2795778529E+03
L5 0.8575244273E+03  0.3327735239E+03  0.3837311432E+03  0.3576406073E+03
L6 0.1074145274E+04  -.8787930906E+04  0.1246429735E+04  -.1010526895E+05
L7 0.0000000000E+00  0.5128449545E+01  0.6193338512E+01  0.1120697721E+02
L8 0.3425470736E+01  0.4150949286E+02  0.3444576118E+01  0.0000000000E+00
L9 0.0000000000E+00  0.0000000000E+00  0.0000000000E+00  0.9878758572E+00  0.0000000000E+00
L0     9000  0.1800000000E+02  -.7164236474E+04  0.1672652164E+04
L1 0.3036495557E+03  0.3036495557E+03  -.8836888638E+10  0.1000000000E+01
L2 0.1000000000E+01  0.3302533166E+02  0.3302533166E+02  0.3302533166E+02
L3 0.2772721337E+05  0.7653637927E+03  0.4264893824E+03  -.1453749111E+03
L4 0.3488260880E+03  0.2621803787E+03  0.2746852361E+03  0.2872631389E+03
L5 0.8241287537E+03  0.1094481399E+03  0.1895771100E+03  0.3162734421E+03
L6 0.6152986920E+03  -.8836888638E+04  0.1342871063E+04  -.1025335422E+05
L7 0.0000000000E+00  0.2250488600E+01  0.1082849894E+02  0.8746847742E+01
L8 0.4860077109E+01  0.4486248661E+02  0.2046116708E+01  0.0000000000E+00
L9 0.0000000000E+00  0.0000000000E+00  0.0000000000E+00  0.9958902199E+00  0.0000000000E+00
L0    10000  0.2000000000E+02  -.7154664055E+04  0.1638859352E+04
L1 0.2975148837E+03  0.2975148837E+03  -.8793523407E+10  0.1000000000E+01
L2 0.1000000000E+01  0.3303887677E+02  0.3303887677E+02  0.3303887677E+02
L3 0.2776213983E+05  -.1028408651E+04  0.4772260264E+03  0.6332290695E+03
L4 0.2734881510E+02  0.2662787419E+03  0.2780554918E+03  0.2721546371E+03
L5 0.8164888708E+03  0.4717614299E+03  0.1827026506E+03  0.1456313808E+03
L6 0.8000954613E+03  -.8793523407E+04  0.1298045249E+04  -.1017227178E+05
L7 0.0000000000E+00  0.7188893909E+01  0.8331260526E+01  0.1117570402E+02
L8 0.5262455726E+01  0.4461386942E+02  0.4130938291E+01  0.0000000000E+00
L9 0.0000000000E+00  0.0000000000E+00  0.0000000000E+00  0.9946373296E+00  0.0000000000E+00
