L0  Nsteps           time(ps)         Etot             EKinetic        
L1  Temp             T_solute         T_solv           Pres_scal_solu  
L2  Pres_scal_solv   BoxX             BoxY             BoxZ            
L3  volume           pres_X           pres_Y           pres_Z          
L4  Pressure         EKCoM_x          EKCoM_y          EKCoM_z         
L5  EKComTot         VIRIAL_x         VIRIAL_y         VIRIAL_z        
L6  VIRIAL_tot       E_pot            E_vdw            E_el            
L7  E_hbon           E_bon            E_angle          E_dih           
L8  E_14vdw          E_14el           E_const          E_pol           
L9  AV_permMoment    AV_indMoment     AV_totMoment     Density          dV/dlambda      
L0     1000  0.2000000000E+01  -.7422755955E+04  0.1660973426E+04
L1 0.2896186979E+03  0.2896186979E+03  -.9083729381E+10  0.1000000000E+01
L2 0.1000000000E+01  0.3445112838E+02  0.3445112838E+02  0.3445112838E+02
L3 0.3148043950E+05  -.1549181663E+04  -.1341299090E+04  -.1156328727E+04
L4 -.1348936493E+04  0.2619852146E+03  0.2744041544E+03  0.2755271375E+03
L5 0.8119165065E+03  0.6129792324E+03  0.5782987642E+03  0.5375134981E+03
L6 0.1728791495E+04  -.9083729381E+04  0.1276781731E+04  -.1043699129E+05
L7 0.0000000000E+00  0.2210485038E+01  0.1376365813E+02  0.1214484011E+02
L8 0.2587975518E+01  0.4366172203E+02  0.2111502279E+01  0.0000000000E+00
L9 0.0000000000E+00  0.0000000000E+00  0.0000000000E+00  0.9132686339E+00  0.0000000000E+00
L0     2000  0.4000000000E+01  -.7344678643E+04  0.1712154169E+04
L1 0.2985429227E+03  0.2985429227E+03  -.9056832813E+10  0.1000000000E+01
L2 0.1000000000E+01  0.3393944723E+02  0.3393944723E+02  0.3393944723E+02
L3 0.3009577311E+05  -.6084587770E+03  -.4368965200E+03  0.3586443242E+02
L4 -.3364969549E+03  0.2793667786E+03  0.2842043808E+03  0.2836639712E+03
L5 0.8472351306E+03  0.4111600518E+03  0.3788369584E+03  0.2758956702E+03
L6 0.1065892680E+04  -.9056832813E+04  0.1325028895E+04  -.1046163049E+05
L7 0.0000000000E+00  0.2610598121E+01  0.9651053092E+01  0.1295622839E+02
L8 0.3645746097E+01  0.4645598571E+02  0.4449175985E+01  0.0000000000E+00
L9 0.0000000000E+00  0.0000000000E+00  0.0000000000E+00  0.9552869059E+00  0.0000000000E+00
L0     3000  0.6000000000E+01  -.7412408474E+04  0.1701918747E+04
L1 0.2967582044E+03  0.2967582044E+03  -.9114327221E+10  0.1000000000E+01
L2 0.1000000000E+01  0.3366567061E+02  0.3366567061E+02  0.3366567061E+02
L3 0.2937237075E+05  0.8250166312E+02  -.1232444638E+03  0.1168501729E+03
L4 0.2536912406E+02  0.2808315269E+03  0.3061022228E+03  0.2400998851E+03
L5 0.8270336348E+03  0.2633910529E+03  0.3321555384E+03  0.2153982933E+03
L6 0.8109448846E+03  -.9114327221E+04  0.1371249733E+04  -.1056753102E+05
L7 0.0000000000E+00  0.5443314510E+01  0.9117179637E+01  0.1464795740E+02
L8 0.3007126359E+01  0.4665851661E+02  0.3079969635E+01  0.0000000000E+00
L9 0.0000000000E+00  0.0000000000E+00  0.0000000000E+00  0.9788143497E+00  0.0000000000E+00
L0     4000  0.8000000000E+01  -.7402953953E+04  0.1719925388E+04
L1 0.2998979656E+03  0.2998979656E+03  -.9122879341E+10  0.1000000000E+01
L2 0.1000000000E+01  0.3362697039E+02  0.3362697039E+02  0.3362697039E+02
L3 0.2927102638E+05  0.1471750591E+03  -.2674737683E+02  0.1465479677E+03
L4 0.8899188332E+02  0.3026301041E+03  0.2988708129E+03  0.2844061930E+03
L5 0.8859071100E+03  0.2716253172E+03  0.3045055769E+03  0.2535335130E+03
L6 0.8296644071E+03  -.9122879341E+04  0.1361109130E+04  -.1056463385E+05
L7 0.0000000000E+00  0.1688867744E+01  0.1051390306E+02  0.1394868870E+02
L8 0.4123589935E+01  0.4798118334E+02  0.2389150615E+01  0.0000000000E+00
L9 0.0000000000E+00  0.0000000000E+00  0.0000000000E+00  0.9822032750E+00  0.0000000000E+00
L0     5000  0.1000000000E+02  -.7460201984E+04  0.1668105521E+04
L1 0.2908622988E+03  0.2908622988E+03  -.9128307505E+10  0.1000000000E+01
L2 0.1000000000E+01  0.3357749168E+02  0.3357749168E+02  0.3357749168E+02
L3 0.2914212069E+05  -.3328036226E+03  0.2487138107E+03  0.2213234491E+03
L4 0.4574454573E+02  0.2889474836E+03  0.2646237888E+03  0.2501686209E+03
L5 0.8037398933E+03  0.3587491479E+03  0.2124589783E+03  0.2037486181E+03
L6 0.7749567443E+03  -.9128307505E+04  0.1359253148E+04  -.1056073161E+05
L7 0.0000000000E+00  0.3153543878E+01  0.5296642513E+01  0.1342528894E+02
L8 0.4053404488E+01  0.4500211453E+02  0.2239959389E+01  0.0000000000E+00
L9 0.0000000000E+00  0.0000000000E+00  0.0000000000E+00  0.9865479000E+00  0.0000000000E+00
L0     6000  0.1200000000E+02  -.7466033821E+04  0.1746562037E+04
L1 0.3045425142E+03  0.3045425142E+03  -.9212595858E+10  0.1000000000E+01
L2 0.1000000000E+01  0.3362600824E+02  0.3362600824E+02  0.3362600824E+02
L3 0.2926836897E+05  0.3365614361E+03  -.4125353303E+03  0.5095037586E+03
L4 0.1445099548E+03  0.2711038786E+03  0.3016798974E+03  0.2730649631E+03
L5 0.8458487391E+03  0.2002082507E+03  0.3885791917E+03  0.1657395686E+03
L6 0.7545270110E+03  -.9212595858E+04  0.1415528871E+04  -.1070054136E+05
L7 0.0000000000E+00  0.4089194574E+01  0.5772319829E+01  0.1136308347E+02
L8 0.2235955830E+01  0.4467565534E+02  0.4280425709E+01  0.0000000000E+00
L9 0.0000000000E+00  0.0000000000E+00  0.0000000000E+00  0.9822924539E+00  0.0000000000E+00
L0     7000  0.1400000000E+02  -.7504485699E+04  0.1733677246E+04
L1 0.3022958338E+03  0.3022958338E+03  -.9238162945E+10  0.1000000000E+01
L2 0.1000000000E+01  0.3358605330E+02  0.3358605330E+02  0.3358605330E+02
L3 0.2916493867E+05  -.6894169696E+03  -.1465688535E+03  0.3733187546E+03
L4 -.1542223561E+03  0.2858147605E+03  0.3022570659E+03  0.2997570329E+03
L5 0.8878288594E+03  0.4305251181E+03  0.3330222373E+03  0.2213964865E+03
L6 0.9849438418E+03  -.9238162945E+04  0.1370871553E+04  -.1067582602E+05
L7 0.0000000000E+00  0.1589179283E+01  0.4113999000E+01  0.1040132218E+02
L8 0.2834432591E+01  0.4643160759E+02  0.1420976097E+01  0.0000000000E+00
L9 0.0000000000E+00  0.0000000000E+00  0.0000000000E+00  0.9857760478E+00  0.0000000000E+00
L0     8000  0.1600000000E+02  -.7455492134E+04  0.1687716826E+04
L1 0.2942818603E+03  0.2942818603E+03  -.9143208960E+10  0.1000000000E+01
L2 0.1000000000E+01  0.3348973993E+02  0.3348973993E+02  0.3348973993E+02
L3 0.2891418727E+05  0.1933764193E+03  -.4019497515E+03  0.4029337002E+03
L4 0.6478678933E+02  0.2871616455E+03  0.2679657248E+03  0.2841407878E+03
L5 0.8392681580E+03  0.2469204306E+03  0.3516105993E+03  0.2002911556E+03
L6 0.7988221855E+03  -.9143208960E+04  0.1354492231E+04  -.1057705302E+05
L7 0.0000000000E+00  0.1892628234E+01  0.5194075789E+01  0.1266023318E+02
L8 0.3781936352E+01  0.4720202794E+02  0.8620927784E+01  0.0000000000E+00
L9 0.0000000000E+00  0.0000000000E+00  0.0000000000E+00  0.9943249554E+00  0.0000000000E+00
L0     9000  0.1800000000E+02  -.7502998176E+04  0.1684648728E+04
L1 0.2937468857E+03  0.2937468857E+03  -.9187646904E+10  0.1000000000E+01
L2 0.1000000000E+01  0.3352090825E+02  0.3352090825E+02  0.3352090825E+02
L3 0.2899515283E+05  -.2118941021E+03  -.5493704404E+02  0.2748856590E+03
L4 0.2684837634E+01  0.2741154405E+03  0.2670957410E+03  0.2889785842E+03
L5 0.8301897657E+03  0.3183336192E+03  0.2785600338E+03  0.2316152925E+03
L6 0.8285089455E+03  -.9187646904E+04  0.1367216190E+04  -.1063001489E+05
L7 0.0000000000E+00  0.1424960907E+01  0.7055635399E+01  0.1253326466E+02
L8 0.3087006236E+01  0.4844774308E+02  0.2603185514E+01  0.0000000000E+00
L9 0.0000000000E+00  0.0000000000E+00  0.0000000000E+00  0.9915484200E+00  0.0000000000E+00
L0    10000  0.2000000000E+02  -.7472936985E+04  0.1704006081E+04
L1 0.2971221663E+03  0.2971221663E+03  -.9176943066E+10  0.1000000000E+01
L2 0.1000000000E+01  0.3360397547E+02  0.3360397547E+02  0.3360397547E+02
L3 0.2921028398E+05  0.6390998570E+03  0.6160305032E+02  0.4123148169E+03
L4 0.3710059081E+03  0.2863601955E+03  0.2644922141E+03  0.2939620824E+03
L5 0.8448144919E+03  0.1520029537E+03  0.2515414743E+03  0.2072816037E+03
L6 0.6108260318E+03  -.9176943066E+04  0.1412460039E+04  -.1066270266E+05
L7 0.0000000000E+00  0.2470298299E+01  0.9870315483E+01  0.1146946656E+02
L8 0.2271705455E+01  0.4538541371E+02  0.1832359467E+01  0.0000000000E+00
L9 0.0000000000E+00  0.0000000000E+00  0.0000000000E+00  0.9842457539E+00  0.0000000000E+00
