L0  Nsteps           time(ps)         Etot             EKinetic        
L1  Temp             T_solute         T_solv           Pres_scal_solu  
L2  Pres_scal_solv   BoxX             BoxY             BoxZ            
L3  volume           pres_X           pres_Y           pres_Z          
L4  Pressure         EKCoM_x          EKCoM_y          EKCoM_z         
L5  EKComTot         VIRIAL_x         VIRIAL_y         VIRIAL_z        
L6  VIRIAL_tot       E_pot            E_vdw            E_el            
L7  E_hbon           E_bon            E_angle          E_dih           
L8  E_14vdw          E_14el           E_const          E_pol           
L9  AV_permMoment    AV_indMoment     AV_totMoment     Density          dV/dlambda      
L0     1000  0.2000000000E+01  -.7621213848E+04  0.1717727955E+04
L1 0.2916328376E+03  0.2916328376E+03  -.9338941803E+10  0.1000000000E+01
L2 0.1000000000E+01  0.3480141630E+02  0.3480141630E+02  0.3480141630E+02
L3 0.3244958256E+05  -.1133913746E+04  -.5384199107E+03  -.1439417862E+04
L4 -.1037250506E+04  0.2906123126E+03  0.2772494238E+03  0.2840566339E+03
L5 0.8519183702E+03  0.5554292229E+03  0.4029932890E+03  0.6202217013E+03
L6 0.1578644213E+04  -.9338941803E+04  0.1354124984E+04  -.1076829900E+05
L7 0.0000000000E+00  0.3493770469E+01  0.6704192034E+01  0.1302305752E+02
L8 0.2761003963E+01  0.4783723932E+02  0.1412945569E+01  0.0000000000E+00
L9 0.0000000000E+00  0.0000000000E+00  0.0000000000E+00  0.9099634488E+00  0.0000000000E+00
L0     2000  0.4000000000E+01  -.7541300062E+04  0.1694487967E+04
L1 0.2876871931E+03  0.2876871931E+03  -.9235788029E+10  0.1000000000E+01
L2 0.1000000000E+01  0.3431128507E+02  0.3431128507E+02  0.3431128507E+02
L3 0.3109571192E+05  -.2268412383E+03  -.5500678159E+03  -.1041707891E+03
L4 -.2936932811E+03  0.2862162044E+03  0.2687246141E+03  0.2715429660E+03
L5 0.8264837845E+03  0.3369829231E+03  0.3918289415E+03  0.2948562277E+03
L6 0.1023668092E+04  -.9235788029E+04  0.1370409121E+04  -.1068962420E+05
L7 0.0000000000E+00  0.1887809170E+01  0.7459348434E+01  0.1309578800E+02
L8 0.4410840315E+01  0.5211027530E+02  0.4462989922E+01  0.0000000000E+00
L9 0.0000000000E+00  0.0000000000E+00  0.0000000000E+00  0.9495821847E+00  0.0000000000E+00
L0     3000  0.6000000000E+01  -.7624651836E+04  0.1736664622E+04
L1 0.2948478717E+03  0.2948478717E+03  -.9361316458E+10  0.1000000000E+01
L2 0.1000000000E+01  0.3407033984E+02  0.3407033984E+02  0.3407033984E+02
L3 0.3044633624E+05  0.4097350339E+02  -.3756237891E+03  -.1792484478E+04
L4 -.7090449213E+03  0.3033501230E+03  0.2782233847E+03  0.2833543585E+03
L5 0.8649278663E+03  0.2943718105E+03  0.3605318888E+03  0.6761322397E+03
L6 0.1331035939E+04  -.9361316458E+04  0.1319038934E+04  -.1075825946E+05
L7 0.0000000000E+00  0.2420653100E+01  0.8267309291E+01  0.1160705765E+02
L8 0.2637293229E+01  0.4929646118E+02  0.3675296494E+01  0.0000000000E+00
L9 0.0000000000E+00  0.0000000000E+00  0.0000000000E+00  0.9698353792E+00  0.0000000000E+00
L0     4000  0.8000000000E+01  -.7623830083E+04  0.1737465819E+04
L1 0.2949838975E+03  0.2949838975E+03  -.9361295902E+10  0.1000000000E+01
L2 0.1000000000E+01  0.3391301875E+02  0.3391301875E+02  0.3391301875E+02
L3 0.3002408933E+05  0.4517296230E+03  0.4519920191E+03  -.3089307760E+03
L4 0.1982636220E+03  0.2960634066E+03  0.2706050584E+03  0.2812839078E+03
L5 0.8479523728E+03  0.1984510057E+03  0.1729359574E+03  0.3480394918E+03
L6 0.7194264549E+03  -.9361295902E+04  0.1423234121E+04  -.1085976244E+05
L7 0.0000000000E+00  0.1640560083E+01  0.5396044746E+01  0.1323935947E+02
L8 0.3017782880E+01  0.4908649880E+02  0.2852166464E+01  0.0000000000E+00
L9 0.0000000000E+00  0.0000000000E+00  0.0000000000E+00  0.9834747601E+00  0.0000000000E+00
L0     5000  0.1000000000E+02  -.7689460434E+04  0.1760820989E+04
L1 0.2989490973E+03  0.2989490973E+03  -.9450281424E+10  0.1000000000E+01
L2 0.1000000000E+01  0.3384023238E+02  0.3384023238E+02  0.3384023238E+02
L3 0.2983055758E+05  0.7422128561E+03  0.4346721381E+03  0.1251667338E+03
L4 0.4340172427E+03  0.2718618592E+03  0.2875883637E+03  0.2927809222E+03
L5 0.8522311451E+03  0.1125139301E+03  0.1942672841E+03  0.2659084965E+03
L6 0.5726897106E+03  -.9450281424E+04  0.1467319441E+04  -.1100193855E+05
L7 0.0000000000E+00  0.1346516595E+01  0.9698900655E+01  0.1765108643E+02
L8 0.2787896977E+01  0.5151957553E+02  0.1333705002E+01  0.0000000000E+00
L9 0.0000000000E+00  0.0000000000E+00  0.0000000000E+00  0.9898552509E+00  0.0000000000E+00
L0     6000  0.1200000000E+02  -.7693313774E+04  0.1755163114E+04
L1 0.2979885132E+03  0.2979885132E+03  -.9448476888E+10  0.1000000000E+01
L2 0.1000000000E+01  0.3384590911E+02  0.3384590911E+02  0.3384590911E+02
L3 0.2984661437E+05  -.2575482125E+02  0.6804549970E+03  -.5267992320E+03
L4 0.4263364793E+02  0.2979197046E+03  0.2820683418E+03  0.2793379963E+03
L5 0.8593260427E+03  0.3034520615E+03  0.1359007599E+03  0.3924989992E+03
L6 0.8318518206E+03  -.9448476888E+04  0.1407114497E+04  -.1092892829E+05
L7 0.0000000000E+00  0.1455514701E+01  0.4899671260E+01  0.1114958495E+02
L8 0.3420850847E+01  0.4896626543E+02  0.3445016102E+01  0.0000000000E+00
L9 0.0000000000E+00  0.0000000000E+00  0.0000000000E+00  0.9893227314E+00  0.0000000000E+00
L0     7000  0.1400000000E+02  -.7589594564E+04  0.1839545805E+04
L1 0.3123148583E+03  0.3123148583E+03  -.9429140368E+10  0.1000000000E+01
L2 0.1000000000E+01  0.3385587770E+02  0.3385587770E+02  0.3385587770E+02
L3 0.2987334771E+05  -.1266775797E+03  -.2414700206E+03  0.9804746504E+02
L4 -.9003337843E+02  0.3084646987E+03  0.3262579494E+03  0.2982600401E+03
L5 0.9329826882E+03  0.3357005047E+03  0.3781742446E+03  0.2771797374E+03
L6 0.9910544866E+03  -.9429140368E+04  0.1371435985E+04  -.1086999740E+05
L7 0.0000000000E+00  0.2134567590E+01  0.4992589444E+01  0.9778551271E+01
L8 0.2463118213E+01  0.4672838212E+02  0.3323840259E+01  0.0000000000E+00
L9 0.0000000000E+00  0.0000000000E+00  0.0000000000E+00  0.9884373972E+00  0.0000000000E+00
L0     8000  0.1600000000E+02  -.7813577208E+04  0.1685523448E+04
L1 0.2861652130E+03  0.2861652130E+03  -.9499100657E+10  0.1000000000E+01
L2 0.1000000000E+01  0.3379448499E+02  0.3379448499E+02  0.3379448499E+02
L3 0.2971168089E+05  -.6332553350E+03  -.5694513173E+03  0.3082386091E+03
L4 -.2981560144E+03  0.2841008808E+03  0.2748263796E+03  0.2662101440E+03
L5 0.8251374044E+03  0.4195145978E+03  0.3965964071E+03  0.2002971805E+03
L6 0.1016408185E+04  -.9499100657E+04  0.1379986952E+04  -.1095419091E+05
L7 0.0000000000E+00  0.3799574223E+01  0.5394271659E+01  0.9889010859E+01
L8 0.4276597262E+01  0.4843092375E+02  0.3312927452E+01  0.0000000000E+00
L9 0.0000000000E+00  0.0000000000E+00  0.0000000000E+00  0.9938156701E+00  0.0000000000E+00
L0     9000  0.1800000000E+02  -.7665878928E+04  0.1773522230E+04
L1 0.3011054917E+03  0.3011054917E+03  -.9439401158E+10  0.1000000000E+01
L2 0.1000000000E+01  0.3381639148E+02  0.3381639148E+02  0.3381639148E+02
L3 0.2976795620E+05  0.4478084363E+03  0.6341122180E+03  -.2344091554E+03
L4 0.2825038329E+03  0.2970007977E+03  0.2898489002E+03  0.2852364844E+03
L5 0.8720861823E+03  0.2010612053E+03  0.1539951226E+03  0.3354568844E+03
L6 0.6905132124E+03  -.9439401158E+04  0.1425439594E+04  -.1094085360E+05
L7 0.0000000000E+00  0.4095976651E+01  0.8322029086E+01  0.1156382551E+02
L8 0.2460740450E+01  0.4764699764E+02  0.1923274807E+01  0.0000000000E+00
L9 0.0000000000E+00  0.0000000000E+00  0.0000000000E+00  0.9919368955E+00  0.0000000000E+00
L0    10000  0.2000000000E+02  -.7601669085E+04  0.1787715618E+04
L1 0.3035152201E+03  0.3035152201E+03  -.9389384702E+10  0.1000000000E+01
L2 0.1000000000E+01  0.3388758795E+02  0.3388758795E+02  0.3388758795E+02
L3 0.2995611781E+05  0.5162052498E+03  0.6239641742E+03  -.8135641228E+01
L4 0.3773445943E+03  0.3107006663E+03  0.2918798097E+03  0.2941937781E+03
L5 0.8967742541E+03  0.1994085178E+03  0.1573551925E+03  0.2959477955E+03
L6 0.6527115058E+03  -.9389384702E+04  0.1425208356E+04  -.1088503011E+05
L7 0.0000000000E+00  0.2929694613E+01  0.5941211716E+01  0.1001808049E+02
L8 0.4066554185E+01  0.4566794278E+02  0.1813563074E+01  0.0000000000E+00
L9 0.0000000000E+00  0.0000000000E+00  0.0000000000E+00  0.9857063003E+00  0.0000000000E+00
