L0  Nsteps           time(ps)         Etot             EKinetic        
L1  Temp             T_solute         T_solv           Pres_scal_solu  
L2  Pres_scal_solv   BoxX             BoxY             BoxZ            
L3  volume           pres_X           pres_Y           pres_Z          
L4  Pressure         EKCoM_x          EKCoM_y          EKCoM_z         
L5  EKComTot         VIRIAL_x         VIRIAL_y         VIRIAL_z        
L6  VIRIAL_tot       E_pot            E_vdw            E_el            
L7  E_hbon           E_bon            E_angle          E_dih           
L8  E_14vdw          E_14el           E_const          E_pol           
L9  AV_permMoment    AV_indMoment     AV_totMoment     Density          dV/dlambda      
L0     1000  0.2000000000E+01  -.7298598438E+04  0.1698904150E+04
L1 0.2962325586E+03  0.2962325586E+03  -.8997502587E+10  0.1000000000E+01
L2 0.1000000000E+01  0.3452585403E+02  0.3452585403E+02  0.3452585403E+02
L3 0.3168415254E+05  -.6495693191E+03  -.1107767119E+04  -.6146873398E+03
L4 -.7906745924E+03  0.2815359923E+03  0.2947599888E+03  0.2846846312E+03
L5 0.8609806123E+03  0.4296595652E+03  0.5473680150E+03  0.4248539439E+03
L6 0.1401881524E+04  -.8997502587E+04  0.1334823909E+04  -.1040163311E+05
L7 0.0000000000E+00  0.3413722381E+01  0.9427971918E+01  0.1112122968E+02
L8 0.2510688770E+01  0.4016462630E+02  0.2668378650E+01  0.0000000000E+00
L9 0.0000000000E+00  0.0000000000E+00  0.0000000000E+00  0.9073967794E+00  0.0000000000E+00
L0     2000  0.4000000000E+01  -.7326254304E+04  0.1690058585E+04
L1 0.2946901853E+03  0.2946901853E+03  -.9016312888E+10  0.1000000000E+01
L2 0.1000000000E+01  0.3404209398E+02  0.3404209398E+02  0.3404209398E+02
L3 0.3036939613E+05  -.4229609777E+03  -.4692891170E+03  0.1811085990E+03
L4 -.2370471652E+03  0.2908061834E+03  0.2798331985E+03  0.2910399610E+03
L5 0.8616793428E+03  0.3832532293E+03  0.3824062366E+03  0.2514548554E+03
L6 0.1017114321E+04  -.9016312888E+04  0.1345939654E+04  -.1043852443E+05
L7 0.0000000000E+00  0.8591306473E+01  0.7731786587E+01  0.1049036181E+02
L8 0.2338589399E+01  0.4154532516E+02  0.5574513113E+01  0.0000000000E+00
L9 0.0000000000E+00  0.0000000000E+00  0.0000000000E+00  0.9466799358E+00  0.0000000000E+00
L0     3000  0.6000000000E+01  -.7384701986E+04  0.1666229375E+04
L1 0.2905351613E+03  0.2905351613E+03  -.9050931361E+10  0.1000000000E+01
L2 0.1000000000E+01  0.3376061267E+02  0.3376061267E+02  0.3376061267E+02
L3 0.2962139848E+05  -.2811941588E+03  0.6510784798E+03  -.9311748735E+02
L4 0.9225561122E+02  0.2876563244E+03  0.2813531228E+03  0.2690877913E+03
L5 0.8380972385E+03  0.3476034596E+03  0.1425512010E+03  0.2889392940E+03
L6 0.7790939546E+03  -.9050931361E+04  0.1366993300E+04  -.1049250126E+05
L7 0.0000000000E+00  0.1425459425E+01  0.9624360657E+01  0.1226462315E+02
L8 0.2975412357E+01  0.4410430035E+02  0.4182446832E+01  0.0000000000E+00
L9 0.0000000000E+00  0.0000000000E+00  0.0000000000E+00  0.9705854365E+00  0.0000000000E+00
L0     4000  0.8000000000E+01  -.7406313874E+04  0.1726895759E+04
L1 0.3011133672E+03  0.3011133672E+03  -.9133209633E+10  0.1000000000E+01
L2 0.1000000000E+01  0.3365979096E+02  0.3365979096E+02  0.3365979096E+02
L3 0.2935685473E+05  0.3700300391E+03  0.3600611496E+03  -.5059671680E+03
L4 0.7470800690E+02  0.2989769327E+03  0.2879625239E+03  0.3054528921E+03
L5 0.8923923486E+03  0.2207955971E+03  0.2118874526E+03  0.4123555345E+03
L6 0.8450385843E+03  -.9133209633E+04  0.1375605210E+04  -.1058365534E+05
L7 0.0000000000E+00  0.2383554273E+01  0.1176471233E+02  0.9188871013E+01
L8 0.2410948340E+01  0.4463434300E+02  0.4458066632E+01  0.0000000000E+00
L9 0.0000000000E+00  0.0000000000E+00  0.0000000000E+00  0.9793316836E+00  0.0000000000E+00
L0     5000  0.1000000000E+02  -.7456601284E+04  0.1698444202E+04
L1 0.2961523589E+03  0.2961523589E+03  -.9155045486E+10  0.1000000000E+01
L2 0.1000000000E+01  0.3356787144E+02  0.3356787144E+02  0.3356787144E+02
L3 0.2911553047E+05  0.8130325004E+03  0.3574613218E+03  0.7560595741E+03
L4 0.6421844654E+03  0.2735966207E+03  0.2762282416E+03  0.2826681681E+03
L5 0.8324930304E+03  0.1032281623E+03  0.2013233216E+03  0.1242382110E+03
L6 0.4287896950E+03  -.9155045486E+04  0.1436762271E+04  -.1066306287E+05
L7 0.0000000000E+00  0.2922291642E+01  0.9518133082E+01  0.1086192898E+02
L8 0.3402975190E+01  0.4327222209E+02  0.1277562278E+01  0.0000000000E+00
L9 0.0000000000E+00  0.0000000000E+00  0.0000000000E+00  0.9874488807E+00  0.0000000000E+00
L0     6000  0.1200000000E+02  -.7438851916E+04  0.1714903204E+04
L1 0.2990222632E+03  0.2990222632E+03  -.9153755120E+10  0.1000000000E+01
L2 0.1000000000E+01  0.3356108514E+02  0.3356108514E+02  0.3356108514E+02
L3 0.2909975171E+05  -.3848893842E+03  0.5197295415E+02  0.9086728772E+02
L4 -.8068304743E+02  0.2708157263E+03  0.2777419450E+03  0.2738357231E+03
L5 0.8223933944E+03  0.3514244038E+03  0.2668570745E+03  0.2548050816E+03
L6 0.8730865599E+03  -.9153755120E+04  0.1348263217E+04  -.1057367806E+05
L7 0.0000000000E+00  0.1649429239E+01  0.9842232657E+01  0.9763235889E+01
L8 0.3089491887E+01  0.4386622693E+02  0.3449110704E+01  0.0000000000E+00
L9 0.0000000000E+00  0.0000000000E+00  0.0000000000E+00  0.9879843051E+00  0.0000000000E+00
L0     7000  0.1400000000E+02  -.7440559510E+04  0.1737499281E+04
L1 0.3029622700E+03  0.3029622700E+03  -.9178058791E+10  0.1000000000E+01
L2 0.1000000000E+01  0.3356643932E+02  0.3356643932E+02  0.3356643932E+02
L3 0.2911402385E+05  -.1126936862E+02  -.4764825784E+03  -.1500596194E+03
L4 -.2126038555E+03  0.2803027280E+03  0.2903105534E+03  0.3038198837E+03
L5 0.8744331651E+03  0.2826640673E+03  0.3901508448E+03  0.3352627880E+03
L6 0.1008077700E+04  -.9178058791E+04  0.1333328216E+04  -.1059445304E+05
L7 0.0000000000E+00  0.4989214903E+01  0.1181327531E+02  0.1130718371E+02
L8 0.4302337263E+01  0.4708024689E+02  0.3573778520E+01  0.0000000000E+00
L9 0.0000000000E+00  0.0000000000E+00  0.0000000000E+00  0.9874999801E+00  0.0000000000E+00
L0     8000  0.1600000000E+02  -.7405031880E+04  0.1730105325E+04
L1 0.3016730091E+03  0.3016730091E+03  -.9135137205E+10  0.1000000000E+01
L2 0.1000000000E+01  0.3360865361E+02  0.3360865361E+02  0.3360865361E+02
L3 0.2922327615E+05  -.4233252504E+00  0.4945983388E+02  0.1535469598E+03
L4 0.6752782280E+02  0.2925656945E+03  0.2927264987E+03  0.2769073806E+03
L5 0.8621995738E+03  0.2926547292E+03  0.2823239889E+03  0.2446130190E+03
L6 0.8195917371E+03  -.9135137205E+04  0.1368439253E+04  -.1057543241E+05
L7 0.0000000000E+00  0.3540558989E+01  0.1135095989E+02  0.9330587032E+01
L8 0.2676299520E+01  0.4236741182E+02  0.2590135784E+01  0.0000000000E+00
L9 0.0000000000E+00  0.0000000000E+00  0.0000000000E+00  0.9838081749E+00  0.0000000000E+00
L0     9000  0.1800000000E+02  -.7502747475E+04  0.1684804372E+04
L1 0.2937740249E+03  0.2937740249E+03  -.9187551847E+10  0.1000000000E+01
L2 0.1000000000E+01  0.3350501478E+02  0.3350501478E+02  0.3350501478E+02
L3 0.2895410400E+05  0.5675743137E+02  0.3286084363E+03  -.5800789632E+03
L4 -.6490436518E+02  0.2704290765E+03  0.2950472308E+03  0.2857211941E+03
L5 0.8511975014E+03  0.2586016722E+03  0.2265701215E+03  0.4066010200E+03
L6 0.8917728137E+03  -.9187551847E+04  0.1352952261E+04  -.1061141777E+05
L7 0.0000000000E+00  0.1117801162E+01  0.8989317791E+01  0.1057651640E+02
L8 0.2554157026E+01  0.4449883717E+02  0.3177034462E+01  0.0000000000E+00
L9 0.0000000000E+00  0.0000000000E+00  0.0000000000E+00  0.9929541586E+00  0.0000000000E+00
L0    10000  0.2000000000E+02  -.7444531765E+04  0.1689102385E+04
L1 0.2945234558E+03  0.2945234558E+03  -.9133634150E+10  0.1000000000E+01
L2 0.1000000000E+01  0.3345771568E+02  0.3345771568E+02  0.3345771568E+02
L3 0.2883155441E+05  -.7689295073E+02  -.2462394243E+03  0.2437923634E+03
L4 -.2644667051E+02  0.2656454166E+03  0.2647581411E+03  0.2601940662E+03
L5 0.7905976239E+03  0.2816009440E+03  0.3158535906E+03  0.2096063894E+03
L6 0.8070609240E+03  -.9133634150E+04  0.1342784128E+04  -.1055086170E+05
L7 0.0000000000E+00  0.3278985884E+01  0.9560903229E+01  0.1055119647E+02
L8 0.2561980033E+01  0.4560688652E+02  0.2883466837E+01  0.0000000000E+00
L9 0.0000000000E+00  0.0000000000E+00  0.0000000000E+00  0.9971747468E+00  0.0000000000E+00
