L0  Nsteps           time(ps)         Etot             EKinetic        
L1  Temp             T_solute         T_solv           Pres_scal_solu  
L2  Pres_scal_solv   BoxX             BoxY             BoxZ            
L3  volume           pres_X           pres_Y           pres_Z          
L4  Pressure         EKCoM_x          EKCoM_y          EKCoM_z         
L5  EKComTot         VIRIAL_x         VIRIAL_y         VIRIAL_z        
L6  VIRIAL_tot       E_pot            E_vdw            E_el            
L7  E_hbon           E_bon            E_angle          E_dih           
L8  E_14vdw          E_14el           E_const          E_pol           
L9  AV_permMoment    AV_indMoment     AV_totMoment     Density          dV/dlambda      
L0     1000  0.2000000000E+01  -.7079467224E+04  0.1621257685E+04
L1 0.2949579534E+03  0.2949579534E+03  -.8700724909E+10  0.1000000000E+01
L2 0.1000000000E+01  0.3390111135E+02  0.3390111135E+02  0.3390111135E+02
L3 0.2999542533E+05  -.7586698844E+03  -.8674186415E+03  -.1087618390E+04
L4 -.9045689720E+03  0.2552761984E+03  0.2676683918E+03  0.2853292441E+03
L5 0.8082738343E+03  0.4190575495E+03  0.4549263811E+03  0.5201238671E+03
L6 0.1394107798E+04  -.8700724909E+04  0.1266361070E+04  -.1004163839E+05
L7 0.0000000000E+00  0.4576125506E+01  0.9186596782E+01  0.1167320711E+02
L8 0.2504163347E+01  0.4457798768E+02  0.2034328902E+01  0.0000000000E+00
L9 0.0000000000E+00  0.0000000000E+00  0.0000000000E+00  0.9185876437E+00  0.0000000000E+00
L0     2000  0.4000000000E+01  -.7158357800E+04  0.1595537157E+04
L1 0.2902785774E+03  0.2902785774E+03  -.8753894958E+10  0.1000000000E+01
L2 0.1000000000E+01  0.3338873492E+02  0.3338873492E+02  0.3338873492E+02
L3 0.2865255624E+05  0.9433039637E+03  0.2855686670E+03  -.9099544763E+02
L4 0.3792923944E+03  0.2643817459E+03  0.2738979272E+03  0.2662544256E+03
L5 0.8045340987E+03  0.6985845290E+02  0.2150094250E+03  0.2850190389E+03
L6 0.5698869169E+03  -.8753894958E+04  0.1371569237E+04  -.1020303665E+05
L7 0.0000000000E+00  0.2471679956E+01  0.5497712031E+01  0.1434139195E+02
L8 0.3209831467E+01  0.4842008189E+02  0.3631757686E+01  0.0000000000E+00
L9 0.0000000000E+00  0.0000000000E+00  0.0000000000E+00  0.9616394030E+00  0.0000000000E+00
L0     3000  0.6000000000E+01  -.7130254067E+04  0.1625237118E+04
L1 0.2956819379E+03  0.2956819379E+03  -.8755491185E+10  0.1000000000E+01
L2 0.1000000000E+01  0.3323168862E+02  0.3323168862E+02  0.3323168862E+02
L3 0.2825261238E+05  -.1437276379E+03  -.3691705348E+03  -.1284247337E+04
L4 -.5990485032E+03  0.2745291176E+03  0.2747769592E+03  0.2508919160E+03
L5 0.8001979928E+03  0.3037541821E+03  0.3498427772E+03  0.5120261828E+03
L6 0.1165623142E+04  -.8755491185E+04  0.1236501586E+04  -.1006936298E+05
L7 0.0000000000E+00  0.5008457637E+01  0.1037887945E+02  0.1235022266E+02
L8 0.2857387922E+01  0.4479239841E+02  0.1982861399E+01  0.0000000000E+00
L9 0.0000000000E+00  0.0000000000E+00  0.0000000000E+00  0.9752523664E+00  0.0000000000E+00
L0     4000  0.8000000000E+01  -.7054138684E+04  0.1646153042E+04
L1 0.2994872047E+03  0.2994872047E+03  -.8700291726E+10  0.1000000000E+01
L2 0.1000000000E+01  0.3320089354E+02  0.3320089354E+02  0.3320089354E+02
L3 0.2817176911E+05  0.6882740122E+03  0.5475413256E+02  0.2923992346E+03
L4 0.3451424598E+03  0.2604675785E+03  0.2732233739E+03  0.2940400100E+03
L5 0.8277309624E+03  0.1209168615E+03  0.2621217220E+03  0.2347547223E+03
L6 0.6177933058E+03  -.8700291726E+04  0.1315545581E+04  -.1009999792E+05
L7 0.0000000000E+00  0.2556930856E+01  0.8914583498E+01  0.1312493151E+02
L8 0.4542637853E+01  0.5033459143E+02  0.4686939814E+01  0.0000000000E+00
L9 0.0000000000E+00  0.0000000000E+00  0.0000000000E+00  0.9780510047E+00  0.0000000000E+00
L0     5000  0.1000000000E+02  -.7131708679E+04  0.1643415031E+04
L1 0.2989890741E+03  0.2989890741E+03  -.8775123710E+10  0.1000000000E+01
L2 0.1000000000E+01  0.3320273713E+02  0.3320273713E+02  0.3320273713E+02
L3 0.2817694162E+05  -.9059247723E+02  0.7588485025E+03  -.2049018676E+03
L4 0.1544513859E+03  0.2746359296E+03  0.2758168351E+03  0.2492761996E+03
L5 0.7997289644E+03  0.2930073429E+03  0.1219285665E+03  0.2908286222E+03
L6 0.7057645316E+03  -.8775123710E+04  0.1346883676E+04  -.1020450356E+05
L7 0.0000000000E+00  0.4490814589E+01  0.1156825734E+02  0.1103822137E+02
L8 0.4103455593E+01  0.4790973766E+02  0.3385685020E+01  0.0000000000E+00
L9 0.0000000000E+00  0.0000000000E+00  0.0000000000E+00  0.9778714615E+00  0.0000000000E+00
L0     6000  0.1200000000E+02  -.7148258634E+04  0.1634569458E+04
L1 0.2973797852E+03  0.2973797852E+03  -.8782828092E+10  0.1000000000E+01
L2 0.1000000000E+01  0.3308896491E+02  0.3308896491E+02  0.3308896491E+02
L3 0.2788894359E+05  -.6160204917E+03  0.3780166752E+03  -.9842524255E+02
L4 -.1121430197E+03  0.2703630670E+03  0.2822779332E+03  0.2711087857E+03
L5 0.8237497859E+03  0.3940101294E+03  0.2064027763E+03  0.2908646092E+03
L6 0.8912775149E+03  -.8782828092E+04  0.1293571965E+04  -.1015791957E+05
L7 0.0000000000E+00  0.4323543533E+01  0.8497937183E+01  0.1469207162E+02
L8 0.4423294294E+01  0.4757991771E+02  0.2002749973E+01  0.0000000000E+00
L9 0.0000000000E+00  0.0000000000E+00  0.0000000000E+00  0.9879695512E+00  0.0000000000E+00
L0     7000  0.1400000000E+02  -.7150699269E+04  0.1698534410E+04
L1 0.3090170291E+03  0.3090170291E+03  -.8849233679E+10  0.1000000000E+01
L2 0.1000000000E+01  0.3313999195E+02  0.3313999195E+02  0.3313999195E+02
L3 0.2801830372E+05  0.2969259131E+03  -.5316816601E+03  -.2661841762E+03
L4 -.1669799744E+03  0.2769897450E+03  0.2696256142E+03  0.2913529933E+03
L5 0.8379683525E+03  0.2171146081E+03  0.3768392685E+03  0.3450290562E+03
L6 0.9389829328E+03  -.8849233679E+04  0.1314539723E+04  -.1024146499E+05
L7 0.0000000000E+00  0.2127391130E+01  0.7601120881E+01  0.1324165091E+02
L8 0.3091841316E+01  0.4970131693E+02  0.1928264609E+01  0.0000000000E+00
L9 0.0000000000E+00  0.0000000000E+00  0.0000000000E+00  0.9834081091E+00  0.0000000000E+00
L0     8000  0.1600000000E+02  -.7148599431E+04  0.1630876776E+04
L1 0.2967079697E+03  0.2967079697E+03  -.8779476207E+10  0.1000000000E+01
L2 0.1000000000E+01  0.3313614640E+02  0.3313614640E+02  0.3313614640E+02
L3 0.2800836307E+05  -.5495641585E+03  -.1573175835E+03  0.4317897452E+03
L4 -.9169733229E+02  0.2765297862E+03  0.2535527067E+03  0.2752919140E+03
L5 0.8053744070E+03  0.3873101300E+03  0.2852645564E+03  0.1882523652E+03
L6 0.8608270516E+03  -.8779476207E+04  0.1317084964E+04  -.1017447702E+05
L7 0.0000000000E+00  0.4500009145E+01  0.8879617733E+01  0.1281126008E+02
L8 0.2568371958E+01  0.4338509819E+02  0.5771489687E+01  0.0000000000E+00
L9 0.0000000000E+00  0.0000000000E+00  0.0000000000E+00  0.9837571374E+00  0.0000000000E+00
L0     9000  0.1800000000E+02  -.7078595917E+04  0.1682102528E+04
L1 0.3060275510E+03  0.3060275510E+03  -.8760698445E+10  0.1000000000E+01
L2 0.1000000000E+01  0.3313991689E+02  0.3313991689E+02  0.3313991689E+02
L3 0.2801775213E+05  0.5731573275E+03  -.9829536623E+02  -.5422291521E+03
L4 -.2245573025E+02  0.2780185334E+03  0.2806562841E+03  0.2844274192E+03
L5 0.8431022366E+03  0.1624435824E+03  0.3004771632E+03  0.3937658236E+03
L6 0.8566865692E+03  -.8760698445E+04  0.1300161239E+04  -.1013392349E+05
L7 0.0000000000E+00  0.2823940788E+01  0.9789280405E+01  0.1236713408E+02
L8 0.3010350839E+01  0.4336667853E+02  0.1706421109E+01  0.0000000000E+00
L9 0.0000000000E+00  0.0000000000E+00  0.0000000000E+00  0.9834274694E+00  0.0000000000E+00
L0    10000  0.2000000000E+02  -.7093969133E+04  0.1602102129E+04
L1 0.2914729531E+03  0.2914729531E+03  -.8696071262E+10  0.1000000000E+01
L2 0.1000000000E+01  0.3324312365E+02  0.3324312365E+02  0.3324312365E+02
L3 0.2827985187E+05  0.4407785989E+03  0.1049372062E+03  -.4087935303E+02
L4 0.1682788173E+03  0.2500447256E+03  0.2605092220E+03  0.2670053300E+03
L5 0.7775592776E+03  0.1603319672E+03  0.2391510929E+03  0.2753256058E+03
L6 0.6748086659E+03  -.8696071262E+04  0.1321838808E+04  -.1009667426E+05
L7 0.0000000000E+00  0.1660541665E+01  0.1095005763E+02  0.1120763976E+02
L8 0.3838644322E+01  0.4813996817E+02  0.2967336094E+01  0.0000000000E+00
L9 0.0000000000E+00  0.0000000000E+00  0.0000000000E+00  0.9743129916E+00  0.0000000000E+00
