L0  Nsteps           time(ps)         Etot             EKinetic        
L1  Temp             T_solute         T_solv           Pres_scal_solu  
L2  Pres_scal_solv   BoxX             BoxY             BoxZ            
L3  volume           pres_X           pres_Y           pres_Z          
L4  Pressure         EKCoM_x          EKCoM_y          EKCoM_z         
L5  EKComTot         VIRIAL_x         VIRIAL_y         VIRIAL_z        
L6  VIRIAL_tot       E_pot            E_vdw            E_el            
L7  E_hbon           E_bon            E_angle          E_dih           
L8  E_14vdw          E_14el           E_const          E_pol           
L9  AV_permMoment    AV_indMoment     AV_totMoment     Density          dV/dlambda      
L0     1000  0.2000000000E+01  -.7214953344E+04  0.1634779879E+04
L1 0.2926568390E+03  0.2926568390E+03  -.8849733223E+10  0.1000000000E+01
L2 0.1000000000E+01  0.3426752085E+02  0.3426752085E+02  0.3426752085E+02
L3 0.3097902239E+05  -.1095499035E+04  -.1421615142E+04  -.6947770191E+03
L4 -.1070630399E+04  0.2818981506E+03  0.2663231339E+03  0.2516284925E+03
L5 0.7998497770E+03  0.5261491155E+03  0.5832844993E+03  0.4065350254E+03
L6 0.1515968640E+04  -.8849733223E+04  0.1287448837E+04  -.1021366390E+05
L7 0.0000000000E+00  0.4566846236E+01  0.1357187067E+02  0.1269248975E+02
L8 0.2045260961E+01  0.4186408479E+02  0.1741290255E+01  0.0000000000E+00
L9 0.0000000000E+00  0.0000000000E+00  0.0000000000E+00  0.9039077576E+00  0.0000000000E+00
L0     2000  0.4000000000E+01  -.7168967371E+04  0.1674774214E+04
L1 0.2998165892E+03  0.2998165892E+03  -.8843741585E+10  0.1000000000E+01
L2 0.1000000000E+01  0.3371662927E+02  0.3371662927E+02  0.3371662927E+02
L3 0.2950626676E+05  -.1938922319E+03  0.1788548997E+03  -.2667093710E+03
L4 -.9391556773E+02  0.2734493428E+03  0.2635218351E+03  0.2887117105E+03
L5 0.8256828885E+03  0.3146241197E+03  0.2255403724E+03  0.3453498684E+03
L6 0.8855143605E+03  -.8843741585E+04  0.1359304116E+04  -.1028405232E+05
L7 0.0000000000E+00  0.2512721917E+01  0.1202151874E+02  0.1074530975E+02
L8 0.2954898391E+01  0.4653085043E+02  0.6241318088E+01  0.0000000000E+00
L9 0.0000000000E+00  0.0000000000E+00  0.0000000000E+00  0.9490247917E+00  0.0000000000E+00
L0     3000  0.6000000000E+01  -.7174528374E+04  0.1678524345E+04
L1 0.3004879343E+03  0.3004879343E+03  -.8853052719E+10  0.1000000000E+01
L2 0.1000000000E+01  0.3346575213E+02  0.3346575213E+02  0.3346575213E+02
L3 0.2885345287E+05  -.9030616359E+03  -.2825501505E+03  -.1965008410E+03
L4 -.4607042092E+03  0.2766533328E+03  0.2838541230E+03  0.2703983174E+03
L5 0.8309057733E+03  0.4641837696E+03  0.3425286930E+03  0.3112038251E+03
L6 0.1117916288E+04  -.8853052719E+04  0.1262122749E+04  -.1018530217E+05
L7 0.0000000000E+00  0.2130436101E+01  0.1002482748E+02  0.9168901058E+01
L8 0.2789742136E+01  0.4375570233E+02  0.2257095866E+01  0.0000000000E+00
L9 0.0000000000E+00  0.0000000000E+00  0.0000000000E+00  0.9704966263E+00  0.0000000000E+00
L0     4000  0.8000000000E+01  -.7304934706E+04  0.1629965354E+04
L1 0.2917949469E+03  0.2917949469E+03  -.8934900060E+10  0.1000000000E+01
L2 0.1000000000E+01  0.3336312368E+02  0.3336312368E+02  0.3336312368E+02
L3 0.2858852469E+05  -.7739621025E+03  -.1628204378E+03  -.1050590323E+03
L4 -.3472805242E+03  0.2647629982E+03  0.2694355673E+03  0.2709222274E+03
L5 0.8051207929E+03  0.4240088103E+03  0.3029365266E+03  0.2925385454E+03
L6 0.1019483882E+04  -.8934900060E+04  0.1305756744E+04  -.1031769954E+05
L7 0.0000000000E+00  0.2264051922E+01  0.1045469956E+02  0.1101457230E+02
L8 0.4851007570E+01  0.4719313090E+02  0.1265274179E+01  0.0000000000E+00
L9 0.0000000000E+00  0.0000000000E+00  0.0000000000E+00  0.9794901615E+00  0.0000000000E+00
L0     5000  0.1000000000E+02  -.7151777657E+04  0.1674368792E+04
L1 0.2997440109E+03  0.2997440109E+03  -.8826146449E+10  0.1000000000E+01
L2 0.1000000000E+01  0.3334870391E+02  0.3334870391E+02  0.3334870391E+02
L3 0.2854990765E+05  -.5017532094E+01  0.8727205291E+03  -.6649377899E+02
L4 0.2670697393E+03  0.2722762190E+03  0.2773695143E+03  0.2714996009E+03
L5 0.8211453342E+03  0.2733072019E+03  0.9804631444E+02  0.2851624824E+03
L6 0.6565159988E+03  -.8826146449E+04  0.1334304145E+04  -.1023449236E+05
L7 0.0000000000E+00  0.5223836062E+01  0.8424983767E+01  0.1114283841E+02
L8 0.3093291490E+01  0.4387557853E+02  0.2281234032E+01  0.0000000000E+00
L9 0.0000000000E+00  0.0000000000E+00  0.0000000000E+00  0.9808150348E+00  0.0000000000E+00
L0     6000  0.1200000000E+02  -.7252751389E+04  0.1602312229E+04
L1 0.2868445091E+03  0.2868445091E+03  -.8855063617E+10  0.1000000000E+01
L2 0.1000000000E+01  0.3341894745E+02  0.3341894745E+02  0.3341894745E+02
L3 0.2873261737E+05  -.7624700510E+03  0.7731621140E+03  -.1459798824E+04
L4 -.4830355870E+03  0.2780471629E+03  0.2665042331E+03  0.2527581523E+03
L5 0.7973095483E+03  0.4357191566E+03  0.1066212163E+03  0.5546315055E+03
L6 0.1096971878E+04  -.8855063617E+04  0.1258939892E+04  -.1019323978E+05
L7 0.0000000000E+00  0.1234954373E+01  0.1308194227E+02  0.9890385524E+01
L8 0.4024759999E+01  0.4544994041E+02  0.5554291910E+01  0.0000000000E+00
L9 0.0000000000E+00  0.0000000000E+00  0.0000000000E+00  0.9745780660E+00  0.0000000000E+00
L0     7000  0.1400000000E+02  -.7223198523E+04  0.1640726161E+04
L1 0.2937213370E+03  0.2937213370E+03  -.8863924684E+10  0.1000000000E+01
L2 0.1000000000E+01  0.3327573312E+02  0.3327573312E+02  0.3327573312E+02
L3 0.2836451071E+05  0.1311390979E+03  -.7206406850E+03  -.5120647897E+03
L4 -.3671887923E+03  0.2880336432E+03  0.2749200776E+03  0.2637064035E+03
L5 0.8266601242E+03  0.2612626756E+03  0.4220329428E+03  0.3682402161E+03
L6 0.1051535834E+04  -.8863924684E+04  0.1259973972E+04  -.1019738425E+05
L7 0.0000000000E+00  0.4497302840E+01  0.9311000830E+01  0.1038689373E+02
L8 0.2891719337E+01  0.4242901924E+02  0.3969661857E+01  0.0000000000E+00
L9 0.0000000000E+00  0.0000000000E+00  0.0000000000E+00  0.9872258665E+00  0.0000000000E+00
L0     8000  0.1600000000E+02  -.7205016346E+04  0.1633009053E+04
L1 0.2923398272E+03  0.2923398272E+03  -.8838025398E+10  0.1000000000E+01
L2 0.1000000000E+01  0.3330459200E+02  0.3330459200E+02  0.3330459200E+02
L3 0.2843845575E+05  -.2959576800E+03  -.3919851869E+03  -.5110197241E+03
L4 -.3996541970E+03  0.2699085813E+03  0.2553977828E+03  0.2512208607E+03
L5 0.7765272248E+03  0.3304834113E+03  0.3356269428E+03  0.3558132907E+03
L6 0.1021923645E+04  -.8838025398E+04  0.1259361757E+04  -.1017198578E+05
L7 0.0000000000E+00  0.2841900148E+01  0.9130746622E+01  0.1177686593E+02
L8 0.4101460579E+01  0.4448286886E+02  0.2264780726E+01  0.0000000000E+00
L9 0.0000000000E+00  0.0000000000E+00  0.0000000000E+00  0.9846589039E+00  0.0000000000E+00
L0     9000  0.1800000000E+02  -.7276441628E+04  0.1671407699E+04
L1 0.2992139186E+03  0.2992139186E+03  -.8947849326E+10  0.1000000000E+01
L2 0.1000000000E+01  0.3326214122E+02  0.3326214122E+02  0.3326214122E+02
L3 0.2832942502E+05  0.1011816258E+02  -.2105997483E+03  -.4946535755E+03
L4 -.2317117204E+03  0.2795749431E+03  0.2738356774E+03  0.2835971108E+03
L5 0.8370077313E+03  0.2775119585E+03  0.3167747033E+03  0.3844516601E+03
L6 0.9787383218E+03  -.8947849326E+04  0.1302753596E+04  -.1032594842E+05
L7 0.0000000000E+00  0.5056225827E+01  0.1024789951E+02  0.9926787944E+01
L8 0.4086465321E+01  0.4354565155E+02  0.2482464103E+01  0.0000000000E+00
L9 0.0000000000E+00  0.0000000000E+00  0.0000000000E+00  0.9884485352E+00  0.0000000000E+00
L0    10000  0.2000000000E+02  -.7280784267E+04  0.1638996476E+04
L1 0.2934116903E+03  0.2934116903E+03  -.8919780742E+10  0.1000000000E+01
L2 0.1000000000E+01  0.3328661646E+02  0.3328661646E+02  0.3328661646E+02
L3 0.2839130404E+05  0.1721276264E+03  0.5889755574E+03  -.6225109624E+03
L4 0.4619740715E+02  0.2648654654E+03  0.2959265661E+03  0.2661188862E+03
L5 0.8269109176E+03  0.2296938350E+03  0.1755784788E+03  0.3933194172E+03
L6 0.7985917309E+03  -.8919780742E+04  0.1343624213E+04  -.1033783707E+05
L7 0.0000000000E+00  0.5050969175E+01  0.8716491101E+01  0.1016857744E+02
L8 0.4113759172E+01  0.4470304509E+02  0.1679277626E+01  0.0000000000E+00
L9 0.0000000000E+00  0.0000000000E+00  0.0000000000E+00  0.9862942057E+00  0.0000000000E+00
