L0  Nsteps           time(ps)         Etot             EKinetic        
L1  Temp             T_solute         T_solv           Pres_scal_solu  
L2  Pres_scal_solv   BoxX             BoxY             BoxZ            
L3  volume           pres_X           pres_Y           pres_Z          
L4  Pressure         EKCoM_x          EKCoM_y          EKCoM_z         
L5  EKComTot         VIRIAL_x         VIRIAL_y         VIRIAL_z        
L6  VIRIAL_tot       E_pot            E_vdw            E_el            
L7  E_hbon           E_bon            E_angle          E_dih           
L8  E_14vdw          E_14el           E_const          E_pol           
L9  AV_permMoment    AV_indMoment     AV_totMoment     Density          dV/dlambda      
L0     1000  0.2000000000E+01  -.6884200485E+04  0.1575582898E+04
L1 0.2926796267E+03  0.2926796267E+03  -.8459783383E+10  0.1000000000E+01
L2 0.1000000000E+01  0.3387876264E+02  0.3387876264E+02  0.3387876264E+02
L3 0.2993601644E+05  -.1072160815E+04  -.6628075908E+03  -.8370744495E+03
L4 -.8573476183E+03  0.2516634716E+03  0.2445595254E+03  0.2753353476E+03
L5 0.7715583446E+03  0.4826626947E+03  0.3873627658E+03  0.4556847363E+03
L6 0.1325710197E+04  -.8459783383E+04  0.1247404481E+04  -.9783855156E+04
L7 0.0000000000E+00  0.1651465641E+01  0.1386851495E+02  0.1335949756E+02
L8 0.1744848358E+01  0.4235990283E+02  0.3683062896E+01  0.0000000000E+00
L9 0.0000000000E+00  0.0000000000E+00  0.0000000000E+00  0.9014228215E+00  0.0000000000E+00
L0     2000  0.4000000000E+01  -.6900547326E+04  0.1558587633E+04
L1 0.2895225933E+03  0.2895225933E+03  -.8459134959E+10  0.1000000000E+01
L2 0.1000000000E+01  0.3338661360E+02  0.3338661360E+02  0.3338661360E+02
L3 0.2864888135E+05  -.1097629184E+03  -.2523084645E+03  -.5967979222E+03
L4 -.3196231017E+03  0.2555433219E+03  0.2436931634E+03  0.2642683655E+03
L5 0.7635048507E+03  0.2781751635E+03  0.2957162444E+03  0.3873211799E+03
L6 0.9612125878E+03  -.8459134959E+04  0.1282992862E+04  -.9819824984E+04
L7 0.0000000000E+00  0.2258450653E+01  0.1321932414E+02  0.1021480580E+02
L8 0.3810716594E+01  0.4364354829E+02  0.4550317764E+01  0.0000000000E+00
L9 0.0000000000E+00  0.0000000000E+00  0.0000000000E+00  0.9419218878E+00  0.0000000000E+00
L0     3000  0.6000000000E+01  -.6963437421E+04  0.1638374994E+04
L1 0.3043438604E+03  0.3043438604E+03  -.8601812415E+10  0.1000000000E+01
L2 0.1000000000E+01  0.3300789107E+02  0.3300789107E+02  0.3300789107E+02
L3 0.2768581174E+05  -.9364102895E+03  -.4267600811E+03  -.6312759127E+03
L4 -.6648154278E+03  0.2752204336E+03  0.2912775161E+03  0.2629519906E+03
L5 0.8294499403E+03  0.4618068478E+03  0.3763124994E+03  0.3887382088E+03
L6 0.1226857556E+04  -.8601812415E+04  0.1231712565E+04  -.9914757548E+04
L7 0.0000000000E+00  0.2002804985E+01  0.9292358573E+01  0.1507982559E+02
L8 0.2335402877E+01  0.4800596742E+02  0.4516209744E+01  0.0000000000E+00
L9 0.0000000000E+00  0.0000000000E+00  0.0000000000E+00  0.9746872751E+00  0.0000000000E+00
L0     4000  0.8000000000E+01  -.6978366928E+04  0.1571631137E+04
L1 0.2919455492E+03  0.2919455492E+03  -.8549998065E+10  0.1000000000E+01
L2 0.1000000000E+01  0.3285550606E+02  0.3285550606E+02  0.3285550606E+02
L3 0.2730332885E+05  -.4543265331E+02  -.7918144878E+02  -.8777166641E+03
L4 -.3341102554E+03  0.2671849330E+03  0.2585185480E+03  0.2424016197E+03
L5 0.7681051007E+03  0.2761126472E+03  0.2740780475E+03  0.4148767667E+03
L6 0.9650674615E+03  -.8549998065E+04  0.1211244246E+04  -.9838183342E+04
L7 0.0000000000E+00  0.1590078726E+01  0.1156991086E+02  0.1035808164E+02
L8 0.3031460667E+01  0.4746724056E+02  0.2924258248E+01  0.0000000000E+00
L9 0.0000000000E+00  0.0000000000E+00  0.0000000000E+00  0.9883413318E+00  0.0000000000E+00
L0     5000  0.1000000000E+02  -.6983758034E+04  0.1591577136E+04
L1 0.2956507097E+03  0.2956507097E+03  -.8575335170E+10  0.1000000000E+01
L2 0.1000000000E+01  0.3289834975E+02  0.3289834975E+02  0.3289834975E+02
L3 0.2740987494E+05  -.3365382659E+03  -.4311563401E+03  0.2612695182E+03
L4 -.1688083626E+03  0.2674601508E+03  0.2673731952E+03  0.2548072181E+03
L5 0.7896405641E+03  0.3338494503E+03  0.3524279135E+03  0.2032662730E+03
L6 0.8895436368E+03  -.8575335170E+04  0.1246704684E+04  -.9895588277E+04
L7 0.0000000000E+00  0.2862042905E+01  0.5896332314E+01  0.1298833732E+02
L8 0.2802621581E+01  0.4479984578E+02  0.4199243190E+01  0.0000000000E+00
L9 0.0000000000E+00  0.0000000000E+00  0.0000000000E+00  0.9844995084E+00  0.0000000000E+00
L0     6000  0.1200000000E+02  -.6944316592E+04  0.1595285562E+04
L1 0.2963395854E+03  0.2963395854E+03  -.8539602154E+10  0.1000000000E+01
L2 0.1000000000E+01  0.3290165040E+02  0.3290165040E+02  0.3290165040E+02
L3 0.2741755816E+05  0.1479891739E+03  -.2190958686E+03  0.2609325028E+03
L4 0.6327526937E+02  0.2693609670E+03  0.2481363018E+03  0.2840776403E+03
L5 0.8015749091E+03  0.2401587853E+03  0.2913697168E+03  0.2325887498E+03
L6 0.7641172519E+03  -.8539602154E+04  0.1250366888E+04  -.9865566272E+04
L7 0.0000000000E+00  0.3173104647E+01  0.9011283987E+01  0.1172109406E+02
L8 0.3480834846E+01  0.4614635252E+02  0.2064559008E+01  0.0000000000E+00
L9 0.0000000000E+00  0.0000000000E+00  0.0000000000E+00  0.9842236223E+00  0.0000000000E+00
L0     7000  0.1400000000E+02  -.6964991803E+04  0.1559441151E+04
L1 0.2896811424E+03  0.2896811424E+03  -.8524432954E+10  0.1000000000E+01
L2 0.1000000000E+01  0.3292101168E+02  0.3292101168E+02  0.3292101168E+02
L3 0.2746567945E+05  0.8953623668E+03  -.1022978639E+04  0.6964773879E+03
L4 0.1896203719E+03  0.2743502378E+03  0.2504699731E+03  0.2675412949E+03
L5 0.7923615057E+03  0.9736144633E+02  0.4526850312E+03  0.1298666553E+03
L6 0.6799131328E+03  -.8524432954E+04  0.1284329830E+04  -.9886925264E+04
L7 0.0000000000E+00  0.3963615238E+01  0.1131831847E+02  0.1030457151E+02
L8 0.3095044237E+01  0.4623491183E+02  0.3246018917E+01  0.0000000000E+00
L9 0.0000000000E+00  0.0000000000E+00  0.0000000000E+00  0.9824992114E+00  0.0000000000E+00
L0     8000  0.1600000000E+02  -.6984890941E+04  0.1597678853E+04
L1 0.2967841622E+03  0.2967841622E+03  -.8582569795E+10  0.1000000000E+01
L2 0.1000000000E+01  0.3281259341E+02  0.3281259341E+02  0.3281259341E+02
L3 0.2719545143E+05  -.5118435257E+03  0.5041051267E+03  0.2844549401E+03
L4 0.9223884704E+02  0.2454986112E+03  0.2649846783E+03  0.2578940787E+03
L5 0.7683773681E+03  0.3456806963E+03  0.1663172142E+03  0.2022182958E+03
L6 0.7142162062E+03  -.8582569795E+04  0.1270900402E+04  -.9928413543E+04
L7 0.0000000000E+00  0.4642551323E+01  0.1065721576E+02  0.1138825043E+02
L8 0.2480433367E+01  0.4287890261E+02  0.2895993273E+01  0.0000000000E+00
L9 0.0000000000E+00  0.0000000000E+00  0.0000000000E+00  0.9922618301E+00  0.0000000000E+00
L0     9000  0.1800000000E+02  -.6981489019E+04  0.1621505045E+04
L1 0.3012101057E+03  0.3012101057E+03  -.8602994064E+10  0.1000000000E+01
L2 0.1000000000E+01  0.3287537954E+02  0.3287537954E+02  0.3287537954E+02
L3 0.2735197932E+05  0.1818288062E+03  0.6463755207E+03  -.6933666791E+03
L4 0.4494588260E+02  0.2655432170E+03  0.2851111660E+03  0.2743043094E+03
L5 0.8249586923E+03  0.2297493989E+03  0.1578692382E+03  0.4107966579E+03
L6 0.7984152950E+03  -.8602994064E+04  0.1264033324E+04  -.9940814637E+04
L7 0.0000000000E+00  0.2647819801E+01  0.1002454159E+02  0.1040034346E+02
L8 0.2801021133E+01  0.4650431371E+02  0.1409208601E+01  0.0000000000E+00
L9 0.0000000000E+00  0.0000000000E+00  0.0000000000E+00  0.9865833873E+00  0.0000000000E+00
L0    10000  0.2000000000E+02  -.6920934758E+04  0.1645789182E+04
L1 0.3057211169E+03  0.3057211169E+03  -.8566723940E+10  0.1000000000E+01
L2 0.1000000000E+01  0.3287318297E+02  0.3287318297E+02  0.3287318297E+02
L3 0.2734661520E+05  0.9280265655E+03  -.6875005247E+03  -.2509279184E+03
L4 -.3467292553E+01  0.2717316620E+03  0.2719738115E+03  0.2714089489E+03
L5 0.8151144224E+03  0.8908128704E+02  0.4072848396E+03  0.3207955506E+03
L6 0.8171616772E+03  -.8566723940E+04  0.1269156643E+04  -.9912957164E+04
L7 0.0000000000E+00  0.3311683170E+01  0.8995207591E+01  0.1034878868E+02
L8 0.2742334227E+01  0.4799363048E+02  0.3684936587E+01  0.0000000000E+00
L9 0.0000000000E+00  0.0000000000E+00  0.0000000000E+00  0.9867769083E+00  0.0000000000E+00
