L0  Nsteps           time(ps)         Etot             EKinetic        
L1  Temp             T_solute         T_solv           Pres_scal_solu  
L2  Pres_scal_solv   BoxX             BoxY             BoxZ            
L3  volume           pres_X           pres_Y           pres_Z          
L4  Pressure         EKCoM_x          EKCoM_y          EKCoM_z         
L5  EKComTot         VIRIAL_x         VIRIAL_y         VIRIAL_z        
L6  VIRIAL_tot       E_pot            E_vdw            E_el            
L7  E_hbon           E_bon            E_angle          E_dih           
L8  E_14vdw          E_14el           E_const          E_pol           
L9  AV_permMoment    AV_indMoment     AV_totMoment     Density          dV/dlambda      
L0     1000  0.2000000000E+01  -.7847255902E+04  0.1840135407E+04
L1 0.3026137063E+03  0.3026137063E+03  -.9687391309E+10  0.1000000000E+01
L2 0.1000000000E+01  0.3509677333E+02  0.3509677333E+02  0.3509677333E+02
L3 0.3328095379E+05  -.2305210912E+01  -.6017069029E+03  -.6363816343E+03
L4 -.4134645827E+03  0.2917902651E+03  0.3079511513E+03  0.3089348902E+03
L5 0.9086763066E+03  0.2923424227E+03  0.4520754935E+03  0.4613647260E+03
L6 0.1205782642E+04  -.9687391309E+04  0.1498745057E+04  -.1125883565E+05
L7 0.0000000000E+00  0.2639002611E+01  0.7401125234E+01  0.1013225289E+02
L8 0.3191331982E+01  0.4626742834E+02  0.3068143731E+01  0.0000000000E+00
L9 0.0000000000E+00  0.0000000000E+00  0.0000000000E+00  0.9159975090E+00  0.0000000000E+00
L0     2000  0.4000000000E+01  -.7811828916E+04  0.1800908667E+04
L1 0.2961627956E+03  0.2961627956E+03  -.9612737583E+10  0.1000000000E+01
L2 0.1000000000E+01  0.3462883199E+02  0.3462883199E+02  0.3462883199E+02
L3 0.3196802880E+05  -.7497538118E+03  -.4243929302E+03  -.6962743582E+03
L4 -.6234737001E+03  0.2866288061E+03  0.3038591123E+03  0.2981121607E+03
L5 0.8886000791E+03  0.4591296088E+03  0.4015019918E+03  0.4583085929E+03
L6 0.1318940193E+04  -.9612737583E+04  0.1375348692E+04  -.1106942917E+05
L7 0.0000000000E+00  0.3632846503E+01  0.1056667860E+02  0.1097805930E+02
L8 0.4761964788E+01  0.4943459084E+02  0.1968755030E+01  0.0000000000E+00
L9 0.0000000000E+00  0.0000000000E+00  0.0000000000E+00  0.9536174709E+00  0.0000000000E+00
L0     3000  0.6000000000E+01  -.7880510779E+04  0.1789619398E+04
L1 0.2943062543E+03  0.2943062543E+03  -.9670130177E+10  0.1000000000E+01
L2 0.1000000000E+01  0.3437181562E+02  0.3437181562E+02  0.3437181562E+02
L3 0.3125976244E+05  -.2546629413E+03  -.2479994312E+03  0.4965634664E+03
L4 -.2032968687E+01  0.2723114990E+03  0.2995487942E+03  0.3120184250E+03
L5 0.8838787183E+03  0.3296053487E+03  0.3553434931E+03  0.2003020031E+03
L6 0.8852508449E+03  -.9670130177E+04  0.1453129066E+04  -.1120125089E+05
L7 0.0000000000E+00  0.5740336591E+01  0.7530808465E+01  0.1343146857E+02
L8 0.3526255131E+01  0.4345042418E+02  0.4312354352E+01  0.0000000000E+00
L9 0.0000000000E+00  0.0000000000E+00  0.0000000000E+00  0.9752240066E+00  0.0000000000E+00
L0     4000  0.8000000000E+01  -.7827514509E+04  0.1856855229E+04
L1 0.3053633123E+03  0.3053633123E+03  -.9684369738E+10  0.1000000000E+01
L2 0.1000000000E+01  0.3424426498E+02  0.3424426498E+02  0.3424426498E+02
L3 0.3091219857E+05  0.4643931338E+02  0.7013384500E+03  0.1680821136E+03
L4 0.3052866256E+03  0.3071338798E+03  0.3108860315E+03  0.3034480604E+03
L5 0.9214679717E+03  0.2968021684E+03  0.1548538703E+03  0.2660535394E+03
L6 0.7177095781E+03  -.9684369738E+04  0.1467932568E+04  -.1122810415E+05
L7 0.0000000000E+00  0.2915717532E+01  0.8379478473E+01  0.1140217780E+02
L8 0.2814661789E+01  0.4604967218E+02  0.4240134071E+01  0.0000000000E+00
L9 0.0000000000E+00  0.0000000000E+00  0.0000000000E+00  0.9861890186E+00  0.0000000000E+00
L0     5000  0.1000000000E+02  -.7916894942E+04  0.1785336989E+04
L1 0.2936020041E+03  0.2936020041E+03  -.9702231931E+10  0.1000000000E+01
L2 0.1000000000E+01  0.3429754107E+02  0.3429754107E+02  0.3429754107E+02
L3 0.3105784846E+05  -.4916535744E+02  -.8848582331E+02  -.1905333675E+03
L4 -.1093948494E+03  0.3050896264E+03  0.2966419525E+03  0.2814383190E+03
L5 0.8831698978E+03  0.3160793595E+03  0.3164208301E+03  0.3240274707E+03
L6 0.9565276603E+03  -.9702231931E+04  0.1441478401E+04  -.1122489054E+05
L7 0.0000000000E+00  0.1977637466E+01  0.5954432705E+01  0.1252223198E+02
L8 0.4702440213E+01  0.5190142429E+02  0.4122044385E+01  0.0000000000E+00
L9 0.0000000000E+00  0.0000000000E+00  0.0000000000E+00  0.9815641549E+00  0.0000000000E+00
L0     6000  0.1200000000E+02  -.7880582107E+04  0.1799406892E+04
L1 0.2959158258E+03  0.2959158258E+03  -.9679988999E+10  0.1000000000E+01
L2 0.1000000000E+01  0.3418274287E+02  0.3418274287E+02  0.3418274287E+02
L3 0.3074544199E+05  0.5877163340E+03  -.4063189708E+03  0.1224818129E+04
L4 0.4687384974E+03  0.3010352678E+03  0.2982916356E+03  0.2882749355E+03
L5 0.8876018389E+03  0.1709868473E+03  0.3882008950E+03  0.1725020167E+02
L6 0.5764379440E+03  -.9679988999E+04  0.1482665833E+04  -.1123989619E+05
L7 0.0000000000E+00  0.4043241990E+01  0.9281121916E+01  0.1108630943E+02
L8 0.3279981879E+01  0.4693692987E+02  0.2613770018E+01  0.0000000000E+00
L9 0.0000000000E+00  0.0000000000E+00  0.0000000000E+00  0.9915378931E+00  0.0000000000E+00
L0     7000  0.1400000000E+02  -.7891998618E+04  0.1781368643E+04
L1 0.2929494022E+03  0.2929494022E+03  -.9673367261E+10  0.1000000000E+01
L2 0.1000000000E+01  0.3422096219E+02  0.3422096219E+02  0.3422096219E+02
L3 0.3084964178E+05  0.2467890668E+03  -.2265892385E+03  0.3436353025E+03
L4 0.1212783769E+03  0.3107154557E+03  0.2851482240E+03  0.2956070405E+03
L5 0.8914707201E+03  0.2559215041E+03  0.3354572588E+03  0.2193105645E+03
L6 0.8106893274E+03  -.9673367261E+04  0.1443139887E+04  -.1119586800E+05
L7 0.0000000000E+00  0.2998974729E+01  0.7633237267E+01  0.1079683185E+02
L8 0.5187964615E+01  0.4688282427E+02  0.5861015640E+01  0.0000000000E+00
L9 0.0000000000E+00  0.0000000000E+00  0.0000000000E+00  0.9881888092E+00  0.0000000000E+00
L0     8000  0.1600000000E+02  -.7911415193E+04  0.1822369869E+04
L1 0.2996921304E+03  0.2996921304E+03  -.9733785062E+10  0.1000000000E+01
L2 0.1000000000E+01  0.3425258533E+02  0.3425258533E+02  0.3425258533E+02
L3 0.3093665733E+05  -.9093270382E+03  0.1666146344E+03  -.4298741059E+03
L4 -.3908621699E+03  0.3021200307E+03  0.2919994038E+03  0.3194856421E+03
L5 0.9136050766E+03  0.5045850837E+03  0.2549020346E+03  0.4151987135E+03
L6 0.1174685832E+04  -.9733785062E+04  0.1374270910E+04  -.1118471129E+05
L7 0.0000000000E+00  0.2832332410E+01  0.8701846387E+01  0.1270058763E+02
L8 0.2114833851E+01  0.4777502312E+02  0.2530697350E+01  0.0000000000E+00
L9 0.0000000000E+00  0.0000000000E+00  0.0000000000E+00  0.9854093300E+00  0.0000000000E+00
L0     9000  0.1800000000E+02  -.7937114862E+04  0.1785228509E+04
L1 0.2935841643E+03  0.2935841643E+03  -.9722343371E+10  0.1000000000E+01
L2 0.1000000000E+01  0.3418993895E+02  0.3418993895E+02  0.3418993895E+02
L3 0.3076583000E+05  -.1175520595E+03  -.2465200981E+02  0.4917979550E+03
L4 0.1165312952E+03  0.3135814244E+03  0.3074692195E+03  0.2959745410E+03
L5 0.9170251849E+03  0.3396103030E+03  0.3129277727E+03  0.1870785392E+03
L6 0.8396166150E+03  -.9722343371E+04  0.1461016317E+04  -.1126121842E+05
L7 0.0000000000E+00  0.2923208077E+01  0.9837369163E+01  0.1320790890E+02
L8 0.2431540941E+01  0.4675677073E+02  0.2701930361E+01  0.0000000000E+00
L9 0.0000000000E+00  0.0000000000E+00  0.0000000000E+00  0.9908808172E+00  0.0000000000E+00
L0    10000  0.2000000000E+02  -.7841870568E+04  0.1810456745E+04
L1 0.2977329949E+03  0.2977329949E+03  -.9652327314E+10  0.1000000000E+01
L2 0.1000000000E+01  0.3429689183E+02  0.3429689183E+02  0.3429689183E+02
L3 0.3105627727E+05  -.4683475350E+03  0.3378444392E+03  -.4061747412E+03
L4 -.1788926123E+03  0.2843448572E+03  0.3053554134E+03  0.2857808694E+03
L5 0.8754811400E+03  0.3890273882E+03  0.2298422349E+03  0.3765668707E+03
L6 0.9954364938E+03  -.9652327314E+04  0.1408014149E+04  -.1114179616E+05
L7 0.0000000000E+00  0.5642402212E+01  0.1136938433E+02  0.9934432251E+01
L8 0.3912516982E+01  0.4485804820E+02  0.5737911254E+01  0.0000000000E+00
L9 0.0000000000E+00  0.0000000000E+00  0.0000000000E+00  0.9816138137E+00  0.0000000000E+00
