L0  Nsteps           time(ps)         Etot             EKinetic        
L1  Temp             T_solute         T_solv           Pres_scal_solu  
L2  Pres_scal_solv   BoxX             BoxY             BoxZ            
L3  volume           pres_X           pres_Y           pres_Z          
L4  Pressure         EKCoM_x          EKCoM_y          EKCoM_z         
L5  EKComTot         VIRIAL_x         VIRIAL_y         VIRIAL_z        
L6  VIRIAL_tot       E_pot            E_vdw            E_el            
L7  E_hbon           E_bon            E_angle          E_dih           
L8  E_14vdw          E_14el           E_const          E_pol           
L9  AV_permMoment    AV_indMoment     AV_totMoment     Density          dV/dlambda      
L0     1000  0.2000000000E+01  -.7046447769E+04  0.1637984863E+04
L1 0.2973561309E+03  0.2973561309E+03  -.8684432632E+10  0.1000000000E+01
L2 0.1000000000E+01  0.3410561729E+02  0.3410561729E+02  0.3410561729E+02
L3 0.3054064808E+05  -.5110182952E+03  -.5230746392E+03  -.6952320839E+03
L4 -.5764416728E+03  0.2659446674E+03  0.2824856743E+03  0.2645764857E+03
L5 0.8130068274E+03  0.3782683355E+03  0.3974593703E+03  0.4173910103E+03
L6 0.1193118716E+04  -.8684432632E+04  0.1326929381E+04  -.1008743071E+05
L7 0.0000000000E+00  0.2013629106E+01  0.1196613010E+02  0.1062297529E+02
L8 0.3348693310E+01  0.4380525235E+02  0.4312020616E+01  0.0000000000E+00
L9 0.0000000000E+00  0.0000000000E+00  0.0000000000E+00  0.9041478278E+00  0.0000000000E+00
L0     2000  0.4000000000E+01  -.7089083609E+04  0.1624704549E+04
L1 0.2949452523E+03  0.2949452523E+03  -.8713788158E+10  0.1000000000E+01
L2 0.1000000000E+01  0.3360298530E+02  0.3360298530E+02  0.3360298530E+02
L3 0.2921043074E+05  -.1104253346E+04  -.5542385737E+03  -.3704875244E+03
L4 -.6763264814E+03  0.2903211946E+03  0.2457870066E+03  0.2549074862E+03
L5 0.7910156874E+03  0.5224682959E+03  0.3623045420E+03  0.3327950517E+03
L6 0.1217567890E+04  -.8713788158E+04  0.1254439223E+04  -.1004517288E+05
L7 0.0000000000E+00  0.3611796036E+01  0.1078005777E+02  0.1212398028E+02
L8 0.4005420981E+01  0.4339788203E+02  0.3026366591E+01  0.0000000000E+00
L9 0.0000000000E+00  0.0000000000E+00  0.0000000000E+00  0.9453219251E+00  0.0000000000E+00
L0     3000  0.6000000000E+01  -.7193099189E+04  0.1609128965E+04
L1 0.2921176954E+03  0.2921176954E+03  -.8802228153E+10  0.1000000000E+01
L2 0.1000000000E+01  0.3335214807E+02  0.3335214807E+02  0.3335214807E+02
L3 0.2856026211E+05  0.3779266260E+03  -.8340961772E+03  -.5183238094E+03
L4 -.3248311202E+03  0.2851571071E+03  0.2600194754E+03  0.2706662568E+03
L5 0.8158428394E+03  0.2074740588E+03  0.4314684530E+03  0.3772080318E+03
L6 0.1016150544E+04  -.8802228153E+04  0.1309824310E+04  -.1019229125E+05
L7 0.0000000000E+00  0.2890496810E+01  0.1286956070E+02  0.1278064573E+02
L8 0.3180272074E+01  0.4673232909E+02  0.1785481652E+01  0.0000000000E+00
L9 0.0000000000E+00  0.0000000000E+00  0.0000000000E+00  0.9668419890E+00  0.0000000000E+00
L0     4000  0.8000000000E+01  -.7198626645E+04  0.1624271634E+04
L1 0.2948666619E+03  0.2948666619E+03  -.8822898279E+10  0.1000000000E+01
L2 0.1000000000E+01  0.3313022524E+02  0.3313022524E+02  0.3313022524E+02
L3 0.2799297175E+05  0.4063329629E+02  0.4028128300E+03  -.2627149546E+03
L4 0.6024372390E+02  0.2693174260E+03  0.2521181253E+03  0.2866846003E+03
L5 0.8081201516E+03  0.2611311263E+03  0.1709643215E+03  0.3396131972E+03
L6 0.7717086450E+03  -.8822898279E+04  0.1328805201E+04  -.1022412776E+05
L7 0.0000000000E+00  0.2775449423E+01  0.5082176508E+01  0.1050209877E+02
L8 0.3338430609E+01  0.4897739474E+02  0.1748732788E+01  0.0000000000E+00
L9 0.0000000000E+00  0.0000000000E+00  0.0000000000E+00  0.9864354833E+00  0.0000000000E+00
L0     5000  0.1000000000E+02  -.7126126362E+04  0.1673811111E+04
L1 0.3038599484E+03  0.3038599484E+03  -.8799937473E+10  0.1000000000E+01
L2 0.1000000000E+01  0.3316305063E+02  0.3316305063E+02  0.3316305063E+02
L3 0.2807633056E+05  -.2116581604E+03  0.1113861422E+03  0.1969968961E+03
L4 0.3224162597E+02  0.2733320183E+03  0.2741840360E+03  0.2773926681E+03
L5 0.8249087224E+03  0.3161012987E+03  0.2516764929E+03  0.2375859558E+03
L6 0.8053637475E+03  -.8799937473E+04  0.1308432073E+04  -.1018316011E+05
L7 0.0000000000E+00  0.4504571163E+01  0.9952214996E+01  0.1037401337E+02
L8 0.2253656720E+01  0.4604101338E+02  0.1665091092E+01  0.0000000000E+00
L9 0.0000000000E+00  0.0000000000E+00  0.0000000000E+00  0.9835067500E+00  0.0000000000E+00
L0     6000  0.1200000000E+02  -.7199512201E+04  0.1613476553E+04
L1 0.2929069468E+03  0.2929069468E+03  -.8812988754E+10  0.1000000000E+01
L2 0.1000000000E+01  0.3321677129E+02  0.3321677129E+02  0.3321677129E+02
L3 0.2821097814E+05  0.1483951746E+04  0.2563662066E+03  0.7594513455E+03
L4 0.8332564325E+03  0.2719960098E+03  0.2785770692E+03  0.2813314500E+03
L5 0.8319045290E+03  -.2930077931E+02  0.2265252993E+03  0.1271348917E+03
L6 0.3243594116E+03  -.8812988754E+04  0.1422474882E+04  -.1031423156E+05
L7 0.0000000000E+00  0.4310070797E+01  0.6072906554E+01  0.1287862663E+02
L8 0.2498937962E+01  0.4781751726E+02  0.5189867059E+01  0.0000000000E+00
L9 0.0000000000E+00  0.0000000000E+00  0.0000000000E+00  0.9788125914E+00  0.0000000000E+00
L0     7000  0.1400000000E+02  -.7153265887E+04  0.1614825971E+04
L1 0.2931519172E+03  0.2931519172E+03  -.8768091858E+10  0.1000000000E+01
L2 0.1000000000E+01  0.3316910437E+02  0.3316910437E+02  0.3316910437E+02
L3 0.2809194353E+05  0.2912448558E+03  -.3709776827E+03  -.1044168935E+03
L4 -.6138324012E+02  0.2625027481E+03  0.2605712411E+03  0.2554770482E+03
L5 0.7785510374E+03  0.2036188395E+03  0.3355755391E+03  0.2765880642E+03
L6 0.8157824428E+03  -.8768091858E+04  0.1294026965E+04  -.1013899385E+05
L7 0.0000000000E+00  0.3839199136E+01  0.4973288220E+01  0.1278213295E+02
L8 0.3515639766E+01  0.4989406233E+02  0.1870708055E+01  0.0000000000E+00
L9 0.0000000000E+00  0.0000000000E+00  0.0000000000E+00  0.9829601357E+00  0.0000000000E+00
L0     8000  0.1600000000E+02  -.7154638289E+04  0.1637210442E+04
L1 0.2972155444E+03  0.2972155444E+03  -.8791848731E+10  0.1000000000E+01
L2 0.1000000000E+01  0.3309842708E+02  0.3309842708E+02  0.3309842708E+02
L3 0.2791252000E+05  0.2086401416E+03  0.1930851936E+03  -.3093050009E+03
L4 0.3080677809E+02  0.2750833118E+03  0.2773841913E+03  0.2692032436E+03
L5 0.8216707468E+03  0.2331698535E+03  0.2385955472E+03  0.3313391402E+03
L6 0.8031045409E+03  -.8791848731E+04  0.1308406205E+04  -.1017595877E+05
L7 0.0000000000E+00  0.1890043995E+01  0.8721747621E+01  0.1216334634E+02
L8 0.3812269083E+01  0.4603044389E+02  0.3085987480E+01  0.0000000000E+00
L9 0.0000000000E+00  0.0000000000E+00  0.0000000000E+00  0.9892786685E+00  0.0000000000E+00
L0     9000  0.1800000000E+02  -.7111689744E+04  0.1668818682E+04
L1 0.3029536339E+03  0.3029536339E+03  -.8780508426E+10  0.1000000000E+01
L2 0.1000000000E+01  0.3322941422E+02  0.3322941422E+02  0.3322941422E+02
L3 0.2824599711E+05  0.7961165547E+03  -.7206889325E+03  -.9024773466E+03
L4 -.2756832415E+03  0.2701284499E+03  0.2862218726E+03  0.2491537688E+03
L5 0.8055040912E+03  0.1082868566E+03  0.4327298737E+03  0.4326173217E+03
L6 0.9736340520E+03  -.8780508426E+04  0.1286276184E+04  -.1014428219E+05
L7 0.0000000000E+00  0.3282339552E+01  0.6015260357E+01  0.1276234521E+02
L8 0.2115887160E+01  0.4856861295E+02  0.4753138662E+01  0.0000000000E+00
L9 0.0000000000E+00  0.0000000000E+00  0.0000000000E+00  0.9775990742E+00  0.0000000000E+00
L0    10000  0.2000000000E+02  -.7040118358E+04  0.1678531666E+04
L1 0.3047169074E+03  0.3047169074E+03  -.8718650024E+10  0.1000000000E+01
L2 0.1000000000E+01  0.3323665375E+02  0.3323665375E+02  0.3323665375E+02
L3 0.2826233235E+05  0.6903807090E+03  0.1110332626E+03  0.9064587401E+03
L4 0.5692909039E+03  0.3007544232E+03  0.2770062747E+03  0.2805569465E+03
L5 0.8583176444E+03  0.1603265797E+03  0.2544214003E+03  0.9617745200E+02
L6 0.5109254319E+03  -.8718650024E+04  0.1348292916E+04  -.1013862504E+05
L7 0.0000000000E+00  0.2836730580E+01  0.4081429165E+01  0.1041644650E+02
L8 0.3856789064E+01  0.4725788634E+02  0.3232816611E+01  0.0000000000E+00
L9 0.0000000000E+00  0.0000000000E+00  0.0000000000E+00  0.9770340354E+00  0.0000000000E+00
