L0  Nsteps           time(ps)         Etot             EKinetic        
L1  Temp             T_solute         T_solv           Pres_scal_solu  
L2  Pres_scal_solv   BoxX             BoxY             BoxZ            
L3  volume           pres_X           pres_Y           pres_Z          
L4  Pressure         EKCoM_x          EKCoM_y          EKCoM_z         
L5  EKComTot         VIRIAL_x         VIRIAL_y         VIRIAL_z        
L6  VIRIAL_tot       E_pot            E_vdw            E_el            
L7  E_hbon           E_bon            E_angle          E_dih           
L8  E_14vdw          E_14el           E_const          E_pol           
L9  AV_permMoment    AV_indMoment     AV_totMoment     Density          dV/dlambda      
L0     1000  0.2000000000E+01  -.6927131413E+04  0.1562292476E+04
L1 0.2879784126E+03  0.2879784126E+03  -.8489423889E+10  0.1000000000E+01
L2 0.1000000000E+01  0.3391076891E+02  0.3391076891E+02  0.3391076891E+02
L3 0.3002146880E+05  -.7815716569E+03  -.8532256250E+03  -.1528531097E+04
L4 -.1054442793E+04  0.2620891026E+03  0.2632468289E+03  0.2591752540E+03
L5 0.7845111855E+03  0.4309609747E+03  0.4476007615E+03  0.5894404390E+03
L6 0.1468002175E+04  -.8489423889E+04  0.1213164256E+04  -.9776301075E+04
L7 0.0000000000E+00  0.1572888304E+01  0.9280201859E+01  0.1088786096E+02
L8 0.3108893681E+01  0.4555409126E+02  0.3308994668E+01  0.0000000000E+00
L9 0.0000000000E+00  0.0000000000E+00  0.0000000000E+00  0.9058326224E+00  0.0000000000E+00
L0     2000  0.4000000000E+01  -.6934458995E+04  0.1651283542E+04
L1 0.3043821951E+03  0.3043821951E+03  -.8585742537E+10  0.1000000000E+01
L2 0.1000000000E+01  0.3342041463E+02  0.3342041463E+02  0.3342041463E+02
L3 0.2873566797E+05  0.1571335926E+03  -.2554799117E+03  -.4918886257E+03
L4 -.1967449816E+03  0.2858739801E+03  0.2636898567E+03  0.2704870866E+03
L5 0.8200509234E+03  0.2533767073E+03  0.3165264288E+03  0.3722160589E+03
L6 0.9421191950E+03  -.8585742537E+04  0.1310782938E+04  -.9976070662E+04
L7 0.0000000000E+00  0.4233920321E+01  0.1268434659E+02  0.1148495543E+02
L8 0.3451744383E+01  0.4426970923E+02  0.3420510805E+01  0.0000000000E+00
L9 0.0000000000E+00  0.0000000000E+00  0.0000000000E+00  0.9463648397E+00  0.0000000000E+00
L0     3000  0.6000000000E+01  -.7010512225E+04  0.1622718660E+04
L1 0.2991168113E+03  0.2991168113E+03  -.8633230885E+10  0.1000000000E+01
L2 0.1000000000E+01  0.3318855649E+02  0.3318855649E+02  0.3318855649E+02
L3 0.2814197790E+05  0.2135545626E+03  -.2885453482E+03  -.8041791206E+03
L4 -.2930566354E+03  0.2630951804E+03  0.2944140664E+03  0.2624898431E+03
L5 0.8199990899E+03  0.2198418002E+03  0.3528560940E+03  0.4253684292E+03
L6 0.9980663234E+03  -.8633230885E+04  0.1271259228E+04  -.9977911469E+04
L7 0.0000000000E+00  0.4278543808E+01  0.7757078466E+01  0.1026859863E+02
L8 0.3222554863E+01  0.4605576948E+02  0.1838810163E+01  0.0000000000E+00
L9 0.0000000000E+00  0.0000000000E+00  0.0000000000E+00  0.9663295846E+00  0.0000000000E+00
L0     4000  0.8000000000E+01  -.6909119711E+04  0.1687463807E+04
L1 0.3110513273E+03  0.3110513273E+03  -.8596583518E+10  0.1000000000E+01
L2 0.1000000000E+01  0.3308735411E+02  0.3308735411E+02  0.3308735411E+02
L3 0.2788524786E+05  -.6892783733E+00  -.3007222450E+03  -.4897817636E+03
L4 -.2637310957E+03  0.3030008341E+03  0.2806273736E+03  0.2613739812E+03
L5 0.8450021888E+03  0.3031391670E+03  0.3409800652E+03  0.3596694956E+03
L6 0.1003788728E+04  -.8596583518E+04  0.1235374414E+04  -.9900730867E+04
L7 0.0000000000E+00  0.1111694460E+01  0.6807686262E+01  0.1033838534E+02
L8 0.3386051287E+01  0.4513098445E+02  0.1998133173E+01  0.0000000000E+00
L9 0.0000000000E+00  0.0000000000E+00  0.0000000000E+00  0.9752262538E+00  0.0000000000E+00
L0     5000  0.1000000000E+02  -.7024943705E+04  0.1629763979E+04
L1 0.3004154796E+03  0.3004154796E+03  -.8654707683E+10  0.1000000000E+01
L2 0.1000000000E+01  0.3308939752E+02  0.3308939752E+02  0.3308939752E+02
L3 0.2788993647E+05  -.4935344507E+02  -.3578589113E+03  0.1925774307E+03
L4 -.7154497525E+02  0.2839644529E+03  0.2529402541E+03  0.2720617457E+03
L5 0.8089664527E+03  0.2938709833E+03  0.3247719205E+03  0.2334064061E+03
L6 0.8520493099E+03  -.8654707683E+04  0.1291301431E+04  -.1002227110E+05
L7 0.0000000000E+00  0.2917206082E+01  0.1158202397E+02  0.9739002052E+01
L8 0.3103839266E+01  0.4405309094E+02  0.4866824311E+01  0.0000000000E+00
L9 0.0000000000E+00  0.0000000000E+00  0.0000000000E+00  0.9750623074E+00  0.0000000000E+00
L0     6000  0.1200000000E+02  -.7003784589E+04  0.1585136836E+04
L1 0.2921893287E+03  0.2921893287E+03  -.8588921425E+10  0.1000000000E+01
L2 0.1000000000E+01  0.3305164530E+02  0.3305164530E+02  0.3305164530E+02
L3 0.2779456186E+05  0.2614193791E+03  -.2777576881E+03  -.1701235631E+03
L4 -.6215395739E+02  0.2693689216E+03  0.2657962348E+03  0.2659650688E+03
L5 0.8011302252E+03  0.2170746412E+03  0.3213588273E+03  0.2999965524E+03
L6 0.8384300209E+03  -.8588921425E+04  0.1251101379E+04  -.9911568683E+04
L7 0.0000000000E+00  0.4209148778E+01  0.7995791356E+01  0.9790869929E+01
L8 0.3052448258E+01  0.4367039920E+02  0.2827221227E+01  0.0000000000E+00
L9 0.0000000000E+00  0.0000000000E+00  0.0000000000E+00  0.9784081487E+00  0.0000000000E+00
L0     7000  0.1400000000E+02  -.6977940705E+04  0.1604573141E+04
L1 0.2957720356E+03  0.2957720356E+03  -.8582513846E+10  0.1000000000E+01
L2 0.1000000000E+01  0.3308139276E+02  0.3308139276E+02  0.3308139276E+02
L3 0.2786938175E+05  -.2601793780E+03  0.5261586554E+03  -.9589322707E+02
L4 0.5669535013E+02  0.2707344067E+03  0.2865074921E+03  0.2639756519E+03
L5 0.8212175507E+03  0.3229207403E+03  0.1809714911E+03  0.2832097509E+03
L6 0.7871019823E+03  -.8582513846E+04  0.1279666408E+04  -.9939366643E+04
L7 0.0000000000E+00  0.2950118503E+01  0.7218794089E+01  0.1090050529E+02
L8 0.5269022063E+01  0.4515651378E+02  0.5691435727E+01  0.0000000000E+00
L9 0.0000000000E+00  0.0000000000E+00  0.0000000000E+00  0.9757814527E+00  0.0000000000E+00
L0     8000  0.1600000000E+02  -.7025766576E+04  0.1637624462E+04
L1 0.3018644076E+03  0.3018644076E+03  -.8663391038E+10  0.1000000000E+01
L2 0.1000000000E+01  0.3306769874E+02  0.3306769874E+02  0.3306769874E+02
L3 0.2783582791E+05  0.2681864509E+03  -.1749472634E+03  -.1181365318E+04
L4 -.3627087101E+03  0.2748694279E+03  0.2623930444E+03  0.2542153461E+03
L5 0.7914778183E+03  0.2211418137E+03  0.2974414186E+03  0.4908862882E+03
L6 0.1009469520E+04  -.8663391038E+04  0.1264567648E+04  -.9998778492E+04
L7 0.0000000000E+00  0.1287098918E+01  0.8866803221E+01  0.1115593343E+02
L8 0.2414153004E+01  0.4263547069E+02  0.4460347192E+01  0.0000000000E+00
L9 0.0000000000E+00  0.0000000000E+00  0.0000000000E+00  0.9769576785E+00  0.0000000000E+00
L0     9000  0.1800000000E+02  -.6965067735E+04  0.1601903136E+04
L1 0.2952798720E+03  0.2952798720E+03  -.8566970872E+10  0.1000000000E+01
L2 0.1000000000E+01  0.3298789429E+02  0.3298789429E+02  0.3298789429E+02
L3 0.2763410784E+05  -.2504766517E+03  -.1927103416E+03  0.1728232319E+03
L4 -.9012125380E+02  0.2678087463E+03  0.2465635049E+03  0.2561837425E+03
L5 0.7705559938E+03  0.3176247950E+03  0.2848907011E+03  0.2218117941E+03
L6 0.8243272903E+03  -.8566970872E+04  0.1244183370E+04  -.9889852677E+04
L7 0.0000000000E+00  0.3573607329E+01  0.1361938711E+02  0.9098168338E+01
L8 0.3125897282E+01  0.4618367913E+02  0.3097696402E+01  0.0000000000E+00
L9 0.0000000000E+00  0.0000000000E+00  0.0000000000E+00  0.9840891540E+00  0.0000000000E+00
L0    10000  0.2000000000E+02  -.7052739698E+04  0.1610583148E+04
L1 0.2968798643E+03  0.2968798643E+03  -.8663322846E+10  0.1000000000E+01
L2 0.1000000000E+01  0.3296984069E+02  0.3296984069E+02  0.3296984069E+02
L3 0.2758881450E+05  -.3711502389E+03  -.5998783923E+03  0.6365864744E+03
L4 -.1114807190E+03  0.2664592128E+03  0.2707105532E+03  0.2616225921E+03
L5 0.7987923581E+03  0.3401544402E+03  0.3898218185E+03  0.1352226061E+03
L6 0.8651988647E+03  -.8663322846E+04  0.1264530682E+04  -.1000194845E+05
L7 0.0000000000E+00  0.1934069282E+01  0.1106698208E+02  0.9380490095E+01
L8 0.3004980951E+01  0.4500171173E+02  0.3706685472E+01  0.0000000000E+00
L9 0.0000000000E+00  0.0000000000E+00  0.0000000000E+00  0.9857047614E+00  0.0000000000E+00
