L0  Nsteps           time(ps)         Etot             EKinetic        
L1  Temp             T_solute         T_solv           Pres_scal_solu  
L2  Pres_scal_solv   BoxX             BoxY             BoxZ            
L3  volume           pres_X           pres_Y           pres_Z          
L4  Pressure         EKCoM_x          EKCoM_y          EKCoM_z         
L5  EKComTot         VIRIAL_x         VIRIAL_y         VIRIAL_z        
L6  VIRIAL_tot       E_pot            E_vdw            E_el            
L7  E_hbon           E_bon            E_angle          E_dih           
L8  E_14vdw          E_14el           E_const          E_pol           
L9  AV_permMoment    AV_indMoment     AV_totMoment     Density          dV/dlambda      
L0     1000  0.2000000000E+01  -.7656271343E+04  0.1734109851E+04
L1 0.2917564269E+03  0.2917564269E+03  -.9390381194E+10  0.1000000000E+01
L2 0.1000000000E+01  0.3500426796E+02  0.3500426796E+02  0.3500426796E+02
L3 0.3301919054E+05  -.6485661673E+03  -.6882797440E+03  -.6184075326E+03
L4 -.6517511480E+03  0.2923592622E+03  0.2884287633E+03  0.3032146704E+03
L5 0.8840026959E+03  0.4464857536E+03  0.4519928643E+03  0.4501742068E+03
L6 0.1348652825E+04  -.9390381194E+04  0.1428565401E+04  -.1089409156E+05
L7 0.0000000000E+00  0.3581501309E+01  0.8172705752E+01  0.1082921580E+02
L8 0.3157382681E+01  0.4582453388E+02  0.3579623310E+01  0.0000000000E+00
L9 0.0000000000E+00  0.0000000000E+00  0.0000000000E+00  0.9024202144E+00  0.0000000000E+00
L0     2000  0.4000000000E+01  -.7609301580E+04  0.1776900381E+04
L1 0.2989557471E+03  0.2989557471E+03  -.9386201961E+10  0.1000000000E+01
L2 0.1000000000E+01  0.3449711435E+02  0.3449711435E+02  0.3449711435E+02
L3 0.3160306251E+05  -.1733175997E+03  0.5958925374E+03  -.6309717222E+03
L4 -.6946559484E+02  0.2921119306E+03  0.3084862879E+03  0.2969400813E+03
L5 0.8975382998E+03  0.3315330013E+03  0.1729505899E+03  0.4404545364E+03
L6 0.9449381276E+03  -.9386201961E+04  0.1438237140E+04  -.1089996657E+05
L7 0.0000000000E+00  0.4995769291E+01  0.6560520028E+01  0.1346779241E+02
L8 0.2704572166E+01  0.4538738259E+02  0.2411428649E+01  0.0000000000E+00
L9 0.0000000000E+00  0.0000000000E+00  0.0000000000E+00  0.9428575158E+00  0.0000000000E+00
L0     3000  0.6000000000E+01  -.7638511926E+04  0.1831481612E+04
L1 0.3081388015E+03  0.3081388015E+03  -.9469993538E+10  0.1000000000E+01
L2 0.1000000000E+01  0.3414886111E+02  0.3414886111E+02  0.3414886111E+02
L3 0.3065647643E+05  -.3078067046E+02  -.6462344466E+03  -.5147739968E+03
L4 -.3972630380E+03  0.3274925456E+03  0.2997297362E+03  0.2955882345E+03
L5 0.9228105163E+03  0.3342839078E+03  0.4423131211E+03  0.4091665486E+03
L6 0.1185763577E+04  -.9469993538E+04  0.1358523585E+04  -.1091840136E+05
L7 0.0000000000E+00  0.2116800446E+01  0.9597229090E+01  0.1851673615E+02
L8 0.3749964790E+01  0.5131330254E+02  0.4590207470E+01  0.0000000000E+00
L9 0.0000000000E+00  0.0000000000E+00  0.0000000000E+00  0.9719703134E+00  0.0000000000E+00
L0     4000  0.8000000000E+01  -.7751252509E+04  0.1762056201E+04
L1 0.2964582785E+03  0.2964582785E+03  -.9513308710E+10  0.1000000000E+01
L2 0.1000000000E+01  0.3397391414E+02  0.3397391414E+02  0.3397391414E+02
L3 0.3018615018E+05  -.3000589858E+03  0.2474086332E+03  0.6102798146E+03
L4 0.1858764873E+03  0.2791147223E+03  0.2935733546E+03  0.2889215923E+03
L5 0.8616096692E+03  0.3443032159E+03  0.2398232692E+03  0.1563369217E+03
L6 0.7404634068E+03  -.9513308710E+04  0.1447269775E+04  -.1104211348E+05
L7 0.0000000000E+00  0.1147373857E+01  0.9424762149E+01  0.1206045786E+02
L8 0.3776623692E+01  0.5088686265E+02  0.4238910475E+01  0.0000000000E+00
L9 0.0000000000E+00  0.0000000000E+00  0.0000000000E+00  0.9871144492E+00  0.0000000000E+00
L0     5000  0.1000000000E+02  -.7603487072E+04  0.1804511073E+04
L1 0.3036011257E+03  0.3036011257E+03  -.9407998144E+10  0.1000000000E+01
L2 0.1000000000E+01  0.3405838759E+02  0.3405838759E+02  0.3405838759E+02
L3 0.3041229227E+05  -.1534475551E+03  -.1282271153E+03  0.3799761883E+03
L4 0.3276717265E+02  0.2950628239E+03  0.3021542792E+03  0.2973570224E+03
L5 0.8945741255E+03  0.3286493981E+03  0.3302206080E+03  0.2141879002E+03
L6 0.8730579063E+03  -.9407998144E+04  0.1398891879E+04  -.1088442866E+05
L7 0.0000000000E+00  0.2477794026E+01  0.1070909163E+02  0.1389406987E+02
L8 0.2158282587E+01  0.4456932936E+02  0.3730071670E+01  0.0000000000E+00
L9 0.0000000000E+00  0.0000000000E+00  0.0000000000E+00  0.9797743866E+00  0.0000000000E+00
L0     6000  0.1200000000E+02  -.7703148255E+04  0.1756570717E+04
L1 0.2955353697E+03  0.2955353697E+03  -.9459718972E+10  0.1000000000E+01
L2 0.1000000000E+01  0.3397625839E+02  0.3397625839E+02  0.3397625839E+02
L3 0.3019360640E+05  0.2318777691E+03  -.1231225263E+03  -.8957411362E+03
L4 -.2623286311E+03  0.3073198951E+03  0.2804254250E+03  0.2733917271E+03
L5 0.8611370472E+03  0.2569314818E+03  0.3071806795E+03  0.4680415840E+03
L6 0.1032153745E+04  -.9459718972E+04  0.1364276304E+04  -.1090057856E+05
L7 0.0000000000E+00  0.3435887776E+01  0.1106991860E+02  0.1191324524E+02
L8 0.3021992291E+01  0.4457649226E+02  0.2565748147E+01  0.0000000000E+00
L9 0.0000000000E+00  0.0000000000E+00  0.0000000000E+00  0.9868706841E+00  0.0000000000E+00
L0     7000  0.1400000000E+02  -.7757195733E+04  0.1762949767E+04
L1 0.2966086171E+03  0.2966086171E+03  -.9520145500E+10  0.1000000000E+01
L2 0.1000000000E+01  0.3394764456E+02  0.3394764456E+02  0.3394764456E+02
L3 0.3011677768E+05  0.1117271140E+03  0.6415631666E+02  -.2834824329E+03
L4 -.3586633408E+02  0.2814587478E+03  0.2754320051E+03  0.3024504431E+03
L5 0.8593411960E+03  0.2572415626E+03  0.2615259321E+03  0.3638961061E+03
L6 0.8826636007E+03  -.9520145500E+04  0.1423717261E+04  -.1101954117E+05
L7 0.0000000000E+00  0.1362759247E+01  0.6812508935E+01  0.1037897325E+02
L8 0.3521534946E+01  0.5036558388E+02  0.3237052822E+01  0.0000000000E+00
L9 0.0000000000E+00  0.0000000000E+00  0.0000000000E+00  0.9893882184E+00  0.0000000000E+00
L0     8000  0.1600000000E+02  -.7690492549E+04  0.1699239330E+04
L1 0.2858896137E+03  0.2858896137E+03  -.9389731880E+10  0.1000000000E+01
L2 0.1000000000E+01  0.3406927895E+02  0.3406927895E+02  0.3406927895E+02
L3 0.3044142250E+05  -.4032076997E+02  0.4600483243E+03  -.2603614281E+03
L4 0.5312204206E+02  0.2706066649E+03  0.2928559222E+03  0.2759228284E+03
L5 0.8393854155E+03  0.2794405214E+03  0.1920641745E+03  0.3329652781E+03
L6 0.8044699739E+03  -.9389731880E+04  0.1397461630E+04  -.1085773297E+05
L7 0.0000000000E+00  0.2441596507E+01  0.7293788890E+01  0.1141310279E+02
L8 0.2851842857E+01  0.4475031208E+02  0.1788819318E+01  0.0000000000E+00
L9 0.0000000000E+00  0.0000000000E+00  0.0000000000E+00  0.9788368137E+00  0.0000000000E+00
L0     9000  0.1800000000E+02  -.7739418973E+04  0.1770808298E+04
L1 0.2979307807E+03  0.2979307807E+03  -.9510227271E+10  0.1000000000E+01
L2 0.1000000000E+01  0.3399171413E+02  0.3399171413E+02  0.3399171413E+02
L3 0.3023419015E+05  0.1109995811E+02  -.5698385993E+03  0.4837058748E+03
L4 -.2501092212E+02  0.2735695607E+03  0.3009970450E+03  0.3067742005E+03
L5 0.8813408062E+03  0.2711542319E+03  0.4249927905E+03  0.2015207645E+03
L6 0.8976677869E+03  -.9510227271E+04  0.1416254428E+04  -.1099917700E+05
L7 0.0000000000E+00  0.1299551539E+01  0.9532657333E+01  0.9646743501E+01
L8 0.3274124041E+01  0.4712140269E+02  0.1820823340E+01  0.0000000000E+00
L9 0.0000000000E+00  0.0000000000E+00  0.0000000000E+00  0.9855459948E+00  0.0000000000E+00
L0    10000  0.2000000000E+02  -.7763382034E+04  0.1711418977E+04
L1 0.2879387862E+03  0.2879387862E+03  -.9474801011E+10  0.1000000000E+01
L2 0.1000000000E+01  0.3401509634E+02  0.3401509634E+02  0.3401509634E+02
L3 0.3029703617E+05  0.4268536147E+02  0.2411100490E+03  -.8146500333E+03
L4 -.1769515409E+03  0.2651980174E+03  0.3010943079E+03  0.2816609808E+03
L5 0.8479533061E+03  0.2558904608E+03  0.2485201849E+03  0.4592956800E+03
L6 0.9637063257E+03  -.9474801011E+04  0.1393406927E+04  -.1094839228E+05
L7 0.0000000000E+00  0.2228945068E+01  0.9721810283E+01  0.1310112053E+02
L8 0.4613869694E+01  0.4790854904E+02  0.2610049269E+01  0.0000000000E+00
L9 0.0000000000E+00  0.0000000000E+00  0.0000000000E+00  0.9835016482E+00  0.0000000000E+00
