L0  Nsteps           time(ps)         Etot             EKinetic        
L1  Temp             T_solute         T_solv           Pres_scal_solu  
L2  Pres_scal_solv   BoxX             BoxY             BoxZ            
L3  volume           pres_X           pres_Y           pres_Z          
L4  Pressure         EKCoM_x          EKCoM_y          EKCoM_z         
L5  EKComTot         VIRIAL_x         VIRIAL_y         VIRIAL_z        
L6  VIRIAL_tot       E_pot            E_vdw            E_el            
L7  E_hbon           E_bon            E_angle          E_dih           
L8  E_14vdw          E_14el           E_const          E_pol           
L9  AV_permMoment    AV_indMoment     AV_totMoment     Density          dV/dlambda      
L0     1000  0.2000000000E+01  -.7229809067E+04  0.1657354743E+04
L1 0.2938754611E+03  0.2938754611E+03  -.8887163809E+10  0.1000000000E+01
L2 0.1000000000E+01  0.3451581871E+02  0.3451581871E+02  0.3451581871E+02
L3 0.3165536291E+05  -.3544912278E+03  -.5112667359E+03  -.2636914136E+03
L4 -.3764831258E+03  0.2711513364E+03  0.2791773314E+03  0.2703071369E+03
L5 0.8206358047E+03  0.3519137649E+03  0.3956573454E+03  0.3303829787E+03
L6 0.1077954089E+04  -.8887163809E+04  0.1383838495E+04  -.1033606478E+05
L7 0.0000000000E+00  0.1576480966E+01  0.7381434472E+01  0.7812103268E+01
L8 0.3295089403E+01  0.4382245923E+02  0.1174912242E+01  0.0000000000E+00
L9 0.0000000000E+00  0.0000000000E+00  0.0000000000E+00  0.8931007897E+00  0.0000000000E+00
L0     2000  0.4000000000E+01  -.7207704244E+04  0.1662096357E+04
L1 0.2947162250E+03  0.2947162250E+03  -.8869800600E+10  0.1000000000E+01
L2 0.1000000000E+01  0.3399672919E+02  0.3399672919E+02  0.3399672919E+02
L3 0.3024898689E+05  -.8407613135E+03  0.2266976719E+03  -.1031678523E+04
L4 -.5485807214E+03  0.2688036178E+03  0.2803761958E+03  0.2684374575E+03
L5 0.8176172710E+03  0.4518411424E+03  0.2310230916E+03  0.4930385184E+03
L6 0.1175902752E+04  -.8869800600E+04  0.1304431715E+04  -.1025226472E+05
L7 0.0000000000E+00  0.3155964660E+01  0.9903531818E+01  0.1397623465E+02
L8 0.3320841354E+01  0.4602692040E+02  0.1648916028E+01  0.0000000000E+00
L9 0.0000000000E+00  0.0000000000E+00  0.0000000000E+00  0.9346240162E+00  0.0000000000E+00
L0     3000  0.6000000000E+01  -.7222688020E+04  0.1647124659E+04
L1 0.2920615039E+03  0.2920615039E+03  -.8869812679E+10  0.1000000000E+01
L2 0.1000000000E+01  0.3369145758E+02  0.3369145758E+02  0.3369145758E+02
L3 0.2943864317E+05  0.9436104982E+03  0.3539199584E+03  0.2346889584E+03
L4 0.5107398050E+03  0.2570570071E+03  0.2807738769E+03  0.2696960531E+03
L5 0.8075269371E+03  0.5713199383E+02  0.2057880088E+03  0.2199719422E+03
L6 0.4828919448E+03  -.8869812679E+04  0.1404570507E+04  -.1035138783E+05
L7 0.0000000000E+00  0.1262291713E+01  0.1052751946E+02  0.9352768364E+01
L8 0.4277308175E+01  0.4804965469E+02  0.3535103756E+01  0.0000000000E+00
L9 0.0000000000E+00  0.0000000000E+00  0.0000000000E+00  0.9603509733E+00  0.0000000000E+00
L0     4000  0.8000000000E+01  -.7346455824E+04  0.1671975809E+04
L1 0.2964680095E+03  0.2964680095E+03  -.9018431632E+10  0.1000000000E+01
L2 0.1000000000E+01  0.3344382997E+02  0.3344382997E+02  0.3344382997E+02
L3 0.2879659112E+05  -.1110052162E+03  -.6867742652E+03  -.3549472258E+03
L4 -.3842422357E+03  0.2895777220E+03  0.2626447228E+03  0.2950025101E+03
L5 0.8472249548E+03  0.3125837184E+03  0.4049797120E+03  0.3685658512E+03
L6 0.1086129282E+04  -.9018431632E+04  0.1311092212E+04  -.1040687259E+05
L7 0.0000000000E+00  0.2376184542E+01  0.1317666194E+02  0.1078543451E+02
L8 0.3173845243E+01  0.4452388137E+02  0.3312739362E+01  0.0000000000E+00
L9 0.0000000000E+00  0.0000000000E+00  0.0000000000E+00  0.9817630669E+00  0.0000000000E+00
L0     5000  0.1000000000E+02  -.7365770445E+04  0.1636721700E+04
L1 0.2902168932E+03  0.2902168932E+03  -.9002492146E+10  0.1000000000E+01
L2 0.1000000000E+01  0.3337709312E+02  0.3337709312E+02  0.3337709312E+02
L3 0.2862469568E+05  -.2777689385E+02  -.1685015265E+03  -.1133570443E+04
L4 -.4432829546E+03  0.2889827385E+03  0.2700773130E+03  0.2664763204E+03
L5 0.8255363720E+03  0.2947051770E+03  0.3047910444E+03  0.5000080909E+03
L6 0.1099504312E+04  -.9002492146E+04  0.1278903225E+04  -.1035755038E+05
L7 0.0000000000E+00  0.1882267517E+01  0.1131892471E+02  0.1192275769E+02
L8 0.2393999621E+01  0.4613292574E+02  0.2504133355E+01  0.0000000000E+00
L9 0.0000000000E+00  0.0000000000E+00  0.0000000000E+00  0.9876586963E+00  0.0000000000E+00
L0     6000  0.1200000000E+02  -.7390229296E+04  0.1680839130E+04
L1 0.2980396180E+03  0.2980396180E+03  -.9071068426E+10  0.1000000000E+01
L2 0.1000000000E+01  0.3341131480E+02  0.3341131480E+02  0.3341131480E+02
L3 0.2871129716E+05  0.1194800386E+03  0.9331928153E+02  0.2564146142E+03
L4 0.1564046448E+03  0.2884542048E+03  0.2657876902E+03  0.2854154427E+03
L5 0.8396573377E+03  0.2637651338E+03  0.2465044158E+03  0.2324305368E+03
L6 0.7427000864E+03  -.9071068426E+04  0.1385592479E+04  -.1053377805E+05
L7 0.0000000000E+00  0.1746921341E+01  0.9709180693E+01  0.1297952217E+02
L8 0.4139396747E+01  0.4495202121E+02  0.3590103471E+01  0.0000000000E+00
L9 0.0000000000E+00  0.0000000000E+00  0.0000000000E+00  0.9846796352E+00  0.0000000000E+00
L0     7000  0.1400000000E+02  -.7305794366E+04  0.1653841146E+04
L1 0.2932524443E+03  0.2932524443E+03  -.8959635512E+10  0.1000000000E+01
L2 0.1000000000E+01  0.3345223273E+02  0.3345223273E+02  0.3345223273E+02
L3 0.2881788225E+05  -.1609320556E+02  0.3807527179E+03  -.1027506651E+04
L4 -.2209490462E+03  0.2644300926E+03  0.2728669587E+03  0.2886174913E+03
L5 0.8259145425E+03  0.2677678994E+03  0.1938970466E+03  0.5017272239E+03
L6 0.9633921699E+03  -.8959635512E+04  0.1297168794E+04  -.1033213928E+05
L7 0.0000000000E+00  0.3382036469E+01  0.1207640112E+02  0.9672169443E+01
L8 0.2957101483E+01  0.4532048240E+02  0.1926785764E+01  0.0000000000E+00
L9 0.0000000000E+00  0.0000000000E+00  0.0000000000E+00  0.9810377241E+00  0.0000000000E+00
L0     8000  0.1600000000E+02  -.7330348581E+04  0.1738577235E+04
L1 0.3082775059E+03  0.3082775059E+03  -.9068925816E+10  0.1000000000E+01
L2 0.1000000000E+01  0.3342289315E+02  0.3342289315E+02  0.3342289315E+02
L3 0.2874072413E+05  -.3731592768E+03  0.1014653631E+04  0.3334922849E+03
L4 0.3249955463E+03  0.2789843301E+03  0.2883890288E+03  0.2876867980E+03
L5 0.8550601569E+03  0.3561721063E+03  0.7850852411E+02  0.2187041157E+03
L6 0.6533847461E+03  -.9068925816E+04  0.1400402032E+04  -.1054384226E+05
L7 0.0000000000E+00  0.3917070301E+01  0.1053925164E+02  0.9316979337E+01
L8 0.2725692406E+01  0.4432426588E+02  0.3691153403E+01  0.0000000000E+00
L9 0.0000000000E+00  0.0000000000E+00  0.0000000000E+00  0.9836714445E+00  0.0000000000E+00
L0     9000  0.1800000000E+02  -.7179810223E+04  0.1720145030E+04
L1 0.3050091816E+03  0.3050091816E+03  -.8899955252E+10  0.1000000000E+01
L2 0.1000000000E+01  0.3339747971E+02  0.3339747971E+02  0.3339747971E+02
L3 0.2867626186E+05  -.3778536573E+03  -.6549596033E+03  0.7788718007E+03
L4 -.8464715330E+02  0.2852202560E+03  0.2848276577E+03  0.3085593312E+03
L5 0.8786072449E+03  0.3632037604E+03  0.4200018029E+03  0.1478115090E+03
L6 0.9310170723E+03  -.8899955252E+04  0.1274627310E+04  -.1025163302E+05
L7 0.0000000000E+00  0.2611556352E+01  0.1494092469E+02  0.9946178742E+01
L8 0.2695177856E+01  0.4308405649E+02  0.3772560069E+01  0.0000000000E+00
L9 0.0000000000E+00  0.0000000000E+00  0.0000000000E+00  0.9858826704E+00  0.0000000000E+00
L0    10000  0.2000000000E+02  -.7290854761E+04  0.1700118085E+04
L1 0.3014580846E+03  0.3014580846E+03  -.8990972847E+10  0.1000000000E+01
L2 0.1000000000E+01  0.3341892959E+02  0.3341892959E+02  0.3341892959E+02
L3 0.2873170594E+05  -.3981924540E+02  -.4808587162E+02  -.3483097537E+03
L4 -.1454049569E+03  0.2640733466E+03  0.2876056816E+03  0.2847256572E+03
L5 0.8364046853E+03  0.2723073495E+03  0.2975490947E+03  0.3567507173E+03
L6 0.9266071615E+03  -.8990972847E+04  0.1300833814E+04  -.1036740743E+05
L7 0.0000000000E+00  0.1444631472E+01  0.1465179716E+02  0.9788270526E+01
L8 0.4308267859E+01  0.4222940198E+02  0.3178403222E+01  0.0000000000E+00
L9 0.0000000000E+00  0.0000000000E+00  0.0000000000E+00  0.9839801950E+00  0.0000000000E+00
