L0  Nsteps           time(ps)         Etot             EKinetic        
L1  Temp             T_solute         T_solv           Pres_scal_solu  
L2  Pres_scal_solv   BoxX             BoxY             BoxZ            
L3  volume           pres_X           pres_Y           pres_Z          
L4  Pressure         EKCoM_x          EKCoM_y          EKCoM_z         
L5  EKComTot         VIRIAL_x         VIRIAL_y         VIRIAL_z        
L6  VIRIAL_tot       E_pot            E_vdw            E_el            
L7  E_hbon           E_bon            E_angle          E_dih           
L8  E_14vdw          E_14el           E_const          E_pol           
L9  AV_permMoment    AV_indMoment     AV_totMoment     Density          dV/dlambda      
L0     1000  0.2000000000E+01  -.7513302248E+04  0.1800739623E+04
L1 0.3054172861E+03  0.3054172861E+03  -.9314041871E+10  0.1000000000E+01
L2 0.1000000000E+01  0.3495423652E+02  0.3495423652E+02  0.3495423652E+02
L3 0.3287715852E+05  -.4310178190E+03  -.4727426899E+03  -.3847961486E+03
L4 -.4295188858E+03  0.3048101655E+03  0.3060592372E+03  0.3220991521E+03
L5 0.9329685549E+03  0.4067974623E+03  0.4179194594E+03  0.4131494922E+03
L6 0.1237866414E+04  -.9314041871E+04  0.1439163589E+04  -.1083047414E+05
L7 0.0000000000E+00  0.3224474600E+01  0.9050965167E+01  0.1167623719E+02
L8 0.2636341408E+01  0.4727452819E+02  0.3406133208E+01  0.0000000000E+00
L9 0.0000000000E+00  0.0000000000E+00  0.0000000000E+00  0.8990390945E+00  0.0000000000E+00
L0     2000  0.4000000000E+01  -.7489695830E+04  0.1784816032E+04
L1 0.3027165402E+03  0.3027165402E+03  -.9274511861E+10  0.1000000000E+01
L2 0.1000000000E+01  0.3448308136E+02  0.3448308136E+02  0.3448308136E+02
L3 0.3156505009E+05  -.3905210650E+03  -.3012727988E+03  -.9097306523E+02
L4 -.2609223097E+03  0.2805436589E+03  0.2897535231E+03  0.3042718847E+03
L5 0.8745690666E+03  0.3692607978E+03  0.3581955692E+03  0.3249388110E+03
L6 0.1052395178E+04  -.9274511861E+04  0.1394373554E+04  -.1074433755E+05
L7 0.0000000000E+00  0.4351800595E+01  0.7379358407E+01  0.1140149362E+02
L8 0.2639044682E+01  0.4725421973E+02  0.2426218093E+01  0.0000000000E+00
L9 0.0000000000E+00  0.0000000000E+00  0.0000000000E+00  0.9364107057E+00  0.0000000000E+00
L0     3000  0.6000000000E+01  -.7610006238E+04  0.1782733921E+04
L1 0.3023634006E+03  0.3023634006E+03  -.9392740159E+10  0.1000000000E+01
L2 0.1000000000E+01  0.3413388165E+02  0.3413388165E+02  0.3413388165E+02
L3 0.3061499807E+05  -.8840466459E+02  0.6090729854E+03  -.4453093010E+03
L4 0.2511967328E+02  0.3207812065E+03  0.2795264874E+03  0.2786138474E+03
L5 0.8789215413E+03  0.3402601769E+03  0.1453241272E+03  0.3767327275E+03
L6 0.8623170316E+03  -.9392740159E+04  0.1439289687E+04  -.1090629212E+05
L7 0.0000000000E+00  0.3211760362E+01  0.9192101386E+01  0.1000596241E+02
L8 0.3057552420E+01  0.4433989084E+02  0.4455011036E+01  0.0000000000E+00
L9 0.0000000000E+00  0.0000000000E+00  0.0000000000E+00  0.9654696290E+00  0.0000000000E+00
L0     4000  0.8000000000E+01  -.7540173800E+04  0.1780537741E+04
L1 0.3019909140E+03  0.3019909140E+03  -.9320711541E+10  0.1000000000E+01
L2 0.1000000000E+01  0.3390088227E+02  0.3390088227E+02  0.3390088227E+02
L3 0.2999226280E+05  0.8162270266E+03  -.3826596283E+03  -.2830059751E+03
L4 0.5018714108E+02  0.2929045753E+03  0.2768193416E+03  0.2987975713E+03
L5 0.8685214882E+03  0.1167163895E+03  0.3594190394E+03  0.3598863465E+03
L6 0.8360217754E+03  -.9320711541E+04  0.1396432429E+04  -.1080826420E+05
L7 0.0000000000E+00  0.2709189555E+01  0.1910134433E+02  0.1190732299E+02
L8 0.5611032102E+01  0.4425868720E+02  0.7532656704E+01  0.0000000000E+00
L9 0.0000000000E+00  0.0000000000E+00  0.0000000000E+00  0.9855158655E+00  0.0000000000E+00
L0     5000  0.1000000000E+02  -.7587673869E+04  0.1760802353E+04
L1 0.2986436623E+03  0.2986436623E+03  -.9348476221E+10  0.1000000000E+01
L2 0.1000000000E+01  0.3394264978E+02  0.3394264978E+02  0.3394264978E+02
L3 0.3010299377E+05  0.2234072655E+03  -.2502546935E+03  0.4694330581E+03
L4 0.1475285434E+03  0.3062390021E+03  0.2891464753E+03  0.2998179020E+03
L5 0.8952033794E+03  0.2578369737E+03  0.3433651003E+03  0.1981134560E+03
L6 0.7993155301E+03  -.9348476221E+04  0.1394905327E+04  -.1082215336E+05
L7 0.0000000000E+00  0.5266379833E+01  0.1483784961E+02  0.8867901082E+01
L8 0.1895785169E+01  0.4280713428E+02  0.5096762509E+01  0.0000000000E+00
L9 0.0000000000E+00  0.0000000000E+00  0.0000000000E+00  0.9818907401E+00  0.0000000000E+00
L0     6000  0.1200000000E+02  -.7716083987E+04  0.1750977185E+04
L1 0.2969772493E+03  0.2969772493E+03  -.9467061173E+10  0.1000000000E+01
L2 0.1000000000E+01  0.3394032193E+02  0.3394032193E+02  0.3394032193E+02
L3 0.3009752028E+05  -.5267870873E+03  -.2075567679E+03  0.3727335422E+03
L4 -.1205367710E+03  0.2918996332E+03  0.2922917329E+03  0.2919593622E+03
L5 0.8761507283E+03  0.4060092946E+03  0.3372515147E+03  0.2112199148E+03
L6 0.9544807242E+03  -.9467061173E+04  0.1417542145E+04  -.1096565619E+05
L7 0.0000000000E+00  0.3799306701E+01  0.1739694606E+02  0.9674068850E+01
L8 0.1968863129E+01  0.4517321840E+02  0.3040471384E+01  0.0000000000E+00
L9 0.0000000000E+00  0.0000000000E+00  0.0000000000E+00  0.9820693053E+00  0.0000000000E+00
L0     7000  0.1400000000E+02  -.7612481208E+04  0.1750670495E+04
L1 0.2969252326E+03  0.2969252326E+03  -.9363151703E+10  0.1000000000E+01
L2 0.1000000000E+01  0.3393915441E+02  0.3393915441E+02  0.3393915441E+02
L3 0.3009407686E+05  -.6719631608E+03  0.3944566496E+03  0.2931264585E+03
L4 0.5206649078E+01  0.2920952249E+03  0.2776121975E+03  0.3215611214E+03
L5 0.8912685439E+03  0.4376354594E+03  0.1921769883E+03  0.2580729781E+03
L6 0.8878854257E+03  -.9363151703E+04  0.1375592399E+04  -.1081060066E+05
L7 0.0000000000E+00  0.3897836383E+01  0.8421901834E+01  0.9619715586E+01
L8 0.3278102350E+01  0.4339216100E+02  0.3246839035E+01  0.0000000000E+00
L9 0.0000000000E+00  0.0000000000E+00  0.0000000000E+00  0.9821816754E+00  0.0000000000E+00
L0     8000  0.1600000000E+02  -.7614868754E+04  0.1784583306E+04
L1 0.3026770684E+03  0.3026770684E+03  -.9399452060E+10  0.1000000000E+01
L2 0.1000000000E+01  0.3398617750E+02  0.3398617750E+02  0.3398617750E+02
L3 0.3022079160E+05  -.3936205893E+03  -.8416412602E+03  -.3675668072E+03
L4 -.5342762189E+03  0.3189601063E+03  0.2934984573E+03  0.2832645471E+03
L5 0.8957231107E+03  0.4045732064E+03  0.4765567611E+03  0.3632109084E+03
L6 0.1244340876E+04  -.9399452060E+04  0.1326681739E+04  -.1079883857E+05
L7 0.0000000000E+00  0.1751840804E+01  0.9499934249E+01  0.1041547666E+02
L8 0.3249931845E+01  0.4568376300E+02  0.2103826267E+01  0.0000000000E+00
L9 0.0000000000E+00  0.0000000000E+00  0.0000000000E+00  0.9780634213E+00  0.0000000000E+00
L0     9000  0.1800000000E+02  -.7586717167E+04  0.1761003678E+04
L1 0.2986778084E+03  0.2986778084E+03  -.9347720845E+10  0.1000000000E+01
L2 0.1000000000E+01  0.3390266626E+02  0.3390266626E+02  0.3390266626E+02
L3 0.2999587170E+05  0.9235469116E+03  0.4447234861E+03  0.4507757844E+02
L4 0.4711159920E+03  0.2832731381E+03  0.2868327948E+03  0.2843246648E+03
L5 0.8544305978E+03  0.8389523337E+02  0.1908246379E+03  0.2745931904E+03
L6 0.5493130617E+03  -.9347720845E+04  0.1439220981E+04  -.1086347764E+05
L7 0.0000000000E+00  0.4597963487E+01  0.8371457946E+01  0.1234110624E+02
L8 0.2006991880E+01  0.4604279937E+02  0.3175496101E+01  0.0000000000E+00
L9 0.0000000000E+00  0.0000000000E+00  0.0000000000E+00  0.9853972949E+00  0.0000000000E+00
L0    10000  0.2000000000E+02  -.7650422622E+04  0.1730376759E+04
L1 0.2934832815E+03  0.2934832815E+03  -.9380799381E+10  0.1000000000E+01
L2 0.1000000000E+01  0.3389783407E+02  0.3389783407E+02  0.3389783407E+02
L3 0.2998356757E+05  0.6312238964E+03  0.5228684070E+03  -.3241609743E+03
L4 0.2766437764E+03  0.2996327706E+03  0.2952196521E+03  0.2783330104E+03
L5 0.8731854331E+03  0.1634182778E+03  0.1823876518E+03  0.3482850875E+03
L6 0.6940910172E+03  -.9380799381E+04  0.1432312774E+04  -.1088487466E+05
L7 0.0000000000E+00  0.4572827102E+01  0.8418824955E+01  0.1167504541E+02
L8 0.2233784979E+01  0.4404844110E+02  0.8135772776E+00  0.0000000000E+00
L9 0.0000000000E+00  0.0000000000E+00  0.0000000000E+00  0.9858016647E+00  0.0000000000E+00
