L0  Nsteps           time(ps)         Etot             EKinetic        
L1  Temp             T_solute         T_solv           Pres_scal_solu  
L2  Pres_scal_solv   BoxX             BoxY             BoxZ            
L3  volume           pres_X           pres_Y           pres_Z          
L4  Pressure         EKCoM_x          EKCoM_y          EKCoM_z         
L5  EKComTot         VIRIAL_x         VIRIAL_y         VIRIAL_z        
L6  VIRIAL_tot       E_pot            E_vdw            E_el            
L7  E_hbon           E_bon            E_angle          E_dih           
L8  E_14vdw          E_14el           E_const          E_pol           
L9  AV_permMoment    AV_indMoment     AV_totMoment     Density          dV/dlambda      
L0     1000  0.2000000000E+01  -.7631731282E+04  0.1724842985E+04
L1 0.2913662891E+03  0.2913662891E+03  -.9356574267E+10  0.1000000000E+01
L2 0.1000000000E+01  0.3500579102E+02  0.3500579102E+02  0.3500579102E+02
L3 0.3302506044E+05  -.9652044618E+03  -.1270035318E+04  -.1308240475E+04
L4 -.1181160085E+04  0.2680649720E+03  0.3097242409E+03  0.2759072296E+03
L5 0.8536964424E+03  0.4974787632E+03  0.6115914916E+03  0.5868552402E+03
L6 0.1695925495E+04  -.9356574267E+04  0.1354308584E+04  -.1078176960E+05
L7 0.0000000000E+00  0.2450611406E+01  0.7163997646E+01  0.1070367058E+02
L8 0.2479933941E+01  0.4331993971E+02  0.4768598426E+01  0.0000000000E+00
L9 0.0000000000E+00  0.0000000000E+00  0.0000000000E+00  0.8986362937E+00  0.0000000000E+00
L0     2000  0.4000000000E+01  -.7708964486E+04  0.1711590696E+04
L1 0.2891276677E+03  0.2891276677E+03  -.9420555182E+10  0.1000000000E+01
L2 0.1000000000E+01  0.3445063127E+02  0.3445063127E+02  0.3445063127E+02
L3 0.3147596941E+05  -.9601552644E+02  -.6726656882E+03  0.4172070058E+02
L4 -.2423201713E+03  0.2919809749E+03  0.2661553163E+03  0.2779841876E+03
L5 0.8361204788E+03  0.3137318714E+03  0.4185377727E+03  0.2685329803E+03
L6 0.1000802624E+04  -.9420555182E+04  0.1449851702E+04  -.1094962143E+05
L7 0.0000000000E+00  0.4706357219E+01  0.8977650951E+01  0.1116433246E+02
L8 0.2421070280E+01  0.4796712554E+02  0.3978013106E+01  0.0000000000E+00
L9 0.0000000000E+00  0.0000000000E+00  0.0000000000E+00  0.9428627131E+00  0.0000000000E+00
L0     3000  0.6000000000E+01  -.7628958660E+04  0.1747425405E+04
L1 0.2951809877E+03  0.2951809877E+03  -.9376384065E+10  0.1000000000E+01
L2 0.1000000000E+01  0.3418104921E+02  0.3418104921E+02  0.3418104921E+02
L3 0.3074322749E+05  -.5685947059E+03  -.5322885529E+03  -.6967597732E+02
L4 -.3901864120E+03  0.3013998803E+03  0.2926136457E+03  0.2874040973E+03
L5 0.8814176233E+03  0.4272080519E+03  0.4103886599E+03  0.3028207152E+03
L6 0.1140417427E+04  -.9376384065E+04  0.1366249774E+04  -.1081990085E+05
L7 0.0000000000E+00  0.3417484321E+01  0.9150901659E+01  0.1095689152E+02
L8 0.2379654168E+01  0.4552612584E+02  0.5835948713E+01  0.0000000000E+00
L9 0.0000000000E+00  0.0000000000E+00  0.0000000000E+00  0.9653351436E+00  0.0000000000E+00
L0     4000  0.8000000000E+01  -.7722053935E+04  0.1796160842E+04
L1 0.3034135418E+03  0.3034135418E+03  -.9518214777E+10  0.1000000000E+01
L2 0.1000000000E+01  0.3403187957E+02  0.3403187957E+02  0.3403187957E+02
L3 0.3034240176E+05  -.7271076563E+03  -.1342400536E+01  -.3536335677E+03
L4 -.3606945415E+03  0.3191654463E+03  0.3043198478E+03  0.2911053301E+03
L5 0.9145906242E+03  0.4779489030E+03  0.3046129970E+03  0.3683307035E+03
L6 0.1150892604E+04  -.9518214777E+04  0.1388523880E+04  -.1097605472E+05
L7 0.0000000000E+00  0.4363071430E+00  0.6186196650E+01  0.9487986979E+01
L8 0.3906201712E+01  0.4546849517E+02  0.3830874564E+01  0.0000000000E+00
L9 0.0000000000E+00  0.0000000000E+00  0.0000000000E+00  0.9780873033E+00  0.0000000000E+00
L0     5000  0.1000000000E+02  -.7635296842E+04  0.1809395110E+04
L1 0.3056491190E+03  0.3056491190E+03  -.9444691952E+10  0.1000000000E+01
L2 0.1000000000E+01  0.3400433558E+02  0.3400433558E+02  0.3400433558E+02
L3 0.3026838331E+05  0.3128943063E+03  -.6737660024E+03  -.2718323046E+03
L4 -.2109013336E+03  0.2908647430E+03  0.2852064367E+03  0.2910183551E+03
L5 0.8670895348E+03  0.2227025640E+03  0.4319823861E+03  0.3502354192E+03
L6 0.1004920369E+04  -.9444691952E+04  0.1388375882E+04  -.1090914141E+05
L7 0.0000000000E+00  0.6417983809E+01  0.7216289019E+01  0.1029243184E+02
L8 0.3650871071E+01  0.4601290363E+02  0.2483096099E+01  0.0000000000E+00
L9 0.0000000000E+00  0.0000000000E+00  0.0000000000E+00  0.9804791230E+00  0.0000000000E+00
L0     6000  0.1200000000E+02  -.7747508906E+04  0.1730713481E+04
L1 0.2923579531E+03  0.2923579531E+03  -.9478222387E+10  0.1000000000E+01
L2 0.1000000000E+01  0.3400903869E+02  0.3400903869E+02  0.3400903869E+02
L3 0.3028043996E+05  -.3609109638E+03  0.3052269074E+03  -.1694321048E+02
L4 -.2420908894E+02  0.2822059759E+03  0.2984475047E+03  0.2690575645E+03
L5 0.8497110451E+03  0.3608596177E+03  0.2319291380E+03  0.2727500131E+03
L6 0.8655387688E+03  -.9478222387E+04  0.1437073727E+04  -.1099606086E+05
L7 0.0000000000E+00  0.2200461779E+01  0.7394054220E+01  0.1039071198E+02
L8 0.3993520763E+01  0.5127489983E+02  0.5511098602E+01  0.0000000000E+00
L9 0.0000000000E+00  0.0000000000E+00  0.0000000000E+00  0.9800887293E+00  0.0000000000E+00
L0     7000  0.1400000000E+02  -.7682618560E+04  0.1720068441E+04
L1 0.2905597570E+03  0.2905597570E+03  -.9402687000E+10  0.1000000000E+01
L2 0.1000000000E+01  0.3400848697E+02  0.3400848697E+02  0.3400848697E+02
L3 0.3027889781E+05  -.5607014997E+03  0.2065864960E+03  0.3575239947E+03
L4 0.1136330305E+01  0.2982266986E+03  0.2835027094E+03  0.2851856865E+03
L5 0.8669150945E+03  0.4204146434E+03  0.2384834266E+03  0.2072741380E+03
L6 0.8661722080E+03  -.9402687000E+04  0.1396324353E+04  -.1087370677E+05
L7 0.0000000000E+00  0.3390189803E+01  0.7759432569E+01  0.1254336774E+02
L8 0.2739434339E+01  0.4456144004E+02  0.3701557143E+01  0.0000000000E+00
L9 0.0000000000E+00  0.0000000000E+00  0.0000000000E+00  0.9801386466E+00  0.0000000000E+00
L0     8000  0.1600000000E+02  -.7711838908E+04  0.1747944502E+04
L1 0.2952686752E+03  0.2952686752E+03  -.9459783410E+10  0.1000000000E+01
L2 0.1000000000E+01  0.3398418161E+02  0.3398418161E+02  0.3398418161E+02
L3 0.3021366373E+05  0.9529990695E+03  -.5627043813E+03  0.1477737530E+02
L4 0.1350240212E+03  0.2962843595E+03  0.2934035928E+03  0.2848401999E+03
L5 0.8745281521E+03  0.8905444492E+02  0.4157638181E+03  0.2816268555E+03
L6 0.7864451185E+03  -.9459783410E+04  0.1440849094E+04  -.1097428396E+05
L7 0.0000000000E+00  0.2230648854E+01  0.8774055070E+01  0.1146672096E+02
L8 0.3551075897E+01  0.4379160200E+02  0.3837355832E+01  0.0000000000E+00
L9 0.0000000000E+00  0.0000000000E+00  0.0000000000E+00  0.9822548561E+00  0.0000000000E+00
L0     9000  0.1800000000E+02  -.7649182418E+04  0.1734349895E+04
L1 0.2929722284E+03  0.2929722284E+03  -.9383532313E+10  0.1000000000E+01
L2 0.1000000000E+01  0.3402558602E+02  0.3402558602E+02  0.3402558602E+02
L3 0.3032530550E+05  0.4806994996E+03  -.9273741738E+03  -.3408296796E+03
L4 -.2625014513E+03  0.2960801697E+03  0.2962683489E+03  0.2998604544E+03
L5 0.8922089729E+03  0.1911656891E+03  0.4986712635E+03  0.3742478187E+03
L6 0.1064084771E+04  -.9383532313E+04  0.1363121771E+04  -.1082687459E+05
L7 0.0000000000E+00  0.4081963689E+01  0.9410571421E+01  0.1346703171E+02
L8 0.4249191899E+01  0.4735863207E+02  0.1653117135E+01  0.0000000000E+00
L9 0.0000000000E+00  0.0000000000E+00  0.0000000000E+00  0.9786387119E+00  0.0000000000E+00
L0    10000  0.2000000000E+02  -.7618691160E+04  0.1804682277E+04
L1 0.3048530114E+03  0.3048530114E+03  -.9423373437E+10  0.1000000000E+01
L2 0.1000000000E+01  0.3399209735E+02  0.3399209735E+02  0.3399209735E+02
L3 0.3023556182E+05  -.7330587189E+03  0.8488471866E+03  -.5791200088E+03
L4 -.1544438470E+03  0.3096190306E+03  0.3172283861E+03  0.3126112296E+03
L5 0.9394586463E+03  0.4691383861E+03  0.1325125473E+03  0.4386323084E+03
L6 0.1040283242E+04  -.9423373437E+04  0.1379108432E+04  -.1087596948E+05
L7 0.0000000000E+00  0.2553446376E+01  0.8079525062E+01  0.1029108350E+02
L8 0.3891755943E+01  0.4631638038E+02  0.2355416198E+01  0.0000000000E+00
L9 0.0000000000E+00  0.0000000000E+00  0.0000000000E+00  0.9815434586E+00  0.0000000000E+00
