L0  Nsteps           time(ps)         Etot             EKinetic        
L1  Temp             T_solute         T_solv           Pres_scal_solu  
L2  Pres_scal_solv   BoxX             BoxY             BoxZ            
L3  volume           pres_X           pres_Y           pres_Z          
L4  Pressure         EKCoM_x          EKCoM_y          EKCoM_z         
L5  EKComTot         VIRIAL_x         VIRIAL_y         VIRIAL_z        
L6  VIRIAL_tot       E_pot            E_vdw            E_el            
L7  E_hbon           E_bon            E_angle          E_dih           
L8  E_14vdw          E_14el           E_const          E_pol           
L9  AV_permMoment    AV_indMoment     AV_totMoment     Density          dV/dlambda      
L0     1000  0.2000000000E+01  -.6832179238E+04  0.1600053601E+04
L1 0.2959144881E+03  0.2959144881E+03  -.8432232839E+10  0.1000000000E+01
L2 0.1000000000E+01  0.3385206759E+02  0.3385206759E+02  0.3385206759E+02
L3 0.2986471756E+05  -.1218692915E+04  -.4584268578E+03  -.2309602312E+03
L4 -.6360266679E+03  0.2759829059E+03  0.2680376350E+03  0.2607310604E+03
L5 0.8047516013E+03  0.5379274023E+03  0.3665713928E+03  0.3103733950E+03
L6 0.1214872190E+04  -.8432232839E+04  0.1238827640E+04  -.9744124520E+04
L7 0.0000000000E+00  0.1939939206E+01  0.1623836483E+02  0.1024412342E+02
L8 0.2444156447E+01  0.4089049738E+02  0.1306959178E+01  0.0000000000E+00
L9 0.0000000000E+00  0.0000000000E+00  0.0000000000E+00  0.9075818459E+00  0.0000000000E+00
L0     2000  0.4000000000E+01  -.6886889810E+04  0.1649966697E+04
L1 0.3051454341E+03  0.3051454341E+03  -.8536856507E+10  0.1000000000E+01
L2 0.1000000000E+01  0.3330296401E+02  0.3330296401E+02  0.3330296401E+02
L3 0.2843376673E+05  -.1045636246E+04  0.2599320661E+03  0.2004369141E+03
L4 -.1950890887E+03  0.2631931437E+03  0.2719404807E+03  0.2876881137E+03
L5 0.8228217381E+03  0.4771723664E+03  0.2187479277E+03  0.2466706612E+03
L6 0.9425909553E+03  -.8536856507E+04  0.1282633501E+04  -.9892373800E+04
L7 0.0000000000E+00  0.3689149062E+01  0.1056999923E+02  0.9910644395E+01
L8 0.2878769950E+01  0.4387808809E+02  0.1957140838E+01  0.0000000000E+00
L9 0.0000000000E+00  0.0000000000E+00  0.0000000000E+00  0.9532565891E+00  0.0000000000E+00
L0     3000  0.6000000000E+01  -.6970145795E+04  0.1622462655E+04
L1 0.3000588267E+03  0.3000588267E+03  -.8592608450E+10  0.1000000000E+01
L2 0.1000000000E+01  0.3304110565E+02  0.3304110565E+02  0.3304110565E+02
L3 0.2776823067E+05  -.2750006419E+02  0.7057511531E+02  -.5324207775E+03
L4 -.1631152421E+03  0.2623740123E+03  0.2979251176E+03  0.2383295991E+03
L5 0.7986287290E+03  0.2678699082E+03  0.2838206602E+03  0.3447340472E+03
L6 0.8964246156E+03  -.8592608450E+04  0.1264282608E+04  -.9928478202E+04
L7 0.0000000000E+00  0.2345986034E+01  0.9055604162E+01  0.9189869698E+01
L8 0.3325391173E+01  0.4555729150E+02  0.2113001275E+01  0.0000000000E+00
L9 0.0000000000E+00  0.0000000000E+00  0.0000000000E+00  0.9761038007E+00  0.0000000000E+00
L0     4000  0.8000000000E+01  -.7109860977E+04  0.1601123653E+04
L1 0.2961123840E+03  0.2961123840E+03  -.8710984630E+10  0.1000000000E+01
L2 0.1000000000E+01  0.3285936953E+02  0.3285936953E+02  0.3285936953E+02
L3 0.2731235459E+05  -.9590826839E+03  0.6955630223E+03  0.8835967109E+01
L4 -.8489456484E+02  0.2683770985E+03  0.2665679955E+03  0.2604779550E+03
L5 0.7954230490E+03  0.4569033238E+03  0.1298416493E+03  0.2587410750E+03
L6 0.8454860481E+03  -.8710984630E+04  0.1305355210E+04  -.1009506512E+05
L7 0.0000000000E+00  0.9360043914E+00  0.9939441394E+01  0.1656430497E+02
L8 0.3647338326E+01  0.4397764849E+02  0.3660538416E+01  0.0000000000E+00
L9 0.0000000000E+00  0.0000000000E+00  0.0000000000E+00  0.9923961482E+00  0.0000000000E+00
L0     5000  0.1000000000E+02  -.6979095116E+04  0.1614944622E+04
L1 0.2986684389E+03  0.2986684389E+03  -.8594039737E+10  0.1000000000E+01
L2 0.1000000000E+01  0.3280348677E+02  0.3280348677E+02  0.3280348677E+02
L3 0.2717139034E+05  0.7173677240E+03  0.1385230495E+04  -.6287293566E+02
L4 0.6799084277E+03  0.2605566657E+03  0.2616256851E+03  0.2630610898E+03
L5 0.7852434405E+03  0.1202719764E+03  -.9262763025E+01  0.2753561931E+03
L6 0.3863654064E+03  -.8594039737E+04  0.1338346055E+04  -.1000643968E+05
L7 0.0000000000E+00  0.2571286158E+01  0.1143281758E+02  0.1185176595E+02
L8 0.2322845165E+01  0.4367350297E+02  0.2201670133E+01  0.0000000000E+00
L9 0.0000000000E+00  0.0000000000E+00  0.0000000000E+00  0.9975446656E+00  0.0000000000E+00
L0     6000  0.1200000000E+02  -.6972985629E+04  0.1594289481E+04
L1 0.2948484698E+03  0.2948484698E+03  -.8567275110E+10  0.1000000000E+01
L2 0.1000000000E+01  0.3287049634E+02  0.3287049634E+02  0.3287049634E+02
L3 0.2733992780E+05  0.6878019828E+02  -.1002566061E+03  0.2364232494E+00
L4 -.1041332820E+02  0.2755242928E+03  0.2510914271E+03  0.2674504196E+03
L5 0.7940661395E+03  0.2619905672E+03  0.2708186950E+03  0.2674038991E+03
L6 0.8002131614E+03  -.8567275110E+04  0.1250997032E+04  -.9893808886E+04
L7 0.0000000000E+00  0.3430842866E+01  0.1082773087E+02  0.9585245934E+01
L8 0.3518713510E+01  0.4098093960E+02  0.7193271303E+01  0.0000000000E+00
L9 0.0000000000E+00  0.0000000000E+00  0.0000000000E+00  0.9913952843E+00  0.0000000000E+00
L0     7000  0.1400000000E+02  -.7001450052E+04  0.1643150989E+04
L1 0.3038849345E+03  0.3038849345E+03  -.8644601041E+10  0.1000000000E+01
L2 0.1000000000E+01  0.3285229215E+02  0.3285229215E+02  0.3285229215E+02
L3 0.2729446307E+05  -.3577664930E+03  0.1304610083E+03  0.2774621384E+03
L4 0.1671888456E+02  0.2762786243E+03  0.2902316540E+03  0.2938845521E+03
L5 0.8603948304E+03  0.3465584700E+03  0.2646038222E+03  0.2393797378E+03
L6 0.8505420299E+03  -.8644601041E+04  0.1266783033E+04  -.9990264475E+04
L7 0.0000000000E+00  0.2781177325E+01  0.8700111038E+01  0.1081744643E+02
L8 0.4324672684E+01  0.4695889918E+02  0.5298093774E+01  0.0000000000E+00
L9 0.0000000000E+00  0.0000000000E+00  0.0000000000E+00  0.9930466638E+00  0.0000000000E+00
L0     8000  0.1600000000E+02  -.6937219375E+04  0.1630855286E+04
L1 0.3016109629E+03  0.3016109629E+03  -.8568074661E+10  0.1000000000E+01
L2 0.1000000000E+01  0.3283138161E+02  0.3283138161E+02  0.3283138161E+02
L3 0.2724182319E+05  0.3467043241E+03  0.7228161420E+03  -.3352578290E+03
L4 0.2447542124E+03  0.2572799238E+03  0.2691349851E+03  0.2663371241E+03
L5 0.7927520330E+03  0.1893044868E+03  0.1274184281E+03  0.3320683419E+03
L6 0.6487912568E+03  -.8568074661E+04  0.1268515290E+04  -.9912839346E+04
L7 0.0000000000E+00  0.5108366778E+01  0.8468720266E+01  0.1000708754E+02
L8 0.2581359835E+01  0.4490197973E+02  0.5181881057E+01  0.0000000000E+00
L9 0.0000000000E+00  0.0000000000E+00  0.0000000000E+00  0.9949655462E+00  0.0000000000E+00
L0     9000  0.1800000000E+02  -.7036409543E+04  0.1636643968E+04
L1 0.3026815238E+03  0.3026815238E+03  -.8673053511E+10  0.1000000000E+01
L2 0.1000000000E+01  0.3285536407E+02  0.3285536407E+02  0.3285536407E+02
L3 0.2730254502E+05  -.4068654474E+03  0.1270022835E+03  -.1929560055E+03
L4 -.1576063898E+03  0.2941020436E+03  0.2519168833E+03  0.2549552965E+03
L5 0.8009742234E+03  0.3740505807E+03  0.2269610979E+03  0.2928709034E+03
L6 0.8938825820E+03  -.8673053511E+04  0.1263498920E+04  -.1001543979E+05
L7 0.0000000000E+00  0.4813565714E+01  0.8711113777E+01  0.1155228987E+02
L8 0.2603731997E+01  0.4692853010E+02  0.4278124811E+01  0.0000000000E+00
L9 0.0000000000E+00  0.0000000000E+00  0.0000000000E+00  0.9927527077E+00  0.0000000000E+00
L0    10000  0.2000000000E+02  -.7082629386E+04  0.1545140566E+04
L1 0.2857588518E+03  0.2857588518E+03  -.8627769952E+10  0.1000000000E+01
L2 0.1000000000E+01  0.3290167228E+02  0.3290167228E+02  0.3290167228E+02
L3 0.2741804009E+05  -.3813447458E+03  0.8782281702E+02  -.4073794228E+02
L4 -.1114199570E+03  0.2540270902E+03  0.2596101294E+03  0.2481184479E+03
L5 0.7617556675E+03  0.3292778266E+03  0.2422800581E+03  0.2561572636E+03
L6 0.8277151483E+03  -.8627769952E+04  0.1276002791E+04  -.9974611239E+04
L7 0.0000000000E+00  0.4012863865E+01  0.7588376284E+01  0.9279342855E+01
L8 0.3110223720E+01  0.4439753629E+02  0.2450152363E+01  0.0000000000E+00
L9 0.0000000000E+00  0.0000000000E+00  0.0000000000E+00  0.9885708607E+00  0.0000000000E+00
