L0  Nsteps           time(ps)         Etot             EKinetic        
L1  Temp             T_solute         T_solv           Pres_scal_solu  
L2  Pres_scal_solv   BoxX             BoxY             BoxZ            
L3  volume           pres_X           pres_Y           pres_Z          
L4  Pressure         EKCoM_x          EKCoM_y          EKCoM_z         
L5  EKComTot         VIRIAL_x         VIRIAL_y         VIRIAL_z        
L6  VIRIAL_tot       E_pot            E_vdw            E_el            
L7  E_hbon           E_bon            E_angle          E_dih           
L8  E_14vdw          E_14el           E_const          E_pol           
L9  AV_permMoment    AV_indMoment     AV_totMoment     Density          dV/dlambda      
L0     1000  0.2000000000E+01  -.7316980327E+04  0.1612525361E+04
L1 0.2838263013E+03  0.2838263013E+03  -.8929505688E+10  0.1000000000E+01
L2 0.1000000000E+01  0.3447974676E+02  0.3447974676E+02  0.3447974676E+02
L3 0.3155703007E+05  -.1404880865E+03  -.8867562138E+03  -.9665725255E+03
L4 -.6646056086E+03  0.2650950273E+03  0.2754268597E+03  0.2661849272E+03
L5 0.8067068141E+03  0.2970024849E+03  0.4768256900E+03  0.4857115266E+03
L6 0.1259539702E+04  -.8929505688E+04  0.1362700705E+04  -.1036585929E+05
L7 0.0000000000E+00  0.2541391918E+01  0.7787912359E+01  0.1112623445E+02
L8 0.2765187320E+01  0.4587628477E+02  0.3555884344E+01  0.0000000000E+00
L9 0.0000000000E+00  0.0000000000E+00  0.0000000000E+00  0.9025198810E+00  0.0000000000E+00
L0     2000  0.4000000000E+01  -.7330828480E+04  0.1672083152E+04
L1 0.2943092791E+03  0.2943092791E+03  -.9002911632E+10  0.1000000000E+01
L2 0.1000000000E+01  0.3386210552E+02  0.3386210552E+02  0.3386210552E+02
L3 0.2989094032E+05  -.3063924114E+03  -.4329727359E+03  -.7728128376E+03
L4 -.5040593283E+03  0.2660210821E+03  0.2781689044E+03  0.2886610693E+03
L5 0.8328510557E+03  0.3319345500E+03  0.3713132954E+03  0.4549144500E+03
L6 0.1158162295E+04  -.9002911632E+04  0.1318863145E+04  -.1039343770E+05
L7 0.0000000000E+00  0.2495161933E+01  0.1228129455E+02  0.1196319030E+02
L8 0.2251202422E+01  0.4191014808E+02  0.7619284874E+00  0.0000000000E+00
L9 0.0000000000E+00  0.0000000000E+00  0.0000000000E+00  0.9528253950E+00  0.0000000000E+00
L0     3000  0.6000000000E+01  -.7313948578E+04  0.1723309241E+04
L1 0.3033257644E+03  0.3033257644E+03  -.9037257819E+10  0.1000000000E+01
L2 0.1000000000E+01  0.3357557057E+02  0.3357557057E+02  0.3357557057E+02
L3 0.2913746287E+05  -.1856348748E+03  -.2053396845E+03  0.1312454499E+03
L4 -.8657636979E+02  0.2758417332E+03  0.2783406573E+03  0.2735975684E+03
L5 0.8277799589E+03  0.3147702523E+03  0.3214013690E+03  0.2460747713E+03
L6 0.8822463926E+03  -.9037257819E+04  0.1350139009E+04  -.1046071933E+05
L7 0.0000000000E+00  0.1402935652E+01  0.8227464083E+01  0.9877594235E+01
L8 0.3529780688E+01  0.4684484013E+02  0.3439888116E+01  0.0000000000E+00
L9 0.0000000000E+00  0.0000000000E+00  0.0000000000E+00  0.9774648929E+00  0.0000000000E+00
L0     4000  0.8000000000E+01  -.7411381952E+04  0.1714703442E+04
L1 0.3018110273E+03  0.3018110273E+03  -.9126085395E+10  0.1000000000E+01
L2 0.1000000000E+01  0.3339250992E+02  0.3339250992E+02  0.3339250992E+02
L3 0.2866265486E+05  0.4494529378E+03  0.3138550781E+03  -.7010484178E+02
L4 0.2310677247E+03  0.2849303765E+03  0.3005322584E+03  0.2825000343E+03
L5 0.8679626692E+03  0.1922138362E+03  0.2357878668E+03  0.2969617895E+03
L6 0.7249634926E+03  -.9126085395E+04  0.1381906905E+04  -.1058349086E+05
L7 0.0000000000E+00  0.2050314022E+01  0.1093775557E+02  0.1473317745E+02
L8 0.2359786258E+01  0.4322072632E+02  0.2196799631E+01  0.0000000000E+00
L9 0.0000000000E+00  0.0000000000E+00  0.0000000000E+00  0.9936569786E+00  0.0000000000E+00
L0     5000  0.1000000000E+02  -.7389424851E+04  0.1696056080E+04
L1 0.2985288390E+03  0.2985288390E+03  -.9085480931E+10  0.1000000000E+01
L2 0.1000000000E+01  0.3347052006E+02  0.3347052006E+02  0.3347052006E+02
L3 0.2886418323E+05  0.3539878658E+03  0.5274441956E+03  -.3948861853E+03
L4 0.1621819587E+03  0.2819397842E+03  0.2842848529E+03  0.3006274177E+03
L5 0.8668520549E+03  0.2084030688E+03  0.1747146742E+03  0.3826602664E+03
L6 0.7657780094E+03  -.9085480931E+04  0.1366142206E+04  -.1053207092E+05
L7 0.0000000000E+00  0.2436281821E+01  0.1031499029E+02  0.1296994772E+02
L8 0.4814601311E+01  0.4701610773E+02  0.2895852034E+01  0.0000000000E+00
L9 0.0000000000E+00  0.0000000000E+00  0.0000000000E+00  0.9867193123E+00  0.0000000000E+00
L0     6000  0.1200000000E+02  -.7299284850E+04  0.1698781135E+04
L1 0.2990084856E+03  0.2990084856E+03  -.8998065985E+10  0.1000000000E+01
L2 0.1000000000E+01  0.3346509506E+02  0.3346509506E+02  0.3346509506E+02
L3 0.2884980986E+05  0.2941367595E+03  0.5466467010E+03  0.4266935167E+02
L4 0.2944842707E+03  0.2809947012E+03  0.2899938051E+03  0.2917417285E+03
L5 0.8627302348E+03  0.2199217596E+03  0.1764910858E+03  0.2828820986E+03
L6 0.6792949439E+03  -.8998065985E+04  0.1342719503E+04  -.1041742843E+05
L7 0.0000000000E+00  0.1314276887E+01  0.1096703264E+02  0.1104043438E+02
L8 0.3533562835E+01  0.4469395757E+02  0.5093673737E+01  0.0000000000E+00
L9 0.0000000000E+00  0.0000000000E+00  0.0000000000E+00  0.9872109093E+00  0.0000000000E+00
L0     7000  0.1400000000E+02  -.7454376242E+04  0.1644547348E+04
L1 0.2894626046E+03  0.2894626046E+03  -.9098923590E+10  0.1000000000E+01
L2 0.1000000000E+01  0.3342468379E+02  0.3342468379E+02  0.3342468379E+02
L3 0.2874623508E+05  0.1615103633E+03  -.2378926283E+02  -.2055972656E+03
L4 -.2262538835E+02  0.2661380168E+03  0.2787979057E+03  0.2846064439E+03
L5 0.8295423665E+03  0.2327232875E+03  0.2837196443E+03  0.3271422715E+03
L6 0.8435852033E+03  -.9098923590E+04  0.1344920133E+04  -.1052024073E+05
L7 0.0000000000E+00  0.5974003727E+01  0.1000770394E+02  0.1117417278E+02
L8 0.2807643876E+01  0.4444398197E+02  0.1989498885E+01  0.0000000000E+00
L9 0.0000000000E+00  0.0000000000E+00  0.0000000000E+00  0.9907679020E+00  0.0000000000E+00
L0     8000  0.1600000000E+02  -.7429309254E+04  0.1743252384E+04
L1 0.3068360276E+03  0.3068360276E+03  -.9172561637E+10  0.1000000000E+01
L2 0.1000000000E+01  0.3342965551E+02  0.3342965551E+02  0.3342965551E+02
L3 0.2875940150E+05  0.2971666617E+03  -.7082032189E+03  -.5098187429E+02
L4 -.1540061438E+03  0.2779801616E+03  0.2918362062E+03  0.2918533627E+03
L5 0.8616697305E+03  0.2164714671E+03  0.4384228226E+03  0.3024057865E+03
L6 0.9573000762E+03  -.9172561637E+04  0.1364754877E+04  -.1061330572E+05
L7 0.0000000000E+00  0.3721747345E+01  0.1101142071E+02  0.1104397274E+02
L8 0.2887245863E+01  0.4500405924E+02  0.2320758974E+01  0.0000000000E+00
L9 0.0000000000E+00  0.0000000000E+00  0.0000000000E+00  0.9903143158E+00  0.0000000000E+00
L0     9000  0.1800000000E+02  -.7406661097E+04  0.1694984113E+04
L1 0.2983401583E+03  0.2983401583E+03  -.9101645210E+10  0.1000000000E+01
L2 0.1000000000E+01  0.3344814745E+02  0.3344814745E+02  0.3344814745E+02
L3 0.2880678211E+05  -.1575059951E+03  0.2703923730E+03  -.1412453577E+03
L4 -.9452993260E+01  0.2916284657E+03  0.2640648138E+03  0.2716099900E+03
L5 0.8273032695E+03  0.3242833701E+03  0.2080057598E+03  0.3008936604E+03
L6 0.8331827903E+03  -.9101645210E+04  0.1365315442E+04  -.1054706010E+05
L7 0.0000000000E+00  0.2058947967E+01  0.1071495395E+02  0.1172628579E+02
L8 0.3834752461E+01  0.4696560192E+02  0.4798902287E+01  0.0000000000E+00
L9 0.0000000000E+00  0.0000000000E+00  0.0000000000E+00  0.9886854740E+00  0.0000000000E+00
L0    10000  0.2000000000E+02  -.7472794527E+04  0.1653371942E+04
L1 0.2910158526E+03  0.2910158526E+03  -.9126166468E+10  0.1000000000E+01
L2 0.1000000000E+01  0.3345513564E+02  0.3345513564E+02  0.3345513564E+02
L3 0.2882508776E+05  -.6947645502E+03  0.1521198027E+03  0.2267713471E+03
L4 -.1052911335E+03  0.2872938805E+03  0.2629148879E+03  0.2697585515E+03
L5 0.8199673199E+03  0.4314273594E+03  0.2313566335E+03  0.2227133430E+03
L6 0.8854973359E+03  -.9126166468E+04  0.1369297127E+04  -.1056546785E+05
L7 0.0000000000E+00  0.2030781348E+01  0.7944348431E+01  0.1080427232E+02
L8 0.2616088415E+01  0.4359326787E+02  0.3015497159E+01  0.0000000000E+00
L9 0.0000000000E+00  0.0000000000E+00  0.0000000000E+00  0.9880575995E+00  0.0000000000E+00
