L0  Nsteps           time(ps)         Etot             EKinetic        
L1  Temp             T_solute         T_solv           Pres_scal_solu  
L2  Pres_scal_solv   BoxX             BoxY             BoxZ            
L3  volume           pres_X           pres_Y           pres_Z          
L4  Pressure         EKCoM_x          EKCoM_y          EKCoM_z         
L5  EKComTot         VIRIAL_x         VIRIAL_y         VIRIAL_z        
L6  VIRIAL_tot       E_pot            E_vdw            E_el            
L7  E_hbon           E_bon            E_angle          E_dih           
L8  E_14vdw          E_14el           E_const          E_pol           
L9  AV_permMoment    AV_indMoment     AV_totMoment     Density          dV/dlambda      
L0     1000  0.2000000000E+01  -.7237331181E+04  0.1702854198E+04
L1 0.2997253998E+03  0.2997253998E+03  -.8940185379E+10  0.1000000000E+01
L2 0.1000000000E+01  0.3450374225E+02  0.3450374225E+02  0.3450374225E+02
L3 0.3162273248E+05  -.5011983862E+03  -.4000045360E+03  -.8502584154E+03
L4 -.5838204459E+03  0.2868414093E+03  0.2901958793E+03  0.2764857823E+03
L5 0.8535230709E+03  0.4009098850E+03  0.3812334982E+03  0.4699973419E+03
L6 0.1252140725E+04  -.8940185379E+04  0.1336053686E+04  -.1034630652E+05
L7 0.0000000000E+00  0.4185895661E+01  0.6806207657E+01  0.1308414195E+02
L8 0.2848119815E+01  0.4018549105E+02  0.2957596298E+01  0.0000000000E+00
L9 0.0000000000E+00  0.0000000000E+00  0.0000000000E+00  0.9006447194E+00  0.0000000000E+00
L0     2000  0.4000000000E+01  -.7355345938E+04  0.1707447266E+04
L1 0.3005338421E+03  0.3005338421E+03  -.9062793204E+10  0.1000000000E+01
L2 0.1000000000E+01  0.3392293596E+02  0.3392293596E+02  0.3392293596E+02
L3 0.3005239579E+05  -.1251649328E+03  -.1213444332E+04  -.2588227907E+03
L4 -.5324773519E+03  0.2744254565E+03  0.2728158130E+03  0.2682500842E+03
L5 0.8154913537E+03  0.3014973324E+03  0.5352712279E+03  0.3242307675E+03
L6 0.1160999328E+04  -.9062793204E+04  0.1359257392E+04  -.1049585946E+05
L7 0.0000000000E+00  0.3904021585E+01  0.9362318275E+01  0.1093618959E+02
L8 0.3413293459E+01  0.4413427633E+02  0.2058760603E+01  0.0000000000E+00
L9 0.0000000000E+00  0.0000000000E+00  0.0000000000E+00  0.9477063731E+00  0.0000000000E+00
L0     3000  0.6000000000E+01  -.7338730193E+04  0.1695630535E+04
L1 0.2984539374E+03  0.2984539374E+03  -.9034360728E+10  0.1000000000E+01
L2 0.1000000000E+01  0.3359741085E+02  0.3359741085E+02  0.3359741085E+02
L3 0.2919488825E+05  0.2581460787E+03  -.9665365148E+03  -.1598962304E+03
L4 -.2894288888E+03  0.2802575903E+03  0.2781703186E+03  0.2745347046E+03
L5 0.8329626134E+03  0.2260164352E+03  0.4812571029E+03  0.3081317915E+03
L6 0.1015405330E+04  -.9034360728E+04  0.1323920758E+04  -.1042783416E+05
L7 0.0000000000E+00  0.1535306354E+01  0.9807616591E+01  0.1177349989E+02
L8 0.2820630206E+01  0.4017765137E+02  0.3437972345E+01  0.0000000000E+00
L9 0.0000000000E+00  0.0000000000E+00  0.0000000000E+00  0.9755422516E+00  0.0000000000E+00
L0     4000  0.8000000000E+01  -.7423707759E+04  0.1650398826E+04
L1 0.2904925439E+03  0.2904925439E+03  -.9074106584E+10  0.1000000000E+01
L2 0.1000000000E+01  0.3355648696E+02  0.3355648696E+02  0.3355648696E+02
L3 0.2908774115E+05  0.8974702463E+03  -.3580799482E+03  -.7220021123E+03
L4 -.6087060476E+02  0.2751084895E+03  0.2764416267E+03  0.2698186873E+03
L5 0.8213688036E+03  0.8722585725E+02  0.3514045611E+03  0.4209676061E+03
L6 0.8595980245E+03  -.9074106584E+04  0.1357603330E+04  -.1050170761E+05
L7 0.0000000000E+00  0.1205704552E+01  0.1183361118E+02  0.9561176871E+01
L8 0.3635342211E+01  0.4270193607E+02  0.1059920555E+01  0.0000000000E+00
L9 0.0000000000E+00  0.0000000000E+00  0.0000000000E+00  0.9791357424E+00  0.0000000000E+00
L0     5000  0.1000000000E+02  -.7355598379E+04  0.1708694935E+04
L1 0.3007534486E+03  0.3007534486E+03  -.9064293314E+10  0.1000000000E+01
L2 0.1000000000E+01  0.3347425776E+02  0.3347425776E+02  0.3347425776E+02
L3 0.2887324191E+05  0.1041624930E+03  0.8405756874E+03  0.2550574117E+03
L4 0.3999318640E+03  0.2899052948E+03  0.2741884137E+03  0.2795183871E+03
L5 0.8436120956E+03  0.2682600004E+03  0.9951413683E+02  0.2265166532E+03
L6 0.5942907904E+03  -.9064293314E+04  0.1388806999E+04  -.1052074431E+05
L7 0.0000000000E+00  0.2657826487E+01  0.4949628516E+01  0.1008236276E+02
L8 0.2849778950E+01  0.4313112598E+02  0.3973274668E+01  0.0000000000E+00
L9 0.0000000000E+00  0.0000000000E+00  0.0000000000E+00  0.9864097391E+00  0.0000000000E+00
L0     6000  0.1200000000E+02  -.7325771935E+04  0.1769938665E+04
L1 0.3115331745E+03  0.3115331745E+03  -.9095710600E+10  0.1000000000E+01
L2 0.1000000000E+01  0.3344688115E+02  0.3344688115E+02  0.3344688115E+02
L3 0.2880450303E+05  -.6215388652E+03  0.2614365533E+02  -.5918711444E+03
L4 -.3957554514E+03  0.2821926284E+03  0.2828217182E+03  0.2939977960E+03
L5 0.8590121427E+03  0.4110428759E+03  0.2774019180E+03  0.4166976749E+03
L6 0.1105142469E+04  -.9095710600E+04  0.1289789414E+04  -.1046004329E+05
L7 0.0000000000E+00  0.1883227806E+01  0.6697922229E+01  0.1261600289E+02
L8 0.4512110444E+01  0.4632063911E+02  0.2513377759E+01  0.0000000000E+00
L9 0.0000000000E+00  0.0000000000E+00  0.0000000000E+00  0.9887637011E+00  0.0000000000E+00
L0     7000  0.1400000000E+02  -.7380189210E+04  0.1702689535E+04
L1 0.2996964169E+03  0.2996964169E+03  -.9082878745E+10  0.1000000000E+01
L2 0.1000000000E+01  0.3350227638E+02  0.3350227638E+02  0.3350227638E+02
L3 0.2894620629E+05  0.1835008769E+03  -.2769128559E+03  0.8269896390E+03
L4 0.2445258867E+03  0.2631624925E+03  0.3077331397E+03  0.2942825214E+03
L5 0.8651781536E+03  0.2249340700E+03  0.3654219193E+03  0.1219971905E+03
L6 0.7123531798E+03  -.9082878745E+04  0.1383370993E+04  -.1053058239E+05
L7 0.0000000000E+00  0.2546635424E+01  0.5239901187E+01  0.1109425017E+02
L8 0.2954841243E+01  0.4085816282E+02  0.1638862354E+01  0.0000000000E+00
L9 0.0000000000E+00  0.0000000000E+00  0.0000000000E+00  0.9839233070E+00  0.0000000000E+00
L0     8000  0.1600000000E+02  -.7258020355E+04  0.1793292614E+04
L1 0.3156437857E+03  0.3156437857E+03  -.9051312969E+10  0.1000000000E+01
L2 0.1000000000E+01  0.3346590717E+02  0.3346590717E+02  0.3346590717E+02
L3 0.2885112463E+05  0.2305542615E+03  0.1155494604E+04  0.4132390897E+03
L4 0.5997626518E+03  0.2883439945E+03  0.2973192207E+03  0.3048152223E+03
L5 0.8904784374E+03  0.2404707920E+03  0.5738773202E+02  0.2190086165E+03
L6 0.5168671405E+03  -.9051312969E+04  0.1407586629E+04  -.1053035064E+05
L7 0.0000000000E+00  0.2936897844E+01  0.9806961261E+01  0.9693287890E+01
L8 0.2774283253E+01  0.4489263698E+02  0.1346974005E+01  0.0000000000E+00
L9 0.0000000000E+00  0.0000000000E+00  0.0000000000E+00  0.9871659212E+00  0.0000000000E+00
L0     9000  0.1800000000E+02  -.7397439219E+04  0.1738913464E+04
L1 0.3060723190E+03  0.3060723190E+03  -.9136352683E+10  0.1000000000E+01
L2 0.1000000000E+01  0.3343823196E+02  0.3343823196E+02  0.3343823196E+02
L3 0.2878069973E+05  0.5655689089E+03  -.2137485064E+03  0.1704759194E+03
L4 0.1740987740E+03  0.2914251091E+03  0.2802795275E+03  0.3015282262E+03
L5 0.8732328628E+03  0.1742747955E+03  0.3245547770E+03  0.2662163357E+03
L6 0.7650459082E+03  -.9136352683E+04  0.1360824410E+04  -.1057331986E+05
L7 0.0000000000E+00  0.2795152626E+01  0.7269618586E+01  0.1143109118E+02
L8 0.3514180733E+01  0.4904317418E+02  0.2089545207E+01  0.0000000000E+00
L9 0.0000000000E+00  0.0000000000E+00  0.0000000000E+00  0.9895814658E+00  0.0000000000E+00
L0    10000  0.2000000000E+02  -.7453707882E+04  0.1634512376E+04
L1 0.2876963136E+03  0.2876963136E+03  -.9088220258E+10  0.1000000000E+01
L2 0.1000000000E+01  0.3337352808E+02  0.3337352808E+02  0.3337352808E+02
L3 0.2861596717E+05  -.7418192959E+03  -.6806212808E+03  -.4278247210E+03
L4 -.6167550992E+03  0.2634051545E+03  0.2666578634E+03  0.2803510068E+03
L5 0.8104140246E+03  0.4161839686E+03  0.4068328530E+03  0.3684621599E+03
L6 0.1191478981E+04  -.9088220258E+04  0.1268101324E+04  -.1043160181E+05
L7 0.0000000000E+00  0.5405218572E+01  0.4875850061E+01  0.1080123201E+02
L8 0.4266851024E+01  0.4770045193E+02  0.2230626807E+01  0.0000000000E+00
L9 0.0000000000E+00  0.0000000000E+00  0.0000000000E+00  0.9952781556E+00  0.0000000000E+00
