L0  Nsteps           time(ps)         Etot             EKinetic        
L1  Temp             T_solute         T_solv           Pres_scal_solu  
L2  Pres_scal_solv   BoxX             BoxY             BoxZ            
L3  volume           pres_X           pres_Y           pres_Z          
L4  Pressure         EKCoM_x          EKCoM_y          EKCoM_z         
L5  EKComTot         VIRIAL_x         VIRIAL_y         VIRIAL_z        
L6  VIRIAL_tot       E_pot            E_vdw            E_el            
L7  E_hbon           E_bon            E_angle          E_dih           
L8  E_14vdw          E_14el           E_const          E_pol           
L9  AV_permMoment    AV_indMoment     AV_totMoment     Density          dV/dlambda      
L0     1000  0.2000000000E+01  -.6857190556E+04  0.1598692888E+04
L1 0.2976317354E+03  0.2976317354E+03  -.8455883444E+10  0.1000000000E+01
L2 0.1000000000E+01  0.3375477528E+02  0.3375477528E+02  0.3375477528E+02
L3 0.2960810798E+05  -.6705769771E+03  -.5893217735E+03  -.8169097465E+03
L4 -.6922694990E+03  0.2621504414E+03  0.3014663757E+03  0.2551958827E+03
L5 0.8188126998E+03  0.4050450604E+03  0.4270461573E+03  0.4292728506E+03
L6 0.1261364068E+04  -.8455883444E+04  0.1261495258E+04  -.9791998296E+04
L7 0.0000000000E+00  0.4793381401E+01  0.7284068951E+01  0.1409697465E+02
L8 0.2911381601E+01  0.4303811250E+02  0.2495674689E+01  0.0000000000E+00
L9 0.0000000000E+00  0.0000000000E+00  0.0000000000E+00  0.9093851886E+00  0.0000000000E+00
L0     2000  0.4000000000E+01  -.6850519652E+04  0.1610226132E+04
L1 0.2997789016E+03  0.2997789016E+03  -.8460745784E+10  0.1000000000E+01
L2 0.1000000000E+01  0.3328283637E+02  0.3328283637E+02  0.3328283637E+02
L3 0.2838395914E+05  -.1137825813E+04  -.2429498371E+03  -.1237321252E+04
L4 -.8726989675E+03  0.2593950813E+03  0.2873197738E+03  0.2646380674E+03
L5 0.8113529224E+03  0.4918321206E+03  0.3369499898E+03  0.5174002084E+03
L6 0.1346182319E+04  -.8460745784E+04  0.1183364767E+04  -.9722003822E+04
L7 0.0000000000E+00  0.5570320166E+01  0.8377644143E+01  0.1371799617E+02
L8 0.3542687906E+01  0.4219865279E+02  0.4485969820E+01  0.0000000000E+00
L9 0.0000000000E+00  0.0000000000E+00  0.0000000000E+00  0.9486053277E+00  0.0000000000E+00
L0     3000  0.6000000000E+01  -.6865359189E+04  0.1589710901E+04
L1 0.2959595415E+03  0.2959595415E+03  -.8455070090E+10  0.1000000000E+01
L2 0.1000000000E+01  0.3302520075E+02  0.3302520075E+02  0.3302520075E+02
L3 0.2772761166E+05  0.6324837848E+03  -.3352766422E+03  -.1337793875E+03
L4 0.5447591836E+02  0.2770863174E+03  0.2588960609E+03  0.2758029160E+03
L5 0.8117852942E+03  0.1508691473E+03  0.3258031816E+03  0.3024996569E+03
L6 0.7791719858E+03  -.8455070090E+04  0.1262119659E+04  -.9790556510E+04
L7 0.0000000000E+00  0.5423762643E+01  0.5088983411E+01  0.1131925648E+02
L8 0.3229930654E+01  0.4656857185E+02  0.1736255521E+01  0.0000000000E+00
L9 0.0000000000E+00  0.0000000000E+00  0.0000000000E+00  0.9710600102E+00  0.0000000000E+00
L0     4000  0.8000000000E+01  -.6982793882E+04  0.1561072856E+04
L1 0.2906279415E+03  0.2906279415E+03  -.8543866738E+10  0.1000000000E+01
L2 0.1000000000E+01  0.3284846704E+02  0.3284846704E+02  0.3284846704E+02
L3 0.2728517509E+05  -.7048368051E+03  0.1291693731E+03  0.3239656894E+03
L4 -.8390058086E+02  0.2694159192E+03  0.2697461995E+03  0.2577933545E+03
L5 0.7969554733E+03  0.4078273312E+03  0.2443807317E+03  0.1941750131E+03
L6 0.8463830760E+03  -.8543866738E+04  0.1254851782E+04  -.9874672459E+04
L7 0.0000000000E+00  0.4318850896E+01  0.1032370404E+02  0.9604923545E+01
L8 0.2676942880E+01  0.4689784037E+02  0.2131676810E+01  0.0000000000E+00
L9 0.0000000000E+00  0.0000000000E+00  0.0000000000E+00  0.9868060135E+00  0.0000000000E+00
L0     5000  0.1000000000E+02  -.6919393818E+04  0.1621619818E+04
L1 0.3019000861E+03  0.3019000861E+03  -.8541013636E+10  0.1000000000E+01
L2 0.1000000000E+01  0.3283726486E+02  0.3283726486E+02  0.3283726486E+02
L3 0.2725680104E+05  0.7341772491E+02  0.1483271445E+03  0.1049151424E+03
L4 0.1088866706E+03  0.2614190619E+03  0.2709318105E+03  0.2637792628E+03
L5 0.7961301353E+03  0.2470167443E+03  0.2418345502E+03  0.2431981128E+03
L6 0.7320494072E+03  -.8541013636E+04  0.1268683649E+04  -.9883920862E+04
L7 0.0000000000E+00  0.4077597323E+01  0.6941511250E+01  0.1149207156E+02
L8 0.2957054360E+01  0.4451125103E+02  0.4244090894E+01  0.0000000000E+00
L9 0.0000000000E+00  0.0000000000E+00  0.0000000000E+00  0.9878332686E+00  0.0000000000E+00
L0     6000  0.1200000000E+02  -.6900771146E+04  0.1604469571E+04
L1 0.2987071915E+03  0.2987071915E+03  -.8505240717E+10  0.1000000000E+01
L2 0.1000000000E+01  0.3282030020E+02  0.3282030020E+02  0.3282030020E+02
L3 0.2721425455E+05  0.6882797712E+03  0.1328035575E+03  -.9475389591E+02
L4 0.2421098109E+03  0.2469359036E+03  0.2645299187E+03  0.2887632890E+03
L5 0.8002291113E+03  0.1121271702E+03  0.2385185783E+03  0.3073220978E+03
L6 0.6579678463E+03  -.8505240717E+04  0.1258277438E+04  -.9843104634E+04
L7 0.0000000000E+00  0.1143995656E+01  0.1132738844E+02  0.1312641750E+02
L8 0.4472520540E+01  0.4711840548E+02  0.2397751633E+01  0.0000000000E+00
L9 0.0000000000E+00  0.0000000000E+00  0.0000000000E+00  0.9893776369E+00  0.0000000000E+00
L0     7000  0.1400000000E+02  -.6924479538E+04  0.1639850553E+04
L1 0.3052941372E+03  0.3052941372E+03  -.8564330091E+10  0.1000000000E+01
L2 0.1000000000E+01  0.3290339271E+02  0.3290339271E+02  0.3290339271E+02
L3 0.2742159176E+05  0.4592903579E+03  0.8803238696E+03  -.7544645817E+03
L4 0.1950498820E+03  0.2712655397E+03  0.2876951867E+03  0.2903600540E+03
L5 0.8493207804E+03  0.1806220600E+03  0.1139584265E+03  0.4392577912E+03
L6 0.7338382776E+03  -.8564330091E+04  0.1306358856E+04  -.9941771679E+04
L7 0.0000000000E+00  0.2679934813E+01  0.1040132563E+02  0.9156516534E+01
L8 0.3364269621E+01  0.4319851069E+02  0.2282174634E+01  0.0000000000E+00
L9 0.0000000000E+00  0.0000000000E+00  0.0000000000E+00  0.9818968604E+00  0.0000000000E+00
L0     8000  0.1600000000E+02  -.6970732223E+04  0.1610605521E+04
L1 0.2998495332E+03  0.2998495332E+03  -.8581337744E+10  0.1000000000E+01
L2 0.1000000000E+01  0.3281278580E+02  0.3281278580E+02  0.3281278580E+02
L3 0.2719670551E+05  -.5201293556E+03  -.2402534372E+03  0.7783418368E+02
L4 -.2275162031E+03  0.2798787728E+03  0.2667404083E+03  0.2919505043E+03
L5 0.8385696854E+03  0.3816873209E+03  0.3137668900E+03  0.2767154764E+03
L6 0.9721696874E+03  -.8581337744E+04  0.1228208178E+04  -.9882591903E+04
L7 0.0000000000E+00  0.4181444115E+01  0.4350704848E+01  0.1314799235E+02
L8 0.2475466346E+01  0.4531609045E+02  0.3574283032E+01  0.0000000000E+00
L9 0.0000000000E+00  0.0000000000E+00  0.0000000000E+00  0.9900160462E+00  0.0000000000E+00
L0     9000  0.1800000000E+02  -.6898056829E+04  0.1603803776E+04
L1 0.2985832391E+03  0.2985832391E+03  -.8501860604E+10  0.1000000000E+01
L2 0.1000000000E+01  0.3287721301E+02  0.3287721301E+02  0.3287721301E+02
L3 0.2735593335E+05  0.3580766821E+03  0.4960727632E+02  0.4924765579E+03
L4 0.3000535054E+03  0.2634839470E+03  0.2545345076E+03  0.2880298610E+03
L5 0.8060483156E+03  0.1929847520E+03  0.2447676805E+03  0.1910696215E+03
L6 0.6288220541E+03  -.8501860604E+04  0.1283264366E+04  -.9856223845E+04
L7 0.0000000000E+00  0.1867692921E+01  0.6496692686E+01  0.1186992001E+02
L8 0.3198867383E+01  0.4636503786E+02  0.1300664602E+01  0.0000000000E+00
L9 0.0000000000E+00  0.0000000000E+00  0.0000000000E+00  0.9842535628E+00  0.0000000000E+00
L0    10000  0.2000000000E+02  -.6900010598E+04  0.1614825759E+04
L1 0.3006352229E+03  0.3006352229E+03  -.8514836357E+10  0.1000000000E+01
L2 0.1000000000E+01  0.3284740911E+02  0.3284740911E+02  0.3284740911E+02
L3 0.2728199911E+05  0.1103511833E+03  0.3352294607E+03  -.3184220817E+02
L4 0.1379128120E+03  0.2782382320E+03  0.2813963423E+03  0.2663931068E+03
L5 0.8260276811E+03  0.2565706841E+03  0.2155737551E+03  0.2726453512E+03
L6 0.7447897904E+03  -.8514836357E+04  0.1254454541E+04  -.9848367484E+04
L7 0.0000000000E+00  0.2725143239E+01  0.6707342859E+01  0.1282360232E+02
L8 0.4336333097E+01  0.4755246744E+02  0.4931697231E+01  0.0000000000E+00
L9 0.0000000000E+00  0.0000000000E+00  0.0000000000E+00  0.9869208905E+00  0.0000000000E+00
