L0  Nsteps           time(ps)         Etot             EKinetic        
L1  Temp             T_solute         T_solv           Pres_scal_solu  
L2  Pres_scal_solv   BoxX             BoxY             BoxZ            
L3  volume           pres_X           pres_Y           pres_Z          
L4  Pressure         EKCoM_x          EKCoM_y          EKCoM_z         
L5  EKComTot         VIRIAL_x         VIRIAL_y         VIRIAL_z        
L6  VIRIAL_tot       E_pot            E_vdw            E_el            
L7  E_hbon           E_bon            E_angle          E_dih           
L8  E_14vdw          E_14el           E_const          E_pol           
L9  AV_permMoment    AV_indMoment     AV_totMoment     Density          dV/dlambda      
L0     1000  0.2000000000E+01  -.7462383090E+04  0.1702288738E+04
L1 0.2943746961E+03  0.2943746961E+03  -.9164671827E+10  0.1000000000E+01
L2 0.1000000000E+01  0.3467851987E+02  0.3467851987E+02  0.3467851987E+02
L3 0.3210548230E+05  -.4077092469E+03  -.9593516082E+03  -.1325985533E+03
L4 -.4998864695E+03  0.2476531405E+03  0.2923103170E+03  0.2845583422E+03
L5 0.8245217997E+03  0.3418608272E+03  0.5139837189E+03  0.3151973406E+03
L6 0.1171041887E+04  -.9164671827E+04  0.1414164806E+04  -.1065575621E+05
L7 0.0000000000E+00  0.1108525539E+01  0.9314856707E+01  0.1479421395E+02
L8 0.3443010656E+01  0.4300526166E+02  0.5253707414E+01  0.0000000000E+00
L9 0.0000000000E+00  0.0000000000E+00  0.0000000000E+00  0.9029433628E+00  0.0000000000E+00
L0     2000  0.4000000000E+01  -.7471459726E+04  0.1725654565E+04
L1 0.2984153198E+03  0.2984153198E+03  -.9197114290E+10  0.1000000000E+01
L2 0.1000000000E+01  0.3416400136E+02  0.3416400136E+02  0.3416400136E+02
L3 0.3069611677E+05  -.2459172965E+03  -.1010154438E+03  0.4187416399E+03
L4 0.2393629986E+02  0.2853065234E+03  0.2699940510E+03  0.2871706473E+03
L5 0.8424712216E+03  0.3396351960E+03  0.2923106389E+03  0.1946611826E+03
L6 0.8266070175E+03  -.9197114290E+04  0.1436416474E+04  -.1070689117E+05
L7 0.0000000000E+00  0.3632840186E+01  0.6090391875E+01  0.9609436392E+01
L8 0.2828730979E+01  0.4820059311E+02  0.2998412073E+01  0.0000000000E+00
L9 0.0000000000E+00  0.0000000000E+00  0.0000000000E+00  0.9444006344E+00  0.0000000000E+00
L0     3000  0.6000000000E+01  -.7504838116E+04  0.1722384189E+04
L1 0.2978497778E+03  0.2978497778E+03  -.9227222306E+10  0.1000000000E+01
L2 0.1000000000E+01  0.3381284474E+02  0.3381284474E+02  0.3381284474E+02
L3 0.2975943656E+05  0.1320405185E+03  0.3608436210E+03  -.6012267172E+03
L4 -.3611419253E+02  0.2879883602E+03  0.2805077821E+03  0.3011486754E+03
L5 0.8696448177E+03  0.2597077676E+03  0.2032218736E+03  0.4299201165E+03
L6 0.8928497576E+03  -.9227222306E+04  0.1392742840E+04  -.1069433971E+05
L7 0.0000000000E+00  0.3568315845E+01  0.5332044955E+01  0.9044057891E+01
L8 0.3930537310E+01  0.4991109083E+02  0.2588512921E+01  0.0000000000E+00
L9 0.0000000000E+00  0.0000000000E+00  0.0000000000E+00  0.9741257062E+00  0.0000000000E+00
L0     4000  0.8000000000E+01  -.7512602439E+04  0.1686778944E+04
L1 0.2916926066E+03  0.2916926066E+03  -.9199381383E+10  0.1000000000E+01
L2 0.1000000000E+01  0.3368565339E+02  0.3368565339E+02  0.3368565339E+02
L3 0.2942376946E+05  0.7601798691E+03  0.1069562006E+04  -.6841950242E+03
L4 0.3818489502E+03  0.2805601180E+03  0.2910274569E+03  0.2628033111E+03
L5 0.8343908860E+03  0.1195803661E+03  0.6453129023E+02  0.4076921062E+03
L6 0.5918037625E+03  -.9199381383E+04  0.1422487896E+04  -.1069737856E+05
L7 0.0000000000E+00  0.3014650831E+01  0.8061981519E+01  0.1189635962E+02
L8 0.2918154257E+01  0.4550135508E+02  0.4116777585E+01  0.0000000000E+00
L9 0.0000000000E+00  0.0000000000E+00  0.0000000000E+00  0.9852385566E+00  0.0000000000E+00
L0     5000  0.1000000000E+02  -.7388693062E+04  0.1749262749E+04
L1 0.3024978540E+03  0.3024978540E+03  -.9137955810E+10  0.1000000000E+01
L2 0.1000000000E+01  0.3367084573E+02  0.3367084573E+02  0.3367084573E+02
L3 0.2938430920E+05  0.6772528369E+03  0.7884467191E+03  0.4520999145E+03
L4 0.6392664902E+03  0.3145862919E+03  0.2938286472E+03  0.2862220254E+03
L5 0.8946369645E+03  0.1713599506E+03  0.1270868740E+03  0.1906113270E+03
L6 0.4890581516E+03  -.9137955810E+04  0.1401065490E+04  -.1061291895E+05
L7 0.0000000000E+00  0.3964705790E+01  0.6367003971E+01  0.9971422448E+01
L8 0.3691014562E+01  0.4671241987E+02  0.3191085218E+01  0.0000000000E+00
L9 0.0000000000E+00  0.0000000000E+00  0.0000000000E+00  0.9865616359E+00  0.0000000000E+00
L0     6000  0.1200000000E+02  -.7423885651E+04  0.1786635494E+04
L1 0.3089606768E+03  0.3089606768E+03  -.9210521145E+10  0.1000000000E+01
L2 0.1000000000E+01  0.3373353413E+02  0.3373353413E+02  0.3373353413E+02
L3 0.2955185148E+05  -.6416369399E+03  -.4117233285E+03  -.5722943668E+03
L4 -.5418848784E+03  0.2777478740E+03  0.3011442348E+03  0.2900024446E+03
L5 0.8688945534E+03  0.4142158136E+03  0.3887125009E+03  0.4117221091E+03
L6 0.1214650424E+04  -.9210521145E+04  0.1291173429E+04  -.1057577669E+05
L7 0.0000000000E+00  0.1604920031E+01  0.8241501397E+01  0.1202846936E+02
L8 0.3690347705E+01  0.4526894916E+02  0.3247928962E+01  0.0000000000E+00
L9 0.0000000000E+00  0.0000000000E+00  0.0000000000E+00  0.9809683895E+00  0.0000000000E+00
L0     7000  0.1400000000E+02  -.7498317470E+04  0.1740667505E+04
L1 0.3010114890E+03  0.3010114890E+03  -.9238984975E+10  0.1000000000E+01
L2 0.1000000000E+01  0.3373246542E+02  0.3373246542E+02  0.3373246542E+02
L3 0.2954790541E+05  -.2675338153E+03  -.1717267895E+03  0.1082526503E+03
L4 -.1103359848E+03  0.2903634485E+03  0.2805789337E+03  0.2777524788E+03
L5 0.8486948610E+03  0.3472568583E+03  0.3170981400E+03  0.2547316042E+03
L6 0.9190866026E+03  -.9238984975E+04  0.1375618249E+04  -.1068732857E+05
L7 0.0000000000E+00  0.6533001349E+01  0.5328241753E+01  0.1002956874E+02
L8 0.2694072402E+01  0.4543237346E+02  0.2708093040E+01  0.0000000000E+00
L9 0.0000000000E+00  0.0000000000E+00  0.0000000000E+00  0.9810993961E+00  0.0000000000E+00
L0     8000  0.1600000000E+02  -.7601453443E+04  0.1710142869E+04
L1 0.2957329014E+03  0.2957329014E+03  -.9311596312E+10  0.1000000000E+01
L2 0.1000000000E+01  0.3374100046E+02  0.3374100046E+02  0.3374100046E+02
L3 0.2957095171E+05  -.2501401556E+03  -.9855591863E+03  0.2087963492E+03
L4 -.3423009976E+03  0.2762338177E+03  0.2738030475E+03  0.2957155326E+03
L5 0.8457523979E+03  0.3294698032E+03  0.4835543143E+03  0.2512785274E+03
L6 0.1064302645E+04  -.9311596312E+04  0.1371013455E+04  -.1076173098E+05
L7 0.0000000000E+00  0.3260926077E+01  0.9620601307E+01  0.1221904292E+02
L8 0.2928327132E+01  0.4781650197E+02  0.3275811579E+01  0.0000000000E+00
L9 0.0000000000E+00  0.0000000000E+00  0.0000000000E+00  0.9803347702E+00  0.0000000000E+00
L0     9000  0.1800000000E+02  -.7515861901E+04  0.1681428612E+04
L1 0.2907673802E+03  0.2907673802E+03  -.9197290513E+10  0.1000000000E+01
L2 0.1000000000E+01  0.3365322897E+02  0.3365322897E+02  0.3365322897E+02
L3 0.2934068586E+05  -.4499286267E+03  0.2174040365E+02  -.4907323312E+03
L4 -.3063068514E+03  0.2817434103E+03  0.2742300564E+03  0.2794855816E+03
L5 0.8354590483E+03  0.3767536618E+03  0.2696391923E+03  0.3831122446E+03
L6 0.1029505099E+04  -.9197290513E+04  0.1318880982E+04  -.1059082664E+05
L7 0.0000000000E+00  0.1887969201E+01  0.6067251535E+01  0.1148682983E+02
L8 0.4047161052E+01  0.4706242070E+02  0.4103518166E+01  0.0000000000E+00
L9 0.0000000000E+00  0.0000000000E+00  0.0000000000E+00  0.9880284425E+00  0.0000000000E+00
L0    10000  0.2000000000E+02  -.7419612002E+04  0.1785933886E+04
L1 0.3088393486E+03  0.3088393486E+03  -.9205545887E+10  0.1000000000E+01
L2 0.1000000000E+01  0.3369406836E+02  0.3369406836E+02  0.3369406836E+02
L3 0.2944652926E+05  -.1015113535E+03  0.9612203434E+02  0.3475668227E+03
L4 0.1140591678E+03  0.3125925727E+03  0.2889674829E+03  0.3135535209E+03
L5 0.9151135765E+03  0.3341057874E+03  0.2685964220E+03  0.2398939801E+03
L6 0.8425961894E+03  -.9205545887E+04  0.1362548159E+04  -.1063717661E+05
L7 0.0000000000E+00  0.1539546693E+01  0.1033364582E+02  0.9487226115E+01
L8 0.2297362266E+01  0.4373670991E+02  0.1688071018E+01  0.0000000000E+00
L9 0.0000000000E+00  0.0000000000E+00  0.0000000000E+00  0.9844770466E+00  0.0000000000E+00
