LIG
   5.424   0.879   0.154   4.340   0.972   0.093   4.074   1.577  -0.773   3.964
   1.450   0.997   3.678  -0.399  -0.047   4.357  -1.420  -0.078   2.345  -0.413
  -0.131   1.826   0.456  -0.102   1.601  -1.650  -0.266   1.901  -2.162  -1.178
   1.854  -2.578   0.919   1.548  -2.085   1.842   1.280  -3.496   0.792   2.914
  -2.820   0.974   0.110  -1.363  -0.352  -0.134  -0.084  -0.259  -0.698  -2.405
  -0.439  -0.303  -3.334  -0.476  -2.151  -2.289  -0.454  -2.538  -2.708  -1.383
  -2.779  -3.040   0.716  -2.409  -2.628   1.655  -3.861  -2.932   0.674  -2.519
  -4.097   0.658  -2.578  -0.833  -0.356  -3.773  -0.531  -0.395  -1.576   0.037
  -0.278  -0.695  -0.364  -0.316  -1.846   1.459  -0.196  -2.407   1.770  -1.078
  -2.667   1.787   1.048  -2.114   1.486   1.938  -2.862   2.858   1.087  -3.613
   1.248   1.009  -0.561   2.283  -0.111   0.548   1.752  -0.091  -0.716   3.609
  -0.048  -1.643   4.007  -0.064   0.413   4.511   0.045   1.338   3.935   0.051
