LIG
   5.424   0.879   0.154   4.340   0.972   0.093   4.074   1.577  -0.773   3.964
   1.450   0.997   3.678  -0.399  -0.047   4.357  -1.420  -0.078   2.345  -0.413
  -0.131   1.826   0.456  -0.102   1.601  -1.650  -0.266   1.901  -2.162  -1.178
   1.854  -2.578   0.919   1.548  -2.085   1.842   1.280  -3.496   0.792   2.914
  -2.820   0.974   0.110  -1.363  -0.352  -0.134  -0.084  -0.259  -0.698  -2.405
  -0.439  -0.303  -3.334  -0.476  -2.151  -2.289  -0.454  -2.538  -2.708  -1.383
  -2.779  -3.040   0.716  -2.409  -2.628   1.655  -3.861  -2.932   0.674  -2.519
  -4.097   0.658  -2.578  -0.833  -0.356  -3.773  -0.531  -0.395  -1.576   0.037
  -0.278  -0.695  -0.364  -0.316  -1.846   1.459  -0.196  -2.407   1.770  -1.078
  -2.667   1.787   1.048  -2.114   1.486   1.938  -2.862   2.858   1.087  -3.613
   1.248   1.009  -0.561   2.283  -0.111   0.548   1.752  -0.091  -0.716   3.609
  -0.048  -1.643   4.007  -0.064   0.413   4.511   0.045   1.338   3.935   0.051

  -5.026  -3.281   0.919  -4.398  -3.132   0.046  -4.873  -3.619  -0.794  -3.432
  -3.586   0.233  -4.309  -1.649  -0.239  -5.188  -1.058  -0.811  -3.196  -1.033
   0.211  -2.477  -1.539   0.678  -2.980   0.381   0.032  -3.371   0.656  -0.939
  -3.683   1.218   1.110  -3.305   0.959   2.093  -3.528   2.281   0.950  -4.745
   1.017   1.076  -1.471   0.623   0.086  -0.773  -0.108   0.744  -1.066   1.710
  -0.594  -1.794   2.149  -1.112   0.217   2.389  -0.852   0.378   2.318  -1.925
   0.033   3.865  -0.491  -0.101   3.978   0.579   0.892   4.441  -0.796  -0.848
   4.261  -0.988   1.563   1.882  -0.288   2.449   2.697  -0.214   1.761   0.579
  -0.066   0.982  -0.029   0.081   3.054   0.097   0.363   3.807   0.695  -0.129
   3.241   0.206   1.883   2.479  -0.370   2.396   4.216  -0.165   2.183   3.160
   1.243   2.182   3.177  -1.361  -0.068   2.226  -2.095  -0.096   4.428  -1.775
  -0.353   5.153  -1.101  -0.431   4.702  -3.137  -0.759   4.222  -3.827  -0.080

  -4.870  -3.745   0.461  -3.869  -3.355   0.342  -3.363  -3.952  -0.410  -3.327
  -3.445   1.275  -3.958  -1.928  -0.154  -4.801  -1.579  -0.939  -3.015  -1.086
   0.317  -2.315  -1.397   0.952  -2.926   0.285  -0.120  -3.176   0.317  -1.173
  -3.886   1.201   0.650  -3.648   1.190   1.708  -3.828   2.225   0.295  -4.899
   0.847   0.513  -1.481   0.740   0.090  -0.792   0.225   0.931  -1.111   1.781
  -0.683  -1.782   2.059  -1.364   0.175   2.465  -0.863   0.461   2.305  -1.900
  -0.019   3.961  -0.633  -0.259   4.156   0.403   0.880   4.506  -0.884  -0.830
   4.327  -1.256   1.378   1.951  -0.047   2.018   2.714   0.625   1.738   0.672
  -0.250   1.084   0.027  -0.632   2.827   0.071   0.485   3.656   0.766   0.474
   2.461  -0.257   1.939   1.632  -0.952   1.971   3.308  -0.695   2.459   2.172
   0.650   2.452   3.208  -1.209  -0.251   2.392  -1.849  -0.863   4.491  -1.596
  -0.124   5.139  -0.984   0.313   4.984  -2.809  -0.742   5.032  -2.717  -1.821

  -4.834  -3.788  -0.599  -4.515  -3.167   0.227  -3.590  -3.554   0.637  -5.282
  -3.212   0.993  -4.401  -1.738  -0.258  -5.234  -1.245  -0.974  -3.324  -1.054
   0.179  -2.640  -1.481   0.762  -3.088   0.321  -0.187  -3.380   0.447  -1.221
  -3.891   1.298   0.683  -3.607   1.197   1.724  -3.725   2.327   0.380  -4.946
   1.078   0.582  -1.592   0.587  -0.030  -0.922  -0.069   0.723  -1.125   1.609
  -0.774  -1.780   2.056  -1.376   0.197   2.232  -0.762   0.628   2.085  -1.748
   0.063   3.729  -0.502  -0.318   3.903   0.495   1.026   4.217  -0.590  -0.610
   4.179  -1.226   1.174   1.611   0.254   1.332   2.093   1.342   1.911   0.593
  -0.222   1.667   0.150  -1.080   2.845  -0.128   0.610   3.409   0.600   1.179
   2.159  -1.101   1.578   1.603  -1.850   1.027   2.891  -1.601   2.204   1.469
  -0.558   2.207   3.775  -0.894  -0.325   3.409  -1.261  -1.412   4.997  -1.172
   0.164   5.273  -0.771   1.030   5.970  -1.924  -0.601   6.341  -1.353  -1.444

  -6.059  -2.902  -1.025  -5.455  -2.637  -0.167  -4.607  -3.308  -0.100  -6.067
  -2.758   0.720  -5.059  -1.181  -0.285  -5.855  -0.335  -0.600  -3.774  -0.896
   0.005  -3.125  -1.613   0.239  -3.251   0.445  -0.062  -3.688   0.936  -0.923
  -3.580   1.258   1.198  -3.132   0.798   2.072  -3.213   2.277   1.121  -4.654
   1.291   1.326  -1.739   0.343  -0.238  -1.140  -0.648   0.076  -1.158   1.430
  -0.807  -1.786   2.175  -1.016   0.221   1.883  -0.635   0.692   1.885  -1.612
   0.240   3.307  -0.080  -0.189   3.327   0.913   1.258   3.677  -0.025  -0.320
   3.975  -0.728   1.042   0.988   0.302   0.806   0.945   1.479   2.128   0.426
  -0.256   2.246   0.409  -1.245   3.003  -0.441   0.497   3.183   0.023   1.458
   2.399  -1.835   0.713   2.243  -2.328  -0.240   3.054  -2.453   1.319   1.445
  -1.739   1.213   4.308  -0.550  -0.286   4.334  -0.411  -1.481   5.399  -0.857
   0.437   5.332  -0.875   1.428   6.698  -1.027  -0.180   6.626  -1.708  -1.016

  -6.958  -1.875  -0.984  -6.192  -1.969  -0.225  -5.525  -2.782  -0.482  -6.684
  -2.202   0.713  -5.488  -0.637  -0.081  -6.103   0.395   0.001  -4.142  -0.686
  -0.032  -3.651  -1.545  -0.141  -3.333   0.500   0.091  -3.777   1.278  -0.519
  -3.246   0.991   1.542  -2.767   0.245   2.166  -2.678   1.913   1.616  -4.245
   1.178   1.912  -1.939   0.165  -0.435  -1.571  -0.967  -0.539  -1.208   1.252
  -0.837  -1.717   2.105  -0.750   0.226   1.487  -0.677   0.654   1.623  -1.665
   0.449   2.773   0.128   0.067   2.656   1.135   1.505   3.010   0.181  -0.056
   3.609  -0.347   0.994   0.369   0.030   0.567  -0.186   1.004   2.279   0.258
  -0.367   2.593   0.660  -1.222   3.191  -0.667   0.264   3.069  -0.577   1.336
   2.932  -2.122  -0.151   3.071  -2.237  -1.220   3.610  -2.799   0.359   1.916
  -2.392   0.103   4.601  -0.247  -0.139   4.807   0.351  -1.163   5.585  -0.630
   0.693   5.347  -1.047   1.563   6.975  -0.331   0.417   7.228  -0.633  -0.589

  -7.100  -1.555   1.130  -6.605  -1.462   0.169  -7.368  -1.276  -0.576  -6.099
  -2.392  -0.057  -5.678  -0.268   0.220  -6.103   0.854   0.328  -4.361  -0.541
   0.150  -4.030  -1.471   0.018  -3.358   0.494   0.161  -3.724   1.324  -0.432
  -3.061   0.991   1.582  -2.671   0.182   2.190  -2.336   1.799   1.577  -3.976
   1.359   2.027  -2.090  -0.084  -0.475  -1.939  -1.263  -0.561  -1.250   0.880
  -0.978  -1.673   1.780  -0.927   0.207   1.038  -1.023   0.504   1.086  -2.068
   0.549   2.387  -0.367   0.332   2.358   0.695   1.590   2.649  -0.495  -0.042
   3.179  -0.818   1.053  -0.074  -0.390   0.621  -0.986   0.250   2.385   0.165
  -0.482   2.750   0.855  -1.101   3.359  -0.760   0.048   3.041  -1.046   1.043
   3.514  -2.022  -0.811   3.846  -1.758  -1.810   4.240  -2.703  -0.378   2.563
  -2.532  -0.878   4.686  -0.010   0.118   4.927   0.904  -0.629   5.570  -0.467
   1.022   5.281  -1.161   1.671   6.881   0.131   1.176   6.818   1.118   1.620

   4.957  -3.325   0.586   5.303  -2.709  -0.238   4.818  -3.046  -1.147   6.373
  -2.837  -0.326   5.008  -1.260   0.084   5.731  -0.608   0.792   3.876  -0.763
  -0.455   3.248  -1.348  -0.959   3.389   0.554  -0.127   3.555   0.730   0.929
   4.110   1.642  -0.937   3.933   1.499  -1.997   3.777   2.639  -0.665   5.172
   1.576  -0.745   1.884   0.566  -0.404   1.371  -0.279  -1.076   1.232   1.680
   0.060   1.840   2.287   0.564  -0.128   1.788   0.596  -0.032   2.025   1.652
  -0.838   2.955  -0.096  -1.043   2.723  -1.135  -1.763   3.222   0.403  -0.196
   3.828  -0.075  -0.906   0.465   0.634  -0.375  -0.547   1.000  -2.245   0.563
   0.501  -2.670   1.350   0.065  -3.084  -0.611   0.594  -2.539  -1.458   0.197
  -3.479  -0.908   2.046  -4.044  -0.080   2.460  -4.083  -1.807   2.116  -2.583
  -1.052   2.634  -4.322  -0.356  -0.264  -4.633   0.755  -0.607  -5.048  -1.444
  -0.573  -4.681  -2.343  -0.361  -6.241  -1.356  -1.390  -6.002  -1.132  -2.423

   5.962  -3.050   0.340   4.964  -2.748   0.626   4.875  -2.855   1.703   4.236
  -3.397   0.154   4.774  -1.290   0.268   5.666  -0.489   0.373   3.538  -0.949
  -0.152   2.796  -1.612  -0.161   3.172   0.421  -0.413   3.639   1.049   0.336
   3.627   0.880  -1.805   3.153   0.278  -2.572   3.381   1.922  -1.985   4.700
   0.765  -1.880   1.652   0.521  -0.280   0.956  -0.454  -0.335   1.170   1.791
  -0.212   1.874   2.489  -0.114  -0.112   2.222   0.351   0.110   2.795   1.244
  -0.822   3.132  -0.651  -1.041   2.607  -1.574  -1.742   3.531  -0.239  -0.180
   3.970  -0.900  -0.944   1.052   0.904  -0.563   0.479   1.888  -2.155   0.844
   0.360  -2.402   1.238  -0.520  -2.975  -0.267   0.789  -2.324  -1.089   1.059
  -3.843   0.104   1.998  -4.516   0.916   1.745  -4.434  -0.742   2.334  -3.202
   0.419   2.810  -3.847  -0.674  -0.396  -4.044   0.072  -1.321  -4.404  -1.896
  -0.313  -4.103  -2.511   0.406  -5.240  -2.423  -1.372  -5.986  -1.693  -1.649

   5.653   2.042  -1.969   4.857   2.291  -1.280   4.002   2.662  -1.832   5.219
   3.076  -0.625   4.544   1.071  -0.441   5.417   0.398   0.044   3.236   0.803
  -0.257   2.528   1.357  -0.685   2.786  -0.328   0.516   3.447  -1.160   0.310
   2.797  -0.041   2.024   2.130   0.782   2.255   2.483  -0.909   2.594   3.802
   0.223   2.326   1.368  -0.662   0.054   0.664   0.179  -0.440   0.982  -1.930
   0.303   1.681  -2.546   0.653  -0.276  -2.588  -0.050  -0.046  -3.353  -0.781
  -0.879  -3.255   1.186  -1.080  -2.539   1.974  -1.803  -3.764   0.935  -0.188
  -3.993   1.582  -1.250  -1.667  -0.804  -1.286  -1.699  -2.002  -2.113  -0.952
  -0.055  -1.926  -0.813   0.913  -2.901   0.097  -0.664  -2.346   0.502  -1.501
  -4.251  -0.431  -1.163  -4.831  -0.825  -0.336  -4.828   0.349  -1.649  -4.078
  -1.225  -1.877  -3.095   1.191   0.383  -2.910   0.989   1.555  -3.523   2.376
  -0.092  -3.525   2.523  -1.075  -3.719   3.516   0.778  -4.309   3.225   1.635

   5.789   1.591  -1.607   4.861   1.871  -1.126   4.149   2.201  -1.873   5.070
   2.698  -0.455   4.365   0.700  -0.307   5.114   0.027   0.352   3.036   0.476
  -0.348   2.433   1.039  -0.904   2.415  -0.591   0.396   3.071  -1.451   0.360
   2.164  -0.208   1.862   1.483   0.634   1.922   1.740  -1.037   2.420   3.105
   0.063   2.322   1.087  -0.913  -0.284   0.511  -0.086  -0.939   0.645  -2.177
  -0.086   1.249  -2.752   0.460  -0.700  -2.741  -0.235  -0.669  -3.472  -1.030
  -1.110  -3.442   1.063  -1.161  -2.747   1.893  -2.081  -3.908   0.943  -0.398
  -4.223   1.313  -1.795  -1.767  -0.685  -2.445  -2.015  -1.663  -2.030  -0.709
   0.114  -1.372  -0.473   0.823  -2.832   0.403  -0.339  -2.719   0.494  -1.412
  -4.316   0.210  -0.004  -4.453   0.133   1.069  -4.915   1.037  -0.372  -4.668
  -0.702  -0.468  -2.286   1.660   0.335  -1.623   1.603   1.339  -2.638   2.824
  -0.239  -3.064   2.803  -1.137  -2.175   4.096   0.276  -2.341   4.141   1.342

   5.614   2.701  -1.436   4.869   2.660  -0.653   3.983   3.199  -0.964   5.281
   3.146   0.225   4.597   1.210  -0.319   5.483   0.398  -0.251   3.307   0.895
  -0.081   2.587   1.578  -0.143   2.899  -0.441   0.274   3.495  -1.137  -0.302
   3.098  -0.728   1.769   2.503  -0.046   2.366   2.813  -1.745   2.021   4.143
  -0.594   2.018   1.422  -0.584  -0.095   0.718   0.393  -0.157   1.027  -1.852
  -0.298   1.759  -2.523  -0.230  -0.257  -2.512  -0.577  -0.154  -2.984  -1.544
  -0.471  -3.608   0.479  -0.608  -3.168   1.460  -1.341  -4.198   0.228   0.389
  -4.270   0.518  -1.596  -1.765  -0.710  -2.436  -2.352  -1.348  -1.849  -0.631
  -0.050  -1.099  -0.061   0.283  -3.165  -0.029  -0.128  -3.535  -0.137  -1.140
  -4.154  -0.698   0.835  -3.806  -0.593   1.856  -5.138  -0.247   0.756  -4.237
  -1.749   0.594  -3.033   1.448   0.224  -2.203   1.843   0.998  -3.947   2.259
  -0.345  -4.524   1.901  -1.070  -3.956   3.685  -0.091  -3.117   4.182  -0.564

  -5.896  -2.650   1.178  -4.977  -2.188   1.511  -4.397  -2.939   2.036  -5.204
  -1.381   2.198  -4.193  -1.733   0.299  -4.120  -2.405  -0.696  -3.566  -0.545
   0.419  -3.623  -0.012   1.257  -2.719  -0.018  -0.621  -2.138  -0.833  -1.034
  -3.531   0.638  -1.748  -4.111   1.468  -1.361  -2.888   1.006  -2.542  -4.205
  -0.096  -2.169  -1.788   1.011   0.021  -2.076   1.542   1.058  -0.652   1.246
  -0.683  -0.578   0.743  -1.539   0.280   2.368  -0.573   0.385   2.775  -1.574
  -0.165   3.517   0.334  -0.224   3.217   1.369   0.562   4.311   0.234  -1.137
   3.885   0.033   1.703   1.930  -0.206   2.578   2.757  -0.145   1.919   0.618
  -0.036   1.160  -0.024  -0.021   3.222   0.089   0.289   3.956   0.619  -0.305
   3.566   0.255   1.775   2.846  -0.275   2.390   4.555  -0.131   1.995   3.542
   1.306   2.033   3.212  -1.389  -0.090   2.184  -2.014  -0.148   4.417  -1.945
  -0.305   5.220  -1.360  -0.336   4.560  -3.345  -0.650   3.994  -3.955   0.039

  -6.253  -2.395   1.189  -5.361  -1.908   1.559  -4.897  -2.569   2.283  -5.631
  -0.983   2.054  -4.403  -1.710   0.405  -4.208  -2.572  -0.411  -3.768  -0.520
   0.367  -3.926   0.174   1.063  -2.775  -0.212  -0.632  -2.166  -1.094  -0.791
  -3.411   0.203  -1.967  -4.015   1.094  -1.836  -2.658   0.404  -2.723  -4.042
  -0.601  -2.322  -1.910   0.923  -0.085  -2.319   1.650   0.777  -0.678   1.007
  -0.652  -0.537   0.372  -1.407   0.229   2.160  -0.675   0.490   2.307  -1.720
  -0.356   3.476  -0.167  -0.562   3.446   0.891   0.367   4.256  -0.359  -1.275
   3.707  -0.690   1.573   1.852   0.001   2.258   2.739   0.439   1.991   0.573
  -0.061   1.351  -0.159  -0.266   3.260   0.155   0.486   4.008   0.877   0.186
   3.242   0.056   2.018   2.504  -0.671   2.339   4.211  -0.248   2.401   2.993
   1.021   2.438   3.573  -1.210  -0.121   2.694  -1.949  -0.481   4.875  -1.542
  -0.175   5.557  -0.857   0.050   5.314  -2.820  -0.698   4.749  -3.620  -0.242

   6.657  -1.732  -0.751   5.777  -1.538  -1.354   5.712  -2.316  -2.104   5.889
  -0.576  -1.838   4.556  -1.622  -0.464   4.157  -2.675  -0.038   3.964  -0.448
  -0.167   4.293   0.410  -0.548   2.790  -0.369   0.668   2.149  -1.207   0.428
   3.141  -0.419   2.161   3.774   0.420   2.428   2.249  -0.387   2.780   3.669
  -1.339   2.371   2.080   0.945   0.334   2.689   1.866  -0.141   0.768   0.952
   0.654   0.408   0.089   0.995  -0.214   2.036   0.565  -0.652   2.131   1.557
   0.334   3.399   0.164   0.729   3.393  -0.838  -0.482   4.110   0.209   1.112
   3.712   0.846  -1.346   1.595  -0.378  -1.603   2.174  -1.397  -2.009   0.482
   0.014  -1.934   0.140   0.947  -3.128  -0.040  -0.736  -3.697   0.791  -1.136
  -2.667  -0.932  -1.895  -2.119  -1.788  -1.518  -3.507  -1.291  -2.480  -2.018
  -0.360  -2.546  -4.004  -0.819   0.245  -3.601  -1.134   1.336  -5.228  -1.145
  -0.200  -5.537  -0.789  -1.074  -6.165  -1.885   0.623  -5.695  -2.776   1.013

   6.987  -1.763  -0.784   6.152  -1.221  -1.207   5.912  -1.672  -2.164   6.435
  -0.188  -1.371   4.958  -1.374  -0.291   4.672  -2.434   0.203   4.230  -0.258
  -0.084   4.463   0.602  -0.527   3.022  -0.265   0.703   2.490  -1.186   0.498
   3.315  -0.181   2.207   3.837   0.741   2.438   2.402  -0.217   2.793   3.938
  -1.018   2.493   2.180   0.933   0.259   2.696   1.886  -0.260   0.864   0.810
   0.545   0.590  -0.055   0.954  -0.236   1.752   0.336  -0.704   1.902   1.304
   0.150   3.116  -0.223   0.566   3.032  -1.213  -0.750   3.721  -0.271   0.865
   3.610   0.418  -1.243   1.057  -0.591  -1.157   1.111  -1.787  -2.194   0.341
   0.044  -2.321   0.408   1.030  -3.225  -0.371  -0.674  -3.526   0.227  -1.525
  -2.734  -1.737  -1.173  -2.448  -2.364  -0.336  -3.504  -2.250  -1.740  -1.876
  -1.593  -1.815  -4.408  -0.535   0.278  -4.277  -0.415   1.469  -5.579  -0.853
  -0.299  -5.647  -0.849  -1.290  -6.785  -1.048   0.482  -6.594  -1.735   1.294

   7.378  -1.238  -0.772   6.450  -0.922  -1.228   6.243  -1.588  -2.059   6.557
   0.086  -1.609   5.337  -1.061  -0.212   5.244  -2.031   0.494   4.454  -0.043
  -0.167   4.527   0.734  -0.784   3.295  -0.070   0.690   2.898  -1.078   0.691
   3.636   0.336   2.131   4.021   1.349   2.154   2.765   0.283   2.776   4.390
  -0.336   2.518   2.264   0.893   0.096   2.609   1.786  -0.631   1.000   0.662
   0.510   0.875  -0.150   1.073  -0.237   1.352   0.171  -0.674   1.695   1.105
  -0.097   2.560  -0.755   0.296   2.271  -1.717  -1.085   2.990  -0.890   0.552
   3.310  -0.326  -1.188   0.339  -0.478  -0.891  -0.246  -1.485  -2.357   0.156
   0.162  -2.597   0.687   0.970  -3.398  -0.694  -0.366  -3.421  -0.576  -1.443
  -3.155  -2.172  -0.030  -3.143  -2.317   1.044  -3.927  -2.806  -0.454  -2.201
  -2.477  -0.439  -4.720  -0.219   0.234  -4.744   0.426   1.251  -5.821  -0.596
  -0.439  -5.709  -1.114  -1.280  -7.168  -0.306   0.009  -7.108   0.341   0.869

   7.394  -0.862  -1.352   6.404  -0.576  -1.680   6.140  -1.201  -2.527   6.411
   0.459  -2.000   5.423  -0.846  -0.559   5.479  -1.851   0.101   4.480   0.098
  -0.367   4.427   0.902  -0.951   3.423  -0.057   0.603   3.088  -1.087   0.580
   3.893   0.287   2.023   4.213   1.323   2.072   3.104   0.135   2.751   4.728
  -0.351   2.282   2.276   0.864   0.179   2.473   1.789  -0.563   1.095   0.569
   0.768   1.072  -0.316   1.224  -0.226   1.109   0.500  -0.611   1.515   1.432
  -0.297   2.215  -0.559   0.039   1.860  -1.523  -1.329   2.539  -0.644   0.311
   3.061  -0.279  -1.140  -0.049   0.078  -0.717  -1.024  -0.485  -2.437   0.111
   0.397  -2.764   0.942   0.839  -3.457  -0.821  -0.027  -3.208  -1.170  -1.021
  -3.557  -2.027   0.916  -3.819  -1.703   1.917  -4.309  -2.732   0.575  -2.602
  -2.535   0.949  -4.779  -0.058  -0.066  -4.931   0.964   0.552  -5.756  -0.624
  -0.794  -5.543  -1.413  -1.359  -7.067  -0.017  -0.912  -7.448   0.234   0.068

   7.142  -1.615  -1.260   6.108  -1.541  -1.568   5.800  -2.515  -1.933   6.020
  -0.821  -2.373   5.266  -1.194  -0.359   5.398  -1.775   0.687   4.358  -0.214
  -0.537   4.243   0.228  -1.421   3.435   0.181   0.499   3.094  -0.711   1.009
   4.087   1.123   1.520   4.418   2.035   1.033   3.396   1.386   2.313   4.944
   0.630   1.959   2.249   0.867  -0.183   2.355   1.310  -1.297   1.156   0.968
   0.605   1.165   0.373   1.404  -0.190   1.398   0.266  -0.465   2.186   0.964
  -0.366   1.956  -1.150  -0.202   1.201  -1.905  -1.370   2.348  -1.261   0.328
   2.762  -1.328  -1.139   0.226   0.573  -0.733  -0.795   1.069  -2.440   0.438
   0.321  -2.764   1.273  -0.114  -3.448  -0.564   0.580  -3.046  -1.532   0.308
  -3.868  -0.593   2.056  -4.289   0.363   2.346  -4.608  -1.365   2.239  -3.001
  -0.797   2.670  -4.646  -0.235  -0.307  -4.820   0.877  -0.736  -5.500  -1.247
  -0.533  -5.252  -2.163  -0.239  -6.687  -1.075  -1.347  -7.236  -0.204  -1.020

   5.613   3.468  -0.199   5.667   2.552   0.373   5.249   2.716   1.359   6.713
   2.287   0.475   4.966   1.456  -0.401   5.180   1.279  -1.573   4.111   0.691
   0.306   3.930   0.871   1.267   3.364  -0.387  -0.293   3.034  -0.069  -1.274
   4.206  -1.662  -0.439   4.533  -2.011   0.535   3.643  -2.455  -0.919   5.076
  -1.443  -1.044   2.149  -0.651   0.600   2.150  -0.306   1.754   1.160  -1.328
  -0.016   1.219  -1.392  -1.009  -0.160  -1.698   0.477  -0.277  -2.762   0.281
  -0.390  -1.489   1.972  -0.407  -0.444   2.249  -1.333  -1.949   2.250   0.390
  -1.968   2.543  -1.181  -1.036  -0.464  -0.908  -0.903  -1.632  -2.370  -0.689
   0.045  -2.557  -0.729   1.022  -3.404  -0.089  -0.769  -2.936   0.596  -1.464
  -4.195  -1.141  -1.558  -4.686  -1.830  -0.879  -4.950  -0.676  -2.183  -3.517
  -1.695  -2.194  -4.327   0.680   0.172  -4.378   0.424   1.347  -5.096   1.619
  -0.406  -4.935   1.856  -1.357  -6.024   2.422   0.364  -6.636   1.785   0.986

   5.030   3.714  -0.193   5.125   2.813   0.399   4.637   2.954   1.355   6.182
   2.638   0.569   4.565   1.652  -0.394   4.817   1.506  -1.562   3.791   0.790
   0.295   3.576   0.941   1.255   3.188  -0.367  -0.319   2.853  -0.088  -1.311
   4.173  -1.538  -0.437   4.512  -1.845   0.547   3.717  -2.391  -0.927   5.028
  -1.224  -1.020   1.987  -0.767   0.541   1.927  -0.443   1.699   1.079  -1.521
  -0.108   1.201  -1.630  -1.091  -0.170  -2.107   0.373  -0.148  -3.153   0.086
  -0.391  -2.046   1.881  -0.453  -1.037   2.260  -1.308  -2.578   2.114   0.422
  -2.534   2.398  -1.274  -1.504  -0.508  -1.209  -1.669  -1.703  -2.245  -0.794
   0.077  -2.262  -0.639   1.060  -3.291  -0.150  -0.685  -2.849   0.272  -1.579
  -4.398  -1.132  -1.090  -4.864  -1.558  -0.209  -5.163  -0.638  -1.680  -3.969
  -1.930  -1.683  -3.863   0.963   0.188  -3.764   0.930   1.387  -4.514   1.940
  -0.466  -4.470   1.969  -1.458  -5.116   3.055   0.237  -4.366   3.725   0.641

   5.742   3.006   0.405   4.684   2.848   0.569   4.163   3.745   0.254   4.503
   2.687   1.624   4.227   1.698  -0.302   4.477   1.661  -1.468   3.516   0.737
   0.315   3.285   0.804   1.281   2.964  -0.387  -0.399   2.609  -0.037  -1.360
   4.005  -1.493  -0.624   4.376  -1.860   0.327   3.585  -2.328  -1.176   4.832
  -1.089  -1.192   1.791  -0.920   0.424   1.719  -0.704   1.598   0.905  -1.646
  -0.286   1.069  -1.716  -1.266  -0.253  -2.417   0.169  -0.160  -3.396  -0.282
  -0.380  -2.608   1.677  -0.484  -1.684   2.224  -1.249  -3.231   1.863   0.493
  -3.115   2.065  -1.481  -1.810  -0.520  -1.803  -2.203  -1.605  -2.117  -0.816
   0.113  -1.782  -0.452   0.978  -3.207  -0.094  -0.501  -2.984   0.032  -1.554
  -4.539  -0.840  -0.360  -4.791  -0.965   0.687  -5.347  -0.303  -0.847  -4.452
  -1.816  -0.820  -3.286   1.273   0.173  -2.813   1.464   1.251  -3.944   2.222
  -0.509  -4.286   2.020  -1.419  -4.141   3.550   0.038  -4.656   3.499   0.988

   5.490   3.093   0.622   4.539   2.682   0.932   3.817   3.491   0.967   4.630
   2.258   1.925   4.086   1.672  -0.100   4.297   1.825  -1.275   3.407   0.610
   0.382   3.211   0.521   1.354   2.829  -0.386  -0.484   2.445   0.113  -1.365
   3.857  -1.441  -0.917   4.250  -1.962  -0.051   3.418  -2.171  -1.590   4.672
  -0.949  -1.431   1.683  -1.050   0.278   1.662  -1.055   1.480   0.743  -1.613
  -0.512   0.880  -1.511  -1.493  -0.348  -2.520  -0.158  -0.268  -3.373  -0.820
  -0.352  -3.045   1.278  -0.496  -2.266   2.009  -1.161  -3.764   1.360   0.579
  -3.549   1.503  -1.696  -1.892  -0.525  -2.449  -2.451  -1.281  -1.985  -0.724
   0.075  -1.307  -0.254   0.635  -3.207  -0.004  -0.196  -3.458  -0.143  -1.240
  -4.371  -0.507   0.668  -4.146  -0.368   1.720  -5.290   0.021   0.439  -4.524
  -1.561   0.479  -2.940   1.475   0.073  -2.033   1.834   0.777  -3.807   2.334
  -0.494  -4.472   1.988  -1.146  -3.683   3.767  -0.319  -3.575   4.003   0.730

   5.603   2.898   1.000   4.672   2.442   1.309   3.990   3.234   1.601   4.846
   1.803   2.166   4.077   1.703   0.131   4.152   2.130  -0.991   3.437   0.552
   0.427   3.363   0.228   1.364   2.741  -0.215  -0.576   2.244   0.474  -1.247
   3.696  -1.102  -1.388   4.197  -1.811  -0.737   3.167  -1.655  -2.159   4.439
  -0.477  -1.865   1.705  -1.080   0.142   1.838  -1.369   1.300   0.674  -1.474
  -0.643   0.699  -1.140  -1.581  -0.342  -2.496  -0.403  -0.320  -3.166  -1.255
  -0.150  -3.348   0.855  -0.237  -2.764   1.758  -0.916  -4.113   0.846   0.821
  -3.823   0.852  -1.761  -1.923  -0.410  -2.684  -2.629  -0.728  -1.906  -0.652
  -0.010  -1.113  -0.095   0.218  -3.195  -0.010   0.066  -3.791  -0.349  -0.772
  -3.931  -0.349   1.370  -3.357  -0.010   2.225  -4.909   0.120   1.404  -4.062
  -1.421   1.436  -2.962   1.495  -0.041  -1.895   1.985   0.222  -4.031   2.225
  -0.405  -4.857   1.759  -0.702  -3.961   3.667  -0.533  -3.521   4.096   0.356

   5.464  -2.461  -2.053   5.575  -1.628  -1.372   5.695  -0.712  -1.939   6.470
  -1.798  -0.785   4.384  -1.604  -0.439   4.009  -2.597   0.129   3.787  -0.406
  -0.276   4.104   0.401  -0.764   2.637  -0.231   0.575   1.974  -1.075   0.433
   3.026  -0.145   2.059   3.678   0.705   2.229   2.154  -0.044   2.698   3.548
  -1.050   2.339   1.938   1.058   0.139   2.538   1.910  -0.455   0.626   1.119
   0.491   0.341   0.390   1.108  -0.253   2.289   0.531  -0.269   2.684   1.543
   0.141   3.423  -0.420   0.216   3.068  -1.440  -0.630   4.178  -0.364   1.090
   3.854  -0.145  -1.711   1.903   0.249  -2.567   2.746   0.326  -1.983   0.607
   0.012  -1.255  -0.029  -0.224  -3.326   0.145  -0.253  -3.989   0.624   0.456
  -3.794   0.473  -1.678  -3.146  -0.004  -2.406  -4.809   0.127  -1.845  -3.767
   1.544  -1.828  -3.323  -1.365  -0.036  -2.317  -2.011  -0.176  -4.511  -1.917
   0.264  -5.283  -1.323   0.460  -4.660  -3.343   0.471  -4.191  -3.884  -0.339

  -6.234  -0.645   1.970  -6.137  -0.969   0.939  -6.510  -0.186   0.290  -6.739
  -1.860   0.815  -4.689  -1.323   0.680  -4.186  -2.309   1.153  -4.001  -0.456
  -0.091  -4.424   0.375  -0.437  -2.596  -0.624  -0.368  -2.118  -0.999   0.529
  -2.348  -1.614  -1.515  -2.804  -1.251  -2.429  -1.288  -1.760  -1.692  -2.788
  -2.568  -1.257  -2.029   0.755  -0.716  -2.750   1.647  -1.070  -0.672   0.826
  -0.674  -0.261   0.064  -0.183   0.120   2.064  -0.630   0.405   2.320  -1.647
  -0.592   3.266  -0.008  -0.929   3.035   0.997   0.107   4.087   0.053  -1.444
   3.556  -0.600   1.432   1.808   0.131   1.970   2.676   0.759   1.937   0.549
   0.062   1.679  -0.050  -0.694   3.228   0.241   0.641   3.877   1.104   0.538
   3.101  -0.111   2.127   2.483  -0.993   2.256   4.070  -0.301   2.577   2.642
   0.717   2.651   3.818  -0.918  -0.162   3.157  -1.531  -0.962   5.103  -1.212
   0.096   5.623  -0.618   0.699   5.796  -2.275  -0.604   5.217  -3.186  -0.562

  -6.968  -1.638   0.507  -6.316  -0.834   0.825  -6.454  -0.701   1.892  -6.597
   0.079   0.315  -4.882  -1.248   0.574  -4.449  -2.295   0.982  -4.129  -0.372
  -0.119  -4.497   0.501  -0.425  -2.732  -0.608  -0.392  -2.291  -1.071   0.481
  -2.530  -1.530  -1.602  -2.952  -1.079  -2.494  -1.478  -1.727  -1.781  -3.028
  -2.472  -1.416  -2.080   0.753  -0.645  -2.738   1.694  -0.999  -0.737   0.758
  -0.495  -0.337  -0.085  -0.150   0.170   1.911  -0.552   0.558   1.997  -1.564
  -0.453   3.242  -0.146  -0.892   3.176   0.841   0.329   3.990  -0.113  -1.211
   3.544  -0.849   1.351   1.581   0.375   1.623   2.235   1.342   2.041   0.469
   0.028   1.934   0.068  -0.880   3.226   0.056   0.747   3.766   0.942   1.062
   2.874  -0.778   1.986   2.357  -1.685   1.696   3.762  -1.053   2.545   2.231
  -0.198   2.634   4.092  -0.742  -0.226   3.649  -1.162  -1.264   5.357  -0.963
   0.168   5.693  -0.517   0.990   6.293  -1.704  -0.655   5.853  -2.641  -0.963

   6.888  -0.703  -1.708   6.616  -0.477  -0.685   6.700   0.589  -0.516   7.314
  -0.993  -0.036   5.227  -1.020  -0.425   4.933  -2.154  -0.703   4.357  -0.164
   0.145   4.611   0.777   0.345   2.994  -0.534   0.436   2.627  -1.143  -0.381
   2.881  -1.330   1.744   3.229  -0.732   2.579   1.856  -1.631   1.940   3.490
  -2.221   1.671   2.179   0.757   0.528   2.712   1.804   0.785   0.852   0.587
   0.352   0.554  -0.340   0.146  -0.198   1.609   0.343  -0.605   1.700   1.346
   0.246   2.986  -0.141   0.687   2.918  -1.125  -0.629   3.624  -0.207   0.956
   3.429   0.538  -1.287   1.070  -0.596  -1.267   1.266  -1.780  -2.232   0.321
   0.007  -2.282   0.253   1.000  -3.342  -0.249  -0.722  -3.662   0.466  -1.470
  -2.958  -1.561  -1.417  -2.651  -2.300  -0.685  -3.790  -1.965  -1.984  -2.139
  -1.377  -2.100  -4.471  -0.479   0.281  -4.256  -0.534   1.465  -5.693  -0.652
  -0.248  -5.824  -0.499  -1.221  -6.857  -0.887   0.583  -6.654  -1.681   1.287

   7.687  -0.344  -0.462   6.820   0.233  -0.754   6.858   0.369  -1.830   6.853
   1.206  -0.279   5.574  -0.556  -0.413   5.494  -1.736  -0.635   4.563   0.151
   0.132   4.636   1.133   0.269   3.286  -0.445   0.437   3.032  -1.134  -0.360
   3.310  -1.211   1.767   3.542  -0.536   2.585   2.355  -1.683   1.971   4.071
  -1.978   1.718   2.254   0.682   0.485   2.591   1.828   0.625   0.964   0.266
   0.449   0.849  -0.666   0.116  -0.188   1.126   0.170  -0.571   1.505   1.110
   0.079   2.303  -0.775   0.488   1.946  -1.711  -0.862   2.805  -0.982   0.761
   3.012  -0.335  -1.230   0.229  -0.501  -0.972  -0.364  -1.517  -2.407   0.120
   0.134  -2.596   0.638   0.964  -3.513  -0.634  -0.410  -3.521  -0.498  -1.485
  -3.394  -2.131  -0.095  -3.394  -2.291   0.977  -4.218  -2.690  -0.527  -2.470
  -2.511  -0.509  -4.792  -0.059   0.193  -4.772   0.572   1.218  -5.926  -0.341
  -0.471  -5.869  -0.779  -1.361  -7.217   0.129  -0.008  -7.334  -0.091   1.043

  -7.673  -0.181  -0.918  -6.729  -0.658  -1.148  -6.683  -0.802  -2.222  -6.685
  -1.625  -0.662  -5.605   0.271  -0.740  -5.615   1.437  -1.035  -4.598  -0.296
  -0.047  -4.593  -1.271   0.153  -3.425   0.444   0.353  -3.148   1.107  -0.457
  -3.674   1.278   1.617  -3.932   0.633   2.449  -2.797   1.856   1.888  -4.493
   1.960   1.433  -2.304  -0.569   0.589  -2.548  -1.734   0.767  -1.067  -0.027
   0.663  -0.988   0.894   0.286   0.186  -0.763   0.581   0.507  -1.041   1.579
   0.148  -2.022  -0.302  -0.185  -1.767  -1.302   1.145  -2.445  -0.369  -0.519
  -2.762   0.108   1.210   0.192  -0.036   0.881   1.051  -0.814   2.480  -0.001
   0.349   2.723  -0.731   0.983   3.584   0.734  -0.224   3.387   0.879  -1.278
   3.770   2.103   0.445   3.982   1.980   1.501   4.586   2.655  -0.009   2.862
   2.681   0.333   4.836  -0.123  -0.047   4.886  -0.994   0.783   5.872   0.187
  -0.844   5.743   0.854  -1.569   7.128  -0.532  -0.773   7.482  -0.563   0.247

   7.459  -0.716   0.952   6.521  -1.067   1.368   6.647  -1.151   2.440   6.296
  -2.041   0.952   5.453  -0.031   1.087   5.458   1.041   1.635   4.521  -0.381
   0.179   4.520  -1.284  -0.239   3.434   0.493  -0.189   3.081   0.992   0.704
   3.868   1.552  -1.212   4.208   1.076  -2.125   3.053   2.224  -1.456   4.680
   2.134  -0.796   2.319  -0.382  -0.765   2.559  -1.485  -1.186   1.116   0.222
  -0.815   1.027   1.084  -0.319  -0.173  -0.380  -1.110  -0.395  -0.273  -2.168
  -0.275  -1.865  -0.729  -0.093  -1.998   0.332  -1.263  -2.248  -0.954   0.450
  -2.446  -1.274  -1.212   0.446  -0.333  -0.890   1.392   0.343  -2.488   0.058
  -0.465  -2.744  -0.724  -1.026  -3.576   0.732   0.207  -3.252   0.985   1.208
  -4.004   2.012  -0.522  -4.346   1.779  -1.524  -4.806   2.515   0.007  -3.161
   2.687  -0.587  -4.738  -0.256   0.272  -4.822  -1.173  -0.504  -5.667  -0.004
   1.209  -5.493   0.706   1.882  -6.832  -0.850   1.374  -7.313  -1.005   0.419

   6.334   3.061  -0.086   6.159   2.108   0.392   5.817   2.265   1.408   7.101
   1.569   0.425   5.176   1.317  -0.445   5.166   1.388  -1.646   4.343   0.511
   0.244   4.352   0.487   1.239   3.357  -0.318  -0.405   2.929   0.242  -1.226
   3.965  -1.617  -0.952   4.386  -2.205  -0.143   3.222  -2.217  -1.465   4.752
  -1.372  -1.653   2.273  -0.632   0.629   2.515  -0.566   1.807   1.103  -1.018
   0.089   1.029  -1.011  -0.905  -0.153  -1.358   0.742  -0.222  -2.440   0.834
  -0.338  -0.748   2.132  -0.352   0.335   2.092  -1.269  -1.097   2.564   0.463
  -1.048   2.785  -1.243  -0.970  -0.274  -1.011  -1.049  -1.457  -2.434  -0.585
   0.199  -2.602  -0.452   1.170  -3.524  -0.225  -0.681  -3.118   0.334  -1.515
  -4.263  -1.458  -1.214  -4.693  -2.024  -0.394  -5.061  -1.176  -1.893  -3.567
  -2.089  -1.751  -4.472   0.660   0.123  -4.478   0.629   1.309  -5.297   1.426
  -0.606  -5.193   1.425  -1.595  -6.300   2.294  -0.026  -6.289   2.159   1.044

   5.592   3.427   0.348   5.685   2.383   0.619   5.440   2.257   1.666   6.718
   2.092   0.463   4.809   1.564  -0.305   4.793   1.757  -1.493   4.072   0.602
   0.285   4.083   0.474   1.272   3.190  -0.261  -0.461   2.708   0.330  -1.230
   3.944  -1.423  -1.123   4.424  -2.038  -0.369   3.276  -2.049  -1.706   4.700
  -1.023  -1.785   2.141  -0.796   0.515   2.369  -0.840   1.697   1.008  -1.217
  -0.078   0.971  -1.177  -1.073  -0.162  -1.865   0.510  -0.086  -2.936   0.347
  -0.355  -1.615   2.003  -0.387  -0.559   2.239  -1.283  -2.079   2.320   0.452
  -2.049   2.570  -1.322  -1.410  -0.389  -1.263  -1.651  -1.571  -2.329  -0.723
   0.161  -2.344  -0.495   1.130  -3.427  -0.210  -0.627  -3.028   0.170  -1.559
  -4.472  -1.291  -0.934  -4.896  -1.676  -0.013  -5.277  -0.896  -1.544  -4.001
  -2.103  -1.472  -4.057   0.928   0.171  -3.926   1.001   1.365  -4.791   1.801
  -0.540  -4.776   1.749  -1.532  -5.456   2.925   0.088  -6.019   2.589   0.947

   6.227   2.676   0.419   5.261   2.441   0.847   4.751   3.376   1.046   5.399
   1.911   1.782   4.457   1.661  -0.171   4.384   2.013  -1.320   3.818   0.569
   0.296   3.871   0.309   1.255   2.966  -0.238  -0.541   2.419   0.420  -1.204
   3.767  -1.242  -1.382   4.314  -1.921  -0.737   3.121  -1.826  -2.029   4.471
  -0.702  -2.000   1.990  -0.976   0.376   2.262  -1.178   1.530   0.853  -1.372
  -0.235   0.806  -1.217  -1.219  -0.220  -2.228   0.275  -0.070  -3.234  -0.097
  -0.341  -2.278   1.798  -0.376  -1.294   2.245  -1.251  -2.812   2.052   0.499
  -2.797   2.232  -1.486  -1.734  -0.437  -1.768  -2.176  -1.523  -2.192  -0.762
   0.160  -1.915  -0.379   1.037  -3.342  -0.152  -0.465  -3.130  -0.026  -1.520
  -4.606  -1.006  -0.308  -4.846  -1.133   0.742  -5.455  -0.546  -0.802  -4.437
  -1.979  -0.750  -3.538   1.214   0.188  -3.098   1.454   1.283  -4.263   2.098
  -0.518  -4.512   1.880  -1.454  -4.539   3.430  -0.016  -4.921   3.372   0.993

  -4.638   2.935  -1.723  -5.178   2.156  -1.194  -5.468   1.391  -1.904  -6.062
   2.601  -0.758  -4.297   1.632  -0.080  -4.127   2.253   0.937  -3.701   0.445
  -0.313  -3.839  -0.044  -1.169  -2.777  -0.145   0.622  -2.165   0.645   1.039
  -3.499  -0.876   1.763  -4.108  -1.682   1.368  -2.797  -1.293   2.478  -4.138
  -0.174   2.282  -1.898  -1.124  -0.158  -2.280  -1.609  -1.189  -0.709  -1.388
   0.431  -0.565  -0.964   1.320   0.296  -2.385   0.061   0.155  -3.272   0.666
   0.304  -2.790  -1.415   0.377  -1.932  -2.070   1.166  -3.428  -1.582  -0.589
  -3.334  -1.675   1.676  -1.854   0.464   2.379  -2.475   1.216   2.051  -0.696
  -0.107   1.417  -0.173  -0.671   3.324  -0.075   0.172   3.550  -0.217   1.222
   4.455  -0.682  -0.668   4.257  -0.538  -1.724   5.411  -0.226  -0.431   4.521
  -1.742  -0.464   3.177   1.416  -0.122   2.303   1.831  -0.838   4.104   2.214
   0.435   4.744   1.829   1.089   4.095   3.649   0.230   4.030   3.873  -0.825

  -4.864   2.476  -2.145  -5.315   1.845  -1.387  -5.662   0.932  -1.856  -6.155
   2.379  -0.965  -4.295   1.603  -0.295  -4.020   2.451   0.513  -3.703   0.391
  -0.304  -3.934  -0.293  -0.989  -2.661   0.039   0.628  -2.006   0.893   0.747
  -3.227  -0.354   2.001  -3.873  -1.220   1.908  -2.437  -0.588   2.708  -3.801
   0.473   2.396  -1.883  -1.132   0.025  -2.385  -1.842  -0.803  -0.631  -1.278
   0.524  -0.401  -0.664   1.274   0.299  -2.390   0.348   0.204  -3.079   1.179
   0.131  -3.175  -0.959   0.184  -2.519  -1.819   0.937  -3.897  -1.016  -0.813
  -3.693  -0.988   1.746  -1.894   0.405   2.616  -2.632   0.787   1.975  -0.639
  -0.016   1.234  -0.073  -0.366   3.303  -0.075  -0.073   3.841  -0.394   0.811
   4.074  -0.529  -1.320   3.557  -0.212  -2.219   5.076  -0.113  -1.335   4.151
  -1.609  -1.319   3.147   1.443  -0.068   2.126   1.968  -0.432   4.227   2.140
   0.324   5.005   1.653   0.703   4.227   3.589   0.359   3.598   3.968   1.157

  -6.893  -1.481  -0.100  -6.393  -0.727   0.499  -6.833  -0.742   1.487  -6.555
   0.243   0.043  -4.930  -1.095   0.614  -4.556  -1.980   1.338  -4.084  -0.387
  -0.163  -4.408   0.369  -0.722  -2.662  -0.624  -0.161  -2.358  -0.840   0.857
  -2.267  -1.808  -1.055  -2.546  -1.611  -2.085  -1.199  -1.995  -1.016  -2.785
  -2.694  -0.714  -1.981   0.657  -0.636  -2.582   1.504  -1.238  -0.638   0.719
  -0.402  -0.350   0.145   0.362   0.074   1.994  -0.495  -0.004   2.339  -1.517
  -0.489   3.070   0.443  -0.425   2.743   1.478   0.084   3.981   0.338  -1.523
   3.271   0.203   1.566   1.834  -0.195   2.273   2.806  -0.176   2.024   0.597
   0.104   1.528  -0.207  -0.211   3.435   0.371   0.335   4.009   1.026  -0.310
   3.812   0.655   1.794   3.274  -0.009   2.460   4.876   0.525   1.963   3.554
   1.678   2.034   3.727  -1.081  -0.043   2.840  -1.870  -0.249   5.026  -1.415
  -0.110   5.713  -0.703  -0.024   5.450  -2.752  -0.476   4.932  -3.483   0.128

  -7.002  -0.537   1.137  -6.452  -0.713   0.222  -6.563   0.138  -0.438  -6.878
  -1.586  -0.260  -5.010  -1.012   0.573  -4.720  -1.727   1.496  -4.082  -0.447
  -0.226  -4.342   0.169  -0.963  -2.669  -0.642  -0.018  -2.484  -0.648   1.049
  -2.171  -1.967  -0.614  -2.334  -1.981  -1.686  -1.114  -2.116  -0.424  -2.720
  -2.783  -0.165  -1.943   0.537  -0.659  -2.463   1.212  -1.505  -0.653   0.705
  -0.262  -0.417   0.265   0.601   0.093   1.926  -0.567   0.191   1.988  -1.645
  -0.580   3.197  -0.049  -0.692   3.156   1.030   0.028   4.058  -0.288  -1.555
   3.312  -0.501   1.510   1.817   0.008   2.120   2.792   0.354   2.026   0.572
   0.082   1.568  -0.192  -0.365   3.396   0.343   0.480   4.013   1.137   0.077
   3.548   0.322   2.007   2.959  -0.483   2.433   4.583   0.182   2.299   3.203
   1.263   2.412   3.826  -0.991  -0.126   3.019  -1.791  -0.525   5.150  -1.219
  -0.149   5.771  -0.486   0.104   5.703  -2.443  -0.694   5.205  -3.299  -0.261

  -7.014  -1.494  -0.453  -6.594  -0.577  -0.055  -7.213  -0.260   0.773  -6.609
   0.179  -0.831  -5.203  -0.871   0.465  -5.027  -1.478   1.489  -4.184  -0.429
  -0.301  -4.350   0.097  -1.129  -2.805  -0.636   0.065  -2.718  -0.512   1.137
  -2.308  -2.038  -0.314  -2.372  -2.183  -1.387  -1.278  -2.190  -0.007  -2.926
  -2.777   0.178  -1.977   0.432  -0.645  -2.386   0.996  -1.624  -0.735   0.629
  -0.140  -0.569   0.265   0.773   0.112   1.748  -0.558   0.329   1.619  -1.611
  -0.529   3.114  -0.330  -0.749   3.261   0.720   0.154   3.897  -0.637  -1.439
   3.197  -0.906   1.428   1.638   0.224   1.817   2.508   0.956   2.112   0.497
   0.017   1.776  -0.194  -0.618   3.394   0.240   0.630   3.966   1.161   0.622
   3.258  -0.248   2.078   2.701  -1.179   2.110   4.230  -0.415   2.530   2.733
   0.498   2.660   4.099  -0.814  -0.220   3.479  -1.565  -0.927   5.436  -0.870
  -0.088   5.900  -0.159   0.428   6.234  -1.830  -0.823   6.273  -1.590  -1.880

  -7.437   0.237   0.425  -6.799  -0.131  -0.368  -6.671   0.640  -1.117  -7.293
  -0.982  -0.823  -5.494  -0.599   0.239  -5.467  -1.267   1.240  -4.376  -0.241
  -0.424  -4.417   0.337  -1.233  -3.060  -0.611   0.035  -3.044  -0.534   1.115
  -2.688  -2.046  -0.365  -2.682  -2.146  -1.445  -1.708  -2.319   0.012  -3.419
  -2.728   0.048  -2.068   0.382  -0.564  -2.339   1.033  -1.537  -0.848   0.409
   0.028  -0.809   0.044   0.955   0.125   1.462  -0.266   0.374   1.389  -1.317
  -0.375   2.870   0.047  -0.618   2.958   1.098   0.398   3.596  -0.181  -1.247
   3.098  -0.550   1.351   1.134   0.591   1.441   1.520   1.728   2.266   0.341
   0.012   2.161   0.035  -0.930   3.462  -0.092   0.696   3.833   0.737   1.286
   3.199  -1.287   1.622   2.833  -2.132   1.050   4.103  -1.588   2.141   2.457
  -1.012   2.360   4.485  -0.466  -0.374   4.142  -0.782  -1.483   5.770  -0.463
   0.022   5.998  -0.096   0.916   6.846  -0.812  -0.884   6.619  -1.741  -1.385

   7.267  -0.974   0.830   6.935  -0.564  -0.116   6.749  -1.377  -0.807   7.730
   0.061  -0.502   5.719   0.302   0.135   5.792   1.318   0.776   4.560  -0.144
  -0.390   4.515  -1.004  -0.888   3.309   0.546  -0.187   3.282   0.911   0.832
   3.141   1.734  -1.144   3.146   1.393  -2.173   2.211   2.260  -0.959   3.962
   2.423  -0.998   2.188  -0.469  -0.395   2.369  -1.492  -1.004   0.978  -0.098
   0.083   0.965   0.618   0.778  -0.139  -1.029   0.157  -0.367  -1.358  -0.848
   0.130  -2.246   1.047   0.352  -1.926   2.058  -0.746  -2.887   1.076   0.959
  -2.818   0.657  -1.300  -0.229   0.743  -1.188   0.302   1.821  -2.397  -0.125
  -0.017  -2.460  -0.583  -0.900  -3.583   0.571   0.425  -3.717   0.375   1.482
  -3.474   2.086   0.206  -3.349   2.306  -0.848  -4.360   2.600   0.563  -2.617
   2.464   0.748  -4.762   0.002  -0.361  -4.599  -0.557  -1.414  -5.975   0.206
   0.179  -6.039   0.586   1.095  -7.185  -0.266  -0.465  -7.193   0.038  -1.502

  -7.851  -0.379  -0.153  -6.931  -0.920  -0.332  -7.022  -1.424  -1.288  -6.793
  -1.665   0.442  -5.792   0.072  -0.416  -5.899   1.101  -1.021  -4.655  -0.287
   0.209  -4.577  -1.161   0.678  -3.460   0.520   0.159  -3.365   0.930  -0.839
  -3.500   1.676   1.169  -3.575   1.290   2.180  -2.610   2.292   1.098  -4.364
   2.293   0.964  -2.276  -0.399   0.447  -2.422  -1.455   1.003  -1.073   0.088
   0.095  -1.026   0.880  -0.510   0.146  -0.692   0.167   0.315  -0.983   1.196
   0.119  -1.946  -0.720  -0.031  -1.664  -1.757   1.056  -2.487  -0.642  -0.683
  -2.600  -0.410   1.271   0.219  -0.315   1.069   1.072  -1.139   2.477  -0.014
   0.219   2.613  -0.733   0.895   3.665   0.687  -0.212   3.607   0.828  -1.284
   3.800   2.056   0.468   3.873   1.936   1.544   4.682   2.584   0.120   2.930
   2.656   0.239   4.861  -0.199   0.130   4.780  -1.043   0.980   5.983   0.062
  -0.560   5.953   0.764  -1.265   7.239  -0.622  -0.332   7.080  -1.381   0.417

   7.686  -0.604   0.128   6.856  -1.091   0.627   7.183  -1.364   1.621   6.592
  -1.985   0.074   5.717  -0.101   0.746   5.781   0.842   1.491   4.650  -0.335
  -0.042   4.607  -1.137  -0.630   3.485   0.515  -0.037   3.281   0.810   0.984
   3.686   1.777  -0.889   3.874   1.507  -1.923   2.815   2.422  -0.852   4.537
   2.327  -0.509   2.317  -0.309  -0.575   2.503  -1.287  -1.257   1.100   0.169
  -0.274   1.005   0.972   0.309  -0.145  -0.462  -0.658  -0.225  -0.486  -1.740
  -0.266  -1.893  -0.108  -0.260  -1.879   0.977  -1.183  -2.367  -0.439   0.565
  -2.486  -0.456  -1.265   0.425  -0.104  -1.026   1.420   0.535  -2.515   0.010
  -0.354  -2.696  -0.815  -0.883  -3.678   0.720   0.125  -3.479   1.055   1.134
  -4.019   1.933  -0.750  -4.237   1.617  -1.764  -4.882   2.466  -0.363  -3.177
   2.612  -0.766  -4.837  -0.275   0.128  -4.823  -1.251  -0.577  -5.873   0.039
   0.924  -5.784   0.802   1.554  -7.047  -0.805   1.014  -6.832  -1.733   1.532

   6.840  -2.215   1.266   6.647  -1.496   0.480   6.455  -2.018  -0.449   7.538
  -0.888   0.363   5.507  -0.600   0.914   5.472  -0.114   2.014   4.554  -0.373
  -0.012   4.590  -0.805  -0.908   3.404   0.456   0.251   3.068   0.263   1.262
   3.724   1.951   0.109   4.048   2.172  -0.902   2.860   2.566   0.338   4.519
   2.209   0.797   2.313   0.052  -0.739   2.588  -0.498  -1.776   1.066   0.390
  -0.368   0.940   0.958   0.440  -0.130   0.205  -1.172  -0.081   0.840  -2.053
  -0.319  -1.248  -1.617  -0.486  -1.896  -0.764  -1.160  -1.338  -2.296   0.560
  -1.584  -2.142  -1.280   0.746  -0.308  -1.076   1.639   0.480  -2.488   0.193
  -0.468  -2.640  -0.577  -1.078  -3.641   0.642   0.280  -3.331   0.837   1.299
  -4.252   1.919  -0.312  -4.584   1.741  -1.329  -5.102   2.254   0.274  -3.508
   2.704  -0.316  -4.658  -0.496   0.257  -4.628  -1.344  -0.598  -5.597  -0.458
   1.216  -5.511   0.207   1.950  -6.634  -1.466   1.308  -7.104  -1.601   0.345

   6.388   2.801   0.772   6.314   1.723   0.734   6.190   1.332   1.736   7.242
   1.341   0.321   5.183   1.349  -0.200   5.049   1.879  -1.272   4.356   0.379
   0.238   4.471  -0.032   1.137   3.233  -0.086  -0.539   2.778   0.768  -1.023
   3.653  -1.103  -1.609   4.101  -1.975  -1.144   2.807  -1.428  -2.206   4.378
  -0.644  -2.268   2.236  -0.719   0.430   2.593  -1.145   1.498   0.967  -0.770
  -0.025   0.824  -0.582  -0.993  -0.127  -1.489   0.621   0.056  -2.558   0.568
  -0.319  -1.087   2.082  -0.468  -0.016   2.178  -1.178  -1.602   2.500   0.550
  -1.357   2.659  -1.335  -1.228  -0.290  -1.262  -1.536  -1.456  -2.403  -0.611
   0.228  -2.439  -0.329   1.181  -3.564  -0.289  -0.571  -3.224   0.068  -1.535
  -4.478  -1.504  -0.780  -4.842  -1.869   0.174  -5.332  -1.249  -1.399  -3.922
  -2.291  -1.271  -4.314   0.821   0.160  -4.180   0.991   1.344  -5.153   1.552
  -0.594  -5.145   1.431  -1.580  -5.940   2.630  -0.030  -6.453   2.288   0.857

  -5.743   2.613  -1.585  -5.989   1.743  -0.987  -6.182   0.906  -1.647  -6.885
   1.972  -0.425  -4.858   1.494  -0.013  -4.611   2.266   0.876  -4.143   0.368
  -0.215  -4.351  -0.248  -0.968  -3.006   0.023   0.602  -2.458   0.930   0.821
  -3.426  -0.641   1.922  -3.967  -1.559   1.725  -2.566  -0.874   2.542  -4.067
   0.036   2.469  -2.129  -0.926  -0.211  -2.588  -1.587  -1.105  -0.835  -0.970
   0.173  -0.603  -0.504   1.022   0.150  -1.924  -0.336  -0.108  -2.922  -0.005
   0.263  -1.911  -1.861   0.376  -0.903  -2.245   1.121  -2.499  -2.170  -0.624
  -2.332  -2.305   1.459  -1.584   0.389   1.693  -2.070   1.466   2.268  -0.686
  -0.195   2.051  -0.281  -1.077   3.496  -0.243   0.422   3.316  -0.103   1.481
   4.635  -1.256   0.239   4.844  -1.400  -0.815   5.543  -0.917   0.727   4.345
  -2.203   0.674   3.865   1.092  -0.221   3.455   1.395  -1.312   4.702   1.869
   0.487   4.932   1.609   1.418   5.151   3.154  -0.010   5.530   3.050  -1.016

  -6.799   1.461  -0.424  -5.958   1.373  -1.103  -5.992   2.216  -1.781  -6.057
   0.452  -1.664  -4.679   1.451  -0.299  -4.304   2.484   0.193  -4.004   0.292
  -0.155  -4.322  -0.549  -0.581  -2.771   0.209   0.588  -2.183   1.092   0.371
  -3.012   0.128   2.102  -3.587  -0.759   2.345  -2.077   0.092   2.652  -3.563
   1.003   2.420  -2.030  -1.036   0.104  -2.616  -1.951  -0.414  -0.704  -1.043
   0.348  -0.306  -0.240   0.779   0.186  -2.150   0.004  -0.081  -3.017   0.590
   0.160  -2.517  -1.485   0.370  -1.656  -2.110   0.910  -3.276  -1.682  -0.809
  -2.908  -1.755   1.605  -1.781   0.438   2.216  -2.458   1.221   2.123  -0.673
  -0.128   1.619  -0.154  -0.813   3.462  -0.211   0.156   3.644  -0.338   1.216
   4.524  -0.990  -0.631   4.368  -0.868  -1.697   5.524  -0.646  -0.388   4.454
  -2.041  -0.383   3.511   1.271  -0.206   2.733   1.748  -0.990   4.495   1.981
   0.371   5.050   1.555   1.076   4.675   3.394   0.100   3.877   3.985   0.534

  -6.078   1.935  -1.898  -5.995   1.227  -1.084  -6.147   0.223  -1.460  -6.777
   1.454  -0.367  -4.654   1.420  -0.411  -4.239   2.514  -0.132  -3.969   0.292
  -0.130  -4.322  -0.604  -0.382  -2.676   0.316   0.508  -2.102   1.131   0.087
  -2.787   0.514   2.027  -3.343  -0.303   2.474  -1.810   0.564   2.497  -3.305
   1.442   2.224  -1.988  -1.012   0.196  -2.624  -1.987  -0.104  -0.639  -0.995
   0.309  -0.246  -0.193   0.749   0.194  -2.194   0.269  -0.041  -2.845   1.101
   0.046  -2.977  -1.043   0.268  -2.340  -1.893   0.742  -3.807  -1.038  -0.957
  -3.358  -1.149   1.669  -1.832   0.424   2.431  -2.613   0.927   2.053  -0.626
  -0.039   1.436  -0.065  -0.584   3.435  -0.202  -0.021   3.858  -0.487   0.933
   4.260  -0.840  -1.148   3.856  -0.560  -2.115   5.295  -0.519  -1.103   4.229
  -1.917  -1.050   3.434   1.317  -0.163   2.522   1.891  -0.701   4.524   1.950
   0.302   5.197   1.435   0.819   4.667   3.389   0.210   4.452   3.718  -0.796

  -7.067  -0.598   0.760  -6.408  -0.764  -0.082  -6.480   0.069  -0.770  -6.737
  -1.665  -0.590  -5.005  -0.989   0.438  -4.792  -1.653   1.419  -4.015  -0.420
  -0.280  -4.214   0.148  -1.073  -2.627  -0.557   0.083  -2.557  -0.523   1.163
  -2.022  -1.878  -0.412  -2.071  -1.932  -1.494  -0.986  -1.981  -0.108  -2.586
  -2.701   0.006  -1.875   0.628  -0.517  -2.311   1.243  -1.452  -0.659   0.880
   0.036  -0.523   0.527   0.960   0.090   2.079  -0.310  -0.124   2.285  -1.349
  -0.323   3.289   0.530  -0.148   3.105   1.587   0.247   4.159   0.237  -1.378
   3.491   0.385   1.602   1.870  -0.222   2.344   2.791  -0.447   2.037   0.652
   0.150   1.419  -0.128   0.118   3.445   0.329   0.175   3.935   0.839  -0.647
   4.100   0.765   1.491   3.644   0.248   2.328   5.164   0.553   1.494   3.964
   1.830   1.619   3.566  -1.180  -0.025   2.618  -1.913   0.107   4.796  -1.631
  -0.325   5.517  -0.974  -0.516   5.058  -3.038  -0.548   4.660  -3.623   0.268

  -7.104  -0.582   0.436  -6.357  -0.891  -0.283  -6.366  -0.216  -1.131  -6.617
  -1.886  -0.628  -5.014  -0.957   0.411  -4.898  -1.401   1.523  -3.962  -0.508
  -0.304  -4.082  -0.129  -1.216  -2.617  -0.526   0.216  -2.661  -0.277   1.268
  -1.948  -1.898   0.056  -1.888  -2.167  -0.993  -0.946  -1.906   0.471  -2.540
  -2.641   0.575  -1.821   0.538  -0.534  -2.146   0.913  -1.628  -0.699   0.971
   0.092  -0.625   0.788   1.069   0.101   2.064  -0.440   0.050   1.980  -1.518
  -0.428   3.433  -0.021  -0.411   3.541   1.059   0.180   4.219  -0.445  -1.448
   3.546  -0.367   1.576   1.896  -0.063   2.300   2.851   0.049   2.006   0.631
   0.083   1.394  -0.136  -0.085   3.394   0.312   0.317   4.007   0.962  -0.295
   3.788   0.498   1.789   3.202  -0.161   2.421   4.839   0.279   1.946   3.604
   1.523   2.081   3.599  -1.140  -0.107   2.677  -1.911  -0.175   4.870  -1.500
  -0.355   5.574  -0.800  -0.379   5.216  -2.849  -0.755   4.870  -3.067  -1.759

  -7.227  -0.519  -0.033  -6.403  -0.983  -0.558  -6.287  -0.523  -1.532  -6.643
  -2.032  -0.694  -5.162  -0.880   0.302  -5.196  -1.076   1.489  -4.020  -0.579
  -0.350  -4.015  -0.398  -1.328  -2.756  -0.457   0.334  -2.934   0.027   1.286
  -2.096  -1.820   0.584  -1.895  -2.321  -0.356  -1.161  -1.714   1.124  -2.765
  -2.434   1.173  -1.851   0.418  -0.527  -2.038   0.551  -1.707  -0.800   0.974
   0.119  -0.819   0.980   1.116   0.101   1.912  -0.537   0.170   1.594  -1.568
  -0.409   3.347  -0.481  -0.499   3.687   0.544   0.273   4.015  -0.992  -1.379
   3.402  -0.961   1.494   1.782   0.091   2.049   2.713   0.613   2.052   0.562
  -0.013   1.551  -0.195  -0.423   3.367   0.265   0.502   4.018   1.098   0.269
   3.364   0.043   2.021   2.726  -0.796   2.277   4.364  -0.162   2.389   2.994
   0.933   2.513   3.855  -0.995  -0.208   3.080  -1.803  -0.649   5.189  -1.156
  -0.258   5.776  -0.408   0.027   5.792  -2.315  -0.885   5.684  -2.286  -1.963

  -6.888  -1.812  -0.894  -6.572  -0.777  -0.825  -7.395  -0.206  -0.417  -6.338
  -0.418  -1.820  -5.403  -0.692   0.131  -5.550  -0.797   1.321  -4.192  -0.515
  -0.436  -4.092  -0.407  -1.420  -2.984  -0.421   0.347  -3.203   0.150   1.240
  -2.449  -1.800   0.758  -2.209  -2.388  -0.121  -1.556  -1.710   1.367  -3.207
  -2.317   1.331  -1.949   0.319  -0.495  -2.029   0.366  -1.695  -0.919   0.854
   0.197  -1.011   0.947   1.185   0.109   1.663  -0.443   0.230   1.268  -1.441
  -0.266   3.139  -0.518  -0.397   3.551   0.474   0.514   3.705  -1.018  -1.185
   3.251  -1.081   1.390   1.450   0.364   1.639   2.123   1.332   2.168   0.434
  -0.042   1.930  -0.112  -0.841   3.381   0.063   0.649   3.886   0.971   0.954
   3.103  -0.796   1.889   2.604  -1.716   1.605   4.023  -1.049   2.406   2.468
  -0.246   2.571   4.250  -0.706  -0.342   3.766  -1.282  -1.282   5.565  -0.734
  -0.065   5.917  -0.156   0.662   6.506  -1.441  -0.910   6.646  -0.937  -1.860

  -7.264  -0.668  -1.480  -6.807   0.170  -0.965  -7.553   0.602  -0.310  -6.500
   0.905  -1.698  -5.664  -0.349  -0.120  -5.859  -0.986   0.882  -4.425  -0.068
  -0.572  -4.285   0.482  -1.389  -3.237  -0.495   0.125  -3.408  -0.385   1.188
  -2.883  -1.958  -0.174  -2.690  -2.091  -1.233  -2.004  -2.272   0.380  -3.714
  -2.589   0.114  -2.098   0.425  -0.308  -2.144   1.038  -1.344  -1.037   0.455
   0.519  -1.097   0.034   1.420   0.128   1.284   0.269   0.238   1.358  -0.803
  -0.009   2.684   0.867  -0.133   2.625   1.942   0.873   3.280   0.654  -0.870
   3.181   0.435   1.314   0.551   0.886   1.315   0.283   2.063   2.304   0.208
   0.052   2.275   0.451  -0.914   3.497  -0.470   0.504   3.772  -0.063   1.469
   3.282  -1.983   0.640   3.016  -2.413  -0.319   4.178  -2.476   1.002   2.481
  -2.168   1.343   4.597  -0.177  -0.513   4.335   0.149  -1.642   5.856  -0.350
  -0.076   6.013  -0.524   0.890   7.000  -0.124  -0.937   7.138   0.930  -1.147

   7.558  -0.134  -1.127   6.965  -0.743  -0.454   7.597  -1.027   0.378   6.640
  -1.632  -0.981   5.820   0.095   0.072   6.006   0.998   0.847   4.596  -0.222
  -0.394   4.462  -0.990  -1.013   3.407   0.482   0.019   3.485   0.692   1.078
   3.224   1.805  -0.739   3.125   1.619  -1.803   2.341   2.336  -0.397   4.089
   2.432  -0.570   2.219  -0.442  -0.233   2.283  -1.349  -1.025   1.107  -0.151
   0.461   1.092   0.602   1.113  -0.139  -0.858   0.271  -0.191  -1.168  -0.764
  -0.249  -2.093   1.173  -0.195  -1.804   2.217  -1.184  -2.616   1.005   0.567
  -2.769   0.954  -1.266   0.122   0.580  -1.121   0.996   1.399  -2.410  -0.075
  -0.090  -2.499  -0.811  -0.757  -3.602   0.703   0.162  -3.668   0.886   1.227
  -3.577   2.047  -0.577  -3.522   1.887  -1.648  -4.465   2.631  -0.361  -2.710
   2.612  -0.262  -4.793  -0.136  -0.294  -4.661  -1.028  -1.092  -5.984   0.215
   0.219  -6.017   0.894   0.943  -7.203  -0.482  -0.138  -7.282  -0.562  -1.212

  -7.540  -1.172  -0.840  -7.021  -0.823   0.043  -6.740  -1.670   0.656  -7.707
  -0.197   0.603  -5.843   0.023  -0.391  -5.963   0.889  -1.219  -4.671  -0.245
   0.217  -4.589  -0.985   0.877  -3.458   0.469  -0.098  -3.423   0.631  -1.168
  -3.382   1.827   0.614  -3.401   1.690   1.690  -2.477   2.364   0.350  -4.234
   2.427   0.322  -2.286  -0.413   0.321  -2.416  -1.289   1.140  -1.112  -0.131
  -0.271  -1.022   0.688  -0.831   0.130  -0.720   0.177   0.080  -0.861   1.251
   0.373  -2.079  -0.490   0.470  -1.964  -1.565   1.267  -2.564  -0.114  -0.471
  -2.724  -0.285   1.244   0.286  -0.121   1.014   1.341  -0.661   2.480  -0.095
   0.231   2.650  -0.970   0.675   3.643   0.729  -0.006   3.542   1.184  -0.983
   3.796   1.834   1.049   3.913   1.398   2.035   4.662   2.455   0.843   2.915
   2.461   1.042   4.857  -0.196   0.013   4.825  -1.256   0.584   5.956   0.271
  -0.602   5.893   1.106  -1.137   7.187  -0.493  -0.647   7.444  -0.837   0.345

  -7.392   1.188   1.335  -6.968   0.807   0.415  -6.770   1.630  -0.261  -7.701
   0.149  -0.039  -5.735  -0.004   0.751  -5.734  -0.809   1.646  -4.655   0.221
  -0.025  -4.671   0.908  -0.745  -3.406  -0.473   0.172  -3.231  -0.567   1.236
  -3.414  -1.873  -0.460  -3.584  -1.802  -1.529  -2.474  -2.390  -0.295  -4.209
  -2.456  -0.016  -2.305   0.377  -0.452  -2.542   1.186  -1.312  -1.061   0.147
   0.020  -0.915  -0.691   0.540   0.107   0.644  -0.683  -0.078   0.587  -1.752
   0.391   2.102  -0.317   0.674   2.196   0.726   1.176   2.527  -0.935  -0.504
   2.682  -0.488   1.244  -0.343  -0.395   1.002  -1.507  -0.184   2.491   0.146
  -0.379   2.678   1.115  -0.507   3.643  -0.694  -0.146   3.398  -1.396   0.641
   4.057  -1.471  -1.402   4.322  -0.785  -2.199   4.909  -2.112  -1.203   3.233
  -2.089  -1.730   4.776   0.221   0.312   4.774   1.397   0.053   5.779  -0.380
   0.974   5.679  -1.331   1.243   6.927   0.362   1.455   7.333   0.971   0.659

  -7.091   1.682  -1.352  -6.774   0.782  -0.843  -6.682  -0.026  -1.558  -7.539
   0.522  -0.120  -5.488   1.074  -0.100  -5.344   2.084   0.539  -4.533   0.126
  -0.185  -4.667  -0.694  -0.732  -3.257   0.257   0.475  -2.938   1.288   0.396
  -3.328  -0.134   1.958  -3.648  -1.166   2.059  -2.365  -0.025   2.447  -4.042
   0.506   2.459  -2.267  -0.642  -0.256  -2.631  -1.595  -0.894  -0.966  -0.299
  -0.122  -0.749   0.353   0.599   0.093  -1.234  -0.487  -0.223  -2.233  -0.210
   0.363  -1.201  -1.989   0.661  -0.211  -2.317   1.133  -1.915  -2.264  -0.543
  -1.472  -2.513   1.282  -0.914   0.428   1.133  -0.948   1.625   2.434  -0.545
  -0.148   2.536  -0.499  -1.136   3.606  -0.210   0.627   3.293   0.386   1.476
   4.343  -1.457   1.135   4.678  -2.061   0.299   5.207  -1.185   1.732   3.673
  -2.044   1.749   4.518   0.614  -0.278   4.442   0.540  -1.477   5.426   1.380
   0.351   5.379   1.473   1.339   6.369   2.201  -0.382   6.862   1.610  -1.140

  -6.837   1.619  -1.506  -6.555   0.879  -0.769  -6.599  -0.109  -1.210  -7.270
   0.930   0.045  -5.185   1.231  -0.230  -4.884   2.365   0.037  -4.341   0.195
  -0.050  -4.605  -0.734  -0.289  -3.009   0.370   0.473  -2.600   1.282   0.056
  -2.993   0.472   2.005  -3.392  -0.435   2.446  -1.986   0.622   2.380  -3.604
   1.311   2.310  -2.177  -0.825   0.018  -2.688  -1.876  -0.267  -0.843  -0.629
   0.005  -0.494   0.293   0.144   0.092  -1.684  -0.361  -0.300  -2.603   0.044
   0.240  -1.825  -1.876   0.525  -0.890  -2.348   0.981  -2.578  -2.124  -0.710
  -2.131  -2.295   1.391  -1.428   0.411   1.548  -1.873   1.516   2.309  -0.651
  -0.197   2.189  -0.327  -1.130   3.564  -0.308   0.431   3.371  -0.088   1.474
   4.589  -1.447   0.343   4.808  -1.676  -0.695   5.516  -1.180   0.839   4.185
  -2.329   0.821   4.092   0.938  -0.275   3.748   1.214  -1.395   4.986   1.665
   0.415   5.165   1.438   1.366   5.590   2.859  -0.142   5.989   2.649  -1.124

  -7.034   1.183   0.167  -6.391   0.902  -0.660  -6.691   1.481  -1.524  -6.527
  -0.153  -0.865  -4.965   1.264  -0.307  -4.587   2.407  -0.299  -4.160   0.232
   0.017  -4.486  -0.708  -0.012  -2.778   0.420   0.384  -2.359   1.188  -0.255
  -2.620   0.849   1.849  -3.020   0.088   2.510  -1.578   1.013   2.104  -3.161
   1.773   2.008  -2.057  -0.902   0.141  -2.650  -1.949   0.117  -0.720  -0.813
  -0.010  -0.294   0.086   0.004   0.124  -1.997  -0.122  -0.292  -2.756   0.520
   0.191  -2.530  -1.555   0.563  -1.783  -2.247   0.838  -3.400  -1.606  -0.802
  -2.823  -1.873   1.506  -1.687   0.451   1.953  -2.299   1.382   2.178  -0.681
  -0.151   1.843  -0.258  -0.989   3.496  -0.268   0.270   3.517  -0.268   1.352
   4.596  -1.202  -0.252   4.600  -1.210  -1.337   5.575  -0.886   0.092   4.414
  -2.206   0.107   3.708   1.149  -0.257   3.096   1.557  -1.210   4.641   1.877
   0.379   5.047   1.520   1.213   4.962   3.229  -0.030   4.155   3.916   0.200

  -6.939  -1.366  -0.511  -6.504  -0.635   0.162  -7.053  -0.671   1.093  -6.604
   0.348  -0.282  -5.066  -1.023   0.431  -4.784  -1.926   1.175  -4.132  -0.311
  -0.232  -4.385   0.454  -0.815  -2.721  -0.569  -0.082  -2.532  -0.810   0.957
  -2.246  -1.739  -0.955  -2.411  -1.518  -2.004  -1.191  -1.940  -0.806  -2.807
  -2.626  -0.690  -1.978   0.710  -0.455  -2.492   1.567  -1.120  -0.683   0.766
  -0.038  -0.474   0.183   0.744   0.079   2.002  -0.152  -0.265   2.495  -1.046
  -0.134   2.934   1.047   0.188   2.460   1.970   0.433   3.847   0.915  -1.184
   3.185   1.133   1.574   1.773  -0.351   2.237   2.628  -0.877   2.117   0.661
   0.188   1.550  -0.130   0.394   3.520   0.357   0.022   3.841   0.709  -0.952
   4.372   1.035   1.101   4.088   0.680   2.086   5.429   0.839   0.957   4.216
   2.105   1.056   3.662  -1.163   0.075   2.764  -1.867   0.461   4.853  -1.652
  -0.311   5.522  -1.034  -0.709   5.124  -3.075  -0.325   4.858  -3.512   0.627

  -7.022  -0.611   0.092  -6.199  -0.925  -0.535  -6.149  -0.294  -1.414  -6.389
  -1.945  -0.850  -4.927  -0.902   0.285  -4.906  -1.269   1.431  -3.823  -0.467
  -0.358  -3.863  -0.169  -1.307  -2.530  -0.422   0.279  -2.677  -0.130   1.310
  -1.815  -1.781   0.240  -1.665  -2.096  -0.786  -0.849  -1.742   0.731  -2.428
  -2.515   0.747  -1.699   0.628  -0.450  -1.897   0.892  -1.605  -0.701   1.186
   0.281  -0.726   1.047   1.267   0.130   2.267  -0.218  -0.170   2.438  -1.241
  -0.077   3.551   0.588   0.181   3.400   1.633   0.550   4.340   0.197  -1.114
   3.858   0.532   1.620   1.920  -0.276   2.409   2.745  -0.659   1.979   0.692
   0.130   1.287   0.006   0.328   3.340   0.224   0.043   3.778   0.597  -0.876
   4.188   0.705   1.228   3.782   0.326   2.160   5.217   0.372   1.139   4.179
   1.787   1.255   3.291  -1.302   0.004   2.325  -1.911   0.388   4.401  -1.909
  -0.447   5.126  -1.356  -0.844   4.498  -3.352  -0.536   4.206  -3.801   0.402

  -6.908  -0.897  -0.395  -5.978  -1.320  -0.751  -5.791  -0.987  -1.765  -6.081
  -2.400  -0.752  -4.874  -0.942   0.213  -5.040  -0.965   1.405  -3.695  -0.605
  -0.348  -3.586  -0.566  -1.337  -2.549  -0.232   0.442  -2.895   0.359   1.280
  -1.787  -1.455   0.975  -1.403  -2.052   0.155  -0.952  -1.162   1.603  -2.463
  -2.059   1.566  -1.639   0.616  -0.442  -1.698   0.563  -1.642  -0.741   1.381
   0.223  -0.831   1.454   1.212   0.175   2.294  -0.438   0.027   2.149  -1.499
  -0.129   3.746  -0.078  -0.026   3.913   0.991   0.556   4.411  -0.583  -1.144
   3.989  -0.368   1.644   1.951  -0.165   2.494   2.803  -0.201   1.920   0.654
   0.046   1.196  -0.028   0.054   3.269   0.167   0.202   3.902   0.671  -0.518
   3.819   0.420   1.612   3.210  -0.092   2.349   4.841   0.066   1.704   3.804
   1.482   1.816   3.242  -1.332  -0.089   2.234  -1.977   0.044   4.416  -1.877
  -0.450   5.185  -1.279  -0.645   4.541  -3.290  -0.743   4.104  -3.873   0.055

  -6.910  -1.129  -0.684  -5.943  -1.594  -0.819  -5.635  -1.501  -1.854  -6.044
  -2.648  -0.581  -4.965  -0.971   0.152  -5.274  -0.720   1.288  -3.726  -0.741
  -0.329  -3.494  -0.938  -1.277  -2.683  -0.165   0.482  -3.125   0.599   1.110
  -1.998  -1.210   1.375  -1.533  -1.979   0.768  -1.235  -0.757   2.001  -2.740
  -1.667   2.016  -1.665   0.469  -0.460  -1.563   0.116  -1.606  -0.865   1.403
   0.099  -1.061   1.697   1.030   0.137   2.150  -0.644   0.123   1.749  -1.647
  -0.187   3.639  -0.678  -0.204   4.058   0.322   0.561   4.178  -1.244  -1.156
   3.788  -1.140   1.529   1.890  -0.051   2.213   2.779   0.385   1.923   0.605
  -0.071   1.334  -0.109  -0.441   3.205   0.184   0.443   3.948   0.911   0.139
   3.212   0.074   1.974   2.482  -0.660   2.300   4.188  -0.226   2.341   2.964
   1.035   2.404   3.521  -1.174  -0.178   2.645  -1.915  -0.540   4.825  -1.496
  -0.241   5.504  -0.803  -0.030   5.270  -2.761  -0.791   4.712  -3.572  -0.347

  -6.310  -2.572  -0.582  -6.115  -1.566  -0.936  -7.055  -1.030  -0.947  -5.715
  -1.621  -1.941  -5.182  -0.885   0.042  -5.562  -0.506   1.119  -3.902  -0.752
  -0.363  -3.611  -1.053  -1.265  -2.897  -0.130   0.463  -3.347   0.715   0.967
  -2.331  -1.095   1.514  -1.863  -1.946   1.032  -1.595  -0.607   2.144  -3.139
  -1.447   2.142  -1.783   0.355  -0.460  -1.611  -0.132  -1.548  -0.995   1.323
   0.051  -1.224   1.716   0.937   0.124   1.911  -0.668   0.183   1.388  -1.610
  -0.081   3.401  -0.910  -0.158   3.937   0.027   0.756   3.815  -1.461  -0.986
   3.557  -1.487   1.385   1.648   0.158   1.732   2.404   1.030   2.028   0.503
  -0.122   1.704  -0.108  -0.840   3.191   0.071   0.617   3.801   0.941   0.822
   2.817  -0.601   1.945   2.210  -1.481   1.763   3.702  -0.902   2.496   2.255
   0.096   2.553   3.958  -0.906  -0.269   3.404  -1.538  -1.130   5.266  -1.043
   0.012   5.689  -0.418   0.658   6.115  -1.947  -0.738   5.645  -2.917  -0.812

  -6.810  -1.996  -1.034  -6.476  -0.979  -1.210  -7.339  -0.330  -1.132  -6.063
  -0.915  -2.209  -5.489  -0.603  -0.127  -5.841  -0.406   1.007  -4.199  -0.523
  -0.510  -3.931  -0.663  -1.458  -3.144  -0.171   0.409  -3.509   0.608   1.066
  -2.692  -1.368   1.257  -2.309  -2.158   0.620  -1.916  -1.085   1.962  -3.539
  -1.746   1.815  -1.976   0.360  -0.417  -1.850   0.077  -1.581  -1.106   1.135
   0.258  -1.247   1.299   1.231   0.136   1.627  -0.306   0.195   1.234  -1.309
   0.174   3.154  -0.342   0.089   3.559   0.659   1.107   3.504  -0.773  -0.645
   3.527  -0.945   1.274   1.089   0.558   1.316   1.351   1.736   2.177   0.315
  -0.057   2.110   0.114  -1.031   3.314  -0.249   0.634   3.679   0.489   1.338
   2.946  -1.529   1.396   2.585  -2.285   0.709   3.803  -1.928   1.929   2.169
  -1.306   2.115   4.384  -0.541  -0.414   4.099  -0.697  -1.573   5.640  -0.654
   0.052   5.827  -0.417   0.999   6.755  -0.946  -0.826   6.991  -0.103  -1.464

  -7.560   0.755  -0.611  -6.792   0.218  -1.153  -6.417   0.838  -1.958  -7.246
  -0.670  -1.578  -5.719  -0.210  -0.175  -5.995  -0.724   0.877  -4.447   0.006
  -0.567  -4.241   0.457  -1.430  -3.317  -0.343   0.258  -3.557  -0.104   1.286
  -2.966  -1.835   0.162  -2.717  -2.097  -0.861  -2.123  -2.086   0.797  -3.819
  -2.420   0.476  -2.135   0.504  -0.200  -2.094   0.983  -1.305  -1.155   0.657
   0.713  -1.193   0.121   1.553   0.145   1.200   0.388   0.145   1.417  -0.670
   0.430   2.484   1.175   0.409   2.287   2.242   1.403   2.890   0.920  -0.326
   3.225   0.945   1.201   0.146   0.713   1.041  -0.627   1.626   2.307   0.174
  -0.043   2.405   0.823  -0.793   3.437  -0.693   0.200   3.567  -0.787   1.270
   3.231  -2.089  -0.405   3.109  -2.019  -1.480   4.076  -2.736  -0.195   2.342
  -2.535   0.021   4.662  -0.021  -0.414   4.554   0.800  -1.287   5.851  -0.439
   0.053   5.875  -1.048   0.838   7.099   0.098  -0.451   7.247   1.124  -0.134

   7.667   0.876  -0.076   6.980   0.400   0.611   6.695   1.102   1.385   7.497
  -0.436   1.071   5.803  -0.136  -0.175   5.956  -0.738  -1.206   4.587   0.088
   0.363   4.483   0.604   1.207   3.370  -0.365  -0.265   3.466  -0.227  -1.335
   3.081  -1.845   0.026   2.994  -2.006   1.095   2.159  -2.170  -0.446   3.896
  -2.446  -0.354   2.230   0.499   0.261   2.307   1.065   1.321   1.146   0.570
  -0.544   1.092  -0.089  -1.290  -0.131   1.042  -0.060  -0.025   1.246   0.997
  -0.544   2.331  -0.783  -0.669   2.153  -1.846  -1.470   2.740  -0.395   0.235
   3.072  -0.651  -1.161  -0.078  -0.238  -0.868  -1.131  -0.750  -2.408   0.208
   0.168  -2.629   1.077   0.602  -3.499  -0.732   0.049  -3.417  -1.224  -0.911
  -3.478  -1.791   1.160  -3.572  -1.319   2.132  -4.292  -2.499   1.041  -2.543
  -2.333   1.121  -4.793   0.076   0.110  -4.829   1.159   0.635  -5.878  -0.519
  -0.413  -5.767  -1.369  -0.915  -7.177   0.122  -0.405  -7.211   0.961  -1.091

   7.614   0.754  -0.816   7.022   0.360  -0.000   6.858   1.137   0.737   7.584
  -0.445   0.460   5.738  -0.208  -0.565   5.731  -0.875  -1.567   4.619   0.064
   0.135   4.648   0.622   0.959   3.321  -0.425  -0.263   3.258  -0.376  -1.342
   3.078  -1.872   0.191   3.165  -1.944   1.270   2.090  -2.218  -0.094   3.820
  -2.515  -0.265   2.273   0.490   0.357   2.494   1.109   1.365   1.093   0.547
  -0.305   0.949  -0.141  -1.010  -0.103   1.058   0.334   0.147   1.237   1.372
  -0.536   2.383  -0.299  -0.854   2.249  -1.328  -1.341   2.855   0.254   0.306
   3.062  -0.289  -1.156  -0.059   0.334  -0.820  -1.217   0.369  -2.443   0.316
   0.284  -2.714   1.271   0.217  -3.524  -0.643   0.317  -3.251  -1.483  -0.310
  -3.808  -1.149   1.737  -4.099  -0.324   2.379  -4.605  -1.885   1.740  -2.915
  -1.609   2.139  -4.756   0.052  -0.257  -4.849   1.253  -0.268  -5.729  -0.760
  -0.703  -5.558  -1.737  -0.754  -6.963  -0.238  -1.256  -7.389   0.494  -0.585

  -7.424   0.596  -1.273  -6.909   0.224  -0.397  -6.872  -0.858  -0.428  -7.475
   0.529   0.477  -5.540   0.866  -0.332  -5.379   2.036  -0.569  -4.527   0.052
   0.026  -4.681  -0.914   0.212  -3.169   0.521   0.155  -2.983   1.235  -0.637
  -2.911   1.195   1.510  -3.108   0.498   2.317  -1.884   1.532   1.597  -3.568
   2.049   1.612  -2.248  -0.682  -0.005  -2.620  -1.797   0.252  -1.000  -0.396
  -0.435  -0.764   0.560  -0.576   0.081  -1.363  -0.385  -0.300  -2.213   0.160
   0.485  -1.813  -1.788   0.823  -0.982  -2.400   1.269  -2.563  -1.755  -0.376
  -2.254  -2.275   1.193  -0.779   0.500   0.954  -0.476   1.640   2.400  -0.594
  -0.060   2.587  -0.838  -1.006   3.514  -0.051   0.681   3.147   0.760   1.299
   4.181  -1.101   1.580   4.570  -1.917   0.980   4.999  -0.671   2.147   3.450
  -1.492   2.275   4.513   0.487  -0.340   4.525   0.086  -1.475   5.391   1.393
   0.123   5.277   1.750   1.044   6.410   1.972  -0.729   6.950   1.191  -1.244

   7.204   0.975   1.079   6.694   0.586   0.207   6.768  -0.494   0.194   7.192
   0.980  -0.672   5.266   1.087   0.217   4.998   2.226   0.500   4.325   0.186
  -0.129   4.565  -0.756  -0.344   2.923   0.518  -0.179   2.702   1.173   0.654
   2.539   1.224  -1.486   2.743   0.581  -2.335   1.487   1.487  -1.501   3.122
   2.131  -1.582   2.138  -0.782  -0.036   2.624  -1.844  -0.324   0.871  -0.639
   0.411   0.558   0.271   0.665  -0.081  -1.736   0.470   0.391  -2.570  -0.022
  -0.413  -2.115   1.913  -0.771  -1.267   2.490  -1.167  -2.894   1.948   0.482
  -2.483   2.398  -1.280  -1.372  -0.414  -1.278  -1.630  -1.588  -2.291  -0.710
   0.182  -2.304  -0.540   1.162  -3.454  -0.263  -0.547  -3.125   0.124  -1.504
  -4.461  -1.395  -0.787  -4.815  -1.790   0.159  -5.317  -1.047  -1.356  -3.980
  -2.189  -1.342  -4.095   0.854   0.272  -3.906   0.947   1.458  -4.905   1.685
  -0.405  -4.953   1.613  -1.395  -5.599   2.775   0.250  -6.119   2.412   1.125

   7.079   0.872   0.833   6.489   0.701  -0.057   6.596  -0.329  -0.372   6.872
   1.348  -0.839   5.055   1.092   0.231   4.783   2.099   0.832   4.111   0.255
  -0.245   4.356  -0.586  -0.718   2.703   0.497  -0.054   2.559   0.889   0.945
   2.144   1.504  -1.069   2.263   1.127  -2.079   1.091   1.699  -0.895   2.684
   2.437  -0.975   1.986  -0.843  -0.191   2.483  -1.763  -0.785   0.759  -0.894
   0.374   0.457  -0.106   0.901  -0.110  -2.057   0.286   0.379  -2.753  -0.373
  -0.329  -2.705   1.655  -0.761  -2.011   2.369  -0.995  -3.558   1.569   0.620
  -3.048   2.050  -1.430  -1.703  -0.402  -1.778  -2.258  -1.409  -2.175  -0.750
   0.196  -1.893  -0.314   1.045  -3.416  -0.269  -0.362  -3.303  -0.211  -1.437
  -4.597  -1.192  -0.032  -4.738  -1.254   1.042  -5.517  -0.831  -0.479  -4.393
  -2.182  -0.418  -3.649   1.128   0.208  -3.109   1.488   1.223  -4.516   1.899
  -0.469  -4.858   1.584  -1.347  -4.843   3.242  -0.035  -5.113   3.238   1.011

  -7.102  -0.568   0.333  -6.348  -0.757  -0.419  -6.352   0.043  -1.148  -6.602
  -1.686  -0.920  -5.011  -0.931   0.269  -4.903  -1.550   1.295  -3.954  -0.369
  -0.354  -4.068   0.158  -1.191  -2.614  -0.463   0.170  -2.670  -0.388   1.249
  -1.934  -1.788  -0.201  -1.867  -1.885  -1.280  -0.935  -1.856   0.214  -2.524
  -2.608   0.188  -1.819   0.712  -0.390  -2.144   1.263  -1.406  -0.700   1.031
   0.310  -0.642   0.672   1.238   0.119   2.189  -0.007  -0.303   2.638  -0.891
   0.121   3.208   1.135   0.521   2.774   2.047   0.732   4.061   0.869  -0.890
   3.549   1.330   1.560   1.832  -0.369   2.209   2.579  -1.053   2.074   0.728
   0.208   1.464   0.033   0.577   3.406   0.264  -0.101   3.628   0.507  -1.134
   4.456   0.925   0.800   4.270   0.679   1.840   5.460   0.604   0.545   4.400
   1.998   0.679   3.409  -1.255   0.068   2.518  -1.828   0.642   4.476  -1.895
  -0.438   5.130  -1.385  -0.986   4.606  -3.336  -0.362   3.890  -3.835  -1.005

  -6.569  -1.030  -0.980  -5.579  -1.459  -1.068  -5.203  -1.302  -2.072  -5.662
  -2.526  -0.890  -4.694  -0.859   0.002  -5.085  -0.697   1.129  -3.440  -0.545
  -0.382  -3.152  -0.637  -1.330  -2.486   0.043   0.526  -3.010   0.753   1.155
  -1.810  -1.007   1.418  -1.230  -1.704   0.823  -1.146  -0.547   2.143  -2.573
  -1.552   1.958  -1.452   0.785  -0.316  -1.320   0.576  -1.492  -0.674   1.663
   0.360  -0.888   1.849   1.314   0.308   2.507  -0.296  -0.018   2.655  -1.316
   0.394   3.860   0.410   0.696   3.742   1.447   1.124   4.485  -0.083  -0.570
   4.356   0.387   1.706   1.894  -0.414   2.582   2.525  -0.951   1.889   0.665
   0.087   1.132   0.157   0.482   3.136  -0.046  -0.060   3.537   0.169  -1.043
   4.166   0.368   1.000   3.791   0.149   1.994   5.105  -0.157   0.861   4.351
   1.431   0.919   2.824  -1.536   0.057   1.844  -1.928   0.638   3.733  -2.365
  -0.483   4.458  -1.984  -1.045   3.569  -3.804  -0.443   3.341  -4.121   0.564

