-495.83895477
-495.83661165
-495.83294613
-495.82803564
-495.84083884
-495.82208486
-495.81550452
-495.81971383
-495.82475969
-495.82934823
-495.83301499
-495.83570676
-495.83737437
-495.83800596
-495.83867084
-495.84016627
-495.84015736
-495.84107211
-495.84135248
-495.83923374
-495.83834269
-495.83908822
-495.83978911
-495.84310091
-495.83693360
-495.83751442
-495.83831062
-495.83919352
-495.84200699
-495.83997820
-495.84075918
-495.84160302
-495.84211049
-495.84219115
-495.84196156
-495.84163080
-495.84236243
-495.84408042
-495.84487058
-495.84014722
-495.84449562
-495.84378350
-495.84348113
-495.83760640
-495.83529831
-495.83567972
-495.83642185
-495.84139922
-495.83674113
-495.83742416
-495.83850960
-495.83976828
-495.83973702
-495.84084726
-495.84152117
-495.84201774
-495.84217159
-495.84188804
-495.84129386
-495.84051606
-495.83998410
-495.84039249
-495.84110555
-495.83732987
-495.84170650
-495.84221003
-495.84216660
-495.83454973
-495.83451228
-495.83568425
-495.83627650
-495.84028741
-495.83750791
-495.83886073
-495.84069637
-495.84239180
-495.83809677
-495.84343520
-495.84364962
-495.84349637
-495.84312192
-495.84240523
-495.84140318
-495.84022379
-495.83922349
-495.83911608
-495.83998866
-495.83516330
-495.84111802
-495.84177642
-495.84152327
-495.83473610
-495.83597525
-495.83659618
-495.83694960
-495.84174549
-495.83547639
-495.83182013
-495.82744215
-495.82243892
-495.84114743
-495.81908949
-495.82236163
-495.82718594
-495.83174978
-495.83530637
-495.83754494
-495.83842318
-495.83844125
-495.83898503
-495.84038132
-495.84015660
-495.84143452
-495.84190863
-495.83898459
-495.83946787
-495.83987123
-495.83835439
-495.83986451
-495.84022703
-495.84223325
-495.84434927
-495.84600009
-495.83717458
-495.84674259
-495.84649893
-495.84575704
-495.84483779
-495.84366035
-495.84223631
-495.84067148
-495.83942187
-495.83925348
-495.84034857
-495.83704616
-495.84164382
-495.84217493
-495.84158181
-495.83824216
-495.83853746
-495.83853250
-495.83888090
-495.84002229
-495.84397302
-495.84603632
-495.84793640
-495.84929058
-495.84016370
-495.84973175
-495.84920589
-495.84813209
-495.84688182
-495.84537049
-495.84358892
-495.84170960
-495.84029435
-495.84018677
-495.84141250
-495.84172407
-495.84273321
-495.84308022
-495.84215850
-495.84217677
-495.84185792
-495.84163163
-495.84232622
-495.84254150
-495.84709769
-495.84888381
-495.85046660
-495.85152997
-495.84463882
-495.85182648
-495.85126227
-495.85012728
-495.84874529
-495.84703977
-495.84499454
-495.84290965
-495.84146723
-495.84144005
-495.84264353
-495.84571960
-495.84375547
-495.84386426
-495.84264532
-495.84573726
-495.84513999
-495.84483065
-495.84555664
-495.84585990
-495.84887086
-495.85033766
-495.85158592
-495.85248948
-495.84761244
-495.85279526
-495.85234736
-495.85130427
-495.84987743
-495.84802427
-495.84582553
-495.84367670
-495.84234931
-495.84254237
-495.84344621
-495.84832978
-495.84413303
-495.84385922
-495.84325816
-495.84806333
-495.84731967
-495.84695903
-495.84758312
-495.84781307
-495.84965274
-495.85078450
-495.85180913
-495.85252770
-495.84922289
-495.85277920
-495.85232697
-495.85123043
-495.84965747
-495.84769390
-495.84547245
-495.84351655
-495.84263539
-495.84288469
-495.84328410
-495.84960338
-495.84337095
-495.84257881
-495.84549153
-495.84913579
-495.84834021
-495.84805702
-495.84860158
-495.84891416
-495.85006978
-495.85091563
-495.85164548
-495.85214309
-495.84995230
-495.85214532
-495.85139052
-495.84992269
-495.84812586
-495.84615749
-495.84422749
-495.84285204
-495.84244179
-495.84248333
-495.84244150
-495.85004899
-495.84182884
-495.84427838
-495.84696316
-495.84950967
-495.84893548
-495.84890393
-495.84934495
-495.84945854
-495.85055435
-495.85099050
-495.85144690
-495.85161084
-495.85012827
-495.85126344
-495.85010607
-495.84833990
-495.84651071
-495.84480051
-495.84339516
-495.84249687
-495.84212172
-495.84193107
-495.84156395
-495.85000044
-495.84276213
-495.84553863
-495.84790767
-495.84974286
-495.84997002
-495.85026336
-495.85034925
-495.84951559
-495.85126436
-495.85101510
-495.85105243
-495.85091028
-495.84977458
-495.85024610
-495.84889958
-495.84713958
-495.84553219
-495.84411840
-495.84288919
-495.84199900
-495.84152119
-495.84124049
-495.84117064
-495.84985424
-495.84643305
-495.84843576
-495.85099349
-495.85226432
-495.85263552
-495.85203687
-495.84905816
-495.85226618
-495.85102419
-495.85048445
-495.85003277
-495.84918179
-495.84921016
-495.84788900
-495.84627396
-495.84471890
-495.84321517
-495.84182692
-495.84081484
-495.84027835
-495.84004934
-495.84157485
-495.85095620
-495.84466560
-495.84717819
-495.84860442
-495.85308990
-495.85448543
-495.85481516
-495.85386906
-495.84797681
-495.85257995
-495.85089139
-495.84987385
-495.84921181
-495.84946799
-495.84830595
-495.84685835
-495.84495843
-495.84290361
-495.84089885
-495.83921503
-495.83824879
-495.83803704
-495.83864477
-495.84205349
-495.85160594
-495.84545594
-495.84753482
-495.84811773
-495.85322694
-495.85431876
-495.85477289
-495.85415321
-495.84310748
-495.83238020
-495.82826884
-495.82415402
-495.82502488
-495.84219506
-495.82785422
-495.83160210
-495.83542670
-495.83854038
-495.84049273
-495.84120776
-495.84097010
-495.84108739
-495.84222836
-495.84318013
-495.84096432
-495.84363469
-495.84373257
-495.84361116
-495.84098828
-495.84170189
-495.83988932
-495.83638015
-495.84704824
-495.85103851
-495.84988650
-495.84900507
-495.84820873
-495.84862117
-495.84689667
-495.84475998
-495.84177537
-495.83865350
-495.83592754
-495.83425335
-495.83398259
-495.83490326
-495.83793374
-495.84238355
-495.84994391
-495.84557664
-495.84665647
-495.84626279
-495.85089132
-495.85159903
-495.85220471
-495.85198491
-495.84542221
-495.84788815
-495.84776366
-495.84720424
-495.84591198
-495.84618727
-495.84355779
-495.83998758
-495.83541551
-495.83112776
-495.82836512
-495.82787349
-495.82921085
-495.83272392
-495.83792078
-495.84227780
-495.84668206
-495.84434536
-495.84408011
-495.84441215
-495.84707276
-495.84756398
-495.84802368
-495.84805246
-495.84329078
-495.84442213
-495.84478009
-495.84382466
-495.84139992
-495.84339908
-495.83748912
-495.83220015
-495.82636075
-495.82201596
-495.82004627
-495.82445770
-495.82907144
-495.83388644
-495.83847022
-495.84132559
-495.84329544
-495.84163414
-495.84188144
-495.84280716
-495.84328225
-495.84340214
-495.84344852
-495.84364876
-495.84176863
-495.84176053
-495.84116881
-495.83888288
-495.83498713
-495.84147098
-495.82958701
-495.82320418
-495.81730149
-495.81916269
-495.82384971
-495.82826597
-495.83230093
-495.83592155
-495.83857978
-495.83935382
-495.84109202
-495.83984045
-495.84104758
-495.84167727
-495.84063498
-495.83975057
-495.83975640
-495.84081617
-495.84500686
-495.83182879
-495.83066491
-495.83107600
-495.83321375
-495.84366208
-495.83622739
-495.83905991
-495.84143941
-495.84313142
-495.84391852
-495.84401854
-495.84409942
-495.84505807
-495.84620531
-495.84674866
-495.84308954
-495.84680140
-495.84658998
-495.84601159
-495.84410961
-495.84284510
-495.83941560
-495.83526984
-495.84630971
-495.83503319
-495.83518716
-495.83642884
-495.83851230
-495.84497014
-495.84066744
-495.84236568
-495.84368871
-495.84452523
-495.84490651
-495.84526319
-495.84628376
-495.84803401
-495.84942425
-495.84984990
-495.84565210
-495.84974678
-495.84916011
-495.84797800
-495.84516572
-495.84266334
-495.83900140
-495.83583190
-495.84592435
-495.83687772
-495.83750459
-495.83870998
-495.84021759
-495.84575217
-495.84149326
-495.84245158
-495.84328422
-495.84387960
-495.84418468
-495.84459820
-495.84607037
-495.84847761
-495.85032190
-495.85097233
-495.84549715
-495.85067464
-495.84959459
-495.84778614
-495.84388427
-495.84106304
-495.83807513
-495.83671570
-495.84478156
-495.83726154
-495.83789176
-495.83883237
-495.83985069
-495.84440966
-495.84067089
-495.84137719
-495.84218696
-495.84277566
-495.84303990
-495.84308684
-495.84381249
-495.84617340
-495.84835423
-495.84919075
-495.84317257
-495.84868644
-495.84720112
-495.84544103
-495.84100007
-495.83834319
-495.83640515
-495.83677267
