L0  Nsteps           time(ps)         Etot             EKinetic        
L1  Temp             T_solute         T_solv           Pres_scal_solu  
L2  Pres_scal_solv   BoxX             BoxY             BoxZ            
L3  volume           pres_X           pres_Y           pres_Z          
L4  Pressure         EKCoM_x          EKCoM_y          EKCoM_z         
L5  EKComTot         VIRIAL_x         VIRIAL_y         VIRIAL_z        
L6  VIRIAL_tot       E_pot            E_vdw            E_el            
L7  E_hbon           E_bon            E_angle          E_dih           
L8  E_14vdw          E_14el           E_const          E_pol           
L9  AV_permMoment    AV_indMoment     AV_totMoment     Density          dV/dlambda      
L0     1000  0.2000000000E+01  -.6974087483E+04  0.1659254746E+04
L1 0.3005668406E+03  0.3005668406E+03  -.8633342228E+10  0.1000000000E+01
L2 0.1000000000E+01  0.3400096142E+02  0.3400096142E+02  0.3400096142E+02
L3 0.3026183992E+05  -.7354320217E+03  -.1431373797E+04  -.1206603825E+04
L4 -.1124469881E+04  0.2552963716E+03  0.2830151073E+03  0.2885839612E+03
L5 0.8268954401E+03  0.4154712656E+03  0.5947640378E+03  0.5513786643E+03
L6 0.1561613968E+04  -.8633342228E+04  0.1218884435E+04  -.9929212595E+04
L7 0.0000000000E+00  0.4317562819E+01  0.8974826109E+01  0.1230984196E+02
L8 0.2967302982E+01  0.4518572920E+02  0.3230668653E+01  0.0000000000E+00
L9 0.0000000000E+00  0.0000000000E+00  0.0000000000E+00  0.9144551104E+00  0.0000000000E+00
L0     2000  0.4000000000E+01  -.7061281252E+04  0.1676305456E+04
L1 0.3036555032E+03  0.3036555032E+03  -.8737586707E+10  0.1000000000E+01
L2 0.1000000000E+01  0.3347080699E+02  0.3347080699E+02  0.3347080699E+02
L3 0.2886671765E+05  -.2739480502E+03  -.6078102355E+03  -.7196703053E+03
L4 -.5338095303E+03  0.2684502198E+03  0.2814605098E+03  0.2821918520E+03
L5 0.8321025816E+03  0.3253646246E+03  0.4077368521E+03  0.4317078168E+03
L6 0.1164809293E+04  -.8737586707E+04  0.1268702119E+04  -.1007935509E+05
L7 0.0000000000E+00  0.3267966380E+01  0.1060810322E+02  0.9953904728E+01
L8 0.3515097673E+01  0.4340630218E+02  0.2314891166E+01  0.0000000000E+00
L9 0.0000000000E+00  0.0000000000E+00  0.0000000000E+00  0.9586505299E+00  0.0000000000E+00
L0     3000  0.6000000000E+01  -.7070772265E+04  0.1685682875E+04
L1 0.3053541823E+03  0.3053541823E+03  -.8756455140E+10  0.1000000000E+01
L2 0.1000000000E+01  0.3330347092E+02  0.3330347092E+02  0.3330347092E+02
L3 0.2843517304E+05  0.2687641412E+03  -.6380378056E+03  -.3436125083E+03
L4 -.2376287242E+03  0.2704987204E+03  0.2758453738E+03  0.2804086619E+03
L5 0.8267527561E+03  0.2154960494E+03  0.4064200232E+03  0.3507290761E+03
L6 0.9726451487E+03  -.8756455140E+04  0.1280253005E+04  -.1011802993E+05
L7 0.0000000000E+00  0.7738776187E+01  0.1025947486E+02  0.9839137127E+01
L8 0.3412141051E+01  0.4473850400E+02  0.5333751585E+01  0.0000000000E+00
L9 0.0000000000E+00  0.0000000000E+00  0.0000000000E+00  0.9731994291E+00  0.0000000000E+00
L0     4000  0.8000000000E+01  -.7194198660E+04  0.1585455129E+04
L1 0.2871983583E+03  0.2871983583E+03  -.8779653788E+10  0.1000000000E+01
L2 0.1000000000E+01  0.3315892550E+02  0.3315892550E+02  0.3315892550E+02
L3 0.2806515761E+05  -.8560144132E+02  -.1657309069E+02  0.1034251547E+04
L4 0.3106923383E+03  0.2604776398E+03  0.2766545266E+03  0.2628533448E+03
L5 0.7999855112E+03  0.2777680439E+03  0.2800020804E+03  0.5394766657E+02
L6 0.6117177909E+03  -.8779653788E+04  0.1345211235E+04  -.1020248842E+05
L7 0.0000000000E+00  0.2311705496E+01  0.1322407604E+02  0.1071269133E+02
L8 0.3863301828E+01  0.4524608151E+02  0.2265544722E+01  0.0000000000E+00
L9 0.0000000000E+00  0.0000000000E+00  0.0000000000E+00  0.9860302427E+00  0.0000000000E+00
L0     5000  0.1000000000E+02  -.7188660105E+04  0.1586994878E+04
L1 0.2874772773E+03  0.2874772773E+03  -.8775654983E+10  0.1000000000E+01
L2 0.1000000000E+01  0.3314296819E+02  0.3314296819E+02  0.3314296819E+02
L3 0.2802624608E+05  -.2091838561E+02  -.9675269628E+02  -.8547110850E+03
L4 -.3241273890E+03  0.2624727345E+03  0.2553643544E+03  0.2506833219E+03
L5 0.7685204109E+03  0.2666921246E+03  0.2748800748E+03  0.4230847454E+03
L6 0.9646569449E+03  -.8775654983E+04  0.1265205257E+04  -.1011532359E+05
L7 0.0000000000E+00  0.3770049061E+01  0.1001847538E+02  0.1247370551E+02
L8 0.2404024089E+01  0.4290105584E+02  0.2896039644E+01  0.0000000000E+00
L9 0.0000000000E+00  0.0000000000E+00  0.0000000000E+00  0.9873992431E+00  0.0000000000E+00
L0     6000  0.1200000000E+02  -.7208308570E+04  0.1636593360E+04
L1 0.2964618284E+03  0.2964618284E+03  -.8844901930E+10  0.1000000000E+01
L2 0.1000000000E+01  0.3307818244E+02  0.3307818244E+02  0.3307818244E+02
L3 0.2786023707E+05  0.3177202586E+03  0.8684724476E+03  0.2295619377E+03
L4 0.4719182146E+03  0.2712077598E+03  0.2583621924E+03  0.2721295833E+03
L5 0.8016995354E+03  0.2075008858E+03  0.8422263644E+02  0.2260995520E+03
L6 0.5178230743E+03  -.8844901930E+04  0.1382522293E+04  -.1030616524E+05
L7 0.0000000000E+00  0.9037689463E+01  0.1191292076E+02  0.9617230296E+01
L8 0.3801763238E+01  0.4198714066E+02  0.2384273798E+01  0.0000000000E+00
L9 0.0000000000E+00  0.0000000000E+00  0.0000000000E+00  0.9932827958E+00  0.0000000000E+00
L0     7000  0.1400000000E+02  -.7198089540E+04  0.1604607824E+04
L1 0.2906677865E+03  0.2906677865E+03  -.8802697364E+10  0.1000000000E+01
L2 0.1000000000E+01  0.3319526531E+02  0.3319526531E+02  0.3319526531E+02
L3 0.2815725215E+05  0.4315974479E+03  0.4810111438E+03  0.3525255692E+03
L4 0.4217113870E+03  0.2732364868E+03  0.2528156131E+03  0.2581873102E+03
L5 0.7842394102E+03  0.1857732153E+03  0.1553386505E+03  0.1867479638E+03
L6 0.5278598296E+03  -.8802697364E+04  0.1369666104E+04  -.1024785447E+05
L7 0.0000000000E+00  0.6289639799E+01  0.1107872744E+02  0.9590715607E+01
L8 0.2817565875E+01  0.4303615615E+02  0.2678197104E+01  0.0000000000E+00
L9 0.0000000000E+00  0.0000000000E+00  0.0000000000E+00  0.9828052119E+00  0.0000000000E+00
L0     8000  0.1600000000E+02  -.7154263942E+04  0.1633071728E+04
L1 0.2958239000E+03  0.2958239000E+03  -.8787335670E+10  0.1000000000E+01
L2 0.1000000000E+01  0.3310619681E+02  0.3310619681E+02  0.3310619681E+02
L3 0.2793272757E+05  -.4585718062E+03  -.7350762958E+02  -.3276187780E+02
L4 -.1882804379E+03  0.2719700269E+03  0.2605129928E+03  0.2685169095E+03
L5 0.8009999292E+03  0.3641586388E+03  0.2752905396E+03  0.2751031671E+03
L6 0.9145523455E+03  -.8787335670E+04  0.1252697894E+04  -.1011444544E+05
L7 0.0000000000E+00  0.1351856936E+01  0.7633474223E+01  0.1177546303E+02
L8 0.5037793920E+01  0.4521798546E+02  0.3395297799E+01  0.0000000000E+00
L9 0.0000000000E+00  0.0000000000E+00  0.0000000000E+00  0.9907050466E+00  0.0000000000E+00
L0     9000  0.1800000000E+02  -.7182383708E+04  0.1646061332E+04
L1 0.2981769106E+03  0.2981769106E+03  -.8828445040E+10  0.1000000000E+01
L2 0.1000000000E+01  0.3308376332E+02  0.3308376332E+02  0.3308376332E+02
L3 0.2787544626E+05  0.9155452255E+02  0.1724044397E+03  -.1817643460E+03
L4 0.2739820540E+02  0.2589872896E+03  0.2821237998E+03  0.2822153066E+03
L5 0.8233263961E+03  0.2406194444E+03  0.2475356880E+03  0.3186812209E+03
L6 0.8068363533E+03  -.8828445040E+04  0.1312329747E+04  -.1022122687E+05
L7 0.0000000000E+00  0.3069656816E+01  0.7655809624E+01  0.1188955594E+02
L8 0.2040257688E+01  0.4808122023E+02  0.7715578840E+01  0.0000000000E+00
L9 0.0000000000E+00  0.0000000000E+00  0.0000000000E+00  0.9927408484E+00  0.0000000000E+00
L0    10000  0.2000000000E+02  -.7210678200E+04  0.1672537026E+04
L1 0.3029728685E+03  0.3029728685E+03  -.8883215226E+10  0.1000000000E+01
L2 0.1000000000E+01  0.3313756967E+02  0.3313756967E+02  0.3313756967E+02
L3 0.2801130714E+05  0.5984930071E+03  -.5461051887E+03  0.4711388109E+03
L4 0.1745088764E+03  0.2762725606E+03  0.2893032982E+03  0.2767259114E+03
L5 0.8423017703E+03  0.1556165294E+03  0.3993979592E+03  0.1817444523E+03
L6 0.7367589409E+03  -.8883215226E+04  0.1347220612E+04  -.1030529765E+05
L7 0.0000000000E+00  0.1851349934E+01  0.8647672236E+01  0.1074240214E+02
L8 0.3158852510E+01  0.4738039448E+02  0.3081136832E+01  0.0000000000E+00
L9 0.0000000000E+00  0.0000000000E+00  0.0000000000E+00  0.9879258411E+00  0.0000000000E+00
