L0  Nsteps           time(ps)         Etot             EKinetic        
L1  Temp             T_solute         T_solv           Pres_scal_solu  
L2  Pres_scal_solv   BoxX             BoxY             BoxZ            
L3  volume           pres_X           pres_Y           pres_Z          
L4  Pressure         EKCoM_x          EKCoM_y          EKCoM_z         
L5  EKComTot         VIRIAL_x         VIRIAL_y         VIRIAL_z        
L6  VIRIAL_tot       E_pot            E_vdw            E_el            
L7  E_hbon           E_bon            E_angle          E_dih           
L8  E_14vdw          E_14el           E_const          E_pol           
L9  AV_permMoment    AV_indMoment     AV_totMoment     Density          dV/dlambda      
L0     1000  0.2000000000E+01  -.6864539932E+04  0.1597493932E+04
L1 0.2954411021E+03  0.2954411021E+03  -.8462033864E+10  0.1000000000E+01
L2 0.1000000000E+01  0.3396338707E+02  0.3396338707E+02  0.3396338707E+02
L3 0.3016045477E+05  -.1044685177E+04  -.5941115045E+03  -.4309377880E+03
L4 -.6899114899E+03  0.2764559372E+03  0.2904357756E+03  0.2478111489E+03
L5 0.8147028618E+03  0.5032229601E+03  0.4193979740E+03  0.3413536643E+03
L6 0.1263974598E+04  -.8462033864E+04  0.1260786698E+04  -.9802895489E+04
L7 0.0000000000E+00  0.1147924998E+01  0.1679568353E+02  0.9777216797E+01
L8 0.3474294251E+01  0.4531943511E+02  0.3560371618E+01  0.0000000000E+00
L9 0.0000000000E+00  0.0000000000E+00  0.0000000000E+00  0.8986825861E+00  0.0000000000E+00
L0     2000  0.4000000000E+01  -.6835800841E+04  0.1625533325E+04
L1 0.3006267175E+03  0.3006267175E+03  -.8461334166E+10  0.1000000000E+01
L2 0.1000000000E+01  0.3355399757E+02  0.3355399757E+02  0.3355399757E+02
L3 0.2908202776E+05  -.6446982423E+03  -.7125252784E+02  -.3452888316E+03
L4 -.3537465339E+03  0.2775796500E+03  0.2690473259E+03  0.2893542443E+03
L5 0.8359812202E+03  0.4125187318E+03  0.2839608933E+03  0.3616251997E+03
L6 0.1058104825E+04  -.8461334166E+04  0.1256807564E+04  -.9797393147E+04
L7 0.0000000000E+00  0.1797543425E+01  0.1093496796E+02  0.1159577251E+02
L8 0.4102829085E+01  0.4735578227E+02  0.3464521617E+01  0.0000000000E+00
L9 0.0000000000E+00  0.0000000000E+00  0.0000000000E+00  0.9320077581E+00  0.0000000000E+00
L0     3000  0.6000000000E+01  -.7043507721E+04  0.1594354180E+04
L1 0.2948604352E+03  0.2948604352E+03  -.8637861901E+10  0.1000000000E+01
L2 0.1000000000E+01  0.3309952401E+02  0.3309952401E+02  0.3309952401E+02
L3 0.2791549063E+05  -.5094501356E+03  -.3068181316E+02  0.3972108055E+03
L4 -.4764038108E+02  0.2562391117E+03  0.2804053811E+03  0.2543650327E+03
L5 0.7910095255E+03  0.3585928072E+03  0.2865696683E+03  0.1745613562E+03
L6 0.8197238316E+03  -.8637861901E+04  0.1313577336E+04  -.1003257034E+05
L7 0.0000000000E+00  0.2523206258E+01  0.1258646710E+02  0.1234719016E+02
L8 0.3684928707E+01  0.4520497133E+02  0.4784340577E+01  0.0000000000E+00
L9 0.0000000000E+00  0.0000000000E+00  0.0000000000E+00  0.9709546521E+00  0.0000000000E+00
L0     4000  0.8000000000E+01  -.7007086741E+04  0.1602200227E+04
L1 0.2963114860E+03  0.2963114860E+03  -.8609286968E+10  0.1000000000E+01
L2 0.1000000000E+01  0.3304270265E+02  0.3304270265E+02  0.3304270265E+02
L3 0.2777066271E+05  0.2762920121E+03  0.1442711735E+04  -.2772282429E+03
L4 0.4805918347E+03  0.2814592613E+03  0.2577696536E+03  0.2632703650E+03
L5 0.8024992799E+03  0.2262373857E+03  -.3058196134E+02  0.3186793629E+03
L6 0.5143347873E+03  -.8609286968E+04  0.1354287833E+04  -.1003321641E+05
L7 0.0000000000E+00  0.2589293898E+01  0.9999099825E+01  0.9301691270E+01
L8 0.3099536613E+01  0.4269253988E+02  0.1959448589E+01  0.0000000000E+00
L9 0.0000000000E+00  0.0000000000E+00  0.0000000000E+00  0.9760183175E+00  0.0000000000E+00
L0     5000  0.1000000000E+02  -.6984704217E+04  0.1646738947E+04
L1 0.3045484928E+03  0.3045484928E+03  -.8631443164E+10  0.1000000000E+01
L2 0.1000000000E+01  0.3306747525E+02  0.3306747525E+02  0.3306747525E+02
L3 0.2783408379E+05  0.1606553168E+03  0.6505080516E+03  -.4738811420E+03
L4 0.1124274088E+03  0.2803232160E+03  0.2664961325E+03  0.2800734107E+03
L5 0.8268927591E+03  0.2481400613E+03  0.1361835995E+03  0.3750032917E+03
L6 0.7593269525E+03  -.8631443164E+04  0.1300261634E+04  -.1000817450E+05
L7 0.0000000000E+00  0.2029539366E+01  0.1453183741E+02  0.9169006418E+01
L8 0.3035856582E+01  0.4328688723E+02  0.4416572509E+01  0.0000000000E+00
L9 0.0000000000E+00  0.0000000000E+00  0.0000000000E+00  0.9737944204E+00  0.0000000000E+00
L0     6000  0.1200000000E+02  -.6961420453E+04  0.1593283864E+04
L1 0.2946624906E+03  0.2946624906E+03  -.8554704317E+10  0.1000000000E+01
L2 0.1000000000E+01  0.3296244503E+02  0.3296244503E+02  0.3296244503E+02
L3 0.2756984850E+05  0.3785439120E+03  0.6283329427E+03  -.8481156826E+03
L4 0.5292039069E+02  0.2840569617E+03  0.2653486581E+03  0.2684903755E+03
L5 0.8178959953E+03  0.2089453250E+03  0.1406732526E+03  0.4367756260E+03
L6 0.7863942036E+03  -.8554704317E+04  0.1256907892E+04  -.9884106729E+04
L7 0.0000000000E+00  0.3291537959E+01  0.8087564672E+01  0.1129689468E+02
L8 0.2832149102E+01  0.4478851481E+02  0.2197858473E+01  0.0000000000E+00
L9 0.0000000000E+00  0.0000000000E+00  0.0000000000E+00  0.9831274731E+00  0.0000000000E+00
L0     7000  0.1400000000E+02  -.6947253419E+04  0.1617505225E+04
L1 0.2991419978E+03  0.2991419978E+03  -.8564758644E+10  0.1000000000E+01
L2 0.1000000000E+01  0.3296576486E+02  0.3296576486E+02  0.3296576486E+02
L3 0.2757891543E+05  -.7597330111E+03  0.5224707988E+03  -.5014686563E+03
L4 -.2462436229E+03  0.2765038132E+03  0.2688347304E+03  0.2574423755E+03
L5 0.8027809192E+03  0.4273015281E+03  0.1651306641E+03  0.3569777733E+03
L6 0.9494099656E+03  -.8564758644E+04  0.1225052581E+04  -.9866159155E+04
L7 0.0000000000E+00  0.2180268714E+01  0.1223797369E+02  0.8863837103E+01
L8 0.3662576855E+01  0.4589471017E+02  0.3508563031E+01  0.0000000000E+00
L9 0.0000000000E+00  0.0000000000E+00  0.0000000000E+00  0.9828042571E+00  0.0000000000E+00
L0     8000  0.1600000000E+02  -.7035195843E+04  0.1664159140E+04
L1 0.3077701895E+03  0.3077701895E+03  -.8699354983E+10  0.1000000000E+01
L2 0.1000000000E+01  0.3291115907E+02  0.3291115907E+02  0.3291115907E+02
L3 0.2744158862E+05  -.1493280818E+02  -.4663121880E+03  0.3618036776E+03
L4 -.3981377287E+02  0.2903513452E+03  0.2872402232E+03  0.2695765889E+03
L5 0.8471681573E+03  0.2933005662E+03  0.3793366109E+03  0.1981205716E+03
L6 0.8707577487E+03  -.8699354983E+04  0.1297531669E+04  -.1007468876E+05
L7 0.0000000000E+00  0.9252384860E+00  0.1747288082E+02  0.9591206370E+01
L8 0.2350502542E+01  0.4296960060E+02  0.4492680899E+01  0.0000000000E+00
L9 0.0000000000E+00  0.0000000000E+00  0.0000000000E+00  0.9877225355E+00  0.0000000000E+00
L0     9000  0.1800000000E+02  -.7095791687E+04  0.1575262568E+04
L1 0.2913296255E+03  0.2913296255E+03  -.8671054255E+10  0.1000000000E+01
L2 0.1000000000E+01  0.3283490048E+02  0.3283490048E+02  0.3283490048E+02
L3 0.2725104545E+05  0.7302876855E+03  0.1679682640E+03  -.7341566214E+03
L4 0.5469977604E+02  0.2688710785E+03  0.2527525320E+03  0.2367648065E+03
L5 0.7583884170E+03  0.1256411663E+03  0.2198092411E+03  0.3807535256E+03
L6 0.7262039330E+03  -.8671054255E+04  0.1282803750E+04  -.1002543767E+05
L7 0.0000000000E+00  0.3250815845E+01  0.7640020766E+01  0.1091183751E+02
L8 0.3282480956E+01  0.4517111187E+02  0.1323401387E+01  0.0000000000E+00
L9 0.0000000000E+00  0.0000000000E+00  0.0000000000E+00  0.9946288313E+00  0.0000000000E+00
L0    10000  0.2000000000E+02  -.7073213274E+04  0.1581700643E+04
L1 0.2925202856E+03  0.2925202856E+03  -.8654913918E+10  0.1000000000E+01
L2 0.1000000000E+01  0.3283718464E+02  0.3283718464E+02  0.3283718464E+02
L3 0.2725686623E+05  -.4382984100E+03  -.1532605703E+03  0.5912663219E+03
L4 -.9755280602E-01  0.2641415765E+03  0.2710874990E+03  0.2682018906E+03
L5 0.8034309661E+03  0.3501225579E+03  0.3011526189E+03  0.1522132001E+03
L6 0.8034883769E+03  -.8654913918E+04  0.1285484721E+04  -.1001399544E+05
L7 0.0000000000E+00  0.3271384420E+01  0.1383264065E+02  0.9388963489E+01
L8 0.3061653818E+01  0.4194808851E+02  0.2094071536E+01  0.0000000000E+00
L9 0.0000000000E+00  0.0000000000E+00  0.0000000000E+00  0.9944164257E+00  0.0000000000E+00
