L0  Nsteps           time(ps)         Etot             EKinetic        
L1  Temp             T_solute         T_solv           Pres_scal_solu  
L2  Pres_scal_solv   BoxX             BoxY             BoxZ            
L3  volume           pres_X           pres_Y           pres_Z          
L4  Pressure         EKCoM_x          EKCoM_y          EKCoM_z         
L5  EKComTot         VIRIAL_x         VIRIAL_y         VIRIAL_z        
L6  VIRIAL_tot       E_pot            E_vdw            E_el            
L7  E_hbon           E_bon            E_angle          E_dih           
L8  E_14vdw          E_14el           E_const          E_pol           
L9  AV_permMoment    AV_indMoment     AV_totMoment     Density          dV/dlambda      
L0     1000  0.2000000000E+01  -.6870690754E+04  0.1561622011E+04
L1 0.2917014377E+03  0.2917014377E+03  -.8432312764E+10  0.1000000000E+01
L2 0.1000000000E+01  0.3393080502E+02  0.3393080502E+02  0.3393080502E+02
L3 0.3007357609E+05  -.8566337756E+03  -.4957469763E+03  -.5378074231E+03
L4 -.6300627250E+03  0.2559850641E+03  0.2564004360E+03  0.2470890074E+03
L5 0.7594745074E+03  0.4413966411E+03  0.3637009316E+03  0.3634931526E+03
L6 0.1168590725E+04  -.8432312764E+04  0.1294646877E+04  -.9798452565E+04
L7 0.0000000000E+00  0.2347932251E+01  0.1269524041E+02  0.1297995143E+02
L8 0.2451561599E+01  0.4019309561E+02  0.8251421025E+00  0.0000000000E+00
L9 0.0000000000E+00  0.0000000000E+00  0.0000000000E+00  0.8923256901E+00  0.0000000000E+00
L0     2000  0.4000000000E+01  -.6795665515E+04  0.1565948457E+04
L1 0.2925095913E+03  0.2925095913E+03  -.8361613972E+10  0.1000000000E+01
L2 0.1000000000E+01  0.3341277512E+02  0.3341277512E+02  0.3341277512E+02
L3 0.2871800187E+05  -.1138168842E+04  -.2909641660E+03  -.1544623468E+04
L4 -.9912521589E+03  0.2519910230E+03  0.2432307173E+03  0.2777159732E+03
L5 0.7729377135E+03  0.4872344470E+03  0.3033689008E+03  0.5969678275E+03
L6 0.1387571175E+04  -.8361613972E+04  0.1149197782E+04  -.9583294912E+04
L7 0.0000000000E+00  0.1860509218E+01  0.1110739902E+02  0.8527445244E+01
L8 0.2559474806E+01  0.4190060398E+02  0.6527726379E+01  0.0000000000E+00
L9 0.0000000000E+00  0.0000000000E+00  0.0000000000E+00  0.9344460892E+00  0.0000000000E+00
L0     3000  0.6000000000E+01  -.6913657937E+04  0.1633187970E+04
L1 0.3050695210E+03  0.3050695210E+03  -.8546845908E+10  0.1000000000E+01
L2 0.1000000000E+01  0.3308979490E+02  0.3308979490E+02  0.3308979490E+02
L3 0.2789155056E+05  -.2244010905E+03  -.2435900464E+03  -.4812899406E+03
L4 -.3164270258E+03  0.2655959386E+03  0.2689349973E+03  0.2859934530E+03
L5 0.8205243888E+03  0.3106417279E+03  0.3178327361E+03  0.3826065542E+03
L6 0.1011081018E+04  -.8546845908E+04  0.1280714859E+04  -.9904603931E+04
L7 0.0000000000E+00  0.3268479355E+01  0.1243827141E+02  0.1262332128E+02
L8 0.1461138177E+01  0.4303158095E+02  0.4220373343E+01  0.0000000000E+00
L9 0.0000000000E+00  0.0000000000E+00  0.0000000000E+00  0.9621345535E+00  0.0000000000E+00
L0     4000  0.8000000000E+01  -.6936181783E+04  0.1547317602E+04
L1 0.2890294616E+03  0.2890294616E+03  -.8483499385E+10  0.1000000000E+01
L2 0.1000000000E+01  0.3289820303E+02  0.3289820303E+02  0.3289820303E+02
L3 0.2740874465E+05  -.6072993761E+02  0.8087894335E+03  -.3175801573E+03
L4 0.1434931129E+03  0.2452346707E+03  0.2558433751E+03  0.2605531049E+03
L5 0.7616311508E+03  0.2572144429E+03  0.9629911152E+02  0.3231999327E+03
L6 0.6767134871E+03  -.8483499385E+04  0.1283833940E+04  -.9847866559E+04
L7 0.0000000000E+00  0.2879727206E+01  0.1368522190E+02  0.9402428741E+01
L8 0.4222991038E+01  0.4560503299E+02  0.4737832570E+01  0.0000000000E+00
L9 0.0000000000E+00  0.0000000000E+00  0.0000000000E+00  0.9790825841E+00  0.0000000000E+00
L0     5000  0.1000000000E+02  -.6915839687E+04  0.1580339082E+04
L1 0.2951976720E+03  0.2951976720E+03  -.8496178768E+10  0.1000000000E+01
L2 0.1000000000E+01  0.3276040374E+02  0.3276040374E+02  0.3276040374E+02
L3 0.2706616024E+05  0.2694243948E+03  0.2441084140E+03  -.5707058165E+03
L4 -.1905766923E+02  0.2760393779E+03  0.2745224803E+03  0.2284387959E+03
L5 0.7790006540E+03  0.2235561975E+03  0.2269707880E+03  0.3396108237E+03
L6 0.7901378092E+03  -.8496178768E+04  0.1226176098E+04  -.9801347612E+04
L7 0.0000000000E+00  0.5539743871E+01  0.1528619397E+02  0.1275137704E+02
L8 0.1400671655E+01  0.4196465921E+02  0.2050099980E+01  0.0000000000E+00
L9 0.0000000000E+00  0.0000000000E+00  0.0000000000E+00  0.9914751225E+00  0.0000000000E+00
L0     6000  0.1200000000E+02  -.6939647410E+04  0.1608308662E+04
L1 0.3004222184E+03  0.3004222184E+03  -.8547956071E+10  0.1000000000E+01
L2 0.1000000000E+01  0.3271832585E+02  0.3271832585E+02  0.3271832585E+02
L3 0.2696309362E+05  -.7761034565E+03  0.3123445876E+02  -.6742391992E+03
L4 -.4730360656E+03  0.2619601008E+03  0.2824239353E+03  0.2431547518E+03
L5 0.7875387879E+03  0.4125673642E+03  0.2763627120E+03  0.3739946802E+03
L6 0.1062924756E+04  -.8547956071E+04  0.1201531385E+04  -.9823863263E+04
L7 0.0000000000E+00  0.3170742234E+01  0.6994321827E+01  0.1251286739E+02
L8 0.3468978582E+01  0.4506173331E+02  0.3167162693E+01  0.0000000000E+00
L9 0.0000000000E+00  0.0000000000E+00  0.0000000000E+00  0.9952650433E+00  0.0000000000E+00
L0     7000  0.1400000000E+02  -.6979227530E+04  0.1587548067E+04
L1 0.2965442664E+03  0.2965442664E+03  -.8566775598E+10  0.1000000000E+01
L2 0.1000000000E+01  0.3271586250E+02  0.3271586250E+02  0.3271586250E+02
L3 0.2695475958E+05  0.1207966892E+04  0.2882534386E+03  -.1150555260E+03
L4 0.4603882682E+03  0.2585808939E+03  0.2694694605E+03  0.2520542504E+03
L5 0.7801046048E+03  0.2424054410E+02  0.2135495407E+03  0.2743745245E+03
L6 0.5121646094E+03  -.8566775598E+04  0.1317492813E+04  -.9953960347E+04
L7 0.0000000000E+00  0.7119155409E+00  0.8279541157E+01  0.9845528088E+01
L8 0.3207440113E+01  0.4563045859E+02  0.2017052936E+01  0.0000000000E+00
L9 0.0000000000E+00  0.0000000000E+00  0.0000000000E+00  0.9955727656E+00  0.0000000000E+00
L0     8000  0.1600000000E+02  -.6883407991E+04  0.1645037768E+04
L1 0.3072829908E+03  0.3072829908E+03  -.8528445759E+10  0.1000000000E+01
L2 0.1000000000E+01  0.3274636679E+02  0.3274636679E+02  0.3274636679E+02
L3 0.2703030119E+05  0.4771982566E+03  -.1356429498E+03  0.9482738479E+03
L4 0.4299430515E+03  0.3027687710E+03  0.2462595282E+03  0.2812439236E+03
L5 0.8302722228E+03  0.2099349314E+03  0.2726474198E+03  0.9676734368E+02
L6 0.5793496948E+03  -.8528445759E+04  0.1295571995E+04  -.9909895640E+04
L7 0.0000000000E+00  0.1669349052E+01  0.1624224647E+02  0.1070688083E+02
L8 0.3966118517E+01  0.4675400429E+02  0.6539286909E+01  0.0000000000E+00
L9 0.0000000000E+00  0.0000000000E+00  0.0000000000E+00  0.9927904373E+00  0.0000000000E+00
L0     9000  0.1800000000E+02  -.6935100473E+04  0.1600800202E+04
L1 0.2990196840E+03  0.2990196840E+03  -.8535900675E+10  0.1000000000E+01
L2 0.1000000000E+01  0.3278437175E+02  0.3278437175E+02  0.3278437175E+02
L3 0.2712539936E+05  -.2902671930E+02  -.7329156466E+02  0.3059982696E+03
L4 0.6789332855E+02  0.2526803530E+03  0.2552989036E+03  0.2876839050E+03
L5 0.7956631616E+03  0.2583470589E+03  0.2696071600E+03  0.2279457657E+03
L6 0.7558999846E+03  -.8535900675E+04  0.1259713264E+04  -.9874138593E+04
L7 0.0000000000E+00  0.2589046658E+01  0.1056380596E+02  0.9737663208E+01
L8 0.4476133752E+01  0.4844471039E+02  0.2713294409E+01  0.0000000000E+00
L9 0.0000000000E+00  0.0000000000E+00  0.0000000000E+00  0.9893098414E+00  0.0000000000E+00
L0    10000  0.2000000000E+02  -.6928832123E+04  0.1603336468E+04
L1 0.2994934430E+03  0.2994934430E+03  -.8532168591E+10  0.1000000000E+01
L2 0.1000000000E+01  0.3281713670E+02  0.3281713670E+02  0.3281713670E+02
L3 0.2720667839E+05  0.6440044827E+03  -.4983603937E+03  0.2190895522E+03
L4 0.1215778804E+03  0.2783360281E+03  0.2511682595E+03  0.2595603070E+03
L5 0.7890645947E+03  0.1522343131E+03  0.3487515870E+03  0.2166606549E+03
L6 0.7176465550E+03  -.8532168591E+04  0.1278193966E+04  -.9885899864E+04
L7 0.0000000000E+00  0.1900420942E+01  0.8365554063E+01  0.1419268621E+02
L8 0.4539993443E+01  0.4502817375E+02  0.1510477855E+01  0.0000000000E+00
L9 0.0000000000E+00  0.0000000000E+00  0.0000000000E+00  0.9863543119E+00  0.0000000000E+00
