L0  Nsteps           time(ps)         Etot             EKinetic        
L1  Temp             T_solute         T_solv           Pres_scal_solu  
L2  Pres_scal_solv   BoxX             BoxY             BoxZ            
L3  volume           pres_X           pres_Y           pres_Z          
L4  Pressure         EKCoM_x          EKCoM_y          EKCoM_z         
L5  EKComTot         VIRIAL_x         VIRIAL_y         VIRIAL_z        
L6  VIRIAL_tot       E_pot            E_vdw            E_el            
L7  E_hbon           E_bon            E_angle          E_dih           
L8  E_14vdw          E_14el           E_const          E_pol           
L9  AV_permMoment    AV_indMoment     AV_totMoment     Density          dV/dlambda      
L0     1000  0.2000000000E+01  -.7248208192E+04  0.1666561576E+04
L1 0.2939543099E+03  0.2939543099E+03  -.8914769768E+10  0.1000000000E+01
L2 0.1000000000E+01  0.3439695299E+02  0.3439695299E+02  0.3439695299E+02
L3 0.3133116453E+05  -.1067852117E+04  -.1034253997E+04  -.8749309883E+03
L4 -.9923457007E+03  0.2793957301E+03  0.2828764454E+03  0.2751578474E+03
L5 0.8374300229E+03  0.5201889368E+03  0.5160935102E+03  0.4724486846E+03
L6 0.1508731132E+04  -.8914769768E+04  0.1302301684E+04  -.1030136096E+05
L7 0.0000000000E+00  0.2807133933E+01  0.1214282215E+02  0.1209276290E+02
L8 0.3875427599E+01  0.4950952835E+02  0.3861832287E+01  0.0000000000E+00
L9 0.0000000000E+00  0.0000000000E+00  0.0000000000E+00  0.9071164097E+00  0.0000000000E+00
L0     2000  0.4000000000E+01  -.7381737101E+04  0.1653380692E+04
L1 0.2916294168E+03  0.2916294168E+03  -.9035117793E+10  0.1000000000E+01
L2 0.1000000000E+01  0.3389038086E+02  0.3389038086E+02  0.3389038086E+02
L3 0.2996629164E+05  -.6726857320E+03  -.1402111372E+04  0.1017241130E+03
L4 -.6576909970E+03  0.2633338339E+03  0.2799519277E+03  0.2597927412E+03
L5 0.8030785028E+03  0.4084119134E+03  0.5823451784E+03  0.2378539097E+03
L6 0.1228611002E+04  -.9035117793E+04  0.1326666451E+04  -.1043880663E+05
L7 0.0000000000E+00  0.2912576928E+01  0.1002430703E+02  0.1168531171E+02
L8 0.3011876782E+01  0.4475627428E+02  0.4632039960E+01  0.0000000000E+00
L9 0.0000000000E+00  0.0000000000E+00  0.0000000000E+00  0.9484327864E+00  0.0000000000E+00
L0     3000  0.6000000000E+01  -.7281555629E+04  0.1683987721E+04
L1 0.2970279979E+03  0.2970279979E+03  -.8965543350E+10  0.1000000000E+01
L2 0.1000000000E+01  0.3361036803E+02  0.3361036803E+02  0.3361036803E+02
L3 0.2922836376E+05  -.5967910171E+03  0.1419067961E+03  -.5045689588E+02
L4 -.1684470389E+03  0.2650993250E+03  0.2695383068E+03  0.3055672103E+03
L5 0.8402048421E+03  0.3906396825E+03  0.2396869361E+03  0.3161812721E+03
L6 0.9465078907E+03  -.8965543350E+04  0.1312144434E+04  -.1035112118E+05
L7 0.0000000000E+00  0.4053212922E+01  0.7433176453E+01  0.1207550548E+02
L8 0.2598775557E+01  0.4491512732E+02  0.2357600940E+01  0.0000000000E+00
L9 0.0000000000E+00  0.0000000000E+00  0.0000000000E+00  0.9723778490E+00  0.0000000000E+00
L0     4000  0.8000000000E+01  -.7387244156E+04  0.1693766084E+04
L1 0.2987527420E+03  0.2987527420E+03  -.9081010240E+10  0.1000000000E+01
L2 0.1000000000E+01  0.3353919342E+02  0.3353919342E+02  0.3353919342E+02
L3 0.2904249458E+05  -.2562414009E+03  0.2456820052E+03  0.1731503717E+03
L4 0.5419699202E+02  0.2715051338E+03  0.2953333068E+03  0.2849381921E+03
L5 0.8517766328E+03  0.3250650387E+03  0.2439805403E+03  0.2487460803E+03
L6 0.8177916593E+03  -.9081010240E+04  0.1379485547E+04  -.1053461405E+05
L7 0.0000000000E+00  0.3704288230E+01  0.5315727726E+01  0.1035358712E+02
L8 0.3934972096E+01  0.4848658196E+02  0.2323101338E+01  0.0000000000E+00
L9 0.0000000000E+00  0.0000000000E+00  0.0000000000E+00  0.9786009737E+00  0.0000000000E+00
L0     5000  0.1000000000E+02  -.7318886780E+04  0.1634143105E+04
L1 0.2882362199E+03  0.2882362199E+03  -.8953029886E+10  0.1000000000E+01
L2 0.1000000000E+01  0.3346255128E+02  0.3346255128E+02  0.3346255128E+02
L3 0.2884362351E+05  0.1109478072E+03  -.2317348361E+03  0.5471378463E+03
L4 0.1421169391E+03  0.2906981461E+03  0.2646899436E+03  0.2710986564E+03
L5 0.8264867460E+03  0.2676664924E+03  0.3127957748E+03  0.1575183189E+03
L6 0.7379805861E+03  -.8953029886E+04  0.1322217024E+04  -.1034963634E+05
L7 0.0000000000E+00  0.3686496305E+01  0.7280454627E+01  0.9854164209E+01
L8 0.3763926823E+01  0.4781947869E+02  0.1984905573E+01  0.0000000000E+00
L9 0.0000000000E+00  0.0000000000E+00  0.0000000000E+00  0.9853482335E+00  0.0000000000E+00
L0     6000  0.1200000000E+02  -.7237245046E+04  0.1739292802E+04
L1 0.3067829132E+03  0.3067829132E+03  -.8976537848E+10  0.1000000000E+01
L2 0.1000000000E+01  0.3351194587E+02  0.3351194587E+02  0.3351194587E+02
L3 0.2897362757E+05  -.1427601407E+04  -.6253074341E+03  0.5794920148E+02
L4 -.6649865466E+03  0.2870768113E+03  0.2813938707E+03  0.2913078291E+03
L5 0.8597785111E+03  0.5847683021E+03  0.4117865007E+03  0.2792239350E+03
L6 0.1275778738E+04  -.8976537848E+04  0.1225819831E+04  -.1028216910E+05
L7 0.0000000000E+00  0.2484718164E+01  0.7197579512E+01  0.1065956535E+02
L8 0.3261156478E+01  0.5113348187E+02  0.5074923906E+01  0.0000000000E+00
L9 0.0000000000E+00  0.0000000000E+00  0.0000000000E+00  0.9809269967E+00  0.0000000000E+00
L0     7000  0.1400000000E+02  -.7401168847E+04  0.1649928365E+04
L1 0.2910204824E+03  0.2910204824E+03  -.9051097212E+10  0.1000000000E+01
L2 0.1000000000E+01  0.3349595699E+02  0.3349595699E+02  0.3349595699E+02
L3 0.2892949494E+05  0.5191701532E+03  0.4524659082E+01  0.5986946445E+03
L4 0.3741298189E+03  0.2576715014E+03  0.2929874961E+03  0.2763690776E+03
L5 0.8270280750E+03  0.1495761173E+03  0.2920454258E+03  0.1517160575E+03
L6 0.5933376006E+03  -.9051097212E+04  0.1401751205E+04  -.1052608503E+05
L7 0.0000000000E+00  0.3353580994E+01  0.7811267083E+01  0.1148967825E+02
L8 0.2502343468E+01  0.4584922948E+02  0.2230515683E+01  0.0000000000E+00
L9 0.0000000000E+00  0.0000000000E+00  0.0000000000E+00  0.9824234241E+00  0.0000000000E+00
L0     8000  0.1600000000E+02  -.7387941123E+04  0.1649882094E+04
L1 0.2910123210E+03  0.2910123210E+03  -.9037823217E+10  0.1000000000E+01
L2 0.1000000000E+01  0.3342078950E+02  0.3342078950E+02  0.3342078950E+02
L3 0.2873467861E+05  0.4527097286E+03  0.3158437205E+03  0.9309484325E+03
L4 0.5665006272E+03  0.2655492495E+03  0.2646561417E+03  0.2628207450E+03
L5 0.7930261363E+03  0.1719262068E+03  0.1993377969E+03  0.7029511683E+02
L6 0.4415591205E+03  -.9037823217E+04  0.1419958310E+04  -.1053252523E+05
L7 0.0000000000E+00  0.1606057450E+01  0.5232936930E+01  0.1166663153E+02
L8 0.3287465214E+01  0.4927772655E+02  0.3672887093E+01  0.0000000000E+00
L9 0.0000000000E+00  0.0000000000E+00  0.0000000000E+00  0.9890840910E+00  0.0000000000E+00
L0     9000  0.1800000000E+02  -.7412996354E+04  0.1655093308E+04
L1 0.2919314943E+03  0.2919314943E+03  -.9068089662E+10  0.1000000000E+01
L2 0.1000000000E+01  0.3350205682E+02  0.3350205682E+02  0.3350205682E+02
L3 0.2894564048E+05  0.1926735422E+03  0.1284115798E+03  0.4086618948E+03
L4 0.2432490056E+03  0.2666839297E+03  0.2788513577E+03  0.2541966346E+03
L5 0.7997319221E+03  0.2265453662E+03  0.2521001168E+03  0.1690624682E+03
L6 0.6477079512E+03  -.9068089662E+04  0.1410574413E+04  -.1055288585E+05
L7 0.0000000000E+00  0.2023036246E+01  0.6395875117E+01  0.1148627122E+02
L8 0.3612468317E+01  0.4898047167E+02  0.1723654052E+01  0.0000000000E+00
L9 0.0000000000E+00  0.0000000000E+00  0.0000000000E+00  0.9818754397E+00  0.0000000000E+00
L0    10000  0.2000000000E+02  -.7402640903E+04  0.1617623662E+04
L1 0.2853224592E+03  0.2853224592E+03  -.9020264565E+10  0.1000000000E+01
L2 0.1000000000E+01  0.3349349255E+02  0.3349349255E+02  0.3349349255E+02
L3 0.2892239893E+05  0.1208015967E+04  0.7113172177E+03  0.2997859296E+02
L4 0.6497705926E+03  0.2482240260E+03  0.2770139489E+03  0.2678768750E+03
L5 0.7931148498E+03  -.3232879576E+01  0.1289483344E+03  0.2616366228E+03
L6 0.3873520777E+03  -.9020264565E+04  0.1427840356E+04  -.1052109365E+05
L7 0.0000000000E+00  0.1821629250E+01  0.4768423969E+01  0.1381092537E+02
L8 0.1876136993E+01  0.4741699868E+02  0.3294615905E+01  0.0000000000E+00
L9 0.0000000000E+00  0.0000000000E+00  0.0000000000E+00  0.9826644584E+00  0.0000000000E+00
