4.269051
-0.238142
-1.847829
1.612719
6.969797
13.882638
11.124790
4.617935
-0.943540
-2.297302
3.044219
8.686539
11.271663
9.362504
8.355025
7.321019
7.115938
6.756885
7.375523
6.651725
5.322067
4.398710
6.084360
10.265064
11.678531
6.498805
5.206464
5.687206
4.013458
3.351393
4.987567
5.397358
4.778589
3.799338
5.579806
6.738762
2.163604
-0.751717
-0.809385
-2.356440
-4.728862
-4.666151
-1.052838
1.184124
-0.109870
-1.767168
1.281689
-0.553445
-3.498843
-5.261381
-5.796449
-7.303378
-8.786595
-7.416379
-3.747798
-2.330609
-3.745324
-4.834589
1.012339
-3.865952
-4.726415
-6.450534
-6.925304
-7.492491
-7.464835
-5.550349
-3.113199
-2.605291
-3.319758
-4.817187
-2.185137
-5.156717
-5.990878
-8.401628
-7.729128
-6.527897
-5.867255
-4.519991
-1.488317
-0.106507
-1.525461
-3.784157
-5.177999
0.589390
-1.615591
-2.660632
0.415573
5.519704
9.363244
7.870119
3.037390
-1.328106
-3.605185
-1.619158
-0.395304
-4.444303
-4.073835
-6.704205
-6.507392
-6.109866
-5.897679
-2.068046
3.640972
4.925368
0.595788
-3.108830
-5.987006
1.598034
-2.560440
-1.149468
-2.987052
-3.642294
-0.557893
6.421729
12.757283
8.668453
1.298920
-3.403118
-3.500979
-2.632256
-2.617525
-0.632756
1.382867
4.406017
3.463476
0.916018
-0.725955
-2.568374
-4.191146
-6.364676
-11.491345
2.317303
4.527714
4.308691
5.203929
5.107380
3.710287
3.495291
4.174344
2.843771
-0.175069
-2.636224
-0.201076
