L0  Nsteps           time(ps)         Etot             EKinetic        
L1  Temp             T_solute         T_solv           Pres_scal_solu  
L2  Pres_scal_solv   BoxX             BoxY             BoxZ            
L3  volume           pres_X           pres_Y           pres_Z          
L4  Pressure         EKCoM_x          EKCoM_y          EKCoM_z         
L5  EKComTot         VIRIAL_x         VIRIAL_y         VIRIAL_z        
L6  VIRIAL_tot       E_pot            E_vdw            E_el            
L7  E_hbon           E_bon            E_angle          E_dih           
L8  E_14vdw          E_14el           E_const          E_pol           
L9  AV_permMoment    AV_indMoment     AV_totMoment     Density          dV/dlambda      
L0     1000  0.2000000000E+01  -.7596775625E+04  0.1726077251E+04
L1 0.2886677586E+03  0.2886677586E+03  -.9322852876E+10  0.1000000000E+01
L2 0.1000000000E+01  0.3512198127E+02  0.3512198127E+02  0.3512198127E+02
L3 0.3335353537E+05  -.2858186616E+03  -.1127062304E+04  -.6531433832E+03
L4 -.6886747829E+03  0.2767653779E+03  0.2816901323E+03  0.2891448608E+03
L5 0.8476003710E+03  0.3453756333E+03  0.5522394101E+03  0.4459307546E+03
L6 0.1343545798E+04  -.9322852876E+04  0.1392163083E+04  -.1078575879E+05
L7 0.0000000000E+00  0.6005948435E+01  0.4559756034E+01  0.1232245369E+02
L8 0.3341188552E+01  0.4228443725E+02  0.2229047913E+01  0.0000000000E+00
L9 0.0000000000E+00  0.0000000000E+00  0.0000000000E+00  0.8987558684E+00  0.0000000000E+00
L0     2000  0.4000000000E+01  -.7747409141E+04  0.1796509779E+04
L1 0.3004468376E+03  0.3004468376E+03  -.9543918920E+10  0.1000000000E+01
L2 0.1000000000E+01  0.3451360748E+02  0.3451360748E+02  0.3451360748E+02
L3 0.3165031048E+05  -.9150528460E+03  -.5624486551E+03  -.7476049905E+03
L4 -.7417021639E+03  0.3188771449E+03  0.3046787383E+03  0.2920778969E+03
L5 0.9156337800E+03  0.5273169848E+03  0.4327988880E+03  0.4623747985E+03
L6 0.1422490671E+04  -.9543918920E+04  0.1385105465E+04  -.1100518071E+05
L7 0.0000000000E+00  0.3754672521E+01  0.5074184582E+01  0.1224561781E+02
L8 0.3388548141E+01  0.4700408510E+02  0.4689220656E+01  0.0000000000E+00
L9 0.0000000000E+00  0.0000000000E+00  0.0000000000E+00  0.9471213768E+00  0.0000000000E+00
L0     3000  0.6000000000E+01  -.7594269510E+04  0.1826223643E+04
L1 0.3054161601E+03  0.3054161601E+03  -.9420493153E+10  0.1000000000E+01
L2 0.1000000000E+01  0.3423385314E+02  0.3423385314E+02  0.3423385314E+02
L3 0.3088575853E+05  -.5663561633E+03  0.2693643777E+03  -.6901870046E+03
L4 -.3290595967E+03  0.3144211818E+03  0.3178613045E+03  0.2826160311E+03
L5 0.9148985174E+03  0.4403150224E+03  0.2579849966E+03  0.4360359079E+03
L6 0.1134335927E+04  -.9420493153E+04  0.1352627416E+04  -.1085851087E+05
L7 0.0000000000E+00  0.2632934193E+01  0.1012499909E+02  0.1371009326E+02
L8 0.3818987662E+01  0.5084210102E+02  0.4261189269E+01  0.0000000000E+00
L9 0.0000000000E+00  0.0000000000E+00  0.0000000000E+00  0.9705665998E+00  0.0000000000E+00
L0     4000  0.8000000000E+01  -.7725914676E+04  0.1820228660E+04
L1 0.3044135640E+03  0.3044135640E+03  -.9546143336E+10  0.1000000000E+01
L2 0.1000000000E+01  0.3403251211E+02  0.3403251211E+02  0.3403251211E+02
L3 0.3034239283E+05  0.5115913268E+03  0.6381019960E+03  -.3465646532E+03
L4 0.2677095565E+03  0.3126979275E+03  0.2883158101E+03  0.3110240241E+03
L5 0.9120377616E+03  0.2009782740E+03  0.1489691673E+03  0.3867056882E+03
L6 0.7366531295E+03  -.9546143336E+04  0.1441251988E+04  -.1105773791E+05
L7 0.0000000000E+00  0.3280688656E+01  0.4585047505E+01  0.1142159657E+02
L8 0.3665516162E+01  0.4604962582E+02  0.1340108793E+01  0.0000000000E+00
L9 0.0000000000E+00  0.0000000000E+00  0.0000000000E+00  0.9879473187E+00  0.0000000000E+00
L0     5000  0.1000000000E+02  -.7772341576E+04  0.1782734977E+04
L1 0.2981431509E+03  0.2981431509E+03  -.9555076553E+10  0.1000000000E+01
L2 0.1000000000E+01  0.3398493776E+02  0.3398493776E+02  0.3398493776E+02
L3 0.3021558206E+05  0.5549696258E+03  0.3865760220E+03  -.4268479817E+03
L4 0.1715658887E+03  0.2955423054E+03  0.3010879535E+03  0.3026458822E+03
L5 0.8992761411E+03  0.1748563427E+03  0.2170215521E+03  0.3954699886E+03
L6 0.7873478833E+03  -.9555076553E+04  0.1422404452E+04  -.1104627823E+05
L7 0.0000000000E+00  0.2088142822E+01  0.4047278444E+01  0.9957689253E+01
L8 0.3766998954E+01  0.4791264012E+02  0.1024476635E+01  0.0000000000E+00
L9 0.0000000000E+00  0.0000000000E+00  0.0000000000E+00  0.9920936020E+00  0.0000000000E+00
L0     6000  0.1200000000E+02  -.7776844835E+04  0.1798697696E+04
L1 0.3008127430E+03  0.3008127430E+03  -.9575542531E+10  0.1000000000E+01
L2 0.1000000000E+01  0.3398672369E+02  0.3398672369E+02  0.3398672369E+02
L3 0.3022046109E+05  0.3882586227E+02  0.3562499517E+03  -.8644951497E+01
L4 0.1288102875E+03  0.2843116635E+03  0.2806989393E+03  0.2986954351E+03
L5 0.8637060379E+03  0.2758670695E+03  0.2032148593E+03  0.3005757052E+03
L6 0.7796576340E+03  -.9575542531E+04  0.1427965405E+04  -.1108007460E+05
L7 0.0000000000E+00  0.3089473554E+01  0.6166233559E+01  0.1133370874E+02
L8 0.3997231369E+01  0.4996531588E+02  0.2014702702E+01  0.0000000000E+00
L9 0.0000000000E+00  0.0000000000E+00  0.0000000000E+00  0.9919334304E+00  0.0000000000E+00
L0     7000  0.1400000000E+02  -.7812441526E+04  0.1812724225E+04
L1 0.3031585284E+03  0.3031585284E+03  -.9625165751E+10  0.1000000000E+01
L2 0.1000000000E+01  0.3402604621E+02  0.3402604621E+02  0.3402604621E+02
L3 0.3032629402E+05  0.7228646758E+02  -.2116895196E+03  -.3798009473E+03
L4 -.1730679998E+03  0.3083638148E+03  0.3152777806E+03  0.3024891392E+03
L5 0.9261307346E+03  0.2925865061E+03  0.3614813235E+03  0.3853848319E+03
L6 0.1039452661E+04  -.9625165751E+04  0.1411775406E+04  -.1111468553E+05
L7 0.0000000000E+00  0.3459882045E+01  0.7992143466E+01  0.1216361109E+02
L8 0.2778780075E+01  0.4722215313E+02  0.4127806102E+01  0.0000000000E+00
L9 0.0000000000E+00  0.0000000000E+00  0.0000000000E+00  0.9884717738E+00  0.0000000000E+00
L0     8000  0.1600000000E+02  -.7812760716E+04  0.1793930556E+04
L1 0.3000154903E+03  0.3000154903E+03  -.9606691271E+10  0.1000000000E+01
L2 0.1000000000E+01  0.3409579930E+02  0.3409579930E+02  0.3409579930E+02
L3 0.3051245555E+05  -.4804710938E+02  -.2125422481E+01  0.3322457688E+03
L4 0.9402441231E+02  0.3018722321E+03  0.2905857963E+03  0.3116887899E+03
L5 0.9041468183E+03  0.3124234115E+03  0.2910525406E+03  0.2387273832E+03
L6 0.8422033352E+03  -.9606691271E+04  0.1457318073E+04  -.1114177616E+05
L7 0.0000000000E+00  0.2858984634E+01  0.8853304662E+01  0.1293314342E+02
L8 0.2928807725E+01  0.4599933731E+02  0.4193234168E+01  0.0000000000E+00
L9 0.0000000000E+00  0.0000000000E+00  0.0000000000E+00  0.9824409444E+00  0.0000000000E+00
L0     9000  0.1800000000E+02  -.7774389922E+04  0.1753812637E+04
L1 0.2933062021E+03  0.2933062021E+03  -.9528202559E+10  0.1000000000E+01
L2 0.1000000000E+01  0.3412729098E+02  0.3412729098E+02  0.3412729098E+02
L3 0.3059732092E+05  -.1357771215E+03  0.2160812171E+03  -.6335112029E+02
L4 0.5650991787E+01  0.2887849199E+03  0.2875766353E+03  0.2970272580E+03
L5 0.8733888132E+03  0.3186846025E+03  0.2399930679E+03  0.3109779028E+03
L6 0.8696555732E+03  -.9528202559E+04  0.1419745225E+04  -.1102722330E+05
L7 0.0000000000E+00  0.3430041046E+01  0.9096729139E+01  0.1299538049E+02
L8 0.3064948611E+01  0.4773036195E+02  0.2958055451E+01  0.0000000000E+00
L9 0.0000000000E+00  0.0000000000E+00  0.0000000000E+00  0.9797160254E+00  0.0000000000E+00
L0    10000  0.2000000000E+02  -.7810256463E+04  0.1726854589E+04
L1 0.2887977601E+03  0.2887977601E+03  -.9537111052E+10  0.1000000000E+01
L2 0.1000000000E+01  0.3408575332E+02  0.3408575332E+02  0.3408575332E+02
L3 0.3048571253E+05  0.2484431630E+03  -.4063548153E+02  -.1679756937E+03
L4 0.1327732928E+02  0.2968245135E+03  0.2932091930E+03  0.2947964621E+03
L5 0.8848301686E+03  0.2423140368E+03  0.3021249525E+03  0.3316517131E+03
L6 0.8760907023E+03  -.9537111052E+04  0.1415030629E+04  -.1102836654E+05
L7 0.0000000000E+00  0.3578213575E+01  0.4303509169E+01  0.1311807937E+02
L8 0.3639274369E+01  0.4882569636E+02  0.2760089693E+01  0.0000000000E+00
L9 0.0000000000E+00  0.0000000000E+00  0.0000000000E+00  0.9833027723E+00  0.0000000000E+00
