L0  Nsteps           time(ps)         Etot             EKinetic        
L1  Temp             T_solute         T_solv           Pres_scal_solu  
L2  Pres_scal_solv   BoxX             BoxY             BoxZ            
L3  volume           pres_X           pres_Y           pres_Z          
L4  Pressure         EKCoM_x          EKCoM_y          EKCoM_z         
L5  EKComTot         VIRIAL_x         VIRIAL_y         VIRIAL_z        
L6  VIRIAL_tot       E_pot            E_vdw            E_el            
L7  E_hbon           E_bon            E_angle          E_dih           
L8  E_14vdw          E_14el           E_const          E_pol           
L9  AV_permMoment    AV_indMoment     AV_totMoment     Density          dV/dlambda      
L0     1000  0.2000000000E+01  -.7266732200E+04  0.1677059128E+04
L1 0.2961172816E+03  0.2961172816E+03  -.8943791328E+10  0.1000000000E+01
L2 0.1000000000E+01  0.3461385594E+02  0.3461385594E+02  0.3461385594E+02
L3 0.3192655326E+05  -.3795446339E+03  -.6496014080E+03  -.8228403950E+03
L4 -.6173288123E+03  0.2984893222E+03  0.2663107291E+03  0.2882915942E+03
L5 0.8530916455E+03  0.3857003634E+03  0.4155749000E+03  0.4773622886E+03
L6 0.1278637552E+04  -.8943791328E+04  0.1356314393E+04  -.1037961880E+05
L7 0.0000000000E+00  0.4054978511E+01  0.6344813476E+01  0.1222008406E+02
L8 0.4032493457E+01  0.5099441202E+02  0.1866293639E+01  0.0000000000E+00
L9 0.0000000000E+00  0.0000000000E+00  0.0000000000E+00  0.8892628174E+00  0.0000000000E+00
L0     2000  0.4000000000E+01  -.7134560369E+04  0.1802659872E+04
L1 0.3182945266E+03  0.3182945266E+03  -.8937220241E+10  0.1000000000E+01
L2 0.1000000000E+01  0.3399217303E+02  0.3399217303E+02  0.3399217303E+02
L3 0.3023660836E+05  -.2964871422E+03  -.6657873042E+03  -.4404685112E+03
L4 -.4675809859E+03  0.3094600294E+03  0.2978755067E+03  0.3027528796E+03
L5 0.9100884157E+03  0.3739802017E+03  0.4427610868E+03  0.3986056172E+03
L6 0.1215346906E+04  -.8937220241E+04  0.1301350557E+04  -.1031745253E+05
L7 0.0000000000E+00  0.3163131179E+01  0.1379589651E+02  0.1133211167E+02
L8 0.2520850500E+01  0.4716380709E+02  0.9059349172E+00  0.0000000000E+00
L9 0.0000000000E+00  0.0000000000E+00  0.0000000000E+00  0.9389643299E+00  0.0000000000E+00
L0     3000  0.6000000000E+01  -.7250459280E+04  0.1701515491E+04
L1 0.3004355265E+03  0.3004355265E+03  -.8951974771E+10  0.1000000000E+01
L2 0.1000000000E+01  0.3365244498E+02  0.3365244498E+02  0.3365244498E+02
L3 0.2933816000E+05  -.3580231095E+03  0.5033914210E+03  -.5193799538E+03
L4 -.1246705474E+03  0.2939630041E+03  0.2777182387E+03  0.2978912108E+03
L5 0.8695724535E+03  0.3695592994E+03  0.1714275398E+03  0.4075578756E+03
L6 0.9485447149E+03  -.8951974771E+04  0.1336544944E+04  -.1037226294E+05
L7 0.0000000000E+00  0.5396668273E+01  0.1322765119E+02  0.1192747232E+02
L8 0.1516652995E+01  0.4741790233E+02  0.4256881223E+01  0.0000000000E+00
L9 0.0000000000E+00  0.0000000000E+00  0.0000000000E+00  0.9677190631E+00  0.0000000000E+00
L0     4000  0.8000000000E+01  -.7323727456E+04  0.1661572800E+04
L1 0.2933828704E+03  0.2933828704E+03  -.8985300256E+10  0.1000000000E+01
L2 0.1000000000E+01  0.3353803743E+02  0.3353803743E+02  0.3353803743E+02
L3 0.2903950502E+05  -.1489260754E+03  0.5063281097E+03  -.2102625436E+03
L4 0.4904649689E+02  0.2832484225E+03  0.2657780359E+03  0.2849779838E+03
L5 0.8340044422E+03  0.3143739367E+03  0.1599555820E+03  0.3289228052E+03
L6 0.8032523239E+03  -.8985300256E+04  0.1339938813E+04  -.1040400975E+05
L7 0.0000000000E+00  0.3514415312E+01  0.1040899449E+02  0.1057091722E+02
L8 0.3057403638E+01  0.4759289539E+02  0.3626060073E+01  0.0000000000E+00
L9 0.0000000000E+00  0.0000000000E+00  0.0000000000E+00  0.9776715095E+00  0.0000000000E+00
L0     5000  0.1000000000E+02  -.7395957898E+04  0.1700777175E+04
L1 0.3003051625E+03  0.3003051625E+03  -.9096735074E+10  0.1000000000E+01
L2 0.1000000000E+01  0.3352782551E+02  0.3352782551E+02  0.3352782551E+02
L3 0.2901340268E+05  -.6566431139E+03  0.4360175833E+02  0.2778360528E+03
L4 -.1117351009E+03  0.2648455255E+03  0.2620873607E+03  0.3039841531E+03
L5 0.8309170392E+03  0.4019604219E+03  0.2529827946E+03  0.2459686790E+03
L6 0.9009118955E+03  -.9096735074E+04  0.1353862347E+04  -.1053441611E+05
L7 0.0000000000E+00  0.8189144485E+01  0.1124743413E+02  0.1336312806E+02
L8 0.2144545973E+01  0.4465296811E+02  0.4221467152E+01  0.0000000000E+00
L9 0.0000000000E+00  0.0000000000E+00  0.0000000000E+00  0.9785510861E+00  0.0000000000E+00
L0     6000  0.1200000000E+02  -.7275833623E+04  0.1720011662E+04
L1 0.3037013838E+03  0.3037013838E+03  -.8995845286E+10  0.1000000000E+01
L2 0.1000000000E+01  0.3352199083E+02  0.3352199083E+02  0.3352199083E+02
L3 0.2899754136E+05  -.2380814200E+03  0.8816327400E+02  0.6460454031E+03
L4 0.1653757523E+03  0.2813130594E+03  0.2992976641E+03  0.2690587951E+03
L5 0.8496695186E+03  0.3310001149E+03  0.2808981876E+03  0.1342305763E+03
L6 0.7461288788E+03  -.8995845286E+04  0.1352578443E+04  -.1042448280E+05
L7 0.0000000000E+00  0.5522927491E+01  0.6111938167E+01  0.1059870628E+02
L8 0.2870750315E+01  0.4912196110E+02  0.1832791361E+01  0.0000000000E+00
L9 0.0000000000E+00  0.0000000000E+00  0.0000000000E+00  0.9790863423E+00  0.0000000000E+00
L0     7000  0.1400000000E+02  -.7269724295E+04  0.1739174721E+04
L1 0.3070849931E+03  0.3070849931E+03  -.9008899016E+10  0.1000000000E+01
L2 0.1000000000E+01  0.3342520713E+02  0.3342520713E+02  0.3342520713E+02
L3 0.2874834186E+05  -.5608790783E+03  -.1598871365E+04  0.1206855586E+04
L4 -.3176316190E+03  0.2768696788E+03  0.2658929959E+03  0.2804812236E+03
L5 0.8232438983E+03  0.3929179356E+03  0.5967062530E+03  0.3077769137E+02
L6 0.1020401880E+04  -.9008899016E+04  0.1293805710E+04  -.1036808207E+05
L7 0.0000000000E+00  0.3210764709E+01  0.7702670260E+01  0.1048167286E+02
L8 0.1723772646E+01  0.4099935819E+02  0.1259101307E+01  0.0000000000E+00
L9 0.0000000000E+00  0.0000000000E+00  0.0000000000E+00  0.9875733649E+00  0.0000000000E+00
L0     8000  0.1600000000E+02  -.7379628203E+04  0.1667859969E+04
L1 0.2944929919E+03  0.2944929919E+03  -.9047488171E+10  0.1000000000E+01
L2 0.1000000000E+01  0.3351741083E+02  0.3351741083E+02  0.3351741083E+02
L3 0.2898537343E+05  -.4910930436E+02  -.1407310400E+02  0.8888835613E+03
L4 0.2752337176E+03  0.2752190779E+03  0.2634134340E+03  0.2992780238E+03
L5 0.8379105357E+03  0.2854637783E+03  0.2663492266E+03  0.1138478717E+03
L6 0.6656608766E+03  -.9047488171E+04  0.1392943495E+04  -.1051974156E+05
L7 0.0000000000E+00  0.3584794375E+01  0.9148305195E+01  0.1130132410E+02
L8 0.3353153048E+01  0.4720104017E+02  0.4721277361E+01  0.0000000000E+00
L9 0.0000000000E+00  0.0000000000E+00  0.0000000000E+00  0.9794973583E+00  0.0000000000E+00
L0     9000  0.1800000000E+02  -.7315380439E+04  0.1731727146E+04
L1 0.3057699794E+03  0.3057699794E+03  -.9047107584E+10  0.1000000000E+01
L2 0.1000000000E+01  0.3346868688E+02  0.3346868688E+02  0.3346868688E+02
L3 0.2885917021E+05  0.8343328990E+03  -.3834813286E+03  0.3510731106E+03
L4 0.2673082270E+03  0.2974846979E+03  0.2633742716E+03  0.2857037548E+03
L5 0.8465627243E+03  0.1241921894E+03  0.3430240631E+03  0.2127852110E+03
L6 0.6800014635E+03  -.9047107584E+04  0.1384878404E+04  -.1049997146E+05
L7 0.0000000000E+00  0.2183531058E+01  0.8157303368E+01  0.1019439565E+02
L8 0.2236309830E+01  0.4428502648E+02  0.9289012235E+00  0.0000000000E+00
L9 0.0000000000E+00  0.0000000000E+00  0.0000000000E+00  0.9837807705E+00  0.0000000000E+00
L0    10000  0.2000000000E+02  -.7268731445E+04  0.1709537805E+04
L1 0.3018520215E+03  0.3018520215E+03  -.8978269251E+10  0.1000000000E+01
L2 0.1000000000E+01  0.3343670944E+02  0.3343670944E+02  0.3343670944E+02
L3 0.2877635841E+05  0.1180367082E+04  0.1349170088E+02  -.1922157518E+03
L4 0.3338810104E+03  0.2940390265E+03  0.2762165015E+03  0.2898266402E+03
L5 0.8600821682E+03  0.4957807179E+02  0.2734222910E+03  0.3296356512E+03
L6 0.6526360140E+03  -.8978269251E+04  0.1342841626E+04  -.1039622140E+05
L7 0.0000000000E+00  0.3139232574E+01  0.6414405340E+01  0.1049493560E+02
L8 0.2588718281E+01  0.4845358928E+02  0.4019639000E+01  0.0000000000E+00
L9 0.0000000000E+00  0.0000000000E+00  0.0000000000E+00  0.9866118672E+00  0.0000000000E+00
