L0  Nsteps           time(ps)         Etot             EKinetic        
L1  Temp             T_solute         T_solv           Pres_scal_solu  
L2  Pres_scal_solv   BoxX             BoxY             BoxZ            
L3  volume           pres_X           pres_Y           pres_Z          
L4  Pressure         EKCoM_x          EKCoM_y          EKCoM_z         
L5  EKComTot         VIRIAL_x         VIRIAL_y         VIRIAL_z        
L6  VIRIAL_tot       E_pot            E_vdw            E_el            
L7  E_hbon           E_bon            E_angle          E_dih           
L8  E_14vdw          E_14el           E_const          E_pol           
L9  AV_permMoment    AV_indMoment     AV_totMoment     Density          dV/dlambda      
L0     1000  0.2000000000E+01  -.7323244494E+04  0.1708224597E+04
L1 0.2963176231E+03  0.2963176231E+03  -.9031469091E+10  0.1000000000E+01
L2 0.1000000000E+01  0.3448526219E+02  0.3448526219E+02  0.3448526219E+02
L3 0.3157126267E+05  -.5827509214E+03  -.2614482750E+03  -.1765077969E+03
L4 -.3402356644E+03  0.2585486286E+03  0.2788475193E+03  0.2850887520E+03
L5 0.8224848999E+03  0.3909618954E+03  0.3382540666E+03  0.3251950361E+03
L6 0.1054410998E+04  -.9031469091E+04  0.1361385886E+04  -.1046372178E+05
L7 0.0000000000E+00  0.4159558217E+01  0.7921004856E+01  0.1102996061E+02
L8 0.2533199350E+01  0.4199822387E+02  0.3224850878E+01  0.0000000000E+00
L9 0.0000000000E+00  0.0000000000E+00  0.0000000000E+00  0.9153793479E+00  0.0000000000E+00
L0     2000  0.4000000000E+01  -.7310258774E+04  0.1800983031E+04
L1 0.3124079891E+03  0.3124079891E+03  -.9111241805E+10  0.1000000000E+01
L2 0.1000000000E+01  0.3409938459E+02  0.3409938459E+02  0.3409938459E+02
L3 0.3052437898E+05  -.1765357744E+04  0.1331814455E+03  -.6165927782E+03
L4 -.7495896921E+03  0.2807007590E+03  0.3056652228E+03  0.2904108897E+03
L5 0.8767768714E+03  0.6685260650E+03  0.2764070540E+03  0.4258680137E+03
L6 0.1370801133E+04  -.9111241805E+04  0.1308012176E+04  -.1049542569E+05
L7 0.0000000000E+00  0.7033369990E+01  0.7134394393E+01  0.1064860039E+02
L8 0.3157487575E+01  0.4500501624E+02  0.3192840765E+01  0.0000000000E+00
L9 0.0000000000E+00  0.0000000000E+00  0.0000000000E+00  0.9467737856E+00  0.0000000000E+00
L0     3000  0.6000000000E+01  -.7399662528E+04  0.1689893019E+04
L1 0.2931377313E+03  0.2931377313E+03  -.9089555547E+10  0.1000000000E+01
L2 0.1000000000E+01  0.3379722558E+02  0.3379722558E+02  0.3379722558E+02
L3 0.2971915609E+05  -.1285769828E+04  0.9918070957E+02  0.1358659615E+02
L4 -.3910008407E+03  0.2946366212E+03  0.2506765283E+03  0.2816759714E+03
L5 0.8269891209E+03  0.5696515587E+03  0.2294626407E+03  0.2787699171E+03
L6 0.1077884117E+04  -.9089555547E+04  0.1299163122E+04  -.1046609396E+05
L7 0.0000000000E+00  0.4279340886E+01  0.9963322033E+01  0.1386020919E+02
L8 0.4064007137E+01  0.4259054892E+02  0.2617861621E+01  0.0000000000E+00
L9 0.0000000000E+00  0.0000000000E+00  0.0000000000E+00  0.9724260591E+00  0.0000000000E+00
L0     4000  0.8000000000E+01  -.7481615662E+04  0.1704055420E+04
L1 0.2955944158E+03  0.2955944158E+03  -.9185671082E+10  0.1000000000E+01
L2 0.1000000000E+01  0.3373932890E+02  0.3373932890E+02  0.3373932890E+02
L3 0.2956636387E+05  0.5518042976E+02  -.4691535595E+03  -.3932180761E+03
L4 -.2690637353E+03  0.2885910693E+03  0.2830427873E+03  0.2945315137E+03
L5 0.8661653704E+03  0.2768491369E+03  0.3828747279E+03  0.3782050207E+03
L6 0.1037928885E+04  -.9185671082E+04  0.1345429703E+04  -.1060605914E+05
L7 0.0000000000E+00  0.1605271555E+01  0.1129210041E+02  0.1260090025E+02
L8 0.3250528198E+01  0.4315081697E+02  0.3058733007E+01  0.0000000000E+00
L9 0.0000000000E+00  0.0000000000E+00  0.0000000000E+00  0.9774513348E+00  0.0000000000E+00
L0     5000  0.1000000000E+02  -.7407087317E+04  0.1731287928E+04
L1 0.3003183100E+03  0.3003183100E+03  -.9138375246E+10  0.1000000000E+01
L2 0.1000000000E+01  0.3362768786E+02  0.3362768786E+02  0.3362768786E+02
L3 0.2927320327E+05  -.2345870898E+03  0.3632562793E+03  -.2101014435E+03
L4 -.2714408467E+02  0.2935240204E+03  0.2843394166E+03  0.2908793646E+03
L5 0.8687428016E+03  0.3429472289E+03  0.2078079636E+03  0.3351438953E+03
L6 0.8858990879E+03  -.9138375246E+04  0.1334187681E+04  -.1055099624E+05
L7 0.0000000000E+00  0.1386877346E+01  0.8273065720E+01  0.1046787157E+02
L8 0.4622237747E+01  0.4723141652E+02  0.6451849146E+01  0.0000000000E+00
L9 0.0000000000E+00  0.0000000000E+00  0.0000000000E+00  0.9872401586E+00  0.0000000000E+00
L0     6000  0.1200000000E+02  -.7357376913E+04  0.1716683561E+04
L1 0.2977849596E+03  0.2977849596E+03  -.9074060474E+10  0.1000000000E+01
L2 0.1000000000E+01  0.3375189210E+02  0.3375189210E+02  0.3375189210E+02
L3 0.2959812940E+05  0.6976175338E+02  -.6115913854E+03  0.1183196334E+04
L4 0.2137889006E+03  0.2923916099E+03  0.2849590522E+03  0.2921042198E+03
L5 0.8694548819E+03  0.2775309453E+03  0.4152403884E+03  0.4005946742E+02
L6 0.7328308011E+03  -.9074060474E+04  0.1341807194E+04  -.1049489087E+05
L7 0.0000000000E+00  0.5410317619E+01  0.1127131243E+02  0.9428417542E+01
L8 0.3378554010E+01  0.4713838869E+02  0.2396214730E+01  0.0000000000E+00
L9 0.0000000000E+00  0.0000000000E+00  0.0000000000E+00  0.9764023073E+00  0.0000000000E+00
L0     7000  0.1400000000E+02  -.7455284984E+04  0.1688631406E+04
L1 0.2929188853E+03  0.2929188853E+03  -.9143916391E+10  0.1000000000E+01
L2 0.1000000000E+01  0.3362947271E+02  0.3362947271E+02  0.3362947271E+02
L3 0.2927670495E+05  0.1171013055E+04  0.1429897754E+03  -.6315650732E+02
L4 0.4169487745E+03  0.2903580215E+03  0.2698031948E+03  0.2785507073E+03
L5 0.8387119236E+03  0.4361748033E+02  0.2396742612E+03  0.2918582198E+03
L6 0.5751499613E+03  -.9143916391E+04  0.1400137579E+04  -.1062093605E+05
L7 0.0000000000E+00  0.3326347443E+01  0.1177485195E+02  0.1161169871E+02
L8 0.2797537785E+01  0.4561099162E+02  0.1760653309E+01  0.0000000000E+00
L9 0.0000000000E+00  0.0000000000E+00  0.0000000000E+00  0.9871220784E+00  0.0000000000E+00
L0     8000  0.1600000000E+02  -.7441345919E+04  0.1720747828E+04
L1 0.2984899687E+03  0.2984899687E+03  -.9162093747E+10  0.1000000000E+01
L2 0.1000000000E+01  0.3368775237E+02  0.3368775237E+02  0.3368775237E+02
L3 0.2943000308E+05  0.1387626820E+03  0.4308765195E+03  -.2618330685E+03
L4 0.1026020443E+03  0.2807864166E+03  0.2960348366E+03  0.2730935134E+03
L5 0.8499147666E+03  0.2513950640E+03  0.2047707912E+03  0.3285524302E+03
L6 0.7847182854E+03  -.9162093747E+04  0.1377628803E+04  -.1061642595E+05
L7 0.0000000000E+00  0.2372144248E+01  0.6439226303E+01  0.1089520400E+02
L8 0.4005979758E+01  0.4892945569E+02  0.4061386335E+01  0.0000000000E+00
L9 0.0000000000E+00  0.0000000000E+00  0.0000000000E+00  0.9819802518E+00  0.0000000000E+00
L0     9000  0.1800000000E+02  -.7507781876E+04  0.1731138669E+04
L1 0.3002924186E+03  0.3002924186E+03  -.9238920545E+10  0.1000000000E+01
L2 0.1000000000E+01  0.3365349805E+02  0.3365349805E+02  0.3365349805E+02
L3 0.2934124656E+05  0.7365098964E+03  -.4709154870E+03  -.1020475373E+04
L4 -.2516269879E+03  0.2721308986E+03  0.3017773924E+03  0.2837367498E+03
L5 0.8576450408E+03  0.1166010577E+03  0.4012212847E+03  0.4992319837E+03
L6 0.1017054326E+04  -.9238920545E+04  0.1355732870E+04  -.1067234604E+05
L7 0.0000000000E+00  0.1637743906E+01  0.1050894097E+02  0.1328364767E+02
L8 0.3664351533E+01  0.4595317476E+02  0.2644765039E+01  0.0000000000E+00
L9 0.0000000000E+00  0.0000000000E+00  0.0000000000E+00  0.9849507170E+00  0.0000000000E+00
L0    10000  0.2000000000E+02  -.7599083516E+04  0.1649039198E+04
L1 0.2860510126E+03  0.2860510126E+03  -.9248122714E+10  0.1000000000E+01
L2 0.1000000000E+01  0.3360895250E+02  0.3360895250E+02  0.3360895250E+02
L3 0.2922375219E+05  0.5186229976E+03  0.3625552219E+02  -.2826539341E+01
L4 0.1840173268E+03  0.2921066655E+03  0.2634698791E+03  0.2625715673E+03
L5 0.8181481119E+03  0.1830268669E+03  0.2558444073E+03  0.2631660614E+03
L6 0.7020373356E+03  -.9248122714E+04  0.1405270775E+04  -.1073135991E+05
L7 0.0000000000E+00  0.4166958669E+01  0.9864484747E+01  0.1211579986E+02
L8 0.3461156427E+01  0.4491368081E+02  0.3444342829E+01  0.0000000000E+00
L9 0.0000000000E+00  0.0000000000E+00  0.0000000000E+00  0.9889107205E+00  0.0000000000E+00
