L0  Nsteps           time(ps)         Etot             EKinetic        
L1  Temp             T_solute         T_solv           Pres_scal_solu  
L2  Pres_scal_solv   BoxX             BoxY             BoxZ            
L3  volume           pres_X           pres_Y           pres_Z          
L4  Pressure         EKCoM_x          EKCoM_y          EKCoM_z         
L5  EKComTot         VIRIAL_x         VIRIAL_y         VIRIAL_z        
L6  VIRIAL_tot       E_pot            E_vdw            E_el            
L7  E_hbon           E_bon            E_angle          E_dih           
L8  E_14vdw          E_14el           E_const          E_pol           
L9  AV_permMoment    AV_indMoment     AV_totMoment     Density          dV/dlambda      
L0     1000  0.2000000000E+01  -.7550553279E+04  0.1751429116E+04
L1 0.2952626199E+03  0.2952626199E+03  -.9301982395E+10  0.1000000000E+01
L2 0.1000000000E+01  0.3500050805E+02  0.3500050805E+02  0.3500050805E+02
L3 0.3300743147E+05  0.4241097214E+03  -.8146671257E+03  -.4234058101E+03
L4 -.2713210714E+03  0.2914860938E+03  0.2991636299E+03  0.2911541828E+03
L5 0.8818039066E+03  0.1907357498E+03  0.4926937214E+03  0.3917373076E+03
L6 0.1075166779E+04  -.9301982395E+04  0.1461754350E+04  -.1083832716E+05
L7 0.0000000000E+00  0.2409797760E+01  0.8097402331E+01  0.1134983260E+02
L8 0.3114992702E+01  0.4612141577E+02  0.3496972202E+01  0.0000000000E+00
L9 0.0000000000E+00  0.0000000000E+00  0.0000000000E+00  0.9009289769E+00  0.0000000000E+00
L0     2000  0.4000000000E+01  -.7643152467E+04  0.1763647746E+04
L1 0.2973224833E+03  0.2973224833E+03  -.9406800213E+10  0.1000000000E+01
L2 0.1000000000E+01  0.3445057950E+02  0.3445057950E+02  0.3445057950E+02
L3 0.3147487269E+05  -.4462913990E+03  0.1545566313E+03  0.5850130065E+03
L4 0.9775941292E+02  0.2839810534E+03  0.2912988274E+03  0.3111519718E+03
L5 0.8864318527E+03  0.3850782422E+03  0.2562875299E+03  0.1786305509E+03
L6 0.8199963230E+03  -.9406800213E+04  0.1461922705E+04  -.1094923220E+05
L7 0.0000000000E+00  0.5170161587E+01  0.1115138016E+02  0.1121100367E+02
L8 0.3688410458E+01  0.4565045777E+02  0.3637871485E+01  0.0000000000E+00
L9 0.0000000000E+00  0.0000000000E+00  0.0000000000E+00  0.9447965605E+00  0.0000000000E+00
L0     3000  0.6000000000E+01  -.7614870316E+04  0.1758524799E+04
L1 0.2964588372E+03  0.2964588372E+03  -.9373395115E+10  0.1000000000E+01
L2 0.1000000000E+01  0.3419007914E+02  0.3419007914E+02  0.3419007914E+02
L3 0.3076663639E+05  0.1493789798E+03  -.3317176393E+03  0.6411995406E+02
L4 -.3940623516E+02  0.3021998693E+03  0.2771609048E+03  0.2738598337E+03
L5 0.8532206078E+03  0.2691228713E+03  0.3506131651E+03  0.2596617477E+03
L6 0.8793977841E+03  -.9373395115E+04  0.1393622379E+04  -.1084250039E+05
L7 0.0000000000E+00  0.2826917020E+01  0.6017526375E+01  0.1390053077E+02
L8 0.1891857879E+01  0.4481189314E+02  0.6034169014E+01  0.0000000000E+00
L9 0.0000000000E+00  0.0000000000E+00  0.0000000000E+00  0.9665454190E+00  0.0000000000E+00
L0     4000  0.8000000000E+01  -.7708771469E+04  0.1733073040E+04
L1 0.2921680824E+03  0.2921680824E+03  -.9441844509E+10  0.1000000000E+01
L2 0.1000000000E+01  0.3408094924E+02  0.3408094924E+02  0.3408094924E+02
L3 0.3047457136E+05  -.5330749001E+03  -.7643272875E+03  -.5908679784E+03
L4 -.6294233887E+03  0.2778535571E+03  0.2804166588E+03  0.3120592887E+03
L5 0.8703295047E+03  0.3947718377E+03  0.4480550756E+03  0.4416532127E+03
L6 0.1284480126E+04  -.9441844509E+04  0.1339714999E+04  -.1085886906E+05
L7 0.0000000000E+00  0.4352062056E+01  0.1086601420E+02  0.9538629380E+01
L8 0.2747468789E+01  0.4554850343E+02  0.4256875436E+01  0.0000000000E+00
L9 0.0000000000E+00  0.0000000000E+00  0.0000000000E+00  0.9758086870E+00  0.0000000000E+00
L0     5000  0.1000000000E+02  -.7645462453E+04  0.1803882540E+04
L1 0.3041054188E+03  0.3041054188E+03  -.9449344993E+10  0.1000000000E+01
L2 0.1000000000E+01  0.3400600698E+02  0.3400600698E+02  0.3400600698E+02
L3 0.3027304350E+05  -.2617399015E+03  0.1902332699E+03  -.7797042343E+03
L4 -.2837369553E+03  0.2834413849E+03  0.2894046966E+03  0.2880533116E+03
L5 0.8608993930E+03  0.3404686572E+03  0.2479571204E+03  0.4579334310E+03
L6 0.1046359209E+04  -.9449344993E+04  0.1380559222E+04  -.1089900434E+05
L7 0.0000000000E+00  0.6066032458E+01  0.6170741379E+01  0.1040378512E+02
L8 0.2461205183E+01  0.4257567423E+02  0.1422683894E+01  0.0000000000E+00
L9 0.0000000000E+00  0.0000000000E+00  0.0000000000E+00  0.9823046519E+00  0.0000000000E+00
L0     6000  0.1200000000E+02  -.7667720246E+04  0.1750645370E+04
L1 0.2951304930E+03  0.2951304930E+03  -.9418365616E+10  0.1000000000E+01
L2 0.1000000000E+01  0.3398637853E+02  0.3398637853E+02  0.3398637853E+02
L3 0.3022052905E+05  0.2951327582E+03  -.5506010443E+03  -.4583944116E+03
L4 -.2379542326E+03  0.3051906773E+03  0.2927487513E+03  0.2800163844E+03
L5 0.8779558130E+03  0.2409993938E+03  0.4125043079E+03  0.3797170270E+03
L6 0.1033220729E+04  -.9418365616E+04  0.1360343075E+04  -.1085774848E+05
L7 0.0000000000E+00  0.3795671799E+01  0.1204512460E+02  0.9985702300E+01
L8 0.4168735626E+01  0.4447512743E+02  0.4569424373E+01  0.0000000000E+00
L9 0.0000000000E+00  0.0000000000E+00  0.0000000000E+00  0.9840116106E+00  0.0000000000E+00
L0     7000  0.1400000000E+02  -.7693931753E+04  0.1783342142E+04
L1 0.3006426399E+03  0.3006426399E+03  -.9477273895E+10  0.1000000000E+01
L2 0.1000000000E+01  0.3392956634E+02  0.3392956634E+02  0.3392956634E+02
L3 0.3006728653E+05  0.9695876771E+03  0.5351776888E+03  -.4382139274E+02
L4 0.4869813244E+03  0.2995945388E+03  0.3000269403E+03  0.2909570290E+03
L5 0.8905785080E+03  0.8977887680E+02  0.1842162058E+03  0.3004398377E+03
L6 0.5744349203E+03  -.9477273895E+04  0.1463365759E+04  -.1101756198E+05
L7 0.0000000000E+00  0.4121067999E+01  0.8471425263E+01  0.1119139663E+02
L8 0.3062009431E+01  0.4571634504E+02  0.4360085775E+01  0.0000000000E+00
L9 0.0000000000E+00  0.0000000000E+00  0.0000000000E+00  0.9890267761E+00  0.0000000000E+00
L0     8000  0.1600000000E+02  -.7686520415E+04  0.1741990501E+04
L1 0.2936714221E+03  0.2936714221E+03  -.9428510916E+10  0.1000000000E+01
L2 0.1000000000E+01  0.3391092950E+02  0.3391092950E+02  0.3391092950E+02
L3 0.3001834596E+05  0.1017677833E+04  -.3328557150E+03  0.1281248762E+03
L4 0.2709823312E+03  0.2759828569E+03  0.3053897367E+03  0.2897084964E+03
L5 0.8710810900E+03  0.5611909561E+02  0.3773014037E+03  0.2620278137E+03
L6 0.6954483130E+03  -.9428510916E+04  0.1418689184E+04  -.1091977392E+05
L7 0.0000000000E+00  0.4983827089E+01  0.7117890491E+01  0.1010053340E+02
L8 0.3492195687E+01  0.4329401767E+02  0.3585359765E+01  0.0000000000E+00
L9 0.0000000000E+00  0.0000000000E+00  0.0000000000E+00  0.9906392411E+00  0.0000000000E+00
L0     9000  0.1800000000E+02  -.7656522260E+04  0.1779243548E+04
L1 0.2999516832E+03  0.2999516832E+03  -.9435765808E+10  0.1000000000E+01
L2 0.1000000000E+01  0.3396791957E+02  0.3396791957E+02  0.3396791957E+02
L3 0.3017055626E+05  0.8053910685E+03  -.2432958385E+03  -.4302695744E+03
L4 0.4394188520E+02  0.3001231769E+03  0.2879939142E+03  0.2894166305E+03
L5 0.8775337215E+03  0.1252405345E+03  0.3408231803E+03  0.3828453796E+03
L6 0.8489090945E+03  -.9435765808E+04  0.1393436612E+04  -.1090578283E+05
L7 0.0000000000E+00  0.3359225613E+01  0.8030594687E+01  0.1182070336E+02
L8 0.3481604721E+01  0.4410893961E+02  0.5779339577E+01  0.0000000000E+00
L9 0.0000000000E+00  0.0000000000E+00  0.0000000000E+00  0.9856414712E+00  0.0000000000E+00
L0    10000  0.2000000000E+02  -.7808714900E+04  0.1749744885E+04
L1 0.2949786858E+03  0.2949786858E+03  -.9558459785E+10  0.1000000000E+01
L2 0.1000000000E+01  0.3398113627E+02  0.3398113627E+02  0.3398113627E+02
L3 0.3020536548E+05  0.2775425417E+03  -.3949900291E+03  0.7191445833E+03
L4 0.2005656986E+03  0.2700353085E+03  0.2943224497E+03  0.2897937881E+03
L5 0.8541515463E+03  0.2097001808E+03  0.3801895520E+03  0.1334585467E+03
L6 0.7233482796E+03  -.9558459785E+04  0.1472169682E+04  -.1110296992E+05
L7 0.0000000000E+00  0.1317905676E+01  0.1019505454E+02  0.9118281202E+01
L8 0.2712383966E+01  0.4453307845E+02  0.4463746177E+01  0.0000000000E+00
L9 0.0000000000E+00  0.0000000000E+00  0.0000000000E+00  0.9845056000E+00  0.0000000000E+00
