L0  Nsteps           time(ps)         Etot             EKinetic        
L1  Temp             T_solute         T_solv           Pres_scal_solu  
L2  Pres_scal_solv   BoxX             BoxY             BoxZ            
L3  volume           pres_X           pres_Y           pres_Z          
L4  Pressure         EKCoM_x          EKCoM_y          EKCoM_z         
L5  EKComTot         VIRIAL_x         VIRIAL_y         VIRIAL_z        
L6  VIRIAL_tot       E_pot            E_vdw            E_el            
L7  E_hbon           E_bon            E_angle          E_dih           
L8  E_14vdw          E_14el           E_const          E_pol           
L9  AV_permMoment    AV_indMoment     AV_totMoment     Density          dV/dlambda      
L0     1000  0.2000000000E+01  -.6897691479E+04  0.1655687352E+04
L1 0.3045246673E+03  0.3045246673E+03  -.8553378831E+10  0.1000000000E+01
L2 0.1000000000E+01  0.3397746044E+02  0.3397746044E+02  0.3397746044E+02
L3 0.3019750378E+05  -.3697033759E+03  -.5455179187E+03  -.6431255450E+03
L4 -.5194489465E+03  0.2785171075E+03  0.2690336220E+03  0.2732998426E+03
L5 0.8208505720E+03  0.3588662119E+03  0.3875931999E+03  0.4130728740E+03
L6 0.1159532286E+04  -.8553378831E+04  0.1309142861E+04  -.9939687678E+04
L7 0.0000000000E+00  0.2837192420E+01  0.1099592028E+02  0.1117803235E+02
L8 0.2763416150E+01  0.4664995851E+02  0.2741465848E+01  0.0000000000E+00
L9 0.0000000000E+00  0.0000000000E+00  0.0000000000E+00  0.9025335192E+00  0.0000000000E+00
L0     2000  0.4000000000E+01  -.6837201295E+04  0.1638443003E+04
L1 0.3013529757E+03  0.3013529757E+03  -.8475644298E+10  0.1000000000E+01
L2 0.1000000000E+01  0.3346151652E+02  0.3346151652E+02  0.3346151652E+02
L3 0.2884320295E+05  -.6527125840E+03  -.9598552485E+03  -.5907026130E+03
L4 -.7344234818E+03  0.2879444591E+03  0.2658118772E+03  0.2622352963E+03
L5 0.8159916326E+03  0.4234390793E+03  0.4650653088E+03  0.3848574551E+03
L6 0.1273361843E+04  -.8475644298E+04  0.1185601759E+04  -.9738971315E+04
L7 0.0000000000E+00  0.2008186033E+01  0.6486076346E+01  0.1308678506E+02
L8 0.4520468640E+01  0.4869963079E+02  0.2924110370E+01  0.0000000000E+00
L9 0.0000000000E+00  0.0000000000E+00  0.0000000000E+00  0.9449109866E+00  0.0000000000E+00
L0     3000  0.6000000000E+01  -.7001359077E+04  0.1589966239E+04
L1 0.2924368174E+03  0.2924368174E+03  -.8591325316E+10  0.1000000000E+01
L2 0.1000000000E+01  0.3314622801E+02  0.3314622801E+02  0.3314622801E+02
L3 0.2803292568E+05  0.1248629669E+04  -.1512699234E+03  -.1611345196E+03
L4 0.3120750753E+03  0.2589157784E+03  0.2602580067E+03  0.2903554865E+03
L5 0.8095292716E+03  0.6998093955E+01  0.2907775193E+03  0.3228652338E+03
L6 0.6206408471E+03  -.8591325316E+04  0.1315512724E+04  -.9981414873E+04
L7 0.0000000000E+00  0.1338236493E+01  0.1073956487E+02  0.1053656103E+02
L8 0.3395675028E+01  0.4446451255E+02  0.4102283136E+01  0.0000000000E+00
L9 0.0000000000E+00  0.0000000000E+00  0.0000000000E+00  0.9722231517E+00  0.0000000000E+00
L0     4000  0.8000000000E+01  -.7137836290E+04  0.1586514433E+04
L1 0.2918019391E+03  0.2918019391E+03  -.8724350723E+10  0.1000000000E+01
L2 0.1000000000E+01  0.3295161378E+02  0.3295161378E+02  0.3295161378E+02
L3 0.2754142941E+05  0.9986759676E+03  0.2862243209E+03  0.4005547620E+03
L4 0.5618183502E+03  0.2512795994E+03  0.2665332245E+03  0.2714484488E+03
L5 0.7892612726E+03  0.5332406153E+02  0.2097984164E+03  0.1920512910E+03
L6 0.4551737689E+03  -.8724350723E+04  0.1379349930E+04  -.1018089013E+05
L7 0.0000000000E+00  0.6731890359E+01  0.5711647661E+01  0.1111846525E+02
L8 0.4241221444E+01  0.4673112954E+02  0.2655123860E+01  0.0000000000E+00
L9 0.0000000000E+00  0.0000000000E+00  0.0000000000E+00  0.9895731606E+00  0.0000000000E+00
L0     5000  0.1000000000E+02  -.7071993840E+04  0.1598224528E+04
L1 0.2939557351E+03  0.2939557351E+03  -.8670218368E+10  0.1000000000E+01
L2 0.1000000000E+01  0.3298895785E+02  0.3298895785E+02  0.3298895785E+02
L3 0.2763669450E+05  -.2185351172E+03  0.8123082750E+02  -.2806728726E+02
L4 -.5512385900E+02  0.2681175890E+03  0.2655782049E+03  0.2638705536E+03
L5 0.7975663474E+03  0.3115850139E+03  0.2494210996E+03  0.2694532385E+03
L6 0.8304593520E+03  -.8670218368E+04  0.1275527337E+04  -.1002068056E+05
L7 0.0000000000E+00  0.4066815595E+01  0.1018076386E+02  0.9644974408E+01
L8 0.3809247491E+01  0.4434968217E+02  0.2883368003E+01  0.0000000000E+00
L9 0.0000000000E+00  0.0000000000E+00  0.0000000000E+00  0.9861620517E+00  0.0000000000E+00
L0     6000  0.1200000000E+02  -.7062979745E+04  0.1663744255E+04
L1 0.3060065446E+03  0.3060065446E+03  -.8726724000E+10  0.1000000000E+01
L2 0.1000000000E+01  0.3298717189E+02  0.3298717189E+02  0.3298717189E+02
L3 0.2763179710E+05  0.4548134184E+03  0.6503917390E+03  -.7726923058E+03
L4 0.1108376172E+03  0.2819140625E+03  0.2826000467E+03  0.2930478064E+03
L5 0.8575619156E+03  0.1914660599E+03  0.1532577025E+03  0.4467118648E+03
L6 0.7914356272E+03  -.8726724000E+04  0.1313449865E+04  -.1011978365E+05
L7 0.0000000000E+00  0.7254549997E+01  0.1100115433E+02  0.9512128754E+01
L8 0.3368567433E+01  0.4406039074E+02  0.4412999216E+01  0.0000000000E+00
L9 0.0000000000E+00  0.0000000000E+00  0.0000000000E+00  0.9863368371E+00  0.0000000000E+00
L0     7000  0.1400000000E+02  -.6961294769E+04  0.1624281820E+04
L1 0.2987483599E+03  0.2987483599E+03  -.8585576590E+10  0.1000000000E+01
L2 0.1000000000E+01  0.3304972485E+02  0.3304972485E+02  0.3304972485E+02
L3 0.2778827334E+05  0.3858450874E+03  0.4188619837E+03  0.7562905905E+03
L4 0.5203325539E+03  0.2588828995E+03  0.2672073772E+03  0.2917515900E+03
L5 0.8178418667E+03  0.1817159882E+03  0.1834372669E+03  0.1404976002E+03
L6 0.5056508552E+03  -.8585576590E+04  0.1330537318E+04  -.9993609052E+04
L7 0.0000000000E+00  0.4842392365E+01  0.9965242099E+01  0.1294420488E+02
L8 0.2882995217E+01  0.4427624721E+02  0.2584062507E+01  0.0000000000E+00
L9 0.0000000000E+00  0.0000000000E+00  0.0000000000E+00  0.9807827575E+00  0.0000000000E+00
L0     8000  0.1600000000E+02  -.6944712212E+04  0.1647785625E+04
L1 0.3030713309E+03  0.3030713309E+03  -.8592497837E+10  0.1000000000E+01
L2 0.1000000000E+01  0.3300185791E+02  0.3300185791E+02  0.3300185791E+02
L3 0.2766777151E+05  0.4340842899E+03  0.9237529504E+03  0.1262884062E+03
L4 0.4947085488E+03  0.2813934241E+03  0.2829719745E+03  0.2585257682E+03
L5 0.8228911668E+03  0.1949554004E+03  0.9902756250E+02  0.2333783014E+03
L6 0.5273612643E+03  -.8592497837E+04  0.1318721094E+04  -.9985581079E+04
L7 0.0000000000E+00  0.3596904677E+01  0.1209787379E+02  0.1031858250E+02
L8 0.3378762437E+01  0.4268843150E+02  0.2281592708E+01  0.0000000000E+00
L9 0.0000000000E+00  0.0000000000E+00  0.0000000000E+00  0.9850543743E+00  0.0000000000E+00
L0     9000  0.1800000000E+02  -.7018412324E+04  0.1652418324E+04
L1 0.3039234066E+03  0.3039234066E+03  -.8670830648E+10  0.1000000000E+01
L2 0.1000000000E+01  0.3299946213E+02  0.3299946213E+02  0.3299946213E+02
L3 0.2766391209E+05  -.2059003753E+03  -.8343347173E+03  -.1088174268E+03
L4 -.3830175065E+03  0.2709030383E+03  0.2716793369E+03  0.2592804281E+03
L5 0.8018628033E+03  0.3118977007E+03  0.4377949644E+03  0.2809459236E+03
L6 0.1030638589E+04  -.8670830648E+04  0.1244109599E+04  -.9990478095E+04
L7 0.0000000000E+00  0.4061891389E+01  0.7269941241E+01  0.1299087662E+02
L8 0.3069818780E+01  0.4484911031E+02  0.3296208943E+01  0.0000000000E+00
L9 0.0000000000E+00  0.0000000000E+00  0.0000000000E+00  0.9851918004E+00  0.0000000000E+00
L0    10000  0.2000000000E+02  -.7101512256E+04  0.1596757908E+04
L1 0.2936859850E+03  0.2936859850E+03  -.8698270164E+10  0.1000000000E+01
L2 0.1000000000E+01  0.3305986959E+02  0.3305986959E+02  0.3305986959E+02
L3 0.2781436517E+05  0.2329170290E+01  -.5790547661E+02  0.1018222237E+04
L4 0.3208819768E+03  0.2588948135E+03  0.2429065619E+03  0.2831367701E+03
L5 0.7849381455E+03  0.2584285548E+03  0.2544982150E+03  0.7930667387E+02
L6 0.5922334436E+03  -.8698270164E+04  0.1341525354E+04  -.1011511805E+05
L7 0.0000000000E+00  0.2974364968E+01  0.1015235198E+02  0.1066591025E+02
L8 0.3641630233E+01  0.4526830165E+02  0.2619970692E+01  0.0000000000E+00
L9 0.0000000000E+00  0.0000000000E+00  0.0000000000E+00  0.9798627142E+00  0.0000000000E+00
