L0  Nsteps           time(ps)         Etot             EKinetic        
L1  Temp             T_solute         T_solv           Pres_scal_solu  
L2  Pres_scal_solv   BoxX             BoxY             BoxZ            
L3  volume           pres_X           pres_Y           pres_Z          
L4  Pressure         EKCoM_x          EKCoM_y          EKCoM_z         
L5  EKComTot         VIRIAL_x         VIRIAL_y         VIRIAL_z        
L6  VIRIAL_tot       E_pot            E_vdw            E_el            
L7  E_hbon           E_bon            E_angle          E_dih           
L8  E_14vdw          E_14el           E_const          E_pol           
L9  AV_permMoment    AV_indMoment     AV_totMoment     Density          dV/dlambda      
L0     1000  0.2000000000E+01  -.7164286919E+04  0.1606250997E+04
L1 0.2878568351E+03  0.2878568351E+03  -.8770537916E+10  0.1000000000E+01
L2 0.1000000000E+01  0.3419171291E+02  0.3419171291E+02  0.3419171291E+02
L3 0.3077183199E+05  -.1544634962E+03  -.6587870448E+03  -.1627637691E+03
L4 -.3253381034E+03  0.2755009630E+03  0.2673847813E+03  0.2626361863E+03
L5 0.8055219306E+03  0.3097096018E+03  0.4132846774E+03  0.2986830655E+03
L6 0.1021677345E+04  -.8770537916E+04  0.1344798050E+04  -.1019112070E+05
L7 0.0000000000E+00  0.2053728885E+01  0.1457774914E+02  0.9146651974E+01
L8 0.3411960911E+01  0.4420097890E+02  0.2393662148E+01  0.0000000000E+00
L9 0.0000000000E+00  0.0000000000E+00  0.0000000000E+00  0.9090216632E+00  0.0000000000E+00
L0     2000  0.4000000000E+01  -.7091473014E+04  0.1665356525E+04
L1 0.2984491586E+03  0.2984491586E+03  -.8756829540E+10  0.1000000000E+01
L2 0.1000000000E+01  0.3378564672E+02  0.3378564672E+02  0.3378564672E+02
L3 0.2968796970E+05  -.9642370041E+03  0.9564437294E+03  -.4269819082E+03
L4 -.1449250610E+03  0.2735853004E+03  0.2883255307E+03  0.2725198215E+03
L5 0.8344306527E+03  0.4796107508E+03  0.8396524450E+02  0.3637516863E+03
L6 0.9273276816E+03  -.8756829540E+04  0.1321559076E+04  -.1015452847E+05
L7 0.0000000000E+00  0.3049342572E+01  0.8682133443E+01  0.9944872661E+01
L8 0.3602662799E+01  0.4792550727E+02  0.2935335519E+01  0.0000000000E+00
L9 0.0000000000E+00  0.0000000000E+00  0.0000000000E+00  0.9422086514E+00  0.0000000000E+00
L0     3000  0.6000000000E+01  -.7156660224E+04  0.1669488042E+04
L1 0.2991895692E+03  0.2991895692E+03  -.8826148267E+10  0.1000000000E+01
L2 0.1000000000E+01  0.3345941024E+02  0.3345941024E+02  0.3345941024E+02
L3 0.2883578149E+05  -.1145168519E+03  -.4532547124E+03  0.6679716382E+03
L4 0.3340002464E+02  0.2956486958E+03  0.2818964656E+03  0.2770949828E+03
L5 0.8546401442E+03  0.3194147841E+03  0.3759620231E+03  0.1384684603E+03
L6 0.8338452676E+03  -.8826148267E+04  0.1326051016E+04  -.1022901521E+05
L7 0.0000000000E+00  0.2897791820E+01  0.1199985536E+02  0.9650641711E+01
L8 0.3204096667E+01  0.4604505239E+02  0.3018490764E+01  0.0000000000E+00
L9 0.0000000000E+00  0.0000000000E+00  0.0000000000E+00  0.9700538862E+00  0.0000000000E+00
L0     4000  0.8000000000E+01  -.7224552867E+04  0.1662517220E+04
L1 0.2979403256E+03  0.2979403256E+03  -.8887070087E+10  0.1000000000E+01
L2 0.1000000000E+01  0.3339402627E+02  0.3339402627E+02  0.3339402627E+02
L3 0.2866727154E+05  -.1060803674E+03  0.1942484717E+03  -.2300743244E+03
L4 -.4730207337E+02  0.2835444013E+03  0.2884087759E+03  0.2441418295E+03
L5 0.8160950067E+03  0.3054309839E+03  0.2483312825E+03  0.2916109402E+03
L6 0.8453732066E+03  -.8887070087E+04  0.1335634709E+04  -.1029963854E+05
L7 0.0000000000E+00  0.1744602228E+01  0.1347925293E+02  0.1163910387E+02
L8 0.3323066197E+01  0.4318554707E+02  0.3562173385E+01  0.0000000000E+00
L9 0.0000000000E+00  0.0000000000E+00  0.0000000000E+00  0.9757559888E+00  0.0000000000E+00
L0     5000  0.1000000000E+02  -.7199599505E+04  0.1633089599E+04
L1 0.2926665907E+03  0.2926665907E+03  -.8832689104E+10  0.1000000000E+01
L2 0.1000000000E+01  0.3336500756E+02  0.3336500756E+02  0.3336500756E+02
L3 0.2859188411E+05  0.3016000840E+03  -.3172365315E+03  0.7189760498E+03
L4 0.2344465341E+03  0.2678732670E+03  0.2764320425E+03  0.2695866745E+03
L5 0.8138919840E+03  0.2058105459E+03  0.3417124036E+03  0.1216370802E+03
L6 0.6691600297E+03  -.8832689104E+04  0.1335335375E+04  -.1024270781E+05
L7 0.0000000000E+00  0.4451614559E+01  0.7223209590E+01  0.1119063201E+02
L8 0.2726845398E+01  0.4612278358E+02  0.2968249634E+01  0.0000000000E+00
L9 0.0000000000E+00  0.0000000000E+00  0.0000000000E+00  0.9783287378E+00  0.0000000000E+00
L0     6000  0.1200000000E+02  -.7165924509E+04  0.1650134168E+04
L1 0.2957211544E+03  0.2957211544E+03  -.8816058677E+10  0.1000000000E+01
L2 0.1000000000E+01  0.3326798331E+02  0.3326798331E+02  0.3326798331E+02
L3 0.2834476056E+05  -.2926708656E+03  -.8740943248E+03  -.9816872741E+01
L4 -.3921940211E+03  0.2897797552E+03  0.2772030367E+03  0.2853482134E+03
L5 0.8523310053E+03  0.3494845025E+03  0.4555179527E+03  0.2873508517E+03
L6 0.1092353307E+04  -.8816058677E+04  0.1240793510E+04  -.1013266991E+05
L7 0.0000000000E+00  0.3641238971E+01  0.9075420559E+01  0.9455487608E+01
L8 0.3419157229E+01  0.4788451167E+02  0.2341911666E+01  0.0000000000E+00
L9 0.0000000000E+00  0.0000000000E+00  0.0000000000E+00  0.9868582884E+00  0.0000000000E+00
L0     7000  0.1400000000E+02  -.7238603185E+04  0.1679247105E+04
L1 0.3009384945E+03  0.3009384945E+03  -.8917850290E+10  0.1000000000E+01
L2 0.1000000000E+01  0.3330914328E+02  0.3330914328E+02  0.3330914328E+02
L3 0.2844998190E+05  -.7802287657E+03  0.1612950486E+03  -.4212546601E+03
L4 -.3467294591E+03  0.2954621140E+03  0.2646057333E+03  0.2741027322E+03
L5 0.8341705795E+03  0.4552193479E+03  0.2315794569E+03  0.3603575362E+03
L6 0.1047156341E+04  -.8917850290E+04  0.1287523252E+04  -.1027852634E+05
L7 0.0000000000E+00  0.7036893571E+01  0.4291165028E+01  0.1077289849E+02
L8 0.2773967888E+01  0.4582157075E+02  0.2456303803E+01  0.0000000000E+00
L9 0.0000000000E+00  0.0000000000E+00  0.0000000000E+00  0.9832084250E+00  0.0000000000E+00
L0     8000  0.1600000000E+02  -.7217212740E+04  0.1713862497E+04
L1 0.3071419318E+03  0.3071419318E+03  -.8931075237E+10  0.1000000000E+01
L2 0.1000000000E+01  0.3319474094E+02  0.3319474094E+02  0.3319474094E+02
L3 0.2815696387E+05  0.3412874649E+03  -.3801035006E+03  0.5442854264E+02
L4 0.5204168964E+01  0.2670895709E+03  0.3110862607E+03  0.2798406118E+03
L5 0.8580164434E+03  0.1979283357E+03  0.3881134894E+03  0.2688107744E+03
L6 0.8548525995E+03  -.8931075237E+04  0.1315179863E+04  -.1031951298E+05
L7 0.0000000000E+00  0.3345062271E+01  0.9957477392E+01  0.9610483683E+01
L8 0.2881881202E+01  0.4331630654E+02  0.4146667296E+01  0.0000000000E+00
L9 0.0000000000E+00  0.0000000000E+00  0.0000000000E+00  0.9934402737E+00  0.0000000000E+00
L0     9000  0.1800000000E+02  -.7101537680E+04  0.1669499821E+04
L1 0.2991916802E+03  0.2991916802E+03  -.8771037501E+10  0.1000000000E+01
L2 0.1000000000E+01  0.3328318775E+02  0.3328318775E+02  0.3328318775E+02
L3 0.2838351059E+05  -.2882887433E+03  -.3075615637E+03  -.4256531176E+03
L4 -.3405011415E+03  0.2666109802E+03  0.2725760936E+03  0.2793738643E+03
L5 0.8185609381E+03  0.3255021762E+03  0.3354043127E+03  0.3663256506E+03
L6 0.1027232140E+04  -.8771037501E+04  0.1216340553E+04  -.1006330592E+05
L7 0.0000000000E+00  0.3542141393E+01  0.8648867740E+01  0.1047086909E+02
L8 0.3794030226E+01  0.4493502725E+02  0.4536926214E+01  0.0000000000E+00
L9 0.0000000000E+00  0.0000000000E+00  0.0000000000E+00  0.9855109996E+00  0.0000000000E+00
L0    10000  0.2000000000E+02  -.7129325980E+04  0.1718335011E+04
L1 0.3079434527E+03  0.3079434527E+03  -.8847660991E+10  0.1000000000E+01
L2 0.1000000000E+01  0.3331161625E+02  0.3331161625E+02  0.3331161625E+02
L3 0.2845474260E+05  0.6316106118E+03  0.2332476407E+03  -.4186380506E+02
L4 0.2743314825E+03  0.2814475895E+03  0.3148903194E+03  0.2900282348E+03
L5 0.8863661436E+03  0.1520993090E+03  0.2671232606E+03  0.2986015727E+03
L6 0.7178241423E+03  -.8847660991E+04  0.1327731410E+04  -.1025423008E+05
L7 0.0000000000E+00  0.4899384123E+01  0.1521778766E+02  0.8707158287E+01
L8 0.2591788658E+01  0.4422675901E+02  0.3194800725E+01  0.0000000000E+00
L9 0.0000000000E+00  0.0000000000E+00  0.0000000000E+00  0.9830439264E+00  0.0000000000E+00
