L0  Nsteps           time(ps)         Etot             EKinetic        
L1  Temp             T_solute         T_solv           Pres_scal_solu  
L2  Pres_scal_solv   BoxX             BoxY             BoxZ            
L3  volume           pres_X           pres_Y           pres_Z          
L4  Pressure         EKCoM_x          EKCoM_y          EKCoM_z         
L5  EKComTot         VIRIAL_x         VIRIAL_y         VIRIAL_z        
L6  VIRIAL_tot       E_pot            E_vdw            E_el            
L7  E_hbon           E_bon            E_angle          E_dih           
L8  E_14vdw          E_14el           E_const          E_pol           
L9  AV_permMoment    AV_indMoment     AV_totMoment     Density          dV/dlambda      
L0     1000  0.2000000000E+01  -.7074547464E+04  0.1604588933E+04
L1 0.2912935082E+03  0.2912935082E+03  -.8679136398E+10  0.1000000000E+01
L2 0.1000000000E+01  0.3422316654E+02  0.3422316654E+02  0.3422316654E+02
L3 0.3085570361E+05  -.2428310202E+03  -.2582552558E+02  0.5236030983E+03
L4 0.8498218417E+02  0.2508282928E+03  0.2754993651E+03  0.2708755247E+03
L5 0.7972031827E+03  0.3047540434E+03  0.2812344679E+03  0.1545984113E+03
L6 0.7405869226E+03  -.8679136398E+04  0.1410941381E+04  -.1016224793E+05
L7 0.0000000000E+00  0.1694449705E+01  0.5372173289E+01  0.1182022926E+02
L8 0.2538090081E+01  0.4525946299E+02  0.5485742754E+01  0.0000000000E+00
L9 0.0000000000E+00  0.0000000000E+00  0.0000000000E+00  0.8949159277E+00  0.0000000000E+00
L0     2000  0.4000000000E+01  -.7067124816E+04  0.1642932719E+04
L1 0.2982543538E+03  0.2982543538E+03  -.8710057535E+10  0.1000000000E+01
L2 0.1000000000E+01  0.3360225032E+02  0.3360225032E+02  0.3360225032E+02
L3 0.2920676613E+05  0.2635445350E+03  0.2166406786E+03  -.4964929444E+03
L4 -.5435910275E+01  0.2730791471E+03  0.2647832813E+03  0.2787757090E+03
L5 0.8166381374E+03  0.2176811494E+03  0.2192446409E+03  0.3831402901E+03
L6 0.8200660804E+03  -.8710057535E+04  0.1335032168E+04  -.1012018718E+05
L7 0.0000000000E+00  0.4705133267E+01  0.8400017816E+01  0.1272443767E+02
L8 0.3183764457E+01  0.4445372192E+02  0.1630398848E+01  0.0000000000E+00
L9 0.0000000000E+00  0.0000000000E+00  0.0000000000E+00  0.9454405360E+00  0.0000000000E+00
L0     3000  0.6000000000E+01  -.7090392807E+04  0.1598541565E+04
L1 0.2901956822E+03  0.2901956822E+03  -.8688934371E+10  0.1000000000E+01
L2 0.1000000000E+01  0.3329142755E+02  0.3329142755E+02  0.3329142755E+02
L3 0.2840492883E+05  -.2844146926E+03  -.2863094762E+03  -.8445936075E+03
L4 -.4717725921E+03  0.2652917191E+03  0.2823959940E+03  0.2660403934E+03
L5 0.8137281065E+03  0.3234353721E+03  0.3409270026E+03  0.4387029136E+03
L6 0.1103065288E+04  -.8688934371E+04  0.1233145724E+04  -.1000349602E+05
L7 0.0000000000E+00  0.4634727380E+01  0.1475073146E+02  0.1135218050E+02
L8 0.3601772056E+01  0.4519447089E+02  0.1882045073E+01  0.0000000000E+00
L9 0.0000000000E+00  0.0000000000E+00  0.0000000000E+00  0.9721291958E+00  0.0000000000E+00
L0     4000  0.8000000000E+01  -.7159398528E+04  0.1632956054E+04
L1 0.2964432121E+03  0.2964432121E+03  -.8792354582E+10  0.1000000000E+01
L2 0.1000000000E+01  0.3311723647E+02  0.3311723647E+02  0.3311723647E+02
L3 0.2795938620E+05  -.4633328272E+02  0.4020181038E+03  0.6362333771E+03
L4 0.3306393994E+03  0.2842347715E+03  0.2659803958E+03  0.2835698764E+03
L5 0.8337850437E+03  0.2935582352E+03  0.1850838788E+03  0.1555431438E+03
L6 0.6341852578E+03  -.8792354582E+04  0.1350436221E+04  -.1022467305E+05
L7 0.0000000000E+00  0.1847811882E+01  0.8794019240E+01  0.1447523876E+02
L8 0.2563058004E+01  0.4804463658E+02  0.6157487484E+01  0.0000000000E+00
L9 0.0000000000E+00  0.0000000000E+00  0.0000000000E+00  0.9876204158E+00  0.0000000000E+00
L0     5000  0.1000000000E+02  -.7127913815E+04  0.1637895941E+04
L1 0.2973399883E+03  0.2973399883E+03  -.8765809756E+10  0.1000000000E+01
L2 0.1000000000E+01  0.3319464624E+02  0.3319464624E+02  0.3319464624E+02
L3 0.2815675075E+05  -.4466948853E+03  -.3596539000E+03  0.7887024969E+03
L4 -.5882096170E+01  0.2702792141E+03  0.2844623994E+03  0.2513610646E+03
L5 0.8061026781E+03  0.3608003710E+03  0.3573450050E+03  0.9153326074E+02
L6 0.8096786368E+03  -.8765809756E+04  0.1301906353E+04  -.1014673599E+05
L7 0.0000000000E+00  0.3337557457E+01  0.8493821088E+01  0.1125311326E+02
L8 0.3905656337E+01  0.4842955453E+02  0.3600175947E+01  0.0000000000E+00
L9 0.0000000000E+00  0.0000000000E+00  0.0000000000E+00  0.9806976974E+00  0.0000000000E+00
L0     6000  0.1200000000E+02  -.7060980803E+04  0.1677720941E+04
L1 0.3045697302E+03  0.3045697302E+03  -.8738701744E+10  0.1000000000E+01
L2 0.1000000000E+01  0.3325805090E+02  0.3325805090E+02  0.3325805090E+02
L3 0.2831816190E+05  -.8839463563E+01  0.3621813562E+03  -.8270303296E+02
L4 0.9021295322E+02  0.2852274349E+03  0.2817595701E+03  0.2534033016E+03
L5 0.8203903066E+03  0.2870289900E+03  0.2079440420E+03  0.2702588574E+03
L6 0.7652318894E+03  -.8738701744E+04  0.1320249061E+04  -.1013636519E+05
L7 0.0000000000E+00  0.2896953989E+01  0.1411108089E+02  0.1354666175E+02
L8 0.2096223245E+01  0.4242397313E+02  0.2339493329E+01  0.0000000000E+00
L9 0.0000000000E+00  0.0000000000E+00  0.0000000000E+00  0.9751078024E+00  0.0000000000E+00
L0     7000  0.1400000000E+02  -.7148159037E+04  0.1682779837E+04
L1 0.3054881109E+03  0.3054881109E+03  -.8830938874E+10  0.1000000000E+01
L2 0.1000000000E+01  0.3311794971E+02  0.3311794971E+02  0.3311794971E+02
L3 0.2796319169E+05  -.7628264407E+03  -.8157485351E+03  0.1661844855E+03
L4 -.4707968301E+03  0.2797386886E+03  0.2829896989E+03  0.2864669592E+03
L5 0.8491953468E+03  0.4332601365E+03  0.4471619006E+03  0.2530217593E+03
L6 0.1133443796E+04  -.8830938874E+04  0.1270545475E+04  -.1018669493E+05
L7 0.0000000000E+00  0.2391494101E+01  0.9677742209E+01  0.1341136908E+02
L8 0.3050017532E+01  0.4613653356E+02  0.1054342823E+02  0.0000000000E+00
L9 0.0000000000E+00  0.0000000000E+00  0.0000000000E+00  0.9874860113E+00  0.0000000000E+00
L0     8000  0.1600000000E+02  -.7109880975E+04  0.1628574120E+04
L1 0.2956477257E+03  0.2956477257E+03  -.8738455095E+10  0.1000000000E+01
L2 0.1000000000E+01  0.3317821183E+02  0.3317821183E+02  0.3317821183E+02
L3 0.2811484030E+05  -.7866588953E+02  -.9122553537E+02  0.2845297219E+03
L4 0.3821276568E+02  0.2804455217E+03  0.2557176878E+03  0.2555977651E+03
L5 0.7917609745E+03  0.2963631609E+03  0.2741767070E+03  0.1980246352E+03
L6 0.7685645031E+03  -.8738455095E+04  0.1308636686E+04  -.1012648492E+05
L7 0.0000000000E+00  0.5520094911E+01  0.7505365414E+01  0.1041155661E+02
L8 0.3995682652E+01  0.4819765070E+02  0.3762786285E+01  0.0000000000E+00
L9 0.0000000000E+00  0.0000000000E+00  0.0000000000E+00  0.9821596113E+00  0.0000000000E+00
L0     9000  0.1800000000E+02  -.7138331128E+04  0.1685657654E+04
L1 0.3060105434E+03  0.3060105434E+03  -.8823988782E+10  0.1000000000E+01
L2 0.1000000000E+01  0.3316585832E+02  0.3316585832E+02  0.3316585832E+02
L3 0.2808388019E+05  -.2177831765E+03  -.3705651428E+03  0.1845804977E+03
L4 -.1345892739E+03  0.2761768852E+03  0.2952477129E+03  0.2711222887E+03
L5 0.8425468868E+03  0.3201956671E+03  0.3701470987E+03  0.2338145003E+03
L6 0.9241572661E+03  -.8823988782E+04  0.1299034794E+04  -.1020047055E+05
L7 0.0000000000E+00  0.3064260985E+01  0.6428368552E+01  0.1086784728E+02
L8 0.2391333612E+01  0.4697436715E+02  0.7720794303E+01  0.0000000000E+00
L9 0.0000000000E+00  0.0000000000E+00  0.0000000000E+00  0.9832423594E+00  0.0000000000E+00
L0    10000  0.2000000000E+02  -.7101636660E+04  0.1646311513E+04
L1 0.2988677325E+03  0.2988677325E+03  -.8747948174E+10  0.1000000000E+01
L2 0.1000000000E+01  0.3319524643E+02  0.3319524643E+02  0.3319524643E+02
L3 0.2815837456E+05  -.5235088860E+03  0.4765531501E+03  -.8595210807E+02
L4 -.4430261466E+02  0.2730614891E+03  0.2752381182E+03  0.2828619402E+03
L5 0.8311615476E+03  0.3791548529E+03  0.1786607189E+03  0.3002808390E+03
L6 0.8580964108E+03  -.8747948174E+04  0.1298602783E+04  -.1012452760E+05
L7 0.0000000000E+00  0.2524533149E+01  0.8200535179E+01  0.1281160231E+02
L8 0.3344838841E+01  0.4808002130E+02  0.3015114224E+01  0.0000000000E+00
L9 0.0000000000E+00  0.0000000000E+00  0.0000000000E+00  0.9806411434E+00  0.0000000000E+00
