L0  Nsteps           time(ps)         Etot             EKinetic        
L1  Temp             T_solute         T_solv           Pres_scal_solu  
L2  Pres_scal_solv   BoxX             BoxY             BoxZ            
L3  volume           pres_X           pres_Y           pres_Z          
L4  Pressure         EKCoM_x          EKCoM_y          EKCoM_z         
L5  EKComTot         VIRIAL_x         VIRIAL_y         VIRIAL_z        
L6  VIRIAL_tot       E_pot            E_vdw            E_el            
L7  E_hbon           E_bon            E_angle          E_dih           
L8  E_14vdw          E_14el           E_const          E_pol           
L9  AV_permMoment    AV_indMoment     AV_totMoment     Density          dV/dlambda      
L0     1000  0.2000000000E+01  -.7518754887E+04  0.1713489826E+04
L1 0.2885766424E+03  0.2885766424E+03  -.9232244712E+10  0.1000000000E+01
L2 0.1000000000E+01  0.3498766004E+02  0.3498766004E+02  0.3498766004E+02
L3 0.3297158089E+05  -.3840644580E+03  -.6244472223E+03  -.3004238009E+03
L4 -.4363118271E+03  0.2913007996E+03  0.2759752297E+03  0.2901608881E+03
L5 0.8574369175E+03  0.3824390043E+03  0.4241560822E+03  0.3614512284E+03
L6 0.1168046315E+04  -.9232244712E+04  0.1409858733E+04  -.1071929430E+05
L7 0.0000000000E+00  0.4568804126E+01  0.1084790300E+02  0.1035077636E+02
L8 0.2963708093E+01  0.4497508446E+02  0.3484575749E+01  0.0000000000E+00
L9 0.0000000000E+00  0.0000000000E+00  0.0000000000E+00  0.9028159230E+00  0.0000000000E+00
L0     2000  0.4000000000E+01  -.7484935586E+04  0.1809296775E+04
L1 0.3047119281E+03  0.3047119281E+03  -.9294232361E+10  0.1000000000E+01
L2 0.1000000000E+01  0.3449164088E+02  0.3449164088E+02  0.3449164088E+02
L3 0.3158869888E+05  -.8344895151E+02  -.1465102147E+03  -.6990695873E+03
L4 -.3096762512E+03  0.3196352619E+03  0.2770132836E+03  0.3013589344E+03
L5 0.8980074799E+03  0.3386070909E+03  0.3103218716E+03  0.4602899749E+03
L6 0.1109218937E+04  -.9294232361E+04  0.1366036587E+04  -.1073105273E+05
L7 0.0000000000E+00  0.1718877381E+01  0.7504588540E+01  0.8995011584E+01
L8 0.3340016958E+01  0.4695615025E+02  0.2269140228E+01  0.0000000000E+00
L9 0.0000000000E+00  0.0000000000E+00  0.0000000000E+00  0.9423391685E+00  0.0000000000E+00
L0     3000  0.6000000000E+01  -.7579400507E+04  0.1760046016E+04
L1 0.2964173829E+03  0.2964173829E+03  -.9339446523E+10  0.1000000000E+01
L2 0.1000000000E+01  0.3417078138E+02  0.3417078138E+02  0.3417078138E+02
L3 0.3071416124E+05  0.1131711744E+03  0.2822221832E+03  -.6672815577E+02
L4 0.1095550673E+03  0.2995574189E+03  0.3056769446E+03  0.2837042162E+03
L5 0.8889385797E+03  0.2745406589E+03  0.2432910529E+03  0.2984546354E+03
L6 0.8162863471E+03  -.9339446523E+04  0.1401952742E+04  -.1082075172E+05
L7 0.0000000000E+00  0.4473989258E+01  0.8212098986E+01  0.1081046985E+02
L8 0.4560918281E+01  0.4752767883E+02  0.3767304057E+01  0.0000000000E+00
L9 0.0000000000E+00  0.0000000000E+00  0.0000000000E+00  0.9691708006E+00  0.0000000000E+00
L0     4000  0.8000000000E+01  -.7633529629E+04  0.1755603217E+04
L1 0.2956691508E+03  0.2956691508E+03  -.9389132845E+10  0.1000000000E+01
L2 0.1000000000E+01  0.3393823931E+02  0.3393823931E+02  0.3393823931E+02
L3 0.3009261356E+05  -.1007180621E+03  -.6667163375E+03  -.3020564762E+03
L4 -.3564969586E+03  0.2884962525E+03  0.3082799316E+03  0.2854243192E+03
L5 0.8822005033E+03  0.3103096769E+03  0.4526767372E+03  0.3508434305E+03
L6 0.1113829845E+04  -.9389132845E+04  0.1322809672E+04  -.1078900499E+05
L7 0.0000000000E+00  0.2053388832E+01  0.1165641545E+02  0.1111116493E+02
L8 0.3023850738E+01  0.4624074783E+02  0.2976901614E+01  0.0000000000E+00
L9 0.0000000000E+00  0.0000000000E+00  0.0000000000E+00  0.9891885321E+00  0.0000000000E+00
L0     5000  0.1000000000E+02  -.7637727713E+04  0.1808702957E+04
L1 0.3046119205E+03  0.3046119205E+03  -.9446430670E+10  0.1000000000E+01
L2 0.1000000000E+01  0.3390603049E+02  0.3390603049E+02  0.3390603049E+02
L3 0.3000646062E+05  0.3543125403E+03  -.1945327334E+03  -.6052691531E+03
L4 -.1484964487E+03  0.3088989231E+03  0.3031340310E+03  0.2805850232E+03
L5 0.8926179773E+03  0.2323819335E+03  0.3451451299E+03  0.4112983575E+03
L6 0.9888254208E+03  -.9446430670E+04  0.1356481004E+04  -.1088470917E+05
L7 0.0000000000E+00  0.3293990708E+01  0.1470507981E+02  0.1133039753E+02
L8 0.3063911556E+01  0.4734354291E+02  0.2060571793E+01  0.0000000000E+00
L9 0.0000000000E+00  0.0000000000E+00  0.0000000000E+00  0.9920286370E+00  0.0000000000E+00
L0     6000  0.1200000000E+02  -.7685316198E+04  0.1755524997E+04
L1 0.2956559776E+03  0.2956559776E+03  -.9440841196E+10  0.1000000000E+01
L2 0.1000000000E+01  0.3406844008E+02  0.3406844008E+02  0.3406844008E+02
L3 0.3043905339E+05  0.9441574427E+03  -.1510142222E+02  -.6365116000E+03
L4 0.9751480681E+02  0.2928563254E+03  0.2709045580E+03  0.2884464387E+03
L5 0.8522073221E+03  0.8601746168E+02  0.2742128632E+03  0.4278885807E+03
L6 0.7881189055E+03  -.9440841196E+04  0.1424899362E+04  -.1094091647E+05
L7 0.0000000000E+00  0.2133814175E+01  0.9520808496E+01  0.1159345958E+02
L8 0.2906662881E+01  0.4620401613E+02  0.2817145894E+01  0.0000000000E+00
L9 0.0000000000E+00  0.0000000000E+00  0.0000000000E+00  0.9779301562E+00  0.0000000000E+00
L0     7000  0.1400000000E+02  -.7633724422E+04  0.1805947242E+04
L1 0.3041478178E+03  0.3041478178E+03  -.9439671663E+10  0.1000000000E+01
L2 0.1000000000E+01  0.3400471354E+02  0.3400471354E+02  0.3400471354E+02
L3 0.3026774437E+05  0.1315678487E+04  0.2587236929E+03  -.3756967924E+03
L4 0.3995684624E+03  0.3015846788E+03  0.2863447250E+03  0.3162046695E+03
L5 0.9041340733E+03  0.1497793120E+02  0.2299844843E+03  0.3980462720E+03
L6 0.6430086875E+03  -.9439671663E+04  0.1467183973E+04  -.1098889269E+05
L7 0.0000000000E+00  0.6177449724E+01  0.9447082810E+01  0.1260883658E+02
L8 0.4794174581E+01  0.4520004582E+02  0.3809461938E+01  0.0000000000E+00
L9 0.0000000000E+00  0.0000000000E+00  0.0000000000E+00  0.9834650336E+00  0.0000000000E+00
L0     8000  0.1600000000E+02  -.7585164792E+04  0.1805574542E+04
L1 0.3040850498E+03  0.3040850498E+03  -.9390739334E+10  0.1000000000E+01
L2 0.1000000000E+01  0.3404948266E+02  0.3404948266E+02  0.3404948266E+02
L3 0.3038828842E+05  -.3357692875E+03  0.4162828354E+02  0.5642388644E+03
L4 0.9003262016E+02  0.2730934396E+03  0.3104459162E+03  0.3243244124E+03
L5 0.9078637682E+03  0.3465285562E+03  0.3013415164E+03  0.2009213844E+03
L6 0.8487914569E+03  -.9390739334E+04  0.1396934000E+04  -.1086452750E+05
L7 0.0000000000E+00  0.1621287613E+01  0.1205012169E+02  0.1400999957E+02
L8 0.1637375335E+01  0.4384885637E+02  0.3686520933E+01  0.0000000000E+00
L9 0.0000000000E+00  0.0000000000E+00  0.0000000000E+00  0.9795638315E+00  0.0000000000E+00
L0     9000  0.1800000000E+02  -.7761094135E+04  0.1748785642E+04
L1 0.2945209720E+03  0.2945209720E+03  -.9509879777E+10  0.1000000000E+01
L2 0.1000000000E+01  0.3401525023E+02  0.3401525023E+02  0.3401525023E+02
L3 0.3029755246E+05  -.6160208465E+03  0.3571990577E+02  -.6719822116E+02
L4 -.2158330540E+03  0.2867430801E+03  0.2918016787E+03  0.2880634748E+03
L5 0.8666082336E+03  0.4210689109E+03  0.2840128092E+03  0.3027163180E+03
L6 0.1007798038E+04  -.9509879777E+04  0.1400811838E+04  -.1097971315E+05
L7 0.0000000000E+00  0.2686414281E+01  0.8400141194E+01  0.9251645619E+01
L8 0.2939914433E+01  0.4325455374E+02  0.2488867199E+01  0.0000000000E+00
L9 0.0000000000E+00  0.0000000000E+00  0.0000000000E+00  0.9824974566E+00  0.0000000000E+00
L0    10000  0.2000000000E+02  -.7713126498E+04  0.1756136508E+04
L1 0.2957589649E+03  0.2957589649E+03  -.9469263006E+10  0.1000000000E+01
L2 0.1000000000E+01  0.3401915234E+02  0.3401915234E+02  0.3401915234E+02
L3 0.3030691052E+05  0.6107819107E+02  -.3985921666E+03  0.8774175324E+03
L4 0.1799678523E+03  0.2932660445E+03  0.2933236694E+03  0.2844597947E+03
L5 0.8710495087E+03  0.2799435849E+03  0.3802651449E+03  0.9307626728E+02
L6 0.7532849971E+03  -.9469263006E+04  0.1448556358E+04  -.1098819770E+05
L7 0.0000000000E+00  0.9088223783E+00  0.1119892190E+02  0.1009518471E+02
L8 0.2249537884E+01  0.4291314177E+02  0.3012729224E+01  0.0000000000E+00
L9 0.0000000000E+00  0.0000000000E+00  0.0000000000E+00  0.9821940845E+00  0.0000000000E+00
