-990.49267332
-990.49376833
-990.49740852
-990.49609598
-990.48853899
-990.47750659
-990.49584849
-990.49473490
-990.49594287
-990.49649527
-990.49827784
-990.49991848
-990.49597464
-990.49746763
-990.49728623
-990.50020846
-990.50439441
-990.50536961
-990.50360214
-990.50260075
-990.50297349
-990.50673523
-990.50991593
-990.50998812
-990.49636692
-990.49980336
-990.49574899
-990.48866984
-990.48490959
-990.49085465
-990.50360967
-990.50101853
-990.49615650
-990.49500517
-990.49765990
-990.50098247
-990.50103305
-990.49732300
-990.49694012
-990.49748082
-990.49891481
-990.50000089
