L0  Nsteps           time(ps)         Etot             EKinetic        
L1  Temp             T_solute         T_solv           Pres_scal_solu  
L2  Pres_scal_solv   BoxX             BoxY             BoxZ            
L3  volume           pres_X           pres_Y           pres_Z          
L4  Pressure         EKCoM_x          EKCoM_y          EKCoM_z         
L5  EKComTot         VIRIAL_x         VIRIAL_y         VIRIAL_z        
L6  VIRIAL_tot       E_pot            E_vdw            E_el            
L7  E_hbon           E_bon            E_angle          E_dih           
L8  E_14vdw          E_14el           E_const          E_pol           
L9  AV_permMoment    AV_indMoment     AV_totMoment     Density          dV/dlambda      
L0     1000  0.2000000000E+01  -.7612538759E+04  0.1783235098E+04
L1 0.2994208919E+03  0.2994208919E+03  -.9395773857E+10  0.1000000000E+01
L2 0.1000000000E+01  0.3490428047E+02  0.3490428047E+02  0.3490428047E+02
L3 0.3273846278E+05  -.8331816480E+03  -.1461477926E+04  -.1115667335E+04
L4 -.1136775636E+04  0.2936666252E+03  0.2904081838E+03  0.2870075101E+03
L5 0.8710823191E+03  0.4899821109E+03  0.6347637629E+03  0.5498826891E+03
L6 0.1674628563E+04  -.9395773857E+04  0.1332788256E+04  -.1079994460E+05
L7 0.0000000000E+00  0.2462094020E+01  0.8555397511E+01  0.1059053732E+02
L8 0.2589617921E+01  0.4271183655E+02  0.4473004911E+01  0.0000000000E+00
L9 0.0000000000E+00  0.0000000000E+00  0.0000000000E+00  0.9119859644E+00  0.0000000000E+00
L0     2000  0.4000000000E+01  -.7618901306E+04  0.1789015139E+04
L1 0.3003914117E+03  0.3003914117E+03  -.9407916444E+10  0.1000000000E+01
L2 0.1000000000E+01  0.3427458019E+02  0.3427458019E+02  0.3427458019E+02
L3 0.3099790271E+05  -.1098080433E+04  -.1148899294E+04  -.6727585931E+03
L4 -.9732461067E+03  0.3011250180E+03  0.3154341873E+03  0.2943276819E+03
L5 0.9108868871E+03  0.5461007386E+03  0.5717473169E+03  0.4444164332E+03
L6 0.1562264489E+04  -.9407916444E+04  0.1280906948E+04  -.1077146565E+05
L7 0.0000000000E+00  0.1739448952E+01  0.1024455203E+02  0.1027932676E+02
L8 0.4695805746E+01  0.5227272224E+02  0.3410403830E+01  0.0000000000E+00
L9 0.0000000000E+00  0.0000000000E+00  0.0000000000E+00  0.9631947951E+00  0.0000000000E+00
L0     3000  0.6000000000E+01  -.7729328431E+04  0.1799978935E+04
L1 0.3022323298E+03  0.3022323298E+03  -.9529307366E+10  0.1000000000E+01
L2 0.1000000000E+01  0.3400060241E+02  0.3400060241E+02  0.3400060241E+02
L3 0.3025791660E+05  0.5025788370E+03  -.6529025944E+03  0.7196160777E+02
L4 -.2612071658E+02  0.2898874060E+03  0.2990578083E+03  0.3041418686E+03
L5 0.8930870829E+03  0.1804414300E+03  0.4412396044E+03  0.2884708777E+03
L6 0.9101519120E+03  -.9529307366E+04  0.1415214264E+04  -.1101918758E+05
L7 0.0000000000E+00  0.3463072990E+01  0.9582741184E+01  0.1246078010E+02
L8 0.2531712111E+01  0.4513347724E+02  0.1494162367E+01  0.0000000000E+00
L9 0.0000000000E+00  0.0000000000E+00  0.0000000000E+00  0.9867506393E+00  0.0000000000E+00
L0     4000  0.8000000000E+01  -.7860014040E+04  0.1704001034E+04
L1 0.2861167942E+03  0.2861167942E+03  -.9564015074E+10  0.1000000000E+01
L2 0.1000000000E+01  0.3405436928E+02  0.3405436928E+02  0.3405436928E+02
L3 0.3040160749E+05  0.5121935195E+02  0.9796389420E+02  -.1375717571E+03
L4 0.3870496359E+01  0.2814971581E+03  0.2746438851E+03  0.2748814785E+03
L5 0.8310225217E+03  0.2702902139E+03  0.2532090983E+03  0.3049825816E+03
L6 0.8284818939E+03  -.9564015074E+04  0.1452031643E+04  -.1109250195E+05
L7 0.0000000000E+00  0.8538818344E+01  0.1000329700E+02  0.9779160126E+01
L8 0.2308388179E+01  0.4385066517E+02  0.1974908627E+01  0.0000000000E+00
L9 0.0000000000E+00  0.0000000000E+00  0.0000000000E+00  0.9820868374E+00  0.0000000000E+00
L0     5000  0.1000000000E+02  -.7752128882E+04  0.1757118386E+04
L1 0.2950356657E+03  0.2950356657E+03  -.9509247268E+10  0.1000000000E+01
L2 0.1000000000E+01  0.3401411714E+02  0.3401411714E+02  0.3401411714E+02
L3 0.3029448570E+05  -.4310307954E+03  0.1067711450E+03  -.2798171524E+03
L4 -.2013589343E+03  0.3103280098E+03  0.2729674871E+03  0.2922554553E+03
L5 0.8755509522E+03  0.4043065001E+03  0.2496879648E+03  0.3532645382E+03
L6 0.1007259003E+04  -.9509247268E+04  0.1383084159E+04  -.1097032822E+05
L7 0.0000000000E+00  0.3082367449E+01  0.8477308611E+01  0.1243386988E+02
L8 0.2453656290E+01  0.4868290038E+02  0.2866692354E+01  0.0000000000E+00
L9 0.0000000000E+00  0.0000000000E+00  0.0000000000E+00  0.9855595124E+00  0.0000000000E+00
L0     6000  0.1200000000E+02  -.7702539750E+04  0.1749150743E+04
L1 0.2936978283E+03  0.2936978283E+03  -.9451690493E+10  0.1000000000E+01
L2 0.1000000000E+01  0.3396275529E+02  0.3396275529E+02  0.3396275529E+02
L3 0.3015661943E+05  0.4356523008E+03  0.7298369810E+02  -.1782269670E+03
L4 0.1101363440E+03  0.2858529375E+03  0.3036757909E+03  0.2808054423E+03
L5 0.8703341708E+03  0.1912990809E+03  0.2878354290E+03  0.3194877746E+03
L6 0.7986222845E+03  -.9451690493E+04  0.1393939777E+04  -.1091515139E+05
L7 0.0000000000E+00  0.3567176633E+01  0.9453754441E+01  0.9967354396E+01
L8 0.2557747778E+01  0.4061163847E+02  0.3363449727E+01  0.0000000000E+00
L9 0.0000000000E+00  0.0000000000E+00  0.0000000000E+00  0.9900651703E+00  0.0000000000E+00
L0     7000  0.1400000000E+02  -.7724687937E+04  0.1780767944E+04
L1 0.2990066350E+03  0.2990066350E+03  -.9505455880E+10  0.1000000000E+01
L2 0.1000000000E+01  0.3403175213E+02  0.3403175213E+02  0.3403175213E+02
L3 0.3034161362E+05  0.1509923720E+03  -.5481776317E+03  -.1891456495E+03
L4 -.1954436364E+03  0.2801366224E+03  0.3061786518E+03  0.2932187404E+03
L5 0.8795340145E+03  0.2471642450E+03  0.4258848295E+03  0.3345226927E+03
L6 0.1007571767E+04  -.9505455880E+04  0.1386551280E+04  -.1096497501E+05
L7 0.0000000000E+00  0.1664943474E+01  0.9851548031E+01  0.1130308974E+02
L8 0.2350574004E+01  0.4540906361E+02  0.2388634743E+01  0.0000000000E+00
L9 0.0000000000E+00  0.0000000000E+00  0.0000000000E+00  0.9840286981E+00  0.0000000000E+00
L0     8000  0.1600000000E+02  -.7745055097E+04  0.1809765409E+04
L1 0.3038755651E+03  0.3038755651E+03  -.9554820506E+10  0.1000000000E+01
L2 0.1000000000E+01  0.3403460395E+02  0.3403460395E+02  0.3403460395E+02
L3 0.3034801910E+05  0.7845827986E+03  -.6177689967E+03  0.6021283009E+03
L4 0.2563140343E+03  0.2910557391E+03  0.3039229020E+03  0.3092214746E+03
L5 0.9042001156E+03  0.1196893242E+03  0.4388543055E+03  0.1777062687E+03
L6 0.7362498984E+03  -.9554820506E+04  0.1470019045E+04  -.1110473684E+05
L7 0.0000000000E+00  0.3228036300E+01  0.7759382912E+01  0.1055047958E+02
L8 0.2703569779E+01  0.4849881717E+02  0.7157006517E+01  0.0000000000E+00
L9 0.0000000000E+00  0.0000000000E+00  0.0000000000E+00  0.9838210017E+00  0.0000000000E+00
L0     9000  0.1800000000E+02  -.7787267707E+04  0.1793231465E+04
L1 0.3010993701E+03  0.3010993701E+03  -.9580499172E+10  0.1000000000E+01
L2 0.1000000000E+01  0.3400385491E+02  0.3400385491E+02  0.3400385491E+02
L3 0.3026714151E+05  -.6287438779E+03  -.3313225358E+03  0.2809233646E+03
L4 -.2263810164E+03  0.2962884264E+03  0.2875410938E+03  0.3314116556E+03
L5 0.9152411757E+03  0.4332509523E+03  0.3597147928E+03  0.2702166683E+03
L6 0.1063182413E+04  -.9580499172E+04  0.1409086885E+04  -.1106892762E+05
L7 0.0000000000E+00  0.7752542990E+00  0.8283736873E+01  0.1356545853E+02
L8 0.4329921442E+01  0.5007991601E+02  0.2307271821E+01  0.0000000000E+00
L9 0.0000000000E+00  0.0000000000E+00  0.0000000000E+00  0.9864498945E+00  0.0000000000E+00
L0    10000  0.2000000000E+02  -.7724614927E+04  0.1784851943E+04
L1 0.2996923744E+03  0.2996923744E+03  -.9509466870E+10  0.1000000000E+01
L2 0.1000000000E+01  0.3404344578E+02  0.3404344578E+02  0.3404344578E+02
L3 0.3037254747E+05  -.9557036665E+02  0.4537264439E+02  -.1442069286E+03
L4 -.6480155028E+02  0.2919467129E+03  0.2926397014E+03  0.2913108212E+03
L5 0.8758972355E+03  0.3128378006E+03  0.2827215235E+03  0.3228335588E+03
L6 0.9183928829E+03  -.9509466870E+04  0.1404223716E+04  -.1098969579E+05
L7 0.0000000000E+00  0.3129096149E+01  0.6945209776E+01  0.1152001970E+02
L8 0.3429884710E+01  0.4662420855E+02  0.4356787865E+01  0.0000000000E+00
L9 0.0000000000E+00  0.0000000000E+00  0.0000000000E+00  0.9830264839E+00  0.0000000000E+00
