L0  Nsteps           time(ps)         Etot             EKinetic        
L1  Temp             T_solute         T_solv           Pres_scal_solu  
L2  Pres_scal_solv   BoxX             BoxY             BoxZ            
L3  volume           pres_X           pres_Y           pres_Z          
L4  Pressure         EKCoM_x          EKCoM_y          EKCoM_z         
L5  EKComTot         VIRIAL_x         VIRIAL_y         VIRIAL_z        
L6  VIRIAL_tot       E_pot            E_vdw            E_el            
L7  E_hbon           E_bon            E_angle          E_dih           
L8  E_14vdw          E_14el           E_const          E_pol           
L9  AV_permMoment    AV_indMoment     AV_totMoment     Density          dV/dlambda      
L0     1000  0.2000000000E+01  -.7519858412E+04  0.1723651721E+04
L1 0.2959333688E+03  0.2959333688E+03  -.9243510133E+10  0.1000000000E+01
L2 0.1000000000E+01  0.3478567814E+02  0.3478567814E+02  0.3478567814E+02
L3 0.3240440558E+05  -.3977778120E+03  -.1114901327E+04  -.3816371614E+03
L4 -.6314387666E+03  0.2943103430E+03  0.2728389796E+03  0.3046356797E+03
L5 0.8717850022E+03  0.3870789839E+03  0.5328531826E+03  0.3936400426E+03
L6 0.1313572209E+04  -.9243510133E+04  0.1422089602E+04  -.1073984408E+05
L7 0.0000000000E+00  0.3340163223E+01  0.9272388171E+01  0.1094574527E+02
L8 0.3352520661E+01  0.4569835455E+02  0.1635177448E+01  0.0000000000E+00
L9 0.0000000000E+00  0.0000000000E+00  0.0000000000E+00  0.9010765368E+00  0.0000000000E+00
L0     2000  0.4000000000E+01  -.7476490789E+04  0.1738303960E+04
L1 0.2984490084E+03  0.2984490084E+03  -.9214794749E+10  0.1000000000E+01
L2 0.1000000000E+01  0.3416055937E+02  0.3416055937E+02  0.3416055937E+02
L3 0.3068845572E+05  -.3517347452E+03  -.5554890442E+03  -.7917778222E+03
L4 -.5663338705E+03  0.2732428241E+03  0.2859026906E+03  0.2623850464E+03
L5 0.8215305610E+03  0.3509295620E+03  0.4085921104E+03  0.4372629537E+03
L6 0.1196784626E+04  -.9214794749E+04  0.1344028023E+04  -.1063428296E+05
L7 0.0000000000E+00  0.3347222395E+01  0.1018850611E+02  0.1383608012E+02
L8 0.1939137752E+01  0.4453463242E+02  0.1614607555E+01  0.0000000000E+00
L9 0.0000000000E+00  0.0000000000E+00  0.0000000000E+00  0.9514603741E+00  0.0000000000E+00
L0     3000  0.6000000000E+01  -.7614300146E+04  0.1695544068E+04
L1 0.2911075724E+03  0.2911075724E+03  -.9309844214E+10  0.1000000000E+01
L2 0.1000000000E+01  0.3385682853E+02  0.3385682853E+02  0.3385682853E+02
L3 0.2987632449E+05  -.3219436171E+03  -.1178049200E+03  -.3479182266E+03
L4 -.2625555879E+03  0.2818372547E+03  0.2531463245E+03  0.2923740308E+03
L5 0.8273576100E+03  0.3510623508E+03  0.2784770236E+03  0.3671842502E+03
L6 0.9967236246E+03  -.9309844214E+04  0.1385329416E+04  -.1076531794E+05
L7 0.0000000000E+00  0.1306125875E+01  0.9285735304E+01  0.1143374913E+02
L8 0.3110396090E+01  0.4366625978E+02  0.1342041804E+01  0.0000000000E+00
L9 0.0000000000E+00  0.0000000000E+00  0.0000000000E+00  0.9773240201E+00  0.0000000000E+00
L0     4000  0.8000000000E+01  -.7553507418E+04  0.1713090214E+04
L1 0.2941200661E+03  0.2941200661E+03  -.9266597632E+10  0.1000000000E+01
L2 0.1000000000E+01  0.3377405080E+02  0.3377405080E+02  0.3377405080E+02
L3 0.2965680300E+05  -.4892589517E+02  0.1612174496E+03  0.1431542130E+03
L4 0.8514858916E+02  0.2847820912E+03  0.2859454917E+03  0.2611507282E+03
L5 0.8318783111E+03  0.2952249569E+03  0.2515348352E+03  0.2305955341E+03
L6 0.7773553262E+03  -.9266597632E+04  0.1401654170E+04  -.1074151988E+05
L7 0.0000000000E+00  0.1909843454E+01  0.6968877167E+01  0.1108728831E+02
L8 0.3804343269E+01  0.4582859396E+02  0.3669134502E+01  0.0000000000E+00
L9 0.0000000000E+00  0.0000000000E+00  0.0000000000E+00  0.9845582329E+00  0.0000000000E+00
L0     5000  0.1000000000E+02  -.7546368480E+04  0.1751579396E+04
L1 0.3007282649E+03  0.3007282649E+03  -.9297947876E+10  0.1000000000E+01
L2 0.1000000000E+01  0.3375993800E+02  0.3375993800E+02  0.3375993800E+02
L3 0.2961996819E+05  -.2929180418E+03  0.1887773776E+03  -.1143330924E+02
L4 -.3852465782E+02  0.3211219389E+03  0.3027426298E+03  0.2932564450E+03
L5 0.9171210136E+03  0.3835654464E+03  0.2624995586E+03  0.2956937681E+03
L6 0.9417587732E+03  -.9297947876E+04  0.1360516634E+04  -.1072734537E+05
L7 0.0000000000E+00  0.4527220916E+01  0.8342387790E+01  0.9554481223E+01
L8 0.2659434698E+01  0.4130101054E+02  0.2496325555E+01  0.0000000000E+00
L9 0.0000000000E+00  0.0000000000E+00  0.0000000000E+00  0.9857826103E+00  0.0000000000E+00
L0     6000  0.1200000000E+02  -.7456728506E+04  0.1772644576E+04
L1 0.3043449409E+03  0.3043449409E+03  -.9229373082E+10  0.1000000000E+01
L2 0.1000000000E+01  0.3384299613E+02  0.3384299613E+02  0.3384299613E+02
L3 0.2983838149E+05  -.2324156217E+03  0.3609633139E+03  0.5935894273E+03
L4 0.2407123732E+03  0.2873602331E+03  0.3135145323E+03  0.2663175590E+03
L5 0.8671923244E+03  0.3372713349E+03  0.2359978981E+03  0.1388446199E+03
L6 0.7121138529E+03  -.9229373082E+04  0.1407511724E+04  -.1071596285E+05
L7 0.0000000000E+00  0.4350717342E+01  0.1285759874E+02  0.1220731185E+02
L8 0.3743951043E+01  0.4332590418E+02  0.2592562021E+01  0.0000000000E+00
L9 0.0000000000E+00  0.0000000000E+00  0.0000000000E+00  0.9785668022E+00  0.0000000000E+00
L0     7000  0.1400000000E+02  -.7577350865E+04  0.1742793014E+04
L1 0.2992197331E+03  0.2992197331E+03  -.9320143879E+10  0.1000000000E+01
L2 0.1000000000E+01  0.3375080995E+02  0.3375080995E+02  0.3375080995E+02
L3 0.2959448503E+05  0.1301059848E+04  -.2523428473E+03  0.4990151314E+03
L4 0.5159107107E+03  0.2846354991E+03  0.2787537621E+03  0.2880246271E+03
L5 0.8514138882E+03  0.7517559312E+01  0.3325012742E+03  0.1817373987E+03
L6 0.5217562323E+03  -.9320143879E+04  0.1466057983E+04  -.1085727595E+05
L7 0.0000000000E+00  0.2406276362E+01  0.1065149183E+02  0.9328557345E+01
L8 0.2808177163E+01  0.4053625955E+02  0.5343323966E+01  0.0000000000E+00
L9 0.0000000000E+00  0.0000000000E+00  0.0000000000E+00  0.9866314461E+00  0.0000000000E+00
L0     8000  0.1600000000E+02  -.7580870738E+04  0.1717031097E+04
L1 0.2947966755E+03  0.2947966755E+03  -.9297901835E+10  0.1000000000E+01
L2 0.1000000000E+01  0.3386854982E+02  0.3386854982E+02  0.3386854982E+02
L3 0.2990543154E+05  0.1038095930E+04  0.4066530633E+03  -.5814158358E+02
L4 0.4622024700E+03  0.2769339967E+03  0.2949183683E+03  0.2832316536E+03
L5 0.8550840186E+03  0.5350262994E+02  0.2073936540E+03  0.2957455775E+03
L6 0.5566418614E+03  -.9297901835E+04  0.1461194866E+04  -.1083152438E+05
L7 0.0000000000E+00  0.4161036391E+01  0.1200303938E+02  0.1018360333E+02
L8 0.1934070664E+01  0.3984762466E+02  0.4298309115E+01  0.0000000000E+00
L9 0.0000000000E+00  0.0000000000E+00  0.0000000000E+00  0.9763727876E+00  0.0000000000E+00
L0     9000  0.1800000000E+02  -.7543924607E+04  0.1729616724E+04
L1 0.2969574988E+03  0.2969574988E+03  -.9273541331E+10  0.1000000000E+01
L2 0.1000000000E+01  0.3382930869E+02  0.3382930869E+02  0.3382930869E+02
L3 0.2980295205E+05  -.3380251579E+03  -.1938238805E+02  0.2225797443E+03
L4 -.4494260055E+02  0.2619367748E+03  0.2811841602E+03  0.2842881949E+03
L5 0.8274091300E+03  0.3344412625E+03  0.2853415730E+03  0.2365460966E+03
L6 0.8563289321E+03  -.9273541331E+04  0.1389209540E+04  -.1074249097E+05
L7 0.0000000000E+00  0.4099482745E+01  0.1139303266E+02  0.1437506601E+02
L8 0.3756372746E+01  0.4174903809E+02  0.4367106962E+01  0.0000000000E+00
L9 0.0000000000E+00  0.0000000000E+00  0.0000000000E+00  0.9797301124E+00  0.0000000000E+00
L0    10000  0.2000000000E+02  -.7579558377E+04  0.1703150452E+04
L1 0.2924135107E+03  0.2924135107E+03  -.9282708828E+10  0.1000000000E+01
L2 0.1000000000E+01  0.3372653257E+02  0.3372653257E+02  0.3372653257E+02
L3 0.2953284833E+05  -.1188939790E+04  0.1555698394E+03  0.9789373308E+02
L4 -.3118254057E+03  0.2886561147E+03  0.2843037405E+03  0.2923027715E+03
L5 0.8652626267E+03  0.5413657359E+03  0.2512373098E+03  0.2714954199E+03
L6 0.1064098466E+04  -.9282708828E+04  0.1317045627E+04  -.1068090161E+05
L7 0.0000000000E+00  0.2358803454E+01  0.1076881264E+02  0.1352301764E+02
L8 0.4039416734E+01  0.4621332085E+02  0.4243786275E+01  0.0000000000E+00
L9 0.0000000000E+00  0.0000000000E+00  0.0000000000E+00  0.9886906008E+00  0.0000000000E+00
