L0  Nsteps           time(ps)         Etot             EKinetic        
L1  Temp             T_solute         T_solv           Pres_scal_solu  
L2  Pres_scal_solv   BoxX             BoxY             BoxZ            
L3  volume           pres_X           pres_Y           pres_Z          
L4  Pressure         EKCoM_x          EKCoM_y          EKCoM_z         
L5  EKComTot         VIRIAL_x         VIRIAL_y         VIRIAL_z        
L6  VIRIAL_tot       E_pot            E_vdw            E_el            
L7  E_hbon           E_bon            E_angle          E_dih           
L8  E_14vdw          E_14el           E_const          E_pol           
L9  AV_permMoment    AV_indMoment     AV_totMoment     Density          dV/dlambda      
L0     1000  0.2000000000E+01  -.7726226172E+04  0.1784009171E+04
L1 0.2948288815E+03  0.2948288815E+03  -.9510235343E+10  0.1000000000E+01
L2 0.1000000000E+01  0.3514777705E+02  0.3514777705E+02  0.3514777705E+02
L3 0.3342661440E+05  -.2662228968E+03  -.6763352853E+03  -.6548881414E+03
L4 -.5324821078E+03  0.3159213997E+03  0.3054291128E+03  0.2948042084E+03
L5 0.9161547208E+03  0.3799677485E+03  0.4681379035E+03  0.4523533706E+03
L6 0.1300459022E+04  -.9510235343E+04  0.1436810151E+04  -.1101669820E+05
L7 0.0000000000E+00  0.2864714191E+01  0.6434564561E+01  0.9123981867E+01
L8 0.3443598814E+01  0.4585162617E+02  0.1934221691E+01  0.0000000000E+00
L9 0.0000000000E+00  0.0000000000E+00  0.0000000000E+00  0.9075309437E+00  0.0000000000E+00
L0     2000  0.4000000000E+01  -.7729229132E+04  0.1785624865E+04
L1 0.2950958943E+03  0.2950958943E+03  -.9514853997E+10  0.1000000000E+01
L2 0.1000000000E+01  0.3460075234E+02  0.3460075234E+02  0.3460075234E+02
L3 0.3188941473E+05  -.6913572532E+03  -.1994447395E+03  -.1901673291E+02
L4 -.3032729085E+03  0.2919008142E+03  0.2818398578E+03  0.2986848766E+03
L5 0.8724255486E+03  0.4505747712E+03  0.3276145797E+03  0.3030494222E+03
L6 0.1081238773E+04  -.9514853997E+04  0.1408051897E+04  -.1100276294E+05
L7 0.0000000000E+00  0.3047974171E+01  0.9593856904E+01  0.1229672824E+02
L8 0.3516249636E+01  0.4684598188E+02  0.4556259957E+01  0.0000000000E+00
L9 0.0000000000E+00  0.0000000000E+00  0.0000000000E+00  0.9512776314E+00  0.0000000000E+00
L0     3000  0.6000000000E+01  -.7855485810E+04  0.1805163464E+04
L1 0.2983248819E+03  0.2983248819E+03  -.9660649275E+10  0.1000000000E+01
L2 0.1000000000E+01  0.3437963664E+02  0.3437963664E+02  0.3437963664E+02
L3 0.3128187687E+05  -.6262173103E+02  -.3215767446E+03  -.4506780165E+03
L4 -.2782921640E+03  0.2723721957E+03  0.3176735523E+03  0.3007513853E+03
L5 0.8907971333E+03  0.2864707457E+03  0.3900727939E+03  0.4022162678E+03
L6 0.1078759807E+04  -.9660649275E+04  0.1434256803E+04  -.1117245319E+05
L7 0.0000000000E+00  0.4150030719E+01  0.1073650595E+02  0.1176612943E+02
L8 0.2863231678E+01  0.4368719664E+02  0.4344015435E+01  0.0000000000E+00
L9 0.0000000000E+00  0.0000000000E+00  0.0000000000E+00  0.9697527754E+00  0.0000000000E+00
L0     4000  0.8000000000E+01  -.7892770679E+04  0.1724737526E+04
L1 0.2850335323E+03  0.2850335323E+03  -.9617508205E+10  0.1000000000E+01
L2 0.1000000000E+01  0.3426010455E+02  0.3426010455E+02  0.3426010455E+02
L3 0.3095484702E+05  0.7150741113E+03  0.1429455493E+02  0.4759578566E+03
L4 0.4017755076E+03  0.2794569535E+03  0.2920064994E+03  0.2700078236E+03
L5 0.8414712765E+03  0.1201494260E+03  0.2888218922E+03  0.1639717245E+03
L6 0.5729430427E+03  -.9617508205E+04  0.1504725468E+04  -.1119555363E+05
L7 0.0000000000E+00  0.2244803076E+01  0.9281006919E+01  0.8930604384E+01
L8 0.2592496556E+01  0.4604961285E+02  0.4221429190E+01  0.0000000000E+00
L9 0.0000000000E+00  0.0000000000E+00  0.0000000000E+00  0.9799979592E+00  0.0000000000E+00
L0     5000  0.1000000000E+02  -.7908557225E+04  0.1795099713E+04
L1 0.2966617264E+03  0.2966617264E+03  -.9703656938E+10  0.1000000000E+01
L2 0.1000000000E+01  0.3417040991E+02  0.3417040991E+02  0.3417040991E+02
L3 0.3071417264E+05  -.1530901923E+03  -.4235221137E+03  -.2040583496E+03
L4 -.2602235519E+03  0.3170616365E+03  0.2946047579E+03  0.3042913805E+03
L5 0.9159577750E+03  0.3509026039E+03  0.3882253735E+03  0.3493989857E+03
L6 0.1088526963E+04  -.9703656938E+04  0.1417429852E+04  -.1120600431E+05
L7 0.0000000000E+00  0.5571998410E+01  0.1190942257E+02  0.1464735576E+02
L8 0.4307029448E+01  0.4549947021E+02  0.2982242907E+01  0.0000000000E+00
L9 0.0000000000E+00  0.0000000000E+00  0.0000000000E+00  0.9876771636E+00  0.0000000000E+00
L0     6000  0.1200000000E+02  -.7871019072E+04  0.1744148065E+04
L1 0.2882413564E+03  0.2882413564E+03  -.9615167137E+10  0.1000000000E+01
L2 0.1000000000E+01  0.3421995080E+02  0.3421995080E+02  0.3421995080E+02
L3 0.3084765042E+05  -.4195696158E+03  0.2560296162E+03  -.2835961429E+03
L4 -.1490453809E+03  0.3014273902E+03  0.2953434376E+03  0.2902405689E+03
L5 0.8870113967E+03  0.3945773562E+03  0.2385014997E+03  0.3532026378E+03
L6 0.9862814938E+03  -.9615167137E+04  0.1395561605E+04  -.1108593623E+05
L7 0.0000000000E+00  0.3593677666E+01  0.7854231657E+01  0.1405486473E+02
L8 0.3375855459E+01  0.4452173902E+02  0.1807117285E+01  0.0000000000E+00
L9 0.0000000000E+00  0.0000000000E+00  0.0000000000E+00  0.9834034844E+00  0.0000000000E+00
L0     7000  0.1400000000E+02  -.7753380285E+04  0.1865368427E+04
L1 0.3082744730E+03  0.3082744730E+03  -.9618748712E+10  0.1000000000E+01
L2 0.1000000000E+01  0.3420587187E+02  0.3420587187E+02  0.3420587187E+02
L3 0.3080896832E+05  0.3201923050E+03  -.7503321916E+03  0.6634331888E+03
L4 0.7776443407E+02  0.3156715686E+03  0.3240251693E+03  0.3085856794E+03
L5 0.9482824173E+03  0.2446738119E+03  0.4903998806E+03  0.1614794956E+03
L6 0.8965531882E+03  -.9618748712E+04  0.1420301890E+04  -.1111556726E+05
L7 0.0000000000E+00  0.2942376710E+01  0.9130944210E+01  0.1180550623E+02
L8 0.2784041191E+01  0.4556959445E+02  0.4284195555E+01  0.0000000000E+00
L9 0.0000000000E+00  0.0000000000E+00  0.0000000000E+00  0.9846381936E+00  0.0000000000E+00
L0     8000  0.1600000000E+02  -.7836556131E+04  0.1826493969E+04
L1 0.3018500032E+03  0.3018500032E+03  -.9663050100E+10  0.1000000000E+01
L2 0.1000000000E+01  0.3426059278E+02  0.3426059278E+02  0.3426059278E+02
L3 0.3095756896E+05  0.5833424266E+03  -.4952539130E+03  -.4021811267E+03
L4 -.1046975377E+03  0.2896486306E+03  0.2903204840E+03  0.3031537116E+03
L5 0.8831228262E+03  0.1596774712E+03  0.4006651500E+03  0.3927613673E+03
L6 0.9531039886E+03  -.9663050100E+04  0.1430659358E+04  -.1116827787E+05
L7 0.0000000000E+00  0.3456249744E+01  0.6832380642E+01  0.1331584426E+02
L8 0.3165106617E+01  0.4633457779E+02  0.1464256871E+01  0.0000000000E+00
L9 0.0000000000E+00  0.0000000000E+00  0.0000000000E+00  0.9799117930E+00  0.0000000000E+00
L0     9000  0.1800000000E+02  -.7828678904E+04  0.1794252177E+04
L1 0.2965216609E+03  0.2965216609E+03  -.9622931081E+10  0.1000000000E+01
L2 0.1000000000E+01  0.3424637917E+02  0.3424637917E+02  0.3424637917E+02
L3 0.3091860046E+05  0.7543403458E+02  0.8765995363E+02  0.1730004660E+02
L4 0.6013134494E+02  0.3187195001E+03  0.2818600829E+03  0.2879687751E+03
L5 0.8885483581E+03  0.3019336344E+03  0.2623536596E+03  0.2841191036E+03
L6 0.8484063975E+03  -.9622931081E+04  0.1445905333E+04  -.1114199173E+05
L7 0.0000000000E+00  0.3060295046E+01  0.5178790245E+01  0.1128373408E+02
L8 0.3086852148E+01  0.4803823555E+02  0.2507414268E+01  0.0000000000E+00
L9 0.0000000000E+00  0.0000000000E+00  0.0000000000E+00  0.9811468326E+00  0.0000000000E+00
L0    10000  0.2000000000E+02  -.7820969959E+04  0.1802453061E+04
L1 0.2978769553E+03  0.2978769553E+03  -.9623423020E+10  0.1000000000E+01
L2 0.1000000000E+01  0.3426048940E+02  0.3426048940E+02  0.3426048940E+02
L3 0.3095628786E+05  0.5105093721E+03  0.4464438187E+03  -.1836891002E+03
L4 0.2577546969E+03  0.3059007373E+03  0.2977371879E+03  0.2968250388E+03
L5 0.9004629639E+03  0.1921617974E+03  0.1982717336E+03  0.3377500534E+03
L6 0.7281835844E+03  -.9623423020E+04  0.1453649651E+04  -.1115039190E+05
L7 0.0000000000E+00  0.2322474975E+01  0.5599972725E+01  0.1016444139E+02
L8 0.2922686755E+01  0.4887117425E+02  0.3438476432E+01  0.0000000000E+00
L9 0.0000000000E+00  0.0000000000E+00  0.0000000000E+00  0.9799523460E+00  0.0000000000E+00
