L0  Nsteps           time(ps)         Etot             EKinetic        
L1  Temp             T_solute         T_solv           Pres_scal_solu  
L2  Pres_scal_solv   BoxX             BoxY             BoxZ            
L3  volume           pres_X           pres_Y           pres_Z          
L4  Pressure         EKCoM_x          EKCoM_y          EKCoM_z         
L5  EKComTot         VIRIAL_x         VIRIAL_y         VIRIAL_z        
L6  VIRIAL_tot       E_pot            E_vdw            E_el            
L7  E_hbon           E_bon            E_angle          E_dih           
L8  E_14vdw          E_14el           E_const          E_pol           
L9  AV_permMoment    AV_indMoment     AV_totMoment     Density          dV/dlambda      
L0     1000  0.2000000000E+01  -.7082343609E+04  0.1643943198E+04
L1 0.2981151584E+03  0.2981151584E+03  -.8726286807E+10  0.1000000000E+01
L2 0.1000000000E+01  0.3426818095E+02  0.3426818095E+02  0.3426818095E+02
L3 0.3097983468E+05  -.8626382162E+03  -.1236960211E+04  -.5063669658E+02
L4 -.7167450413E+03  0.2720040011E+03  0.2514634510E+03  0.2710240526E+03
L5 0.7944915046E+03  0.4643416797E+03  0.5272616373E+03  0.2823142372E+03
L6 0.1273917554E+04  -.8726286807E+04  0.1338624880E+04  -.1013915986E+05
L7 0.0000000000E+00  0.3699983352E+01  0.7464707968E+01  0.1226158950E+02
L8 0.2974590829E+01  0.4659099808E+02  0.1256301361E+01  0.0000000000E+00
L9 0.0000000000E+00  0.0000000000E+00  0.0000000000E+00  0.8922958332E+00  0.0000000000E+00
L0     2000  0.4000000000E+01  -.7052517127E+04  0.1646235200E+04
L1 0.2985307936E+03  0.2985307936E+03  -.8698752328E+10  0.1000000000E+01
L2 0.1000000000E+01  0.3365317524E+02  0.3365317524E+02  0.3365317524E+02
L3 0.2934219709E+05  -.1621549756E+04  -.1057649957E+04  -.1329425583E+03
L4 -.9373807570E+03  0.2773835312E+03  0.2445457704E+03  0.2859008558E+03
L5 0.8078301574E+03  0.6198195893E+03  0.4678984494E+03  0.3139754341E+03
L6 0.1401693473E+04  -.8698752328E+04  0.1235719188E+04  -.1001353260E+05
L7 0.0000000000E+00  0.1484452875E+01  0.8924362007E+01  0.1285532861E+02
L8 0.3098226842E+01  0.4960995087E+02  0.3088766975E+01  0.0000000000E+00
L9 0.0000000000E+00  0.0000000000E+00  0.0000000000E+00  0.9420963711E+00  0.0000000000E+00
L0     3000  0.6000000000E+01  -.7164282347E+04  0.1606825636E+04
L1 0.2913842034E+03  0.2913842034E+03  -.8771107984E+10  0.1000000000E+01
L2 0.1000000000E+01  0.3332370792E+02  0.3332370792E+02  0.3332370792E+02
L3 0.2848756418E+05  -.2943716373E+03  -.1478341108E+04  0.4419368620E+03
L4 -.4435919609E+03  0.2714309504E+03  0.2623310660E+03  0.2875875715E+03
L5 0.8213495879E+03  0.3317852008E+03  0.5654314942E+03  0.1969784074E+03
L6 0.1094195102E+04  -.8771107984E+04  0.1292486509E+04  -.1013845430E+05
L7 0.0000000000E+00  0.1990483577E+01  0.6760507495E+01  0.1236665273E+02
L8 0.3970180466E+01  0.4668455778E+02  0.3087429464E+01  0.0000000000E+00
L9 0.0000000000E+00  0.0000000000E+00  0.0000000000E+00  0.9703594599E+00  0.0000000000E+00
L0     4000  0.8000000000E+01  -.7200043539E+04  0.1606984779E+04
L1 0.2914130625E+03  0.2914130625E+03  -.8807028318E+10  0.1000000000E+01
L2 0.1000000000E+01  0.3324922314E+02  0.3324922314E+02  0.3324922314E+02
L3 0.2829629331E+05  -.3683102866E+03  0.3851535019E+03  -.5485966807E+03
L4 -.1772511551E+03  0.2628565798E+03  0.2437395402E+03  0.2783663822E+03
L5 0.7849625021E+03  0.3378632657E+03  0.1653027199E+03  0.3900885372E+03
L6 0.8932545227E+03  -.8807028318E+04  0.1313123118E+04  -.1019544111E+05
L7 0.0000000000E+00  0.4082492216E+01  0.1094207141E+02  0.1209090397E+02
L8 0.4182341134E+01  0.4152230985E+02  0.2469551791E+01  0.0000000000E+00
L9 0.0000000000E+00  0.0000000000E+00  0.0000000000E+00  0.9769186760E+00  0.0000000000E+00
L0     5000  0.1000000000E+02  -.7169775510E+04  0.1667476503E+04
L1 0.3023827237E+03  0.3023827237E+03  -.8837252013E+10  0.1000000000E+01
L2 0.1000000000E+01  0.3318379184E+02  0.3318379184E+02  0.3318379184E+02
L3 0.2812992646E+05  0.4118356924E+03  -.7536726486E+03  -.6177571227E+03
L4 -.3198646930E+03  0.2843732606E+03  0.2728930861E+03  0.2859707475E+03
L5 0.8432370942E+03  0.2009957049E+03  0.4254767121E+03  0.4110378067E+03
L6 0.1037510224E+04  -.8837252013E+04  0.1284176267E+04  -.1019713022E+05
L7 0.0000000000E+00  0.1180730239E+01  0.6719651557E+01  0.1005577973E+02
L8 0.4637928882E+01  0.4918665830E+02  0.3921187649E+01  0.0000000000E+00
L9 0.0000000000E+00  0.0000000000E+00  0.0000000000E+00  0.9826963976E+00  0.0000000000E+00
L0     6000  0.1200000000E+02  -.7171453259E+04  0.1667888288E+04
L1 0.3024573974E+03  0.3024573974E+03  -.8839341547E+10  0.1000000000E+01
L2 0.1000000000E+01  0.3311536816E+02  0.3311536816E+02  0.3311536816E+02
L3 0.2795734868E+05  -.3937973124E+03  -.1199725527E+04  -.6557276737E+03
L4 -.7497501709E+03  0.2832210865E+03  0.2702648890E+03  0.2897309857E+03
L5 0.8432169611E+03  0.3624575914E+03  0.5116633308E+03  0.4216708629E+03
L6 0.1295791785E+04  -.8839341547E+04  0.1221313810E+04  -.1012856676E+05
L7 0.0000000000E+00  0.3860362365E+01  0.5890845825E+01  0.1006351687E+02
L8 0.2279204344E+01  0.4315762025E+02  0.2659856126E+01  0.0000000000E+00
L9 0.0000000000E+00  0.0000000000E+00  0.0000000000E+00  0.9887624792E+00  0.0000000000E+00
L0     7000  0.1400000000E+02  -.7181657095E+04  0.1649289454E+04
L1 0.2990846567E+03  0.2990846567E+03  -.8830946549E+10  0.1000000000E+01
L2 0.1000000000E+01  0.3302301586E+02  0.3302301586E+02  0.3302301586E+02
L3 0.2772291603E+05  -.9657403921E+03  -.4167665783E+03  0.5665895269E+03
L4 -.2719724812E+03  0.2878926744E+03  0.2617240882E+03  0.2620583436E+03
L5 0.8116751062E+03  0.4805812142E+03  0.3448790893E+03  0.1490100446E+03
L6 0.9744703482E+03  -.8830946549E+04  0.1263676945E+04  -.1016948737E+05
L7 0.0000000000E+00  0.1902396932E+01  0.8628064996E+01  0.1048639846E+02
L8 0.2472884275E+01  0.4827065551E+02  0.3103478112E+01  0.0000000000E+00
L9 0.0000000000E+00  0.0000000000E+00  0.0000000000E+00  0.9971237284E+00  0.0000000000E+00
L0     8000  0.1600000000E+02  -.7105933105E+04  0.1662143529E+04
L1 0.3014156341E+03  0.3014156341E+03  -.8768076634E+10  0.1000000000E+01
L2 0.1000000000E+01  0.3306016438E+02  0.3306016438E+02  0.3306016438E+02
L3 0.2781511163E+05  -.1532463863E+03  0.1180572476E+04  -.6759653243E+02
L4 0.3199098525E+03  0.2772733374E+03  0.2654138030E+03  0.2665283293E+03
L5 0.8092154697E+03  0.3079513788E+03  0.2907771576E+02  0.2800603236E+03
L6 0.6170894182E+03  -.8768076634E+04  0.1320672009E+04  -.1016050504E+05
L7 0.0000000000E+00  0.1868739852E+01  0.5321424090E+01  0.1296628318E+02
L8 0.3810604452E+01  0.4613611750E+02  0.1653226356E+01  0.0000000000E+00
L9 0.0000000000E+00  0.0000000000E+00  0.0000000000E+00  0.9938186754E+00  0.0000000000E+00
L0     9000  0.1800000000E+02  -.7123727653E+04  0.1709803439E+04
L1 0.3100583546E+03  0.3100583546E+03  -.8833531092E+10  0.1000000000E+01
L2 0.1000000000E+01  0.3310984431E+02  0.3310984431E+02  0.3310984431E+02
L3 0.2794131743E+05  0.9430998036E+02  -.6095960556E+03  0.7252142679E+03
L4 0.6997606421E+02  0.2698933161E+03  0.2856579344E+03  0.2926269569E+03
L5 0.8481782074E+03  0.2509279552E+03  0.4082452704E+03  0.1467892594E+03
L6 0.8059624849E+03  -.8833531092E+04  0.1309748459E+04  -.1021682289E+05
L7 0.0000000000E+00  0.3814164077E+01  0.7078935249E+01  0.1146233279E+02
L8 0.3007169710E+01  0.4553842959E+02  0.2642309505E+01  0.0000000000E+00
L9 0.0000000000E+00  0.0000000000E+00  0.0000000000E+00  0.9893297789E+00  0.0000000000E+00
L0    10000  0.2000000000E+02  -.7113043738E+04  0.1651128445E+04
L1 0.2994181421E+03  0.2994181421E+03  -.8764172184E+10  0.1000000000E+01
L2 0.1000000000E+01  0.3312382758E+02  0.3312382758E+02  0.3312382758E+02
L3 0.2797602864E+05  -.1881920478E+03  0.2440665824E+03  0.1001715600E+04
L4 0.3525300448E+03  0.2627920021E+03  0.2638970424E+03  0.2707153221E+03
L5 0.7974043667E+03  0.3006836866E+03  0.2147552533E+03  0.6902406122E+02
L6 0.5844630011E+03  -.8764172184E+04  0.1331131744E+04  -.1016915783E+05
L7 0.0000000000E+00  0.2107220878E+01  0.7555823153E+01  0.1015838267E+02
L8 0.2874379894E+01  0.4618759272E+02  0.4970502219E+01  0.0000000000E+00
L9 0.0000000000E+00  0.0000000000E+00  0.0000000000E+00  0.9881022698E+00  0.0000000000E+00
