L0  Nsteps           time(ps)         Etot             EKinetic        
L1  Temp             T_solute         T_solv           Pres_scal_solu  
L2  Pres_scal_solv   BoxX             BoxY             BoxZ            
L3  volume           pres_X           pres_Y           pres_Z          
L4  Pressure         EKCoM_x          EKCoM_y          EKCoM_z         
L5  EKComTot         VIRIAL_x         VIRIAL_y         VIRIAL_z        
L6  VIRIAL_tot       E_pot            E_vdw            E_el            
L7  E_hbon           E_bon            E_angle          E_dih           
L8  E_14vdw          E_14el           E_const          E_pol           
L9  AV_permMoment    AV_indMoment     AV_totMoment     Density          dV/dlambda      
L0     1000  0.2000000000E+01  -.7625103306E+04  0.1692289258E+04
L1 0.2873139002E+03  0.2873139002E+03  -.9317392563E+10  0.1000000000E+01
L2 0.1000000000E+01  0.3480975515E+02  0.3480975515E+02  0.3480975515E+02
L3 0.3247114956E+05  -.6362227261E+03  -.2481614694E+03  -.3998941711E+03
L4 -.4280927889E+03  0.2727485864E+03  0.2716196904E+03  0.2835762412E+03
L5 0.8279445180E+03  0.4214323077E+03  0.3296144291E+03  0.3770305474E+03
L6 0.1128077284E+04  -.9317392563E+04  0.1448830652E+04  -.1084844481E+05
L7 0.0000000000E+00  0.3203265407E+01  0.6950539157E+01  0.1246231801E+02
L8 0.4456192636E+01  0.5194659957E+02  0.3202677268E+01  0.0000000000E+00
L9 0.0000000000E+00  0.0000000000E+00  0.0000000000E+00  0.9093590603E+00  0.0000000000E+00
L0     2000  0.4000000000E+01  -.7542381377E+04  0.1743890674E+04
L1 0.2960746981E+03  0.2960746981E+03  -.9286272051E+10  0.1000000000E+01
L2 0.1000000000E+01  0.3433909218E+02  0.3433909218E+02  0.3433909218E+02
L3 0.3117149934E+05  -.9450338441E+02  -.4340649197E+03  -.4850738403E+03
L4 -.3378807148E+03  0.3044944409E+03  0.2856026609E+03  0.2778993658E+03
L5 0.8679964676E+03  0.3256956991E+03  0.3829824794E+03  0.3867227247E+03
L6 0.1095400903E+04  -.9286272051E+04  0.1381336951E+04  -.1074037229E+05
L7 0.0000000000E+00  0.2670221011E+01  0.5578951752E+01  0.1155111019E+02
L8 0.3716731463E+01  0.4622490830E+02  0.3021360490E+01  0.0000000000E+00
L9 0.0000000000E+00  0.0000000000E+00  0.0000000000E+00  0.9472734606E+00  0.0000000000E+00
L0     3000  0.6000000000E+01  -.7576426612E+04  0.1738652242E+04
L1 0.2951853263E+03  0.2951853263E+03  -.9315078854E+10  0.1000000000E+01
L2 0.1000000000E+01  0.3404802361E+02  0.3404802361E+02  0.3404802361E+02
L3 0.3038354625E+05  0.6284703718E+03  0.1772107929E+03  0.3896478360E+03
L4 0.3984430002E+03  0.2788207779E+03  0.2993803828E+03  0.2823119382E+03
L5 0.8605130990E+03  0.1413913148E+03  0.2606291780E+03  0.1971065008E+03
L6 0.5991269936E+03  -.9315078854E+04  0.1455747051E+04  -.1084436416E+05
L7 0.0000000000E+00  0.1912438290E+01  0.4762750688E+01  0.1040465368E+02
L8 0.4294408151E+01  0.4998806500E+02  0.2175941893E+01  0.0000000000E+00
L9 0.0000000000E+00  0.0000000000E+00  0.0000000000E+00  0.9718396205E+00  0.0000000000E+00
L0     4000  0.8000000000E+01  -.7634270636E+04  0.1760117388E+04
L1 0.2988296410E+03  0.2988296410E+03  -.9394388023E+10  0.1000000000E+01
L2 0.1000000000E+01  0.3394461183E+02  0.3394461183E+02  0.3394461183E+02
L3 0.3010783840E+05  -.2538752418E+03  0.3271908560E+03  0.7892292036E+03
L4 0.2875149393E+03  0.2890929029E+03  0.2914499123E+03  0.2920319296E+03
L5 0.8725747448E+03  0.3441047854E+03  0.2205513686E+03  0.1210149219E+03
L6 0.6856710759E+03  -.9394388023E+04  0.1433657503E+04  -.1089830947E+05
L7 0.0000000000E+00  0.3368529705E+01  0.6833554597E+01  0.1063708481E+02
L8 0.2234025569E+01  0.4496937711E+02  0.2221367382E+01  0.0000000000E+00
L9 0.0000000000E+00  0.0000000000E+00  0.0000000000E+00  0.9807390906E+00  0.0000000000E+00
L0     5000  0.1000000000E+02  -.7655625744E+04  0.1748311875E+04
L1 0.2968253219E+03  0.2968253219E+03  -.9403937619E+10  0.1000000000E+01
L2 0.1000000000E+01  0.3394696264E+02  0.3394696264E+02  0.3394696264E+02
L3 0.3011532443E+05  -.3266824884E+03  -.4616680176E+03  0.2768810818E+03
L4 -.1704898081E+03  0.2896174594E+03  0.2904006995E+03  0.3032206031E+03
L5 0.8832387620E+03  0.3604234465E+03  0.3904637908E+03  0.2432086986E+03
L6 0.9940959359E+03  -.9403937619E+04  0.1387498519E+04  -.1086418429E+05
L7 0.0000000000E+00  0.2495748213E+01  0.7376498491E+01  0.1155193134E+02
L8 0.2377161386E+01  0.4687385692E+02  0.2072957400E+01  0.0000000000E+00
L9 0.0000000000E+00  0.0000000000E+00  0.0000000000E+00  0.9804952999E+00  0.0000000000E+00
L0     6000  0.1200000000E+02  -.7636868194E+04  0.1765180348E+04
L1 0.2996892216E+03  0.2996892216E+03  -.9402048542E+10  0.1000000000E+01
L2 0.1000000000E+01  0.3391441455E+02  0.3391441455E+02  0.3391441455E+02
L3 0.3002853696E+05  0.2707200678E+03  -.3712399722E+03  -.1337843057E+03
L4 -.7810140338E+02  0.2757192425E+03  0.3032364143E+03  0.2803236360E+03
L5 0.8592792928E+03  0.2172117881E+03  0.3834680201E+03  0.3092368201E+03
L6 0.9099166283E+03  -.9402048542E+04  0.1377602496E+04  -.1085265630E+05
L7 0.0000000000E+00  0.3752188425E+01  0.7653160368E+01  0.1014109758E+02
L8 0.2287731796E+01  0.4468097510E+02  0.4490109650E+01  0.0000000000E+00
L9 0.0000000000E+00  0.0000000000E+00  0.0000000000E+00  0.9833290946E+00  0.0000000000E+00
L0     7000  0.1400000000E+02  -.7652891145E+04  0.1740582582E+04
L1 0.2955130560E+03  0.2955130560E+03  -.9393473726E+10  0.1000000000E+01
L2 0.1000000000E+01  0.3393001425E+02  0.3393001425E+02  0.3393001425E+02
L3 0.3007179896E+05  -.1101624596E+04  -.6928647743E+03  -.4596661528E+03
L4 -.7513851743E+03  0.2666212226E+03  0.2795194623E+03  0.3081892226E+03
L5 0.8543299075E+03  0.5050450268E+03  0.4294756777E+03  0.4076744313E+03
L6 0.1342195136E+04  -.9393473726E+04  0.1299496002E+04  -.1077438423E+05
L7 0.0000000000E+00  0.5705251863E+01  0.7994112235E+01  0.1138791210E+02
L8 0.3191161663E+01  0.4846495342E+02  0.4671108894E+01  0.0000000000E+00
L9 0.0000000000E+00  0.0000000000E+00  0.0000000000E+00  0.9819144541E+00  0.0000000000E+00
L0     8000  0.1600000000E+02  -.7592435321E+04  0.1773201863E+04
L1 0.3010511003E+03  0.3010511003E+03  -.9365637184E+10  0.1000000000E+01
L2 0.1000000000E+01  0.3391271213E+02  0.3391271213E+02  0.3391271213E+02
L3 0.3002433745E+05  -.6030063069E+03  -.5837811921E+02  0.6601044371E+02
L4 -.1984579941E+03  0.2855559133E+03  0.3118121099E+03  0.2923382043E+03
L5 0.8897062275E+03  0.4158581489E+03  0.3244269024E+03  0.2780741605E+03
L6 0.1018359212E+04  -.9365637184E+04  0.1365988478E+04  -.1081171629E+05
L7 0.0000000000E+00  0.5773909364E+01  0.6273320940E+01  0.1201306907E+02
L8 0.3080514062E+01  0.4863728091E+02  0.4312534515E+01  0.0000000000E+00
L9 0.0000000000E+00  0.0000000000E+00  0.0000000000E+00  0.9834666329E+00  0.0000000000E+00
L0     9000  0.1800000000E+02  -.7665514040E+04  0.1747199346E+04
L1 0.2966364386E+03  0.2966364386E+03  -.9412713386E+10  0.1000000000E+01
L2 0.1000000000E+01  0.3389076736E+02  0.3389076736E+02  0.3389076736E+02
L3 0.2996642949E+05  -.5462751777E+03  -.7654331242E+02  -.3543731240E+03
L4 -.3257305380E+03  0.2850635204E+03  0.2731066485E+03  0.3009556079E+03
L5 0.8591257769E+03  0.4028791875E+03  0.2896148147E+03  0.3773835836E+03
L6 0.1069877586E+04  -.9412713386E+04  0.1357588327E+04  -.1084621597E+05
L7 0.0000000000E+00  0.3528723190E+01  0.8073214595E+01  0.1153270240E+02
L8 0.4020826740E+01  0.4584750128E+02  0.2911293024E+01  0.0000000000E+00
L9 0.0000000000E+00  0.0000000000E+00  0.0000000000E+00  0.9853671111E+00  0.0000000000E+00
L0    10000  0.2000000000E+02  -.7671536172E+04  0.1764044730E+04
L1 0.2994964183E+03  0.2994964183E+03  -.9435580902E+10  0.1000000000E+01
L2 0.1000000000E+01  0.3388810586E+02  0.3388810586E+02  0.3388810586E+02
L3 0.2995892823E+05  -.7589187146E+03  -.6556830340E+02  0.3433400254E+03
L4 -.1603823309E+03  0.2951878448E+03  0.2925155640E+03  0.2886457067E+03
L5 0.8763491155E+03  0.4588235661E+03  0.3066532001E+03  0.2146157854E+03
L6 0.9800925517E+03  -.9435580902E+04  0.1385823350E+04  -.1089423333E+05
L7 0.0000000000E+00  0.4608679932E+01  0.6535708516E+01  0.1001501047E+02
L8 0.2746661090E+01  0.4449823735E+02  0.4424781016E+01  0.0000000000E+00
L9 0.0000000000E+00  0.0000000000E+00  0.0000000000E+00  0.9856138319E+00  0.0000000000E+00
