L0  Nsteps           time(ps)         Etot             EKinetic        
L1  Temp             T_solute         T_solv           Pres_scal_solu  
L2  Pres_scal_solv   BoxX             BoxY             BoxZ            
L3  volume           pres_X           pres_Y           pres_Z          
L4  Pressure         EKCoM_x          EKCoM_y          EKCoM_z         
L5  EKComTot         VIRIAL_x         VIRIAL_y         VIRIAL_z        
L6  VIRIAL_tot       E_pot            E_vdw            E_el            
L7  E_hbon           E_bon            E_angle          E_dih           
L8  E_14vdw          E_14el           E_const          E_pol           
L9  AV_permMoment    AV_indMoment     AV_totMoment     Density          dV/dlambda      
L0     1000  0.2000000000E+01  -.7714261808E+04  0.1730368455E+04
L1 0.2890971837E+03  0.2890971837E+03  -.9444630263E+10  0.1000000000E+01
L2 0.1000000000E+01  0.3498262863E+02  0.3498262863E+02  0.3498262863E+02
L3 0.3295832007E+05  -.7096936802E+03  -.4097223081E+03  -.1170717097E+04
L4 -.7633776952E+03  0.2772489772E+03  0.2911626940E+03  0.2913216327E+03
L5 0.8597333039E+03  0.4455910168E+03  0.3883503835E+03  0.5690201801E+03
L6 0.1402961580E+04  -.9444630263E+04  0.1404935278E+04  -.1092591881E+05
L7 0.0000000000E+00  0.4269570451E+01  0.1258294986E+02  0.1199783929E+02
L8 0.3400745983E+01  0.4281615398E+02  0.1286011509E+01  0.0000000000E+00
L9 0.0000000000E+00  0.0000000000E+00  0.0000000000E+00  0.9104408948E+00  0.0000000000E+00
L0     2000  0.4000000000E+01  -.7706066339E+04  0.1787960901E+04
L1 0.2987193043E+03  0.2987193043E+03  -.9494027240E+10  0.1000000000E+01
L2 0.1000000000E+01  0.3448377633E+02  0.3448377633E+02  0.3448377633E+02
L3 0.3156773381E+05  -.1100796827E+03  -.7683905679E+03  -.7301826845E+03
L4 -.5362176450E+03  0.3025010200E+03  0.2982861367E+03  0.3085753497E+03
L5 0.9093625063E+03  0.3275106436E+03  0.4728611207E+03  0.4744696693E+03
L6 0.1274841434E+04  -.9494027240E+04  0.1387824004E+04  -.1095634085E+05
L7 0.0000000000E+00  0.1371329625E+01  0.1257391167E+02  0.1101840558E+02
L8 0.2584742128E+01  0.4431861634E+02  0.2622601839E+01  0.0000000000E+00
L9 0.0000000000E+00  0.0000000000E+00  0.0000000000E+00  0.9505466118E+00  0.0000000000E+00
L0     3000  0.6000000000E+01  -.7805468864E+04  0.1762797613E+04
L1 0.2945152080E+03  0.2945152080E+03  -.9568266477E+10  0.1000000000E+01
L2 0.1000000000E+01  0.3419926566E+02  0.3419926566E+02  0.3419926566E+02
L3 0.3079087922E+05  0.3737706562E+03  0.8252880916E+02  0.4139062115E+02
L4 0.1658966955E+03  0.2991910592E+03  0.2891481048E+03  0.2890229846E+03
L5 0.8773621487E+03  0.2163617817E+03  0.2708593454E+03  0.2798506347E+03
L6 0.7670717618E+03  -.9568266477E+04  0.1468406157E+04  -.1111209472E+05
L7 0.0000000000E+00  0.1734036528E+01  0.5568873089E+01  0.1219487698E+02
L8 0.4229502892E+01  0.4847464060E+02  0.3220155944E+01  0.0000000000E+00
L9 0.0000000000E+00  0.0000000000E+00  0.0000000000E+00  0.9745289248E+00  0.0000000000E+00
L0     4000  0.8000000000E+01  -.7704148937E+04  0.1812817936E+04
L1 0.3028722342E+03  0.3028722342E+03  -.9516966873E+10  0.1000000000E+01
L2 0.1000000000E+01  0.3406578429E+02  0.3406578429E+02  0.3406578429E+02
L3 0.3043144187E+05  0.7758876742E+03  0.4107416854E+02  0.2097828740E+02
L4 0.2793133767E+03  0.2913337594E+03  0.3027392708E+03  0.2944318820E+03
L5 0.8885049121E+03  0.1214006661E+03  0.2937433030E+03  0.2898372668E+03
L6 0.7049812359E+03  -.9516966873E+04  0.1446975600E+04  -.1103879899E+05
L7 0.0000000000E+00  0.4836684222E+01  0.6545134668E+01  0.1152182071E+02
L8 0.3330306875E+01  0.4661180330E+02  0.2010766859E+01  0.0000000000E+00
L9 0.0000000000E+00  0.0000000000E+00  0.0000000000E+00  0.9860394569E+00  0.0000000000E+00
L0     5000  0.1000000000E+02  -.7822683156E+04  0.1726004662E+04
L1 0.2883681134E+03  0.2883681134E+03  -.9548687818E+10  0.1000000000E+01
L2 0.1000000000E+01  0.3409742145E+02  0.3409742145E+02  0.3409742145E+02
L3 0.3051604993E+05  0.3956644744E+03  0.2678707328E+03  0.4570658374E+03
L4 0.3735336815E+03  0.2926751766E+03  0.2738445744E+03  0.2742259600E+03
L5 0.8407457111E+03  0.2057767417E+03  0.2150130418E+03  0.1738421538E+03
L6 0.5946319373E+03  -.9548687818E+04  0.1490492210E+04  -.1111964440E+05
L7 0.0000000000E+00  0.1424852517E+01  0.1349055266E+02  0.1403474795E+02
L8 0.2564363252E+01  0.4547119018E+02  0.3478666842E+01  0.0000000000E+00
L9 0.0000000000E+00  0.0000000000E+00  0.0000000000E+00  0.9833055879E+00  0.0000000000E+00
L0     6000  0.1200000000E+02  -.7767157456E+04  0.1763246243E+04
L1 0.2945901618E+03  0.2945901618E+03  -.9530403699E+10  0.1000000000E+01
L2 0.1000000000E+01  0.3413191897E+02  0.3413191897E+02  0.3413191897E+02
L3 0.3061112604E+05  -.6921276280E+03  -.1350701743E+03  -.6451987975E+03
L4 -.4907988666E+03  0.2944421111E+03  0.2997108639E+03  0.2912717018E+03
L5 0.8854246768E+03  0.4469253370E+03  0.3294682888E+03  0.4334159971E+03
L6 0.1209809623E+04  -.9530403699E+04  0.1357492158E+04  -.1096486317E+05
L7 0.0000000000E+00  0.1146647002E+01  0.1489095608E+02  0.1106074759E+02
L8 0.1802705819E+01  0.4537440518E+02  0.2691850553E+01  0.0000000000E+00
L9 0.0000000000E+00  0.0000000000E+00  0.0000000000E+00  0.9802515064E+00  0.0000000000E+00
L0     7000  0.1400000000E+02  -.7781140712E+04  0.1753788484E+04
L1 0.2930100292E+03  0.2930100292E+03  -.9534929196E+10  0.1000000000E+01
L2 0.1000000000E+01  0.3411022413E+02  0.3411022413E+02  0.3411022413E+02
L3 0.3055034651E+05  0.3557908718E+03  0.5651789545E+03  0.2989754366E+03
L4 0.4066484210E+03  0.2931327967E+03  0.2960363302E+03  0.2855968739E+03
L5 0.8747660008E+03  0.2149038429E+03  0.1717685037E+03  0.2198601238E+03
L6 0.6065324705E+03  -.9534929196E+04  0.1478650925E+04  -.1109156468E+05
L7 0.0000000000E+00  0.6895651290E+01  0.1292193096E+02  0.1127174934E+02
L8 0.2250843717E+01  0.4289439640E+02  0.1749990545E+01  0.0000000000E+00
L9 0.0000000000E+00  0.0000000000E+00  0.0000000000E+00  0.9822017044E+00  0.0000000000E+00
L0     8000  0.1600000000E+02  -.7775843672E+04  0.1724536478E+04
L1 0.2881228201E+03  0.2881228201E+03  -.9500380150E+10  0.1000000000E+01
L2 0.1000000000E+01  0.3408872547E+02  0.3408872547E+02  0.3408872547E+02
L3 0.3049526932E+05  -.1489611616E+04  -.3857464831E+03  0.1711278728E+03
L4 -.5680767420E+03  0.2675818622E+03  0.2882883196E+03  0.2854513316E+03
L5 0.8413215134E+03  0.5945173794E+03  0.3729508079E+03  0.2478926962E+03
L6 0.1215360884E+04  -.9500380150E+04  0.1329289163E+04  -.1090431238E+05
L7 0.0000000000E+00  0.3376434147E+01  0.9331948851E+01  0.1315951601E+02
L8 0.3616132737E+01  0.4362741230E+02  0.1531625210E+01  0.0000000000E+00
L9 0.0000000000E+00  0.0000000000E+00  0.0000000000E+00  0.9839756487E+00  0.0000000000E+00
L0     9000  0.1800000000E+02  -.7779762235E+04  0.1749997875E+04
L1 0.2923767223E+03  0.2923767223E+03  -.9529760111E+10  0.1000000000E+01
L2 0.1000000000E+01  0.3407964736E+02  0.3407964736E+02  0.3407964736E+02
L3 0.3046901449E+05  0.2608420659E+03  0.4924968794E+03  -.3627472362E+03
L4 0.1301972364E+03  0.3022377864E+03  0.2794311255E+03  0.2852227862E+03
L5 0.8668916981E+03  0.2450382355E+03  0.1714324398E+03  0.3647689243E+03
L6 0.7812395996E+03  -.9529760111E+04  0.1443906844E+04  -.1105155303E+05
L7 0.0000000000E+00  0.3507918802E+01  0.9722238263E+01  0.1229632673E+02
L8 0.3519195231E+01  0.4464847735E+02  0.4191917015E+01  0.0000000000E+00
L9 0.0000000000E+00  0.0000000000E+00  0.0000000000E+00  0.9848235303E+00  0.0000000000E+00
L0    10000  0.2000000000E+02  -.7785525708E+04  0.1758882338E+04
L1 0.2938610727E+03  0.2938610727E+03  -.9544408046E+10  0.1000000000E+01
L2 0.1000000000E+01  0.3402706553E+02  0.3402706553E+02  0.3402706553E+02
L3 0.3032913011E+05  -.1320558469E+03  -.5474072014E+03  0.3767353676E+02
L4 -.2139298372E+03  0.2926955065E+03  0.2857762968E+03  0.2945913387E+03
L5 0.8730631420E+03  0.3215208286E+03  0.4052650531E+03  0.2863679100E+03
L6 0.1013153792E+04  -.9544408046E+04  0.1378493379E+04  -.1099445867E+05
L7 0.0000000000E+00  0.4564634114E+01  0.7496920915E+01  0.9592184446E+01
L8 0.2720743186E+01  0.4420614802E+02  0.2976616267E+01  0.0000000000E+00
L9 0.0000000000E+00  0.0000000000E+00  0.0000000000E+00  0.9893657453E+00  0.0000000000E+00
