L0  Nsteps           time(ps)         Etot             EKinetic        
L1  Temp             T_solute         T_solv           Pres_scal_solu  
L2  Pres_scal_solv   BoxX             BoxY             BoxZ            
L3  volume           pres_X           pres_Y           pres_Z          
L4  Pressure         EKCoM_x          EKCoM_y          EKCoM_z         
L5  EKComTot         VIRIAL_x         VIRIAL_y         VIRIAL_z        
L6  VIRIAL_tot       E_pot            E_vdw            E_el            
L7  E_hbon           E_bon            E_angle          E_dih           
L8  E_14vdw          E_14el           E_const          E_pol           
L9  AV_permMoment    AV_indMoment     AV_totMoment     Density          dV/dlambda      
L0     1000  0.2000000000E+01  -.7383746741E+04  0.1737498444E+04
L1 0.3007735432E+03  0.3007735432E+03  -.9121245185E+10  0.1000000000E+01
L2 0.1000000000E+01  0.3474854262E+02  0.3474854262E+02  0.3474854262E+02
L3 0.3230000508E+05  -.1365402705E+03  -.3199167230E+03  -.6766610272E+03
L4 -.3777060069E+03  0.2688764353E+03  0.3013439327E+03  0.3101219497E+03
L5 0.8803423176E+03  0.3006173859E+03  0.3757136470E+03  0.4674225334E+03
L6 0.1143753566E+04  -.9121245185E+04  0.1436522156E+04  -.1063294136E+05
L7 0.0000000000E+00  0.2065083555E+01  0.6632650471E+01  0.1444538477E+02
L8 0.3295170544E+01  0.4559008949E+02  0.3145635139E+01  0.0000000000E+00
L9 0.0000000000E+00  0.0000000000E+00  0.0000000000E+00  0.8965792826E+00  0.0000000000E+00
L0     2000  0.4000000000E+01  -.7404919446E+04  0.1687908543E+04
L1 0.2921891726E+03  0.2921891726E+03  -.9092827989E+10  0.1000000000E+01
L2 0.1000000000E+01  0.3416524545E+02  0.3416524545E+02  0.3416524545E+02
L3 0.3069906608E+05  0.7120936949E+03  0.1628483400E+03  -.3602518666E+03
L4 0.1715633894E+03  0.2756647521E+03  0.2582066666E+03  0.2833798408E+03
L5 0.8172512595E+03  0.1183320926E+03  0.2222263418E+03  0.3629752433E+03
L6 0.7035336776E+03  -.9092827989E+04  0.1428780381E+04  -.1059129854E+05
L7 0.0000000000E+00  0.1396347368E+01  0.7099929985E+01  0.1342089665E+02
L8 0.3103385596E+01  0.4209334788E+02  0.2576258188E+01  0.0000000000E+00
L9 0.0000000000E+00  0.0000000000E+00  0.0000000000E+00  0.9433353870E+00  0.0000000000E+00
L0     3000  0.6000000000E+01  -.7457885918E+04  0.1722699963E+04
L1 0.2982118191E+03  0.2982118191E+03  -.9180585881E+10  0.1000000000E+01
L2 0.1000000000E+01  0.3390496419E+02  0.3390496419E+02  0.3390496419E+02
L3 0.3000409830E+05  0.9780605840E+01  -.9753091595E+03  -.5193668168E+01
L4 -.3235740739E+03  0.2998314542E+03  0.2711652455E+03  0.2796553636E+03
L5 0.8506520633E+03  0.2977194104E+03  0.4817754756E+03  0.2807768948E+03
L6 0.1060271781E+04  -.9180585881E+04  0.1341270358E+04  -.1060031012E+05
L7 0.0000000000E+00  0.3147758261E+01  0.7871886567E+01  0.1228545019E+02
L8 0.5039133557E+01  0.4629573268E+02  0.3813916823E+01  0.0000000000E+00
L9 0.0000000000E+00  0.0000000000E+00  0.0000000000E+00  0.9651853255E+00  0.0000000000E+00
L0     4000  0.8000000000E+01  -.7417606093E+04  0.1757028824E+04
L1 0.3041543930E+03  0.3041543930E+03  -.9174634917E+10  0.1000000000E+01
L2 0.1000000000E+01  0.3377703964E+02  0.3377703964E+02  0.3377703964E+02
L3 0.2966674265E+05  -.1050972719E+03  -.6093925521E+03  -.1371670329E+04
L4 -.6953867177E+03  0.3046860360E+03  0.2820980424E+03  0.2990893898E+03
L5 0.8858734682E+03  0.3271257794E+03  0.4122119100E+03  0.5919602675E+03
L6 0.1331297957E+04  -.9174634917E+04  0.1278884202E+04  -.1053236053E+05
L7 0.0000000000E+00  0.2153203955E+01  0.8140948232E+01  0.1174511212E+02
L8 0.5618340201E+01  0.4608684268E+02  0.5096961942E+01  0.0000000000E+00
L9 0.0000000000E+00  0.0000000000E+00  0.0000000000E+00  0.9761609397E+00  0.0000000000E+00
L0     5000  0.1000000000E+02  -.7600373531E+04  0.1697877972E+04
L1 0.2939149529E+03  0.2939149529E+03  -.9298251503E+10  0.1000000000E+01
L2 0.1000000000E+01  0.3372033349E+02  0.3372033349E+02  0.3372033349E+02
L3 0.2951637840E+05  0.1821438851E+03  0.6807048925E+01  -.9100500461E+03
L4 -.2403663707E+03  0.2787935421E+03  0.2882615148E+03  0.2650112718E+03
L5 0.8320663287E+03  0.2401003780E+03  0.2868154807E+03  0.4583348948E+03
L6 0.9852507535E+03  -.9298251503E+04  0.1390287836E+04  -.1076105548E+05
L7 0.0000000000E+00  0.2620322133E+01  0.1156851156E+02  0.1111603335E+02
L8 0.2883072153E+01  0.4275549852E+02  0.1572707014E+01  0.0000000000E+00
L9 0.0000000000E+00  0.0000000000E+00  0.0000000000E+00  0.9811337621E+00  0.0000000000E+00
L0     6000  0.1200000000E+02  -.7517344925E+04  0.1717967804E+04
L1 0.2973926482E+03  0.2973926482E+03  -.9235312729E+10  0.1000000000E+01
L2 0.1000000000E+01  0.3365117458E+02  0.3365117458E+02  0.3365117458E+02
L3 0.2933535576E+05  -.3844274580E+03  -.7884619566E+03  0.2047363215E+03
L4 -.3227176977E+03  0.2784399921E+03  0.2801623944E+03  0.2851230456E+03
L5 0.8437254320E+03  0.3596037860E+03  0.4466295975E+03  0.2418972659E+03
L6 0.1048130649E+04  -.9235312729E+04  0.1326627681E+04  -.1063504749E+05
L7 0.0000000000E+00  0.4361131404E+01  0.6203387600E+01  0.1191560291E+02
L8 0.3212450621E+01  0.4481318518E+02  0.2601318419E+01  0.0000000000E+00
L9 0.0000000000E+00  0.0000000000E+00  0.0000000000E+00  0.9871881430E+00  0.0000000000E+00
L0     7000  0.1400000000E+02  -.7485835716E+04  0.1726750554E+04
L1 0.2989130056E+03  0.2989130056E+03  -.9212586270E+10  0.1000000000E+01
L2 0.1000000000E+01  0.3367134928E+02  0.3367134928E+02  0.3367134928E+02
L3 0.2938699372E+05  0.2383901190E+03  0.3766831188E+03  -.2609003071E+03
L4 0.1180576436E+03  0.2676471319E+03  0.2918237104E+03  0.2831459823E+03
L5 0.8426168247E+03  0.2172274628E+03  0.2121549798E+03  0.3383265711E+03
L6 0.7677090138E+03  -.9212586270E+04  0.1396871355E+04  -.1068938168E+05
L7 0.0000000000E+00  0.5830330855E+01  0.1240346793E+02  0.1062907010E+02
L8 0.3112629451E+01  0.4433711252E+02  0.3611445567E+01  0.0000000000E+00
L9 0.0000000000E+00  0.0000000000E+00  0.0000000000E+00  0.9854534851E+00  0.0000000000E+00
L0     8000  0.1600000000E+02  -.7434620696E+04  0.1731491469E+04
L1 0.2997336923E+03  0.2997336923E+03  -.9166112165E+10  0.1000000000E+01
L2 0.1000000000E+01  0.3364325009E+02  0.3364325009E+02  0.3364325009E+02
L3 0.2931358396E+05  -.2853770488E+03  0.9441820373E+03  -.4197960271E+03
L4 0.7966965380E+02  0.2738396978E+03  0.3132892381E+03  0.2749163267E+03
L5 0.8620452625E+03  0.3340463588E+03  0.1140929535E+03  0.3634816727E+03
L6 0.8116209850E+03  -.9166112165E+04  0.1355386923E+04  -.1059435307E+05
L7 0.0000000000E+00  0.2562176003E+01  0.8326546718E+01  0.1040411518E+02
L8 0.3671037287E+01  0.4539283334E+02  0.2497276940E+01  0.0000000000E+00
L9 0.0000000000E+00  0.0000000000E+00  0.0000000000E+00  0.9879213481E+00  0.0000000000E+00
L0     9000  0.1800000000E+02  -.7527761491E+04  0.1729723701E+04
L1 0.2994276789E+03  0.2994276789E+03  -.9257485192E+10  0.1000000000E+01
L2 0.1000000000E+01  0.3365570641E+02  0.3365570641E+02  0.3365570641E+02
L3 0.2934773068E+05  -.7008130017E+03  -.6781397667E+03  -.1867997683E+03
L4 -.5219175123E+03  0.2891821245E+03  0.2843621817E+03  0.2866906824E+03
L5 0.8602349887E+03  0.4372065061E+03  0.4275975660E+03  0.3261461721E+03
L6 0.1190950244E+04  -.9257485192E+04  0.1314397397E+04  -.1064458315E+05
L7 0.0000000000E+00  0.2717781751E+01  0.7301921439E+01  0.1047420415E+02
L8 0.3740215335E+01  0.4643302659E+02  0.2033413904E+01  0.0000000000E+00
L9 0.0000000000E+00  0.0000000000E+00  0.0000000000E+00  0.9867718803E+00  0.0000000000E+00
L0    10000  0.2000000000E+02  -.7510801870E+04  0.1704511437E+04
L1 0.2950632537E+03  0.2950632537E+03  -.9215313307E+10  0.1000000000E+01
L2 0.1000000000E+01  0.3366444050E+02  0.3366444050E+02  0.3366444050E+02
L3 0.2937076312E+05  -.1174751549E+04  0.3299434829E+03  -.9249517382E+03
L4 -.5899199348E+03  0.2715080777E+03  0.2771295899E+03  0.2798571815E+03
L5 0.8284948492E+03  0.5198315870E+03  0.2073848651E+03  0.4753770442E+03
L6 0.1202593496E+04  -.9215313307E+04  0.1300224063E+04  -.1058668035E+05
L7 0.0000000000E+00  0.3829387135E+01  0.7477413723E+01  0.8953895635E+01
L8 0.3082783966E+01  0.4371279669E+02  0.4086699808E+01  0.0000000000E+00
L9 0.0000000000E+00  0.0000000000E+00  0.0000000000E+00  0.9859980574E+00  0.0000000000E+00
