L0  Nsteps           time(ps)         Etot             EKinetic        
L1  Temp             T_solute         T_solv           Pres_scal_solu  
L2  Pres_scal_solv   BoxX             BoxY             BoxZ            
L3  volume           pres_X           pres_Y           pres_Z          
L4  Pressure         EKCoM_x          EKCoM_y          EKCoM_z         
L5  EKComTot         VIRIAL_x         VIRIAL_y         VIRIAL_z        
L6  VIRIAL_tot       E_pot            E_vdw            E_el            
L7  E_hbon           E_bon            E_angle          E_dih           
L8  E_14vdw          E_14el           E_const          E_pol           
L9  AV_permMoment    AV_indMoment     AV_totMoment     Density          dV/dlambda      
L0     1000  0.2000000000E+01  -.7397710979E+04  0.1740474587E+04
L1 0.2994346505E+03  0.2994346505E+03  -.9138185567E+10  0.1000000000E+01
L2 0.1000000000E+01  0.3471982810E+02  0.3471982810E+02  0.3471982810E+02
L3 0.3222029072E+05  0.8449892621E+02  -.1020028165E+04  -.5034126656E+03
L4 -.4796473015E+03  0.2810459207E+03  0.2840569334E+03  0.2806500755E+03
L5 0.8457529296E+03  0.2614512836E+03  0.5205934509E+03  0.3973875175E+03
L6 0.1179432252E+04  -.9138185567E+04  0.1402683007E+04  -.1061407469E+05
L7 0.0000000000E+00  0.2997574124E+01  0.8450106930E+01  0.1177546299E+02
L8 0.2621494109E+01  0.4383997002E+02  0.3521511887E+01  0.0000000000E+00
L9 0.0000000000E+00  0.0000000000E+00  0.0000000000E+00  0.9043685008E+00  0.0000000000E+00
L0     2000  0.4000000000E+01  -.7471428699E+04  0.1763399757E+04
L1 0.3033787415E+03  0.3033787415E+03  -.9234828456E+10  0.1000000000E+01
L2 0.1000000000E+01  0.3419881667E+02  0.3419881667E+02  0.3419881667E+02
L3 0.3079081553E+05  -.2031469750E+03  -.6303824209E+02  -.4912232221E+03
L4 -.2524694797E+03  0.2933320571E+03  0.2891279708E+03  0.2937873383E+03
L5 0.8762473662E+03  0.3383502576E+03  0.3030975031E+03  0.4026444135E+03
L6 0.1044092174E+04  -.9234828456E+04  0.1388440819E+04  -.1069518613E+05
L7 0.0000000000E+00  0.1946756370E+01  0.9579584893E+01  0.1097730297E+02
L8 0.3173926316E+01  0.4431006332E+02  0.1929219807E+01  0.0000000000E+00
L9 0.0000000000E+00  0.0000000000E+00  0.0000000000E+00  0.9463541484E+00  0.0000000000E+00
L0     3000  0.6000000000E+01  -.7563007143E+04  0.1742365357E+04
L1 0.2997599422E+03  0.2997599422E+03  -.9305372499E+10  0.1000000000E+01
L2 0.1000000000E+01  0.3382126563E+02  0.3382126563E+02  0.3382126563E+02
L3 0.2978241146E+05  -.2004037625E+03  -.7714613815E+03  0.3336380733E+02
L4 -.3128337789E+03  0.2895886644E+03  0.2947046877E+03  0.3050975891E+03
L5 0.8893909412E+03  0.3325445138E+03  0.4600647510E+03  0.2979461730E+03
L6 0.1090555438E+04  -.9305372499E+04  0.1364343055E+04  -.1074710919E+05
L7 0.0000000000E+00  0.1468829486E+01  0.6431311572E+01  0.1433343268E+02
L8 0.3655511451E+01  0.4932553747E+02  0.2179013407E+01  0.0000000000E+00
L9 0.0000000000E+00  0.0000000000E+00  0.0000000000E+00  0.9783967983E+00  0.0000000000E+00
L0     4000  0.8000000000E+01  -.7464614735E+04  0.1796046625E+04
L1 0.3089953726E+03  0.3089953726E+03  -.9260661360E+10  0.1000000000E+01
L2 0.1000000000E+01  0.3373481884E+02  0.3373481884E+02  0.3373481884E+02
L3 0.2955437470E+05  0.5406919561E+03  -.1973504889E+03  -.9980362303E+03
L4 -.2182315877E+03  0.2976558430E+03  0.2788350688E+03  0.3012539577E+03
L5 0.8777448696E+03  0.1826477867E+03  0.3208125680E+03  0.5135415749E+03
L6 0.1017001930E+04  -.9260661360E+04  0.1350239435E+04  -.1068890883E+05
L7 0.0000000000E+00  0.3599544867E+01  0.5401072405E+01  0.1250472413E+02
L8 0.3529463890E+01  0.4901761316E+02  0.3955620519E+01  0.0000000000E+00
L9 0.0000000000E+00  0.0000000000E+00  0.0000000000E+00  0.9859459492E+00  0.0000000000E+00
L0     5000  0.1000000000E+02  -.7618037980E+04  0.1721978914E+04
L1 0.2962526187E+03  0.2962526187E+03  -.9340016893E+10  0.1000000000E+01
L2 0.1000000000E+01  0.3371390762E+02  0.3371390762E+02  0.3371390762E+02
L3 0.2949896041E+05  0.6940291540E+03  -.2708479478E+03  -.5207053154E+03
L4 -.3250803641E+02  0.2756239298E+03  0.2967469603E+03  0.2873979505E+03
L5 0.8597688406E+03  0.1282770291E+03  0.3542497402E+03  0.3979470736E+03
L6 0.8804738429E+03  -.9340016893E+04  0.1404179932E+04  -.1082314223E+05
L7 0.0000000000E+00  0.4531323257E+01  0.7184960091E+01  0.1103417998E+02
L8 0.2848586537E+01  0.4932685216E+02  0.4019504471E+01  0.0000000000E+00
L9 0.0000000000E+00  0.0000000000E+00  0.0000000000E+00  0.9877980650E+00  0.0000000000E+00
L0     6000  0.1200000000E+02  -.7668252403E+04  0.1705183989E+04
L1 0.2933631869E+03  0.2933631869E+03  -.9373436391E+10  0.1000000000E+01
L2 0.1000000000E+01  0.3372675907E+02  0.3372675907E+02  0.3372675907E+02
L3 0.2953205573E+05  0.1139786736E+04  -.1840755929E+03  -.3109702259E+03
L4 0.2149136390E+03  0.2912899749E+03  0.2639719265E+03  0.2597039428E+03
L5 0.8149658442E+03  0.4903435653E+02  0.3030962163E+03  0.3257990130E+03
L6 0.6779295859E+03  -.9373436391E+04  0.1440137680E+04  -.1088485639E+05
L7 0.0000000000E+00  0.3203424511E+01  0.6584899996E+01  0.1035988763E+02
L8 0.2310947867E+01  0.4663603016E+02  0.2187128451E+01  0.0000000000E+00
L9 0.0000000000E+00  0.0000000000E+00  0.0000000000E+00  0.9866910817E+00  0.0000000000E+00
L0     7000  0.1400000000E+02  -.7541632928E+04  0.1714253945E+04
L1 0.2949235999E+03  0.2949235999E+03  -.9255886873E+10  0.1000000000E+01
L2 0.1000000000E+01  0.3368175194E+02  0.3368175194E+02  0.3368175194E+02
L3 0.2941568588E+05  -.1125905524E+02  -.5091350510E+03  -.7794840973E+03
L4 -.4332927345E+03  0.2884905773E+03  0.2560862885E+03  0.2872337235E+03
L5 0.8318105892E+03  0.2908742000E+03  0.3638738274E+03  0.4522560929E+03
L6 0.1107004120E+04  -.9255886873E+04  0.1315395653E+04  -.1065097791E+05
L7 0.0000000000E+00  0.2507829005E+01  0.1431958256E+02  0.1169432904E+02
L8 0.3075119984E+01  0.4607495807E+02  0.2023568284E+01  0.0000000000E+00
L9 0.0000000000E+00  0.0000000000E+00  0.0000000000E+00  0.9905944787E+00  0.0000000000E+00
L0     8000  0.1600000000E+02  -.7518024508E+04  0.1699550947E+04
L1 0.2923940673E+03  0.2923940673E+03  -.9217575454E+10  0.1000000000E+01
L2 0.1000000000E+01  0.3376050101E+02  0.3376050101E+02  0.3376050101E+02
L3 0.2962178992E+05  -.4090227344E+03  -.3355123640E+03  0.2431540062E+03
L4 -.1671270308E+03  0.2781923653E+03  0.2907086663E+03  0.2711250621E+03
L5 0.8400260937E+03  0.3653921325E+03  0.3622367198E+03  0.2192869344E+03
L6 0.9469157867E+03  -.9217575454E+04  0.1335192639E+04  -.1062488545E+05
L7 0.0000000000E+00  0.3147631449E+01  0.7110366297E+01  0.1149925491E+02
L8 0.2465157965E+01  0.4562183539E+02  0.2273109627E+01  0.0000000000E+00
L9 0.0000000000E+00  0.0000000000E+00  0.0000000000E+00  0.9837020683E+00  0.0000000000E+00
L0     9000  0.1800000000E+02  -.7544242307E+04  0.1716954386E+04
L1 0.2953881891E+03  0.2953881891E+03  -.9261196693E+10  0.1000000000E+01
L2 0.1000000000E+01  0.3372607591E+02  0.3372607591E+02  0.3372607591E+02
L3 0.2952998852E+05  0.5303536149E+03  0.5675183507E+03  -.1425668683E+03
L4 0.3184350324E+03  0.3118445898E+03  0.2869347303E+03  0.2735228481E+03
L5 0.8723021682E+03  0.1991286357E+03  0.1663201619E+03  0.3038225578E+03
L6 0.6692713554E+03  -.9261196693E+04  0.1403881601E+04  -.1073887738E+05
L7 0.0000000000E+00  0.1767521274E+01  0.7318536142E+01  0.1172783788E+02
L8 0.3285505168E+01  0.4616141786E+02  0.3538269562E+01  0.0000000000E+00
L9 0.0000000000E+00  0.0000000000E+00  0.0000000000E+00  0.9867601537E+00  0.0000000000E+00
L0    10000  0.2000000000E+02  -.7542530126E+04  0.1746959897E+04
L1 0.3005503959E+03  0.3005503959E+03  -.9289490024E+10  0.1000000000E+01
L2 0.1000000000E+01  0.3385416334E+02  0.3385416334E+02  0.3385416334E+02
L3 0.2986836138E+05  -.3323154052E+03  -.2544726612E+03  0.8216512163E+03
L4 0.7828771664E+02  0.2971335975E+03  0.2951087281E+03  0.2768773339E+03
L5 0.8691196595E+03  0.3685698152E+03  0.3498114717E+03  0.1002509898E+03
L6 0.8186322766E+03  -.9289490024E+04  0.1404035658E+04  -.1076538182E+05
L7 0.0000000000E+00  0.3244969117E+01  0.7567490651E+01  0.9891573369E+01
L8 0.3640518751E+01  0.4427805168E+02  0.3233533495E+01  0.0000000000E+00
L9 0.0000000000E+00  0.0000000000E+00  0.0000000000E+00  0.9755813399E+00  0.0000000000E+00
