L0  Nsteps           time(ps)         Etot             EKinetic        
L1  Temp             T_solute         T_solv           Pres_scal_solu  
L2  Pres_scal_solv   BoxX             BoxY             BoxZ            
L3  volume           pres_X           pres_Y           pres_Z          
L4  Pressure         EKCoM_x          EKCoM_y          EKCoM_z         
L5  EKComTot         VIRIAL_x         VIRIAL_y         VIRIAL_z        
L6  VIRIAL_tot       E_pot            E_vdw            E_el            
L7  E_hbon           E_bon            E_angle          E_dih           
L8  E_14vdw          E_14el           E_const          E_pol           
L9  AV_permMoment    AV_indMoment     AV_totMoment     Density          dV/dlambda      
L0     1000  0.2000000000E+01  -.6893425984E+04  0.1589482188E+04
L1 0.2949349363E+03  0.2949349363E+03  -.8482908172E+10  0.1000000000E+01
L2 0.1000000000E+01  0.3384739019E+02  0.3384739019E+02  0.3384739019E+02
L3 0.2985305969E+05  -.5666221980E+03  -.1079902372E+04  -.1072432430E+04
L4 -.9063189999E+03  0.2646804510E+03  0.2578362689E+03  0.2629269468E+03
L5 0.7854436667E+03  0.3864220534E+03  0.4898586741E+03  0.4933443977E+03
L6 0.1369625125E+04  -.8482908172E+04  0.1244344100E+04  -.9801394993E+04
L7 0.0000000000E+00  0.4011014614E+01  0.1678396181E+02  0.1078951298E+02
L8 0.1860125654E+01  0.3791448369E+02  0.2783621625E+01  0.0000000000E+00
L9 0.0000000000E+00  0.0000000000E+00  0.0000000000E+00  0.9049298617E+00  0.0000000000E+00
L0     2000  0.4000000000E+01  -.6909653966E+04  0.1629581514E+04
L1 0.3023755306E+03  0.3023755306E+03  -.8539235480E+10  0.1000000000E+01
L2 0.1000000000E+01  0.3330964729E+02  0.3330964729E+02  0.3330964729E+02
L3 0.2845155845E+05  -.8690412650E+03  -.6355785014E+03  0.1274612507E+03
L4 -.4590528386E+03  0.2562708308E+03  0.2776691956E+03  0.2622163949E+03
L5 0.7961564213E+03  0.4342228986E+03  0.4078154995E+03  0.2361163764E+03
L6 0.1078154774E+04  -.8539235480E+04  0.1271142485E+04  -.9884229033E+04
L7 0.0000000000E+00  0.3584339881E+01  0.9163587026E+01  0.1024365660E+02
L8 0.4163777640E+01  0.4381411511E+02  0.2881591939E+01  0.0000000000E+00
L9 0.0000000000E+00  0.0000000000E+00  0.0000000000E+00  0.9495059901E+00  0.0000000000E+00
L0     3000  0.6000000000E+01  -.6915172231E+04  0.1591569650E+04
L1 0.2953222734E+03  0.2953222734E+03  -.8506741881E+10  0.1000000000E+01
L2 0.1000000000E+01  0.3300760554E+02  0.3300760554E+02  0.3300760554E+02
L3 0.2768373873E+05  0.1578573030E+03  -.8890811128E+02  -.4178750584E+03
L4 -.1163086222E+03  0.2392996730E+03  0.2746413702E+03  0.2704021553E+03
L5 0.7843431984E+03  0.2078478371E+03  0.2923556176E+03  0.3536605000E+03
L6 0.8538639547E+03  -.8506741881E+04  0.1239407645E+04  -.9829335615E+04
L7 0.0000000000E+00  0.4111670338E+01  0.9382287105E+01  0.1231339910E+02
L8 0.6703225098E+01  0.4693157088E+02  0.3743935703E+01  0.0000000000E+00
L9 0.0000000000E+00  0.0000000000E+00  0.0000000000E+00  0.9758409237E+00  0.0000000000E+00
L0     4000  0.8000000000E+01  -.6952414069E+04  0.1660766463E+04
L1 0.3081620257E+03  0.3081620257E+03  -.8613180532E+10  0.1000000000E+01
L2 0.1000000000E+01  0.3300559763E+02  0.3300559763E+02  0.3300559763E+02
L3 0.2767878989E+05  -.1438835760E+03  -.6230599995E+02  -.2679087935E+03
L4 -.1580327898E+03  0.2803756878E+03  0.2863053175E+03  0.2632284217E+03
L5 0.8299094270E+03  0.3090382429E+03  0.2987170826E+03  0.3165976162E+03
L6 0.9243529417E+03  -.8613180532E+04  0.1275685139E+04  -.9966260499E+04
L7 0.0000000000E+00  0.7531337353E+01  0.1023969383E+02  0.9885336850E+01
L8 0.2751085318E+01  0.4375068950E+02  0.3236685867E+01  0.0000000000E+00
L9 0.0000000000E+00  0.0000000000E+00  0.0000000000E+00  0.9760153995E+00  0.0000000000E+00
L0     5000  0.1000000000E+02  -.6993533171E+04  0.1629254221E+04
L1 0.3023148000E+03  0.3023148000E+03  -.8622787392E+10  0.1000000000E+01
L2 0.1000000000E+01  0.3290582201E+02  0.3290582201E+02  0.3290582201E+02
L3 0.2742908465E+05  -.5836996151E+03  -.3499875433E+03  -.2207667764E+03
L4 -.3848179783E+03  0.2601618072E+03  0.2684231526E+03  0.2673280196E+03
L5 0.7959129794E+03  0.3753896156E+03  0.3375139940E+03  0.3109094631E+03
L6 0.1023813073E+04  -.8622787392E+04  0.1227998540E+04  -.9921582996E+04
L7 0.0000000000E+00  0.1568998106E+01  0.7705609084E+01  0.1059855592E+02
L8 0.2511979849E+01  0.4579761711E+02  0.2614303791E+01  0.0000000000E+00
L9 0.0000000000E+00  0.0000000000E+00  0.0000000000E+00  0.9849007183E+00  0.0000000000E+00
L0     6000  0.1200000000E+02  -.6950240601E+04  0.1598588720E+04
L1 0.2966246907E+03  0.2966246907E+03  -.8548829322E+10  0.1000000000E+01
L2 0.1000000000E+01  0.3294011883E+02  0.3294011883E+02  0.3294011883E+02
L3 0.2751278695E+05  0.1091554941E+04  0.5077136152E+02  0.3348192452E+03
L4 0.4923818491E+03  0.2859842968E+03  0.2512834847E+03  0.2435413425E+03
L5 0.7808091239E+03  0.6984349171E+02  0.2412301538E+03  0.1772431668E+03
L6 0.4883168123E+03  -.8548829322E+04  0.1328158958E+04  -.9950896612E+04
L7 0.0000000000E+00  0.2692726680E+01  0.9695747106E+01  0.1048430681E+02
L8 0.2947532366E+01  0.4432802800E+02  0.3759990788E+01  0.0000000000E+00
L9 0.0000000000E+00  0.0000000000E+00  0.0000000000E+00  0.9819043497E+00  0.0000000000E+00
L0     7000  0.1400000000E+02  -.7023149955E+04  0.1594686852E+04
L1 0.2959006830E+03  0.2959006830E+03  -.8617836807E+10  0.1000000000E+01
L2 0.1000000000E+01  0.3282673197E+02  0.3282673197E+02  0.3282673197E+02
L3 0.2723210750E+05  -.9286911148E+03  -.1221231868E+03  -.5081169670E+03
L4 -.5196437562E+03  0.2652582130E+03  0.2823099134E+03  0.2566407559E+03
L5 0.8042088823E+03  0.4472740274E+03  0.3062450528E+03  0.3562274991E+03
L6 0.1109746579E+04  -.8617836807E+04  0.1206472402E+04  -.9893711312E+04
L7 0.0000000000E+00  0.3554846685E+01  0.5696201674E+01  0.1073611745E+02
L8 0.3245790495E+01  0.4422546385E+02  0.1943682237E+01  0.0000000000E+00
L9 0.0000000000E+00  0.0000000000E+00  0.0000000000E+00  0.9920247698E+00  0.0000000000E+00
L0     8000  0.1600000000E+02  -.7025546936E+04  0.1615503718E+04
L1 0.2997633379E+03  0.2997633379E+03  -.8641050655E+10  0.1000000000E+01
L2 0.1000000000E+01  0.3281433292E+02  0.3281433292E+02  0.3281433292E+02
L3 0.2719941412E+05  -.2746543878E+03  0.1122964602E+03  0.8875845900E+03
L4 0.2417422208E+03  0.2642311041E+03  0.2469438292E+03  0.2953014149E+03
L5 0.8064763481E+03  0.3179964780E+03  0.2249610703E+03  0.1215509869E+03
L6 0.6645085353E+03  -.8641050655E+04  0.1301290660E+04  -.1002297967E+05
L7 0.0000000000E+00  0.1973943193E+01  0.1287041599E+02  0.1063624125E+02
L8 0.4374075556E+01  0.4827616975E+02  0.2507506734E+01  0.0000000000E+00
L9 0.0000000000E+00  0.0000000000E+00  0.0000000000E+00  0.9932171720E+00  0.0000000000E+00
L0     9000  0.1800000000E+02  -.6999776159E+04  0.1618007066E+04
L1 0.3002278443E+03  0.3002278443E+03  -.8617783225E+10  0.1000000000E+01
L2 0.1000000000E+01  0.3277517199E+02  0.3277517199E+02  0.3277517199E+02
L3 0.2710372700E+05  -.9238773489E+03  -.5774705898E+02  -.2498131974E+03
L4 -.4104792017E+03  0.2814067219E+03  0.2559347798E+03  0.2648032823E+03
L5 0.8021447839E+03  0.4616254473E+03  0.2671993717E+03  0.3135337940E+03
L6 0.1042358613E+04  -.8617783225E+04  0.1210272479E+04  -.9904757592E+04
L7 0.0000000000E+00  0.1725163260E+01  0.6590360505E+01  0.1497238547E+02
L8 0.2947858777E+01  0.4760531016E+02  0.2860810134E+01  0.0000000000E+00
L9 0.0000000000E+00  0.0000000000E+00  0.0000000000E+00  0.9967236304E+00  0.0000000000E+00
L0    10000  0.2000000000E+02  -.6973636595E+04  0.1594037495E+04
L1 0.2957801921E+03  0.2957801921E+03  -.8567674090E+10  0.1000000000E+01
L2 0.1000000000E+01  0.3294380275E+02  0.3294380275E+02  0.3294380275E+02
L3 0.2752307201E+05  -.2754306870E+02  0.5657466536E+03  -.3480850487E+03
L4 0.6337284541E+02  0.2642281176E+03  0.2762014678E+03  0.2520522888E+03
L5 0.7924818742E+03  0.2696840102E+03  0.1641350525E+03  0.3210030168E+03
L6 0.7548220795E+03  -.8567674090E+04  0.1288743460E+04  -.9927906368E+04
L7 0.0000000000E+00  0.6114439773E+01  0.6698235446E+01  0.9097542482E+01
L8 0.3285383002E+01  0.4426059241E+02  0.2032625521E+01  0.0000000000E+00
L9 0.0000000000E+00  0.0000000000E+00  0.0000000000E+00  0.9815374232E+00  0.0000000000E+00
