L0  Nsteps           time(ps)         Etot             EKinetic        
L1  Temp             T_solute         T_solv           Pres_scal_solu  
L2  Pres_scal_solv   BoxX             BoxY             BoxZ            
L3  volume           pres_X           pres_Y           pres_Z          
L4  Pressure         EKCoM_x          EKCoM_y          EKCoM_z         
L5  EKComTot         VIRIAL_x         VIRIAL_y         VIRIAL_z        
L6  VIRIAL_tot       E_pot            E_vdw            E_el            
L7  E_hbon           E_bon            E_angle          E_dih           
L8  E_14vdw          E_14el           E_const          E_pol           
L9  AV_permMoment    AV_indMoment     AV_totMoment     Density          dV/dlambda      
L0     1000  0.2000000000E+01  -.7193902873E+04  0.1712436486E+04
L1 0.3014120124E+03  0.3014120124E+03  -.8906339360E+10  0.1000000000E+01
L2 0.1000000000E+01  0.3459129711E+02  0.3459129711E+02  0.3459129711E+02
L3 0.3186336057E+05  -.7215310253E+03  0.8913272226E+02  -.3635865553E+03
L4 -.3319949528E+03  0.2648953915E+03  0.2844658592E+03  0.2738816293E+03
L5 0.8232428800E+03  0.4303592579E+03  0.2640256503E+03  0.3572604933E+03
L6 0.1051645402E+04  -.8906339360E+04  0.1378984680E+04  -.1036271794E+05
L7 0.0000000000E+00  0.3547891511E+01  0.8223043565E+01  0.1039490251E+02
L8 0.3514312185E+01  0.4580326316E+02  0.5910488076E+01  0.0000000000E+00
L9 0.0000000000E+00  0.0000000000E+00  0.0000000000E+00  0.8938431637E+00  0.0000000000E+00
L0     2000  0.4000000000E+01  -.7335426026E+04  0.1736907069E+04
L1 0.3057191663E+03  0.3057191663E+03  -.9072333095E+10  0.1000000000E+01
L2 0.1000000000E+01  0.3403335122E+02  0.3403335122E+02  0.3403335122E+02
L3 0.3034800126E+05  -.8827861642E+03  -.1128059816E+04  -.9141495110E+03
L4 -.9749984971E+03  0.2705037236E+03  0.2996119468E+03  0.3062498093E+03
L5 0.8763654797E+03  0.4633193339E+03  0.5459995215E+03  0.5059157114E+03
L6 0.1515234567E+04  -.9072333095E+04  0.1286877225E+04  -.1043207139E+05
L7 0.0000000000E+00  0.4882158538E+01  0.8601091005E+01  0.9431489459E+01
L8 0.2788436538E+01  0.4238521421E+02  0.4772679038E+01  0.0000000000E+00
L9 0.0000000000E+00  0.0000000000E+00  0.0000000000E+00  0.9384752154E+00  0.0000000000E+00
L0     3000  0.6000000000E+01  -.7193502003E+04  0.1769310798E+04
L1 0.3114226614E+03  0.3114226614E+03  -.8962812801E+10  0.1000000000E+01
L2 0.1000000000E+01  0.3372554935E+02  0.3372554935E+02  0.3372554935E+02
L3 0.2952999442E+05  -.2134698943E+03  -.2973024000E+02  -.3835295309E+03
L4 -.2089098884E+03  0.2839052821E+03  0.3029850325E+03  0.2593022119E+03
L5 0.8461925265E+03  0.3292740077E+03  0.3093035961E+03  0.3408136873E+03
L6 0.9793912911E+03  -.8962812801E+04  0.1326111686E+04  -.1037559337E+05
L7 0.0000000000E+00  0.2728997817E+01  0.1300656544E+02  0.1073289687E+02
L8 0.6128845054E+01  0.4548918171E+02  0.8582398337E+01  0.0000000000E+00
L9 0.0000000000E+00  0.0000000000E+00  0.0000000000E+00  0.9644718052E+00  0.0000000000E+00
L0     4000  0.8000000000E+01  -.7300922089E+04  0.1672368958E+04
L1 0.2943595847E+03  0.2943595847E+03  -.8973291047E+10  0.1000000000E+01
L2 0.1000000000E+01  0.3353872630E+02  0.3353872630E+02  0.3353872630E+02
L3 0.2904213566E+05  -.1145217337E+03  -.9678363773E+02  -.6157065343E+03
L4 -.2756706352E+03  0.2761648305E+03  0.2635492808E+03  0.2851530872E+03
L5 0.8248671985E+03  0.3001020138E+03  0.2837788703E+03  0.4138472628E+03
L6 0.9977281469E+03  -.8973291047E+04  0.1289444681E+04  -.1033544042E+05
L7 0.0000000000E+00  0.2453289985E+01  0.6181641892E+01  0.1149856929E+02
L8 0.4509954181E+01  0.4391381730E+02  0.4147419959E+01  0.0000000000E+00
L9 0.0000000000E+00  0.0000000000E+00  0.0000000000E+00  0.9806733002E+00  0.0000000000E+00
L0     5000  0.1000000000E+02  -.7372862949E+04  0.1685160128E+04
L1 0.2966110039E+03  0.2966110039E+03  -.9058023077E+10  0.1000000000E+01
L2 0.1000000000E+01  0.3351594628E+02  0.3351594628E+02  0.3351594628E+02
L3 0.2898129838E+05  0.4361633029E+03  0.3188323497E+03  0.3906154950E+03
L4 0.3818703826E+03  0.2798074471E+03  0.2933888001E+03  0.2691179330E+03
L5 0.8423141802E+03  0.1888321377E+03  0.2268864798E+03  0.1876430238E+03
L6 0.6033616414E+03  -.9058023077E+04  0.1395610735E+04  -.1052530138E+05
L7 0.0000000000E+00  0.2555754535E+01  0.1069913943E+02  0.1094202107E+02
L8 0.3440913768E+01  0.4090206724E+02  0.3127670927E+01  0.0000000000E+00
L9 0.0000000000E+00  0.0000000000E+00  0.0000000000E+00  0.9827319209E+00  0.0000000000E+00
L0     6000  0.1200000000E+02  -.7307321158E+04  0.1690156772E+04
L1 0.2974904809E+03  0.2974904809E+03  -.8997477930E+10  0.1000000000E+01
L2 0.1000000000E+01  0.3349077213E+02  0.3349077213E+02  0.3349077213E+02
L3 0.2891624797E+05  0.2328924222E+03  -.9419300110E+02  0.7685121390E+03
L4 0.3024038533E+03  0.3094684570E+03  0.2541945012E+03  0.2674524437E+03
L5 0.8311154020E+03  0.2610005933E+03  0.2737972582E+03  0.1075153308E+03
L6 0.6423131823E+03  -.8997477930E+04  0.1367425749E+04  -.1043558490E+05
L7 0.0000000000E+00  0.3614791660E+01  0.7995021117E+01  0.1063603926E+02
L8 0.2568154624E+01  0.4232130749E+02  0.3545906360E+01  0.0000000000E+00
L9 0.0000000000E+00  0.0000000000E+00  0.0000000000E+00  0.9849426886E+00  0.0000000000E+00
L0     7000  0.1400000000E+02  -.7343061334E+04  0.1695188262E+04
L1 0.2983760912E+03  0.2983760912E+03  -.9038249595E+10  0.1000000000E+01
L2 0.1000000000E+01  0.3352781611E+02  0.3352781611E+02  0.3352781611E+02
L3 0.2901177158E+05  0.8236403011E+03  0.5913980584E+02  0.6445863683E+03
L4 0.5091221584E+03  0.2919430377E+03  0.2757027666E+03  0.2915952229E+03
L5 0.8592410272E+03  0.1199668101E+03  0.2633543656E+03  0.1570054853E+03
L6 0.5403266610E+03  -.9038249595E+04  0.1412699045E+04  -.1053293572E+05
L7 0.0000000000E+00  0.5007845921E+01  0.1229888413E+02  0.1039270149E+02
L8 0.4446648233E+01  0.4425376434E+02  0.5587240629E+01  0.0000000000E+00
L9 0.0000000000E+00  0.0000000000E+00  0.0000000000E+00  0.9816996850E+00  0.0000000000E+00
L0     8000  0.1600000000E+02  -.7329318739E+04  0.1726652211E+04
L1 0.3039141723E+03  0.3039141723E+03  -.9055970949E+10  0.1000000000E+01
L2 0.1000000000E+01  0.3347462718E+02  0.3347462718E+02  0.3347462718E+02
L3 0.2887488365E+05  0.1478345346E+03  -.8712245966E+03  0.1124371259E+04
L4 0.1336603989E+03  0.2993337623E+03  0.2977638756E+03  0.2588362800E+03
L5 0.8559339179E+03  0.2686115333E+03  0.4788173866E+03  0.2517510374E+02
L6 0.7726040237E+03  -.9055970949E+04  0.1343605557E+04  -.1046792560E+05
L7 0.0000000000E+00  0.4524268021E+01  0.7396369943E+01  0.1169163156E+02
L8 0.2739190032E+01  0.4034990582E+02  0.1647723891E+01  0.0000000000E+00
L9 0.0000000000E+00  0.0000000000E+00  0.0000000000E+00  0.9863536549E+00  0.0000000000E+00
L0     9000  0.1800000000E+02  -.7360182003E+04  0.1701389820E+04
L1 0.2994676495E+03  0.2994676495E+03  -.9061571824E+10  0.1000000000E+01
L2 0.1000000000E+01  0.3347869513E+02  0.3347869513E+02  0.3347869513E+02
L3 0.2888660482E+05  -.1629222827E+03  -.3625673290E+02  -.7888360670E+03
L4 -.3293383609E+03  0.2906151883E+03  0.2961064751E+03  0.2556177596E+03
L5 0.8423394230E+03  0.3244866210E+03  0.3036442254E+03  0.4196162458E+03
L6 0.1047747092E+04  -.9061571824E+04  0.1301485383E+04  -.1043121365E+05
L7 0.0000000000E+00  0.4502084583E+01  0.7623591702E+01  0.9409761001E+01
L8 0.2467706726E+01  0.4186908016E+02  0.2284216211E+01  0.0000000000E+00
L9 0.0000000000E+00  0.0000000000E+00  0.0000000000E+00  0.9859534271E+00  0.0000000000E+00
L0    10000  0.2000000000E+02  -.7288825775E+04  0.1729966944E+04
L1 0.3044976102E+03  0.3044976102E+03  -.9018792719E+10  0.1000000000E+01
L2 0.1000000000E+01  0.3353631137E+02  0.3353631137E+02  0.3353631137E+02
L3 0.2903449134E+05  0.3942566664E+03  0.2069526211E+03  0.1602022441E+03
L4 0.2538038439E+03  0.2655881408E+03  0.3035851336E+03  0.2744619400E+03
L5 0.8436352144E+03  0.1832028180E+03  0.2603395529E+03  0.2409854900E+03
L6 0.6845278610E+03  -.9018792719E+04  0.1370836977E+04  -.1046867288E+05
L7 0.0000000000E+00  0.5737931627E+01  0.7686717662E+01  0.1309593724E+02
L8 0.3239312352E+01  0.4543082599E+02  0.3852461696E+01  0.0000000000E+00
L9 0.0000000000E+00  0.0000000000E+00  0.0000000000E+00  0.9809314959E+00  0.0000000000E+00
