L0  Nsteps           time(ps)         Etot             EKinetic        
L1  Temp             T_solute         T_solv           Pres_scal_solu  
L2  Pres_scal_solv   BoxX             BoxY             BoxZ            
L3  volume           pres_X           pres_Y           pres_Z          
L4  Pressure         EKCoM_x          EKCoM_y          EKCoM_z         
L5  EKComTot         VIRIAL_x         VIRIAL_y         VIRIAL_z        
L6  VIRIAL_tot       E_pot            E_vdw            E_el            
L7  E_hbon           E_bon            E_angle          E_dih           
L8  E_14vdw          E_14el           E_const          E_pol           
L9  AV_permMoment    AV_indMoment     AV_totMoment     Density          dV/dlambda      
L0     1000  0.2000000000E+01  -.7018697578E+04  0.1637020365E+04
L1 0.2971810382E+03  0.2971810382E+03  -.8655717943E+10  0.1000000000E+01
L2 0.1000000000E+01  0.3414185340E+02  0.3414185340E+02  0.3414185340E+02
L3 0.3063845051E+05  -.8935849967E+03  -.5489591710E+03  -.6749189550E+03
L4 -.7058210409E+03  0.2759896867E+03  0.2719215447E+03  0.2658027807E+03
L5 0.8137140121E+03  0.4730318860E+03  0.3929711626E+03  0.4146274764E+03
L6 0.1280630525E+04  -.8655717943E+04  0.1287143630E+04  -.1001527817E+05
L7 0.0000000000E+00  0.2794729620E+01  0.6631197629E+01  0.1193541372E+02
L8 0.3029683048E+01  0.4554932076E+02  0.2476256828E+01  0.0000000000E+00
L9 0.0000000000E+00  0.0000000000E+00  0.0000000000E+00  0.9012616552E+00  0.0000000000E+00
L0     2000  0.4000000000E+01  -.7079408132E+04  0.1590810992E+04
L1 0.2887922912E+03  0.2887922912E+03  -.8670219124E+10  0.1000000000E+01
L2 0.1000000000E+01  0.3361782513E+02  0.3361782513E+02  0.3361782513E+02
L3 0.2924812014E+05  0.2158750578E+03  -.7879836293E+03  -.2752853501E+03
L4 -.2824646405E+03  0.2770265849E+03  0.2691390153E+03  0.2550020263E+03
L5 0.8011676265E+03  0.2315846302E+03  0.4350105004E+03  0.3129499178E+03
L6 0.9795450484E+03  -.8670219124E+04  0.1298569521E+04  -.1004499739E+05
L7 0.0000000000E+00  0.3361537704E+01  0.1041140568E+02  0.1253320519E+02
L8 0.2926601219E+01  0.4260804675E+02  0.4367948540E+01  0.0000000000E+00
L9 0.0000000000E+00  0.0000000000E+00  0.0000000000E+00  0.9441037744E+00  0.0000000000E+00
L0     3000  0.6000000000E+01  -.7014754293E+04  0.1684439677E+04
L1 0.3057894346E+03  0.3057894346E+03  -.8699193970E+10  0.1000000000E+01
L2 0.1000000000E+01  0.3330217418E+02  0.3330217418E+02  0.3330217418E+02
L3 0.2843000836E+05  0.5529703833E+03  0.3563173986E+03  0.5583300921E+03
L4 0.4892059580E+03  0.2780494594E+03  0.2954294530E+03  0.2826054243E+03
L5 0.8560843367E+03  0.1649044406E+03  0.2225222233E+03  0.1683637386E+03
L6 0.5557904025E+03  -.8699193970E+04  0.1345446086E+04  -.1012215446E+05
L7 0.0000000000E+00  0.6220439135E+01  0.9372880224E+01  0.1176805752E+02
L8 0.3130115857E+01  0.4351833285E+02  0.3504579741E+01  0.0000000000E+00
L9 0.0000000000E+00  0.0000000000E+00  0.0000000000E+00  0.9712716323E+00  0.0000000000E+00
L0     4000  0.8000000000E+01  -.7089073264E+04  0.1676116969E+04
L1 0.3042785487E+03  0.3042785487E+03  -.8765190233E+10  0.1000000000E+01
L2 0.1000000000E+01  0.3326506269E+02  0.3326506269E+02  0.3326506269E+02
L3 0.2833560325E+05  0.2588677473E+03  0.5317057731E+03  0.4192171519E+02
L4 0.2774984119E+03  0.2950780105E+03  0.2738082484E+03  0.2709110675E+03
L5 0.8397973265E+03  0.2422861476E+03  0.1653755117E+03  0.2623618162E+03
L6 0.6700234755E+03  -.8765190233E+04  0.1331536946E+04  -.1016990787E+05
L7 0.0000000000E+00  0.3851216350E+01  0.7529397155E+01  0.1118283868E+02
L8 0.3723986335E+01  0.4418847200E+02  0.2704785025E+01  0.0000000000E+00
L9 0.0000000000E+00  0.0000000000E+00  0.0000000000E+00  0.9745075965E+00  0.0000000000E+00
L0     5000  0.1000000000E+02  -.7104332510E+04  0.1651127267E+04
L1 0.2997419738E+03  0.2997419738E+03  -.8755459778E+10  0.1000000000E+01
L2 0.1000000000E+01  0.3324542585E+02  0.3324542585E+02  0.3324542585E+02
L3 0.2828642983E+05  -.7765675065E+02  0.4307570587E+03  -.6830769696E+03
L4 -.1099922205E+03  0.2677398095E+03  0.2773109983E+03  0.2752865851E+03
L5 0.8203373928E+03  0.2835491564E+03  0.1896175557E+03  0.4143472685E+03
L6 0.8875139807E+03  -.8755459778E+04  0.1291669019E+04  -.1012974104E+05
L7 0.0000000000E+00  0.2617060474E+01  0.1167379326E+02  0.1270520659E+02
L8 0.4243937433E+01  0.4790327668E+02  0.3468965895E+01  0.0000000000E+00
L9 0.0000000000E+00  0.0000000000E+00  0.0000000000E+00  0.9762016907E+00  0.0000000000E+00
L0     6000  0.1200000000E+02  -.7111013263E+04  0.1638828589E+04
L1 0.2975092992E+03  0.2975092992E+03  -.8749841853E+10  0.1000000000E+01
L2 0.1000000000E+01  0.3314875896E+02  0.3314875896E+02  0.3314875896E+02
L3 0.2803962457E+05  0.7392539791E+03  -.2199407298E+03  0.8481333201E+02
L4 0.2013755271E+03  0.2626033532E+03  0.2768098242E+03  0.2576729737E+03
L5 0.7970861511E+03  0.1134192853E+03  0.3211946414E+03  0.2405573433E+03
L6 0.6751712700E+03  -.8749841853E+04  0.1319335100E+04  -.1013846978E+05
L7 0.0000000000E+00  0.2571428451E+01  0.6311177046E+01  0.1275490341E+02
L8 0.2960958814E+01  0.4286271379E+02  0.1831650756E+01  0.0000000000E+00
L9 0.0000000000E+00  0.0000000000E+00  0.0000000000E+00  0.9847942348E+00  0.0000000000E+00
L0     7000  0.1400000000E+02  -.7135823837E+04  0.1649794837E+04
L1 0.2995000874E+03  0.2995000874E+03  -.8785618674E+10  0.1000000000E+01
L2 0.1000000000E+01  0.3314246935E+02  0.3314246935E+02  0.3314246935E+02
L3 0.2802404731E+05  0.1546113142E+03  -.1223987573E+03  0.1154548622E+03
L4 0.4922247303E+02  0.2673363036E+03  0.2761031411E+03  0.2721309889E+03
L5 0.8155704336E+03  0.2361525271E+03  0.3007899211E+03  0.2488447331E+03
L6 0.7857871812E+03  -.8785618674E+04  0.1310747159E+04  -.1016822269E+05
L7 0.0000000000E+00  0.2467384568E+01  0.8693169089E+01  0.1287368000E+02
L8 0.2743171584E+01  0.4255241750E+02  0.2527030873E+01  0.0000000000E+00
L9 0.0000000000E+00  0.0000000000E+00  0.0000000000E+00  0.9853416359E+00  0.0000000000E+00
L0     8000  0.1600000000E+02  -.7076724034E+04  0.1644848576E+04
L1 0.2986021541E+03  0.2986021541E+03  -.8721572610E+10  0.1000000000E+01
L2 0.1000000000E+01  0.3313428228E+02  0.3313428228E+02  0.3313428228E+02
L3 0.2800310338E+05  -.4151884802E+02  0.4019610245E+03  0.4603287240E+01
L4 0.1216818212E+03  0.2628878381E+03  0.2767258078E+03  0.2610592226E+03
L5 0.8006728686E+03  0.2712555754E+03  0.1957143051E+03  0.2601314730E+03
L6 0.7271013535E+03  -.8721572610E+04  0.1292451410E+04  -.1009135544E+05
L7 0.0000000000E+00  0.5454680488E+01  0.8940815684E+01  0.9844167249E+01
L8 0.4396954593E+01  0.4546756949E+02  0.3227233020E+01  0.0000000000E+00
L9 0.0000000000E+00  0.0000000000E+00  0.0000000000E+00  0.9860785874E+00  0.0000000000E+00
L0     9000  0.1800000000E+02  -.7102401535E+04  0.1594440028E+04
L1 0.2894510984E+03  0.2894510984E+03  -.8696841563E+10  0.1000000000E+01
L2 0.1000000000E+01  0.3316205004E+02  0.3316205004E+02  0.3316205004E+02
L3 0.2807286464E+05  0.9251841257E+03  0.3445855537E+03  -.6524861040E+02
L4 0.4015070230E+03  0.2667513524E+03  0.2552990516E+03  0.2411556338E+03
L5 0.7632060378E+03  0.7982458998E+02  0.1856780323E+03  0.2543386437E+03
L6 0.5198412659E+03  -.8696841563E+04  0.1342100905E+04  -.1012618037E+05
L7 0.0000000000E+00  0.7863637781E+01  0.1027660142E+02  0.1086096402E+02
L8 0.5573754598E+01  0.4902703505E+02  0.3635907681E+01  0.0000000000E+00
L9 0.0000000000E+00  0.0000000000E+00  0.0000000000E+00  0.9836281755E+00  0.0000000000E+00
L0    10000  0.2000000000E+02  -.7210461517E+04  0.1646184680E+04
L1 0.2988447074E+03  0.2988447074E+03  -.8856646197E+10  0.1000000000E+01
L2 0.1000000000E+01  0.3316180946E+02  0.3316180946E+02  0.3316180946E+02
L3 0.2807373702E+05  -.2707930397E+03  0.1467685435E+03  -.4485989247E+03
L4 -.1908744736E+03  0.2828665574E+03  0.2671176279E+03  0.2784231456E+03
L5 0.8284073309E+03  0.3375800331E+03  0.2374631835E+03  0.3690621310E+03
L6 0.9441053477E+03  -.8856646197E+04  0.1310751244E+04  -.1024543292E+05
L7 0.0000000000E+00  0.2134515258E+01  0.8400652892E+01  0.1365799585E+02
L8 0.5319436304E+01  0.4601144354E+02  0.2511436625E+01  0.0000000000E+00
L9 0.0000000000E+00  0.0000000000E+00  0.0000000000E+00  0.9835976096E+00  0.0000000000E+00
