L0  Nsteps           time(ps)         Etot             EKinetic        
L1  Temp             T_solute         T_solv           Pres_scal_solu  
L2  Pres_scal_solv   BoxX             BoxY             BoxZ            
L3  volume           pres_X           pres_Y           pres_Z          
L4  Pressure         EKCoM_x          EKCoM_y          EKCoM_z         
L5  EKComTot         VIRIAL_x         VIRIAL_y         VIRIAL_z        
L6  VIRIAL_tot       E_pot            E_vdw            E_el            
L7  E_hbon           E_bon            E_angle          E_dih           
L8  E_14vdw          E_14el           E_const          E_pol           
L9  AV_permMoment    AV_indMoment     AV_totMoment     Density          dV/dlambda      
L0     1000  0.2000000000E+01  -.7626825336E+04  0.1770296491E+04
L1 0.2969511373E+03  0.2969511373E+03  -.9397121827E+10  0.1000000000E+01
L2 0.1000000000E+01  0.3510983825E+02  0.3510983825E+02  0.3510983825E+02
L3 0.3331750888E+05  0.1419386037E+03  -.2828416823E+03  -.4679245100E+03
L4 -.2029425295E+03  0.2967441774E+03  0.2822252025E+03  0.3045312950E+03
L5 0.8835006750E+03  0.2627088736E+03  0.3500475026E+03  0.4167344055E+03
L6 0.1029490782E+04  -.9397121827E+04  0.1486170006E+04  -.1095449446E+05
L7 0.0000000000E+00  0.2851942044E+01  0.5464470614E+01  0.1173834023E+02
L8 0.2661089286E+01  0.4630212737E+02  0.2184659976E+01  0.0000000000E+00
L9 0.0000000000E+00  0.0000000000E+00  0.0000000000E+00  0.8970339118E+00  0.0000000000E+00
L0     2000  0.4000000000E+01  -.7593258863E+04  0.1833897582E+04
L1 0.3076196420E+03  0.3076196420E+03  -.9427156445E+10  0.1000000000E+01
L2 0.1000000000E+01  0.3456184448E+02  0.3456184448E+02  0.3456184448E+02
L3 0.3178246424E+05  0.3475056102E+03  -.8717281325E+03  -.9206297022E+03
L4 -.4816174082E+03  0.3101060012E+03  0.3225008967E+03  0.2858992810E+03
L5 0.9185061788E+03  0.2306171963E+03  0.5219009219E+03  0.4964851036E+03
L6 0.1249003222E+04  -.9427156445E+04  0.1398203505E+04  -.1090096487E+05
L7 0.0000000000E+00  0.3400485187E+01  0.5601309552E+01  0.1124908966E+02
L8 0.2889710437E+01  0.4798213185E+02  0.4482189689E+01  0.0000000000E+00
L9 0.0000000000E+00  0.0000000000E+00  0.0000000000E+00  0.9403592841E+00  0.0000000000E+00
L0     3000  0.6000000000E+01  -.7605526513E+04  0.1726864238E+04
L1 0.2896657719E+03  0.2896657719E+03  -.9332390751E+10  0.1000000000E+01
L2 0.1000000000E+01  0.3421696036E+02  0.3421696036E+02  0.3421696036E+02
L3 0.3083959725E+05  -.4679839613E+03  -.2792574588E+03  0.2637374407E+03
L4 -.1611679931E+03  0.2799986936E+03  0.2824294727E+03  0.2848370866E+03
L5 0.8472652528E+03  0.3838701562E+03  0.3444121112E+03  0.2262991964E+03
L6 0.9545814638E+03  -.9332390751E+04  0.1354914294E+04  -.1077088568E+05
L7 0.0000000000E+00  0.5920197002E+01  0.8896323467E+01  0.1275133680E+02
L8 0.3476612626E+01  0.4967459629E+02  0.2861571467E+01  0.0000000000E+00
L9 0.0000000000E+00  0.0000000000E+00  0.0000000000E+00  0.9691091322E+00  0.0000000000E+00
L0     4000  0.8000000000E+01  -.7743876304E+04  0.1768190185E+04
L1 0.2965978237E+03  0.2965978237E+03  -.9512066489E+10  0.1000000000E+01
L2 0.1000000000E+01  0.3411906804E+02  0.3411906804E+02  0.3411906804E+02
L3 0.3057552547E+05  0.3917357978E+03  -.7729542375E+03  0.5012506841E+02
L4 -.1103644571E+03  0.2980019633E+03  0.2905653729E+03  0.3016652855E+03
L5 0.8902326216E+03  0.2117986875E+03  0.4606575312E+03  0.2906350321E+03
L6 0.9630912507E+03  -.9512066489E+04  0.1400303270E+04  -.1099075213E+05
L7 0.0000000000E+00  0.5807942424E+01  0.7266951394E+01  0.1103478553E+02
L8 0.2967853058E+01  0.4708354155E+02  0.4221294731E+01  0.0000000000E+00
L9 0.0000000000E+00  0.0000000000E+00  0.0000000000E+00  0.9774790413E+00  0.0000000000E+00
L0     5000  0.1000000000E+02  -.7670546526E+04  0.1765439585E+04
L1 0.2961364355E+03  0.2961364355E+03  -.9435986111E+10  0.1000000000E+01
L2 0.1000000000E+01  0.3409291366E+02  0.3409291366E+02  0.3409291366E+02
L3 0.3050466119E+05  -.8386749824E+03  0.5467519158E+03  0.6268187832E+03
L4 0.1116319055E+03  0.2797615831E+03  0.2801376515E+03  0.3095345682E+03
L5 0.8694338029E+03  0.4638881578E+03  0.1601012136E+03  0.1719198809E+03
L6 0.7959092523E+03  -.9435986111E+04  0.1416091553E+04  -.1092400633E+05
L7 0.0000000000E+00  0.2555722031E+01  0.4432298214E+01  0.1053819892E+02
L8 0.3227874213E+01  0.4785996384E+02  0.3314606446E+01  0.0000000000E+00
L9 0.0000000000E+00  0.0000000000E+00  0.0000000000E+00  0.9797497875E+00  0.0000000000E+00
L0     6000  0.1200000000E+02  -.7748701389E+04  0.1792543210E+04
L1 0.3006828222E+03  0.3006828222E+03  -.9541244599E+10  0.1000000000E+01
L2 0.1000000000E+01  0.3411542374E+02  0.3411542374E+02  0.3411542374E+02
L3 0.3056590332E+05  -.2682034063E+03  0.2256809166E+03  -.4802851863E+03
L4 -.1742692253E+03  0.2853124864E+03  0.3052001595E+03  0.2835302203E+03
L5 0.8740428663E+03  0.3443133142E+03  0.2555536577E+03  0.3891859386E+03
L6 0.9890529105E+03  -.9541244599E+04  0.1404773499E+04  -.1101767828E+05
L7 0.0000000000E+00  0.6418492867E+01  0.7426590834E+01  0.9864576748E+01
L8 0.1843284842E+01  0.4325644064E+02  0.2850795971E+01  0.0000000000E+00
L9 0.0000000000E+00  0.0000000000E+00  0.0000000000E+00  0.9777867517E+00  0.0000000000E+00
L0     7000  0.1400000000E+02  -.7783314832E+04  0.1746028860E+04
L1 0.2928804630E+03  0.2928804630E+03  -.9529343692E+10  0.1000000000E+01
L2 0.1000000000E+01  0.3407509593E+02  0.3407509593E+02  0.3407509593E+02
L3 0.3045694891E+05  -.1675388451E+02  0.1617022680E+03  0.9054210810E+02
L4 0.7849683053E+02  0.2816162169E+03  0.2982890510E+03  0.2778168156E+03
L5 0.8577220835E+03  0.2852886889E+03  0.2628437159E+03  0.2579698747E+03
L6 0.8061022795E+03  -.9529343692E+04  0.1433815167E+04  -.1103694110E+05
L7 0.0000000000E+00  0.2133410424E+01  0.9015468811E+01  0.1182509672E+02
L8 0.2757274666E+01  0.4466941610E+02  0.3381573781E+01  0.0000000000E+00
L9 0.0000000000E+00  0.0000000000E+00  0.0000000000E+00  0.9812846131E+00  0.0000000000E+00
L0     8000  0.1600000000E+02  -.7699086589E+04  0.1763229808E+04
L1 0.2957657655E+03  0.2957657655E+03  -.9462316397E+10  0.1000000000E+01
L2 0.1000000000E+01  0.3408961960E+02  0.3408961960E+02  0.3408961960E+02
L3 0.3049388267E+05  0.5023103119E+03  0.8005271158E+03  0.1168758117E+04
L4 0.8238651815E+03  0.3154033745E+03  0.2834993808E+03  0.2952384707E+03
L5 0.8941412260E+03  0.2051628175E+03  0.1078100648E+03  0.3873458703E+02
L6 0.3517074693E+03  -.9462316397E+04  0.1518810352E+04  -.1105727249E+05
L7 0.0000000000E+00  0.4802681944E+01  0.5935943669E+01  0.1052531421E+02
L8 0.2525224652E+01  0.4930386199E+02  0.3052719681E+01  0.0000000000E+00
L9 0.0000000000E+00  0.0000000000E+00  0.0000000000E+00  0.9800960949E+00  0.0000000000E+00
L0     9000  0.1800000000E+02  -.7748072921E+04  0.1819102759E+04
L1 0.3051379450E+03  0.3051379450E+03  -.9567175680E+10  0.1000000000E+01
L2 0.1000000000E+01  0.3399656878E+02  0.3399656878E+02  0.3399656878E+02
L3 0.3024783299E+05  0.5993399092E+02  0.4557060564E+01  -.9033365277E+03
L4 -.2796151587E+03  0.3050334443E+03  0.3178774820E+03  0.2949950223E+03
L5 0.9179059486E+03  0.2919860423E+03  0.3168854272E+03  0.4916479508E+03
L6 0.1100519420E+04  -.9567175680E+04  0.1388819561E+04  -.1103258153E+05
L7 0.0000000000E+00  0.5399737959E+01  0.5945995813E+01  0.1057513742E+02
L8 0.3093471126E+01  0.4845336315E+02  0.3118583643E+01  0.0000000000E+00
L9 0.0000000000E+00  0.0000000000E+00  0.0000000000E+00  0.9880686440E+00  0.0000000000E+00
L0    10000  0.2000000000E+02  -.7707207591E+04  0.1725859839E+04
L1 0.2894972932E+03  0.2894972932E+03  -.9433067431E+10  0.1000000000E+01
L2 0.1000000000E+01  0.3403205592E+02  0.3403205592E+02  0.3403205592E+02
L3 0.3034143113E+05  -.1206450158E+03  0.1604274824E+03  0.4768445745E+03
L4 0.1722090137E+03  0.2782936624E+03  0.2819220643E+03  0.2739311702E+03
L5 0.8341468969E+03  0.3046388943E+03  0.2468895418E+03  0.1698027002E+03
L6 0.7213311363E+03  -.9433067431E+04  0.1416038576E+04  -.1092608840E+05
L7 0.0000000000E+00  0.1879833869E+01  0.6031629212E+01  0.1323563366E+02
L8 0.2612672672E+01  0.4827506277E+02  0.4947562297E+01  0.0000000000E+00
L9 0.0000000000E+00  0.0000000000E+00  0.0000000000E+00  0.9850206206E+00  0.0000000000E+00
