L0  Nsteps           time(ps)         Etot             EKinetic        
L1  Temp             T_solute         T_solv           Pres_scal_solu  
L2  Pres_scal_solv   BoxX             BoxY             BoxZ            
L3  volume           pres_X           pres_Y           pres_Z          
L4  Pressure         EKCoM_x          EKCoM_y          EKCoM_z         
L5  EKComTot         VIRIAL_x         VIRIAL_y         VIRIAL_z        
L6  VIRIAL_tot       E_pot            E_vdw            E_el            
L7  E_hbon           E_bon            E_angle          E_dih           
L8  E_14vdw          E_14el           E_const          E_pol           
L9  AV_permMoment    AV_indMoment     AV_totMoment     Density          dV/dlambda      
L0     1000  0.2000000000E+01  -.7149776464E+04  0.1616429216E+04
L1 0.2903011790E+03  0.2903011790E+03  -.8766205680E+10  0.1000000000E+01
L2 0.1000000000E+01  0.3427127452E+02  0.3427127452E+02  0.3427127452E+02
L3 0.3098755623E+05  -.7467199822E+02  0.2554832672E+03  -.1604637797E+04
L4 -.4746088426E+03  0.2542952207E+03  0.2623454315E+03  0.2508647364E+03
L5 0.7675053887E+03  0.2709485735E+03  0.2053675406E+03  0.6087311374E+03
L6 0.1085047251E+04  -.8766205680E+04  0.1360615473E+04  -.1020402675E+05
L7 0.0000000000E+00  0.6678681911E+00  0.8455761926E+01  0.1115930285E+02
L8 0.4008126035E+01  0.4668424140E+02  0.6230296602E+01  0.0000000000E+00
L9 0.0000000000E+00  0.0000000000E+00  0.0000000000E+00  0.9007624911E+00  0.0000000000E+00
L0     2000  0.4000000000E+01  -.7121370221E+04  0.1692923716E+04
L1 0.3040391412E+03  0.3040391412E+03  -.8814293937E+10  0.1000000000E+01
L2 0.1000000000E+01  0.3374052605E+02  0.3374052605E+02  0.3374052605E+02
L3 0.2957073082E+05  0.1043897941E+03  -.1555345415E+04  -.7432968564E+03
L4 -.7314174925E+03  0.2859422548E+03  0.2631699411E+03  0.2860036958E+03
L5 0.8351158918E+03  0.2637257017E+03  0.5941832772E+03  0.4441943908E+03
L6 0.1302103370E+04  -.8814293937E+04  0.1268044321E+04  -.1015605787E+05
L7 0.0000000000E+00  0.2357519032E+01  0.1022005979E+02  0.1447199553E+02
L8 0.2395093319E+01  0.4049810959E+02  0.3776835058E+01  0.0000000000E+00
L9 0.0000000000E+00  0.0000000000E+00  0.0000000000E+00  0.9439208154E+00  0.0000000000E+00
L0     3000  0.6000000000E+01  -.7251783447E+04  0.1630056445E+04
L1 0.2927485492E+03  0.2927485492E+03  -.8881839892E+10  0.1000000000E+01
L2 0.1000000000E+01  0.3338210706E+02  0.3338210706E+02  0.3338210706E+02
L3 0.2863603162E+05  0.1144554168E+03  0.4723706193E+03  -.7742447970E+02
L4 0.1698005188E+03  0.2710730599E+03  0.2850108257E+03  0.2490807629E+03
L5 0.8051646485E+03  0.2474842645E+03  0.1876571641E+03  0.2650376330E+03
L6 0.7001790615E+03  -.8881839892E+04  0.1375026418E+04  -.1033340367E+05
L7 0.0000000000E+00  0.2347134962E+01  0.7281773127E+01  0.1128645970E+02
L8 0.5102008720E+01  0.4795960220E+02  0.2560378267E+01  0.0000000000E+00
L9 0.0000000000E+00  0.0000000000E+00  0.0000000000E+00  0.9747310212E+00  0.0000000000E+00
L0     4000  0.8000000000E+01  -.7131910157E+04  0.1676694070E+04
L1 0.3011243924E+03  0.3011243924E+03  -.8808604227E+10  0.1000000000E+01
L2 0.1000000000E+01  0.3328582481E+02  0.3328582481E+02  0.3328582481E+02
L3 0.2839068309E+05  -.4773810380E+02  -.1016958136E+04  -.4607343927E+03
L4 -.5084768775E+03  0.2899118352E+03  0.2678489694E+03  0.2785369783E+03
L5 0.8362977829E+03  0.2996661684E+03  0.4756441626E+03  0.3726788989E+03
L6 0.1147989230E+04  -.8808604227E+04  0.1235949085E+04  -.1011832346E+05
L7 0.0000000000E+00  0.3119087127E+01  0.1208021703E+02  0.1021515190E+02
L8 0.2620864803E+01  0.4335207804E+02  0.2382744512E+01  0.0000000000E+00
L9 0.0000000000E+00  0.0000000000E+00  0.0000000000E+00  0.9831545181E+00  0.0000000000E+00
L0     5000  0.1000000000E+02  -.7210419660E+04  0.1630399961E+04
L1 0.2928102427E+03  0.2928102427E+03  -.8840819621E+10  0.1000000000E+01
L2 0.1000000000E+01  0.3325500249E+02  0.3325500249E+02  0.3325500249E+02
L3 0.2831154294E+05  -.9391218896E+02  0.2648436077E+03  -.1286854961E+04
L4 -.3719745140E+03  0.2791523020E+03  0.2899288799E+03  0.2592037403E+03
L5 0.8282849222E+03  0.2982879019E+03  0.2359641989E+03  0.5214140236E+03
L6 0.1055666124E+04  -.8840819621E+04  0.1249376856E+04  -.1016610686E+05
L7 0.0000000000E+00  0.2998871492E+01  0.9091563794E+01  0.1209439633E+02
L8 0.3681451047E+01  0.4501450047E+02  0.3029597481E+01  0.0000000000E+00
L9 0.0000000000E+00  0.0000000000E+00  0.0000000000E+00  0.9859027607E+00  0.0000000000E+00
L0     6000  0.1200000000E+02  -.7343598366E+04  0.1611399640E+04
L1 0.2893978969E+03  0.2893978969E+03  -.8954998007E+10  0.1000000000E+01
L2 0.1000000000E+01  0.3322709452E+02  0.3322709452E+02  0.3322709452E+02
L3 0.2823946681E+05  -.1170648975E+03  0.2979351301E+03  -.2751529652E+03
L4 -.3142757752E+02  0.2782646306E+03  0.2758912585E+03  0.2725469398E+03
L5 0.8267028289E+03  0.3020571133E+03  0.2153383808E+03  0.3284695289E+03
L6 0.8458650229E+03  -.8954998007E+04  0.1337555695E+04  -.1037056911E+05
L7 0.0000000000E+00  0.5371659683E+01  0.9026116267E+01  0.1167340514E+02
L8 0.3554620293E+01  0.4507210857E+02  0.3317494497E+01  0.0000000000E+00
L9 0.0000000000E+00  0.0000000000E+00  0.0000000000E+00  0.9884190992E+00  0.0000000000E+00
L0     7000  0.1400000000E+02  -.7283244182E+04  0.1633638774E+04
L1 0.2933919145E+03  0.2933919145E+03  -.8916882956E+10  0.1000000000E+01
L2 0.1000000000E+01  0.3324157332E+02  0.3324157332E+02  0.3324157332E+02
L3 0.2827732891E+05  -.2862837848E+03  -.7554437488E+03  -.1583607879E+03
L4 -.4000294405E+03  0.2531070592E+03  0.2740331612E+03  0.2643819271E+03
L5 0.7915221475E+03  0.3113699077E+03  0.4277767786E+03  0.2966106144E+03
L6 0.1035757301E+04  -.8916882956E+04  0.1288491347E+04  -.1028010696E+05
L7 0.0000000000E+00  0.5126207880E+01  0.7949038081E+01  0.1023120079E+02
L8 0.3941055757E+01  0.4532372071E+02  0.2161437876E+01  0.0000000000E+00
L9 0.0000000000E+00  0.0000000000E+00  0.0000000000E+00  0.9870956496E+00  0.0000000000E+00
L0     8000  0.1600000000E+02  -.7212522933E+04  0.1611764595E+04
L1 0.2894634406E+03  0.2894634406E+03  -.8824287528E+10  0.1000000000E+01
L2 0.1000000000E+01  0.3321944036E+02  0.3321944036E+02  0.3321944036E+02
L3 0.2822027044E+05  0.1607084109E+03  -.2579937961E+03  -.3721380483E+03
L4 -.1564744778E+03  0.2744841125E+03  0.2928940011E+03  0.2732454519E+03
L5 0.8406235655E+03  0.2418436459E+03  0.3452934855E+03  0.3488280519E+03
L6 0.9359651833E+03  -.8824287528E+04  0.1265682426E+04  -.1016694719E+05
L7 0.0000000000E+00  0.4020066571E+01  0.1081308409E+02  0.1011975985E+02
L8 0.4178427927E+01  0.4540979550E+02  0.2436103669E+01  0.0000000000E+00
L9 0.0000000000E+00  0.0000000000E+00  0.0000000000E+00  0.9890914549E+00  0.0000000000E+00
L0     9000  0.1800000000E+02  -.7122499715E+04  0.1726391584E+04
L1 0.3100497736E+03  0.3100497736E+03  -.8848891299E+10  0.1000000000E+01
L2 0.1000000000E+01  0.3323549984E+02  0.3323549984E+02  0.3323549984E+02
L3 0.2826086098E+05  -.2094269879E+03  -.1412581762E+03  0.3065054027E+03
L4 -.1472658713E+02  0.2964520652E+03  0.2916638386E+03  0.2725019321E+03
L5 0.8606178358E+03  0.3390486337E+03  0.3203951575E+03  0.2101600222E+03
L6 0.8696038135E+03  -.8848891299E+04  0.1296685473E+04  -.1022325514E+05
L7 0.0000000000E+00  0.3431291236E+01  0.6653727040E+01  0.1167702163E+02
L8 0.4996941004E+01  0.4644031505E+02  0.4479073574E+01  0.0000000000E+00
L9 0.0000000000E+00  0.0000000000E+00  0.0000000000E+00  0.9876708415E+00  0.0000000000E+00
L0    10000  0.2000000000E+02  -.7289053646E+04  0.1639491224E+04
L1 0.2944429801E+03  0.2944429801E+03  -.8928544871E+10  0.1000000000E+01
L2 0.1000000000E+01  0.3324600113E+02  0.3324600113E+02  0.3324600113E+02
L3 0.2828811192E+05  -.8714630334E+03  0.6024306009E+03  -.3149904004E+03
L4 -.1946742776E+03  0.2816450227E+03  0.2854093537E+03  0.2752123527E+03
L5 0.8422667291E+03  0.4590678563E+03  0.1627593499E+03  0.3393418537E+03
L6 0.9611690599E+03  -.8928544871E+04  0.1308920855E+04  -.1031461576E+05
L7 0.0000000000E+00  0.1297145400E+01  0.1270578298E+02  0.1162768525E+02
L8 0.3186225493E+01  0.4541193691E+02  0.2921262084E+01  0.0000000000E+00
L9 0.0000000000E+00  0.0000000000E+00  0.0000000000E+00  0.9867193831E+00  0.0000000000E+00
