L0  Nsteps           time(ps)         Etot             EKinetic        
L1  Temp             T_solute         T_solv           Pres_scal_solu  
L2  Pres_scal_solv   BoxX             BoxY             BoxZ            
L3  volume           pres_X           pres_Y           pres_Z          
L4  Pressure         EKCoM_x          EKCoM_y          EKCoM_z         
L5  EKComTot         VIRIAL_x         VIRIAL_y         VIRIAL_z        
L6  VIRIAL_tot       E_pot            E_vdw            E_el            
L7  E_hbon           E_bon            E_angle          E_dih           
L8  E_14vdw          E_14el           E_const          E_pol           
L9  AV_permMoment    AV_indMoment     AV_totMoment     Density          dV/dlambda      
L0     1000  0.2000000000E+01  -.7405630596E+04  0.1677622204E+04
L1 0.2925216929E+03  0.2925216929E+03  -.9083252801E+10  0.1000000000E+01
L2 0.1000000000E+01  0.3449639634E+02  0.3449639634E+02  0.3449639634E+02
L3 0.3160205295E+05  -.1176241857E+04  -.4768041572E+03  0.4190295515E+03
L4 -.4113388208E+03  0.3008134390E+03  0.2854891213E+03  0.2839965341E+03
L5 0.8702990945E+03  0.5683409853E+03  0.3939347148E+03  0.1886913492E+03
L6 0.1150967049E+04  -.9083252801E+04  0.1418055729E+04  -.1057329460E+05
L7 0.0000000000E+00  0.1644673421E+01  0.7108469567E+01  0.1337573563E+02
L8 0.4425333421E+01  0.4354391420E+02  0.1887949132E+01  0.0000000000E+00
L9 0.0000000000E+00  0.0000000000E+00  0.0000000000E+00  0.9097541231E+00  0.0000000000E+00
L0     2000  0.4000000000E+01  -.7326681272E+04  0.1717529414E+04
L1 0.2994801871E+03  0.2994801871E+03  -.9044210686E+10  0.1000000000E+01
L2 0.1000000000E+01  0.3406094719E+02  0.3406094719E+02  0.3406094719E+02
L3 0.3042156849E+05  -.5827322448E+03  -.9658200372E+03  -.1027410243E+04
L4 -.8586541749E+03  0.2891588522E+03  0.2868579218E+03  0.2684338757E+03
L5 0.8444506496E+03  0.4167460890E+03  0.4983209237E+03  0.4933818428E+03
L6 0.1408448855E+04  -.9044210686E+04  0.1272108268E+04  -.1039516050E+05
L7 0.0000000000E+00  0.3212162542E+01  0.9290618357E+01  0.1266313416E+02
L8 0.2721725146E+01  0.4383825642E+02  0.7115644118E+01  0.0000000000E+00
L9 0.0000000000E+00  0.0000000000E+00  0.0000000000E+00  0.9450563992E+00  0.0000000000E+00
L0     3000  0.6000000000E+01  -.7405665024E+04  0.1701078939E+04
L1 0.2966117697E+03  0.2966117697E+03  -.9106743962E+10  0.1000000000E+01
L2 0.1000000000E+01  0.3378695458E+02  0.3378695458E+02  0.3378695458E+02
L3 0.2969215606E+05  -.7032775132E+03  -.5364755283E+03  -.3150177159E+02
L4 -.4237516044E+03  0.2949507298E+03  0.2862731276E+03  0.2911132183E+03
L5 0.8723370756E+03  0.4452389861E+03  0.4009163093E+03  0.2978450506E+03
L6 0.1144000346E+04  -.9106743962E+04  0.1318852837E+04  -.1050169753E+05
L7 0.0000000000E+00  0.1700576456E+01  0.6649391302E+01  0.1160283430E+02
L8 0.4557839745E+01  0.4892935391E+02  0.2660738343E+01  0.0000000000E+00
L9 0.0000000000E+00  0.0000000000E+00  0.0000000000E+00  0.9682724932E+00  0.0000000000E+00
L0     4000  0.8000000000E+01  -.7356927117E+04  0.1723583737E+04
L1 0.3005358603E+03  0.3005358603E+03  -.9080510854E+10  0.1000000000E+01
L2 0.1000000000E+01  0.3367903640E+02  0.3367903640E+02  0.3367903640E+02
L3 0.2940704905E+05  0.6343738808E+03  0.3165916079E+03  -.5095227930E+03
L4 0.1471475653E+03  0.2819243510E+03  0.2679016049E+03  0.2625035224E+03
L5 0.8123294783E+03  0.1476622870E+03  0.2008965720E+03  0.3703414771E+03
L6 0.7189003361E+03  -.9080510854E+04  0.1376647174E+04  -.1053619657E+05
L7 0.0000000000E+00  0.1532194880E+01  0.1226787467E+02  0.9105260504E+01
L8 0.4205094457E+01  0.4732065867E+02  0.4607457435E+01  0.0000000000E+00
L9 0.0000000000E+00  0.0000000000E+00  0.0000000000E+00  0.9776600815E+00  0.0000000000E+00
L0     5000  0.1000000000E+02  -.7407428407E+04  0.1735326940E+04
L1 0.3025834856E+03  0.3025834856E+03  -.9142755347E+10  0.1000000000E+01
L2 0.1000000000E+01  0.3378780687E+02  0.3378780687E+02  0.3378780687E+02
L3 0.2969331255E+05  -.2391668036E+01  -.6010852330E+03  0.5673799054E+03
L4 -.1203233190E+02  0.2889921844E+03  0.2894122709E+03  0.2925734561E+03
L5 0.8709779114E+03  0.2895032965E+03  0.4178673522E+03  0.1713213809E+03
L6 0.8786920296E+03  -.9142755347E+04  0.1377590982E+04  -.1058909053E+05
L7 0.0000000000E+00  0.1769906541E+01  0.7007287430E+01  0.1057368039E+02
L8 0.3326700258E+01  0.4442915449E+02  0.1637467723E+01  0.0000000000E+00
L9 0.0000000000E+00  0.0000000000E+00  0.0000000000E+00  0.9682347811E+00  0.0000000000E+00
L0     6000  0.1200000000E+02  -.7423282715E+04  0.1744064502E+04
L1 0.3041070267E+03  0.3041070267E+03  -.9167347216E+10  0.1000000000E+01
L2 0.1000000000E+01  0.3365565737E+02  0.3365565737E+02  0.3365565737E+02
L3 0.2934611512E+05  0.3776047262E+03  -.1600173777E+01  -.2373368732E+03
L4 0.4622255975E+02  0.3022039767E+03  0.2977666059E+03  0.2676825641E+03
L5 0.8676531467E+03  0.2224514193E+03  0.2981045730E+03  0.3178096449E+03
L6 0.8383656371E+03  -.9167347216E+04  0.1378828330E+04  -.1061949522E+05
L7 0.0000000000E+00  0.2175718408E+01  0.8949841674E+01  0.1047565807E+02
L8 0.3588006736E+01  0.4472876775E+02  0.3401685620E+01  0.0000000000E+00
L9 0.0000000000E+00  0.0000000000E+00  0.0000000000E+00  0.9796900835E+00  0.0000000000E+00
L0     7000  0.1400000000E+02  -.7328285239E+04  0.1737264384E+04
L1 0.3029213117E+03  0.3029213117E+03  -.9065549623E+10  0.1000000000E+01
L2 0.1000000000E+01  0.3365452161E+02  0.3365452161E+02  0.3365452161E+02
L3 0.2934218561E+05  -.4547018260E+03  0.1713202818E+03  0.1520838160E+04
L4 0.4124855386E+03  0.2657599092E+03  0.2976877137E+03  0.2811637686E+03
L5 0.8446113915E+03  0.3617830126E+03  0.2615086086E+03  -.4000406415E+02
L6 0.5832875571E+03  -.9065549623E+04  0.1395727718E+04  -.1053304461E+05
L7 0.0000000000E+00  0.2270705380E+01  0.5339543017E+01  0.1211903489E+02
L8 0.4159851894E+01  0.4491576115E+02  0.2962372630E+01  0.0000000000E+00
L9 0.0000000000E+00  0.0000000000E+00  0.0000000000E+00  0.9798212839E+00  0.0000000000E+00
L0     8000  0.1600000000E+02  -.7430454947E+04  0.1690614603E+04
L1 0.2947871365E+03  0.2947871365E+03  -.9121069550E+10  0.1000000000E+01
L2 0.1000000000E+01  0.3359526374E+02  0.3359526374E+02  0.3359526374E+02
L3 0.2918712488E+05  0.5625611335E+02  0.9288964637E+03  0.6428983972E+03
L4 0.5426836581E+03  0.2912644146E+03  0.3009918897E+03  0.2641480325E+03
L5 0.8564043368E+03  0.2794471320E+03  0.1058658609E+03  0.1290993849E+03
L6 0.5144123779E+03  -.9121069550E+04  0.1419367822E+04  -.1061500831E+05
L7 0.0000000000E+00  0.2511571595E+01  0.1061853047E+02  0.1109534721E+02
L8 0.3843568353E+01  0.4374260835E+02  0.2759310102E+01  0.0000000000E+00
L9 0.0000000000E+00  0.0000000000E+00  0.0000000000E+00  0.9850267229E+00  0.0000000000E+00
L0     9000  0.1800000000E+02  -.7563916737E+04  0.1648926553E+04
L1 0.2875181227E+03  0.2875181227E+03  -.9212843290E+10  0.1000000000E+01
L2 0.1000000000E+01  0.3357306533E+02  0.3357306533E+02  0.3357306533E+02
L3 0.2912848121E+05  0.4061576929E+03  0.9930118818E+03  0.1181295486E+04
L4 0.8601550204E+03  0.2412326732E+03  0.2740800802E+03  0.2798227133E+03
L5 0.7951354668E+03  0.1560857216E+03  0.6590494007E+02  0.3217577379E+02
L6 0.2541664355E+03  -.9212843290E+04  0.1502484239E+04  -.1078926586E+05
L7 0.0000000000E+00  0.4547207174E+01  0.6020351813E+01  0.1267506416E+02
L8 0.3396520180E+01  0.4338756502E+02  0.3911618764E+01  0.0000000000E+00
L9 0.0000000000E+00  0.0000000000E+00  0.0000000000E+00  0.9870098535E+00  0.0000000000E+00
L0    10000  0.2000000000E+02  -.7449425505E+04  0.1693705643E+04
L1 0.2953261113E+03  0.2953261113E+03  -.9143131148E+10  0.1000000000E+01
L2 0.1000000000E+01  0.3361034785E+02  0.3361034785E+02  0.3361034785E+02
L3 0.2922626140E+05  0.4910758315E+03  0.4967038044E+03  0.8655692973E+03
L4 0.6177829777E+03  0.2909825008E+03  0.2671426540E+03  0.2798616884E+03
L5 0.8379868433E+03  0.1876877137E+03  0.1626640573E+03  0.9779449928E+02
L6 0.4481462703E+03  -.9143131148E+04  0.1450612442E+04  -.1066065019E+05
L7 0.0000000000E+00  0.2022211296E+01  0.6816026074E+01  0.9152552702E+01
L8 0.3560135219E+01  0.4349405440E+02  0.1861623275E+01  0.0000000000E+00
L9 0.0000000000E+00  0.0000000000E+00  0.0000000000E+00  0.9837076861E+00  0.0000000000E+00
