L0  Nsteps           time(ps)         Etot             EKinetic        
L1  Temp             T_solute         T_solv           Pres_scal_solu  
L2  Pres_scal_solv   BoxX             BoxY             BoxZ            
L3  volume           pres_X           pres_Y           pres_Z          
L4  Pressure         EKCoM_x          EKCoM_y          EKCoM_z         
L5  EKComTot         VIRIAL_x         VIRIAL_y         VIRIAL_z        
L6  VIRIAL_tot       E_pot            E_vdw            E_el            
L7  E_hbon           E_bon            E_angle          E_dih           
L8  E_14vdw          E_14el           E_const          E_pol           
L9  AV_permMoment    AV_indMoment     AV_totMoment     Density          dV/dlambda      
L0     1000  0.2000000000E+01  -.7901603158E+04  0.1788091089E+04
L1 0.2931925899E+03  0.2931925899E+03  -.9689694247E+10  0.1000000000E+01
L2 0.1000000000E+01  0.3514892958E+02  0.3514892958E+02  0.3514892958E+02
L3 0.3343033111E+05  -.9779012102E+03  -.7571954556E+03  -.2932618036E+03
L4 -.6761194898E+03  0.3156516232E+03  0.2803400696E+03  0.2948521351E+03
L5 0.8908438279E+03  0.5509355402E+03  0.4625219822E+03  0.3654111907E+03
L6 0.1378868713E+04  -.9689694247E+04  0.1462106797E+04  -.1122480200E+05
L7 0.0000000000E+00  0.2172047865E+01  0.6695602181E+01  0.1056021276E+02
L8 0.2984525094E+01  0.4611757048E+02  0.4470998135E+01  0.0000000000E+00
L9 0.0000000000E+00  0.0000000000E+00  0.0000000000E+00  0.9145892391E+00  0.0000000000E+00
L0     2000  0.4000000000E+01  -.7738435157E+04  0.1857259367E+04
L1 0.3045340850E+03  0.3045340850E+03  -.9595694523E+10  0.1000000000E+01
L2 0.1000000000E+01  0.3464328794E+02  0.3464328794E+02  0.3464328794E+02
L3 0.3200553118E+05  0.3564790356E+03  0.2310457464E+03  0.2213952103E+03
L4 0.2696399974E+03  0.3244556993E+03  0.3076243443E+03  0.2989972902E+03
L5 0.9310773338E+03  0.2423420008E+03  0.2544037650E+03  0.2479996782E+03
L6 0.7447454441E+03  -.9595694523E+04  0.1469794145E+04  -.1113706283E+05
L7 0.0000000000E+00  0.2391192279E+01  0.5559744469E+01  0.1111919987E+02
L8 0.3787161280E+01  0.4729223262E+02  0.1424629288E+01  0.0000000000E+00
L9 0.0000000000E+00  0.0000000000E+00  0.0000000000E+00  0.9553042854E+00  0.0000000000E+00
L0     3000  0.6000000000E+01  -.7852520909E+04  0.1858111333E+04
L1 0.3046737815E+03  0.3046737815E+03  -.9710632241E+10  0.1000000000E+01
L2 0.1000000000E+01  0.3440710488E+02  0.3440710488E+02  0.3440710488E+02
L3 0.3135671531E+05  0.9645607923E+02  -.4609112018E+03  -.2546571854E+03
L4 -.2063707693E+03  0.3084637841E+03  0.3017826507E+03  0.3177406874E+03
L5 0.9279871222E+03  0.2866958734E+03  0.4057996704E+03  0.3752109363E+03
L6 0.1067706480E+04  -.9710632241E+04  0.1415162669E+04  -.1119915978E+05
L7 0.0000000000E+00  0.3856195406E+01  0.8605283258E+01  0.1066618555E+02
L8 0.3403722519E+01  0.4317411235E+02  0.3659370126E+01  0.0000000000E+00
L9 0.0000000000E+00  0.0000000000E+00  0.0000000000E+00  0.9750709151E+00  0.0000000000E+00
L0     4000  0.8000000000E+01  -.7941609811E+04  0.1786606448E+04
L1 0.2929491539E+03  0.2929491539E+03  -.9728216260E+10  0.1000000000E+01
L2 0.1000000000E+01  0.3429935172E+02  0.3429935172E+02  0.3429935172E+02
L3 0.3106321318E+05  -.9274863598E+03  0.4776464642E+02  0.6908871665E+02
L4 -.2702109989E+03  0.2827003562E+03  0.2946714103E+03  0.2992911259E+03
L5 0.8766628924E+03  0.4900534352E+03  0.2839929281E+03  0.2838453375E+03
L6 0.1057891701E+04  -.9728216260E+04  0.1403909881E+04  -.1120779542E+05
L7 0.0000000000E+00  0.6351435466E+01  0.5921842450E+01  0.1096530915E+02
L8 0.2326776317E+01  0.4637436300E+02  0.3729553041E+01  0.0000000000E+00
L9 0.0000000000E+00  0.0000000000E+00  0.0000000000E+00  0.9842839153E+00  0.0000000000E+00
L0     5000  0.1000000000E+02  -.7889801154E+04  0.1780846396E+04
L1 0.2920046803E+03  0.2920046803E+03  -.9670647550E+10  0.1000000000E+01
L2 0.1000000000E+01  0.3437374228E+02  0.3437374228E+02  0.3437374228E+02
L3 0.3126576338E+05  -.1357695504E+03  -.1850391582E+03  -.4855920095E+03
L4 -.2688002394E+03  0.2881011437E+03  0.2858248119E+03  0.2961344790E+03
L5 0.8700604346E+03  0.3186523242E+03  0.3274627544E+03  0.4054035243E+03
L6 0.1051518603E+04  -.9670647550E+04  0.1401595572E+04  -.1114589011E+05
L7 0.0000000000E+00  0.4104587540E+01  0.8629836939E+01  0.1370846647E+02
L8 0.2590733469E+01  0.4266334805E+02  0.1950019484E+01  0.0000000000E+00
L9 0.0000000000E+00  0.0000000000E+00  0.0000000000E+00  0.9779073908E+00  0.0000000000E+00
L0     6000  0.1200000000E+02  -.7860290679E+04  0.1862571546E+04
L1 0.3054051209E+03  0.3054051209E+03  -.9722862224E+10  0.1000000000E+01
L2 0.1000000000E+01  0.3430845609E+02  0.3430845609E+02  0.3430845609E+02
L3 0.3108678701E+05  0.3052753291E+03  0.2786015761E+03  -.1299796296E+03
L4 0.1512990919E+03  0.3020088269E+03  0.3063870744E+03  0.3037399339E+03
L5 0.9121358352E+03  0.2337082887E+03  0.2440543675E+03  0.3328208252E+03
L6 0.8105834814E+03  -.9722862224E+04  0.1469095686E+04  -.1126864651E+05
L7 0.0000000000E+00  0.2950871162E+01  0.6949288778E+01  0.1135821140E+02
L8 0.5408254000E+01  0.4668601461E+02  0.3335962673E+01  0.0000000000E+00
L9 0.0000000000E+00  0.0000000000E+00  0.0000000000E+00  0.9835375099E+00  0.0000000000E+00
L0     7000  0.1400000000E+02  -.7928797447E+04  0.1867690270E+04
L1 0.3062444360E+03  0.3062444360E+03  -.9796487717E+10  0.1000000000E+01
L2 0.1000000000E+01  0.3431337793E+02  0.3431337793E+02  0.3431337793E+02
L3 0.3110063200E+05  -.1867433773E+03  -.4282882041E+03  0.5670815675E+03
L4 -.1598333795E+02  0.3040877674E+03  0.3071963274E+03  0.2921769923E+03
L5 0.9034610871E+03  0.3458872594E+03  0.4030617316E+03  0.1652449331E+03
L6 0.9141939241E+03  -.9796487717E+04  0.1469817595E+04  -.1133964157E+05
L7 0.0000000000E+00  0.3082740735E+01  0.7086599984E+01  0.1024670313E+02
L8 0.2428897529E+01  0.4706865892E+02  0.3422656833E+01  0.0000000000E+00
L9 0.0000000000E+00  0.0000000000E+00  0.0000000000E+00  0.9830996710E+00  0.0000000000E+00
L0     8000  0.1600000000E+02  -.7921505801E+04  0.1804364995E+04
L1 0.2958610157E+03  0.2958610157E+03  -.9725870796E+10  0.1000000000E+01
L2 0.1000000000E+01  0.3429057036E+02  0.3429057036E+02  0.3429057036E+02
L3 0.3103920161E+05  0.2170338016E+03  -.7052360084E+03  -.1499754335E+03
L4 -.2127258801E+03  0.3066274869E+03  0.2891227350E+03  0.3051399245E+03
L5 0.9008901464E+03  0.2581439271E+03  0.4466666380E+03  0.3386431984E+03
L6 0.1043453764E+04  -.9725870796E+04  0.1411553478E+04  -.1121462763E+05
L7 0.0000000000E+00  0.2601437030E+01  0.1241343658E+02  0.1126593483E+02
L8 0.3643205773E+01  0.4490670594E+02  0.2372637653E+01  0.0000000000E+00
L9 0.0000000000E+00  0.0000000000E+00  0.0000000000E+00  0.9850453458E+00  0.0000000000E+00
L0     9000  0.1800000000E+02  -.7957447688E+04  0.1831908482E+04
L1 0.3003773105E+03  0.3003773105E+03  -.9789356170E+10  0.1000000000E+01
L2 0.1000000000E+01  0.3422053749E+02  0.3422053749E+02  0.3422053749E+02
L3 0.3084695813E+05  0.5937191321E+03  0.8877411988E+03  0.5560686179E+03
L4 0.6791763163E+03  0.3102307351E+03  0.2873157207E+03  0.3041784032E+03
L5 0.9017248590E+03  0.1784202471E+03  0.9022993666E+02  0.1807266364E+03
L6 0.4493768201E+03  -.9789356170E+04  0.1539183132E+04  -.1140435269E+05
L7 0.0000000000E+00  0.1574846247E+01  0.8407461362E+01  0.1086466634E+02
L8 0.3583603972E+01  0.4985042754E+02  0.1532385506E+01  0.0000000000E+00
L9 0.0000000000E+00  0.0000000000E+00  0.0000000000E+00  0.9911843159E+00  0.0000000000E+00
L0    10000  0.2000000000E+02  -.7927602759E+04  0.1793987621E+04
L1 0.2941594419E+03  0.2941594419E+03  -.9721590380E+10  0.1000000000E+01
L2 0.1000000000E+01  0.3423249489E+02  0.3423249489E+02  0.3423249489E+02
L3 0.3088080634E+05  -.5549150292E+03  0.4449154288E+03  0.5125657495E+03
L4 0.1341887164E+03  0.2964843783E+03  0.3154469416E+03  0.2926356235E+03
L5 0.9045669434E+03  0.4198152211E+03  0.2165637038E+03  0.1787169827E+03
L6 0.8150959076E+03  -.9721590380E+04  0.1455481902E+04  -.1125491393E+05
L7 0.0000000000E+00  0.4431565208E+01  0.1022086601E+02  0.1047007613E+02
L8 0.4333018791E+01  0.4493412790E+02  0.3451989729E+01  0.0000000000E+00
L9 0.0000000000E+00  0.0000000000E+00  0.0000000000E+00  0.9900978863E+00  0.0000000000E+00
