L0  Nsteps           time(ps)         Etot             EKinetic        
L1  Temp             T_solute         T_solv           Pres_scal_solu  
L2  Pres_scal_solv   BoxX             BoxY             BoxZ            
L3  volume           pres_X           pres_Y           pres_Z          
L4  Pressure         EKCoM_x          EKCoM_y          EKCoM_z         
L5  EKComTot         VIRIAL_x         VIRIAL_y         VIRIAL_z        
L6  VIRIAL_tot       E_pot            E_vdw            E_el            
L7  E_hbon           E_bon            E_angle          E_dih           
L8  E_14vdw          E_14el           E_const          E_pol           
L9  AV_permMoment    AV_indMoment     AV_totMoment     Density          dV/dlambda      
L0     1000  0.2000000000E+01  -.7503418205E+04  0.1764666713E+04
L1 0.2989967608E+03  0.2989967608E+03  -.9268084917E+10  0.1000000000E+01
L2 0.1000000000E+01  0.3491984081E+02  0.3491984081E+02  0.3491984081E+02
L3 0.3278000500E+05  -.5601926102E+03  -.5831919913E+03  0.5336618864E+02
L4 -.3633394710E+03  0.2990747052E+03  0.2863641645E+03  0.3115202107E+03
L5 0.8969590805E+03  0.4312356002E+03  0.4239510840E+03  0.2989300353E+03
L6 0.1154116719E+04  -.9268084917E+04  0.1420975686E+04  -.1076428439E+05
L7 0.0000000000E+00  0.6248234659E+01  0.8317231920E+01  0.1031498317E+02
L8 0.3453348979E+01  0.4356923911E+02  0.3320749630E+01  0.0000000000E+00
L9 0.0000000000E+00  0.0000000000E+00  0.0000000000E+00  0.9026163235E+00  0.0000000000E+00
L0     2000  0.4000000000E+01  -.7602176653E+04  0.1768754409E+04
L1 0.2996893608E+03  0.2996893608E+03  -.9370931062E+10  0.1000000000E+01
L2 0.1000000000E+01  0.3441660987E+02  0.3441660987E+02  0.3441660987E+02
L3 0.3138362338E+05  -.2738374126E+02  -.8919137602E+03  -.6792359905E+03
L4 -.5328444973E+03  0.2863977519E+03  0.2929286431E+03  0.2810888243E+03
L5 0.8604152192E+03  0.2925829334E+03  0.4943857197E+03  0.4345082501E+03
L6 0.1221476903E+04  -.9370931062E+04  0.1371483082E+04  -.1081741174E+05
L7 0.0000000000E+00  0.2295258656E+01  0.9889235350E+01  0.1048481229E+02
L8 0.2208919914E+01  0.4684949650E+02  0.3269876187E+01  0.0000000000E+00
L9 0.0000000000E+00  0.0000000000E+00  0.0000000000E+00  0.9427772963E+00  0.0000000000E+00
L0     3000  0.6000000000E+01  -.7638881755E+04  0.1810309329E+04
L1 0.3067302294E+03  0.3067302294E+03  -.9449191084E+10  0.1000000000E+01
L2 0.1000000000E+01  0.3412273936E+02  0.3412273936E+02  0.3412273936E+02
L3 0.3058548335E+05  -.4107777324E+03  -.2084907797E+03  0.1927904896E+03
L4 -.1421593408E+03  0.2965947196E+03  0.2866783607E+03  0.3217369813E+03
L5 0.9050100616E+03  0.3870177008E+03  0.3325726640E+03  0.2792987247E+03
L6 0.9988890895E+03  -.9449191084E+04  0.1407305256E+04  -.1093123126E+05
L7 0.0000000000E+00  0.1512529630E+01  0.8277912280E+01  0.1262456972E+02
L8 0.3219741223E+01  0.4559927167E+02  0.3500898198E+01  0.0000000000E+00
L9 0.0000000000E+00  0.0000000000E+00  0.0000000000E+00  0.9673794349E+00  0.0000000000E+00
L0     4000  0.8000000000E+01  -.7707107983E+04  0.1716367638E+04
L1 0.2908131947E+03  0.2908131947E+03  -.9423475622E+10  0.1000000000E+01
L2 0.1000000000E+01  0.3395027223E+02  0.3395027223E+02  0.3395027223E+02
L3 0.3012376558E+05  -.6148797660E+03  0.4446242264E+03  0.6942246482E+02
L4 -.3361102494E+02  0.2839403909E+03  0.3099355464E+03  0.2728025853E+03
L5 0.8666785226E+03  0.4172483382E+03  0.2135395578E+03  0.2577515675E+03
L6 0.8885394635E+03  -.9423475622E+04  0.1399096259E+04  -.1089586243E+05
L7 0.0000000000E+00  0.4893007892E+01  0.4434201184E+01  0.1048151918E+02
L8 0.2684852849E+01  0.4798559245E+02  0.2811374322E+01  0.0000000000E+00
L9 0.0000000000E+00  0.0000000000E+00  0.0000000000E+00  0.9822068070E+00  0.0000000000E+00
L0     5000  0.1000000000E+02  -.7648778892E+04  0.1776049470E+04
L1 0.3009254013E+03  0.3009254013E+03  -.9424828362E+10  0.1000000000E+01
L2 0.1000000000E+01  0.3388413208E+02  0.3388413208E+02  0.3388413208E+02
L3 0.2994806082E+05  0.1057844259E+03  0.4159705521E+03  -.6328345576E+03
L4 -.3702652653E+02  0.3110799154E+03  0.2801513604E+03  0.3020125521E+03
L5 0.8932438279E+03  0.2882792763E+03  0.1904936027E+03  0.4384128985E+03
L6 0.9171857776E+03  -.9424828362E+04  0.1400291144E+04  -.1090454655E+05
L7 0.0000000000E+00  0.4334208360E+01  0.7879267483E+01  0.1215547886E+02
L8 0.3098099736E+01  0.4907871975E+02  0.2881270575E+01  0.0000000000E+00
L9 0.0000000000E+00  0.0000000000E+00  0.0000000000E+00  0.9879693972E+00  0.0000000000E+00
L0     6000  0.1200000000E+02  -.7597834335E+04  0.1764494870E+04
L1 0.2989676447E+03  0.2989676447E+03  -.9362329205E+10  0.1000000000E+01
L2 0.1000000000E+01  0.3394775306E+02  0.3394775306E+02  0.3394775306E+02
L3 0.3011582914E+05  0.4040620575E+03  0.4944933573E+02  0.8206416491E+03
L4 0.4247176808E+03  0.2996227960E+03  0.2890014736E+03  0.2776015114E+03
L5 0.8662257810E+03  0.2120438981E+03  0.2782835202E+03  0.9973058824E+02
L6 0.5900580065E+03  -.9362329205E+04  0.1443135147E+04  -.1087913017E+05
L7 0.0000000000E+00  0.3288867072E+01  0.6917968594E+01  0.1133985619E+02
L8 0.3172089954E+01  0.4779265339E+02  0.1154383729E+01  0.0000000000E+00
L9 0.0000000000E+00  0.0000000000E+00  0.0000000000E+00  0.9824656482E+00  0.0000000000E+00
L0     7000  0.1400000000E+02  -.7757556156E+04  0.1651548971E+04
L1 0.2798306271E+03  0.2798306271E+03  -.9409105127E+10  0.1000000000E+01
L2 0.1000000000E+01  0.3383146416E+02  0.3383146416E+02  0.3383146416E+02
L3 0.2980823220E+05  0.8394683763E+03  0.9386642268E+02  -.5976685403E+03
L4 0.1118887529E+03  0.2533265626E+03  0.3102689143E+03  0.2571202094E+03
L5 0.8207156864E+03  0.7323343468E+02  0.2901315296E+03  0.3853394491E+03
L6 0.7487044133E+03  -.9409105127E+04  0.1406700566E+04  -.1089927658E+05
L7 0.0000000000E+00  0.2598336109E+01  0.9113680916E+01  0.1100084369E+02
L8 0.5472851015E+01  0.5152465818E+02  0.3760515387E+01  0.0000000000E+00
L9 0.0000000000E+00  0.0000000000E+00  0.0000000000E+00  0.9926039021E+00  0.0000000000E+00
L0     8000  0.1600000000E+02  -.7646479019E+04  0.1758488242E+04
L1 0.2979499101E+03  0.2979499101E+03  -.9404967261E+10  0.1000000000E+01
L2 0.1000000000E+01  0.3393592292E+02  0.3393592292E+02  0.3393592292E+02
L3 0.3008626607E+05  -.2913751341E+03  -.3434659103E+03  -.2265486405E+03
L4 -.2871298950E+03  0.2911395045E+03  0.2917350520E+03  0.3008228245E+03
L5 0.8836973810E+03  0.3542319496E+03  0.3661068893E+03  0.3498781693E+03
L6 0.1070217008E+04  -.9404967261E+04  0.1348619711E+04  -.1083278176E+05
L7 0.0000000000E+00  0.1612190384E+01  0.8557600068E+01  0.1268212652E+02
L8 0.3576343306E+01  0.4981764003E+02  0.2948884964E+01  0.0000000000E+00
L9 0.0000000000E+00  0.0000000000E+00  0.0000000000E+00  0.9834310289E+00  0.0000000000E+00
L0     9000  0.1800000000E+02  -.7698494486E+04  0.1742696756E+04
L1 0.2952742756E+03  0.2952742756E+03  -.9441191243E+10  0.1000000000E+01
L2 0.1000000000E+01  0.3391314111E+02  0.3391314111E+02  0.3391314111E+02
L3 0.3002545018E+05  -.4907906776E+03  -.9316163923E+02  0.1843988732E+02
L4 -.1885041432E+03  0.2902799067E+03  0.2865148157E+03  0.3009664720E+03
L5 0.8777611943E+03  0.3963376574E+03  0.3066466445E+03  0.2969816918E+03
L6 0.9999659937E+03  -.9441191243E+04  0.1390131462E+04  -.1090612464E+05
L7 0.0000000000E+00  0.2044820967E+01  0.9551385044E+01  0.1113209918E+02
L8 0.3215253875E+01  0.4572327083E+02  0.3135102732E+01  0.0000000000E+00
L9 0.0000000000E+00  0.0000000000E+00  0.0000000000E+00  0.9854229471E+00  0.0000000000E+00
L0    10000  0.2000000000E+02  -.7567999918E+04  0.1752679766E+04
L1 0.2969657495E+03  0.2969657495E+03  -.9320679685E+10  0.1000000000E+01
L2 0.1000000000E+01  0.3390751784E+02  0.3390751784E+02  0.3390751784E+02
L3 0.3001004965E+05  0.5078843870E+03  -.5721416612E+02  -.4926991873E+03
L4 -.1400965548E+02  0.2947991990E+03  0.3014460165E+03  0.2758163792E+03
L5 0.8720615946E+03  0.1851038646E+03  0.3138034097E+03  0.3822319404E+03
L6 0.8811392147E+03  -.9320679685E+04  0.1357204090E+04  -.1074940410E+05
L7 0.0000000000E+00  0.1021485014E+01  0.9062815984E+01  0.1119905618E+02
L8 0.3056222664E+01  0.4557522813E+02  0.1605518127E+01  0.0000000000E+00
L9 0.0000000000E+00  0.0000000000E+00  0.0000000000E+00  0.9859286455E+00  0.0000000000E+00
