L0  Nsteps           time(ps)         Etot             EKinetic        
L1  Temp             T_solute         T_solv           Pres_scal_solu  
L2  Pres_scal_solv   BoxX             BoxY             BoxZ            
L3  volume           pres_X           pres_Y           pres_Z          
L4  Pressure         EKCoM_x          EKCoM_y          EKCoM_z         
L5  EKComTot         VIRIAL_x         VIRIAL_y         VIRIAL_z        
L6  VIRIAL_tot       E_pot            E_vdw            E_el            
L7  E_hbon           E_bon            E_angle          E_dih           
L8  E_14vdw          E_14el           E_const          E_pol           
L9  AV_permMoment    AV_indMoment     AV_totMoment     Density          dV/dlambda      
L0     1000  0.2000000000E+01  -.7576085058E+04  0.1793509232E+04
L1 0.3011460096E+03  0.3011460096E+03  -.9369594290E+10  0.1000000000E+01
L2 0.1000000000E+01  0.3491348537E+02  0.3491348537E+02  0.3491348537E+02
L3 0.3276295231E+05  -.4870447471E+03  -.9054991777E+03  -.5617880315E+03
L4 -.6514439854E+03  0.2789762914E+03  0.3095115273E+03  0.3034336302E+03
L5 0.8919214489E+03  0.3938203344E+03  0.5230261729E+03  0.4359019696E+03
L6 0.1352748477E+04  -.9369594290E+04  0.1397828625E+04  -.1084403674E+05
L7 0.0000000000E+00  0.3330365345E+01  0.8865792455E+01  0.9721415800E+01
L8 0.3447548933E+01  0.4609078576E+02  0.5157918775E+01  0.0000000000E+00
L9 0.0000000000E+00  0.0000000000E+00  0.0000000000E+00  0.9113042766E+00  0.0000000000E+00
L0     2000  0.4000000000E+01  -.7590239636E+04  0.1793482889E+04
L1 0.3011415864E+03  0.3011415864E+03  -.9383722526E+10  0.1000000000E+01
L2 0.1000000000E+01  0.3437987644E+02  0.3437987644E+02  0.3437987644E+02
L3 0.3128275021E+05  -.2537428231E+03  -.1349262862E+04  0.5329431944E+03
L4 -.3566874970E+03  0.2986038260E+03  0.2792728001E+03  0.2931766250E+03
L5 0.8710532511E+03  0.3557326487E+03  0.5830520279E+03  0.1731873504E+03
L6 0.1111972027E+04  -.9383722526E+04  0.1383189432E+04  -.1084036062E+05
L7 0.0000000000E+00  0.1194652164E+01  0.7866950925E+01  0.1052953829E+02
L8 0.3804291273E+01  0.4809688776E+02  0.1956341439E+01  0.0000000000E+00
L9 0.0000000000E+00  0.0000000000E+00  0.0000000000E+00  0.9544243505E+00  0.0000000000E+00
L0     3000  0.6000000000E+01  -.7744794047E+04  0.1733484856E+04
L1 0.2910673877E+03  0.2910673877E+03  -.9478278902E+10  0.1000000000E+01
L2 0.1000000000E+01  0.3413209412E+02  0.3413209412E+02  0.3413209412E+02
L3 0.3061104248E+05  -.6316994910E+03  0.3701033980E+03  -.6012648660E+03
L4 -.2876203197E+03  0.2741935736E+03  0.2734974354E+03  0.3135407043E+03
L5 0.8612317134E+03  0.4133634454E+03  0.1919598639E+03  0.4460055163E+03
L6 0.1051328826E+04  -.9478278902E+04  0.1394110592E+04  -.1095149341E+05
L7 0.0000000000E+00  0.2495693880E+01  0.7411222378E+01  0.1186961034E+02
L8 0.4640606683E+01  0.4978336368E+02  0.2903422967E+01  0.0000000000E+00
L9 0.0000000000E+00  0.0000000000E+00  0.0000000000E+00  0.9753675842E+00  0.0000000000E+00
L0     4000  0.8000000000E+01  -.7805511137E+04  0.1735537736E+04
L1 0.2914120844E+03  0.2914120844E+03  -.9541048873E+10  0.1000000000E+01
L2 0.1000000000E+01  0.3398772848E+02  0.3398772848E+02  0.3398772848E+02
L3 0.3022465347E+05  -.1032839003E+04  -.1627640359E+03  -.1004089516E+03
L4 -.4320039968E+03  0.3027889652E+03  0.2859103221E+03  0.3014405783E+03
L5 0.8901398656E+03  0.5274617872E+03  0.3213162810E+03  0.3232824747E+03
L6 0.1172060543E+04  -.9541048873E+04  0.1377122098E+04  -.1099404662E+05
L7 0.0000000000E+00  0.3079077372E+01  0.9302052209E+01  0.1188509111E+02
L8 0.3092803690E+01  0.4576662395E+02  0.2750000768E+01  0.0000000000E+00
L9 0.0000000000E+00  0.0000000000E+00  0.0000000000E+00  0.9878365877E+00  0.0000000000E+00
L0     5000  0.1000000000E+02  -.7637022582E+04  0.1849476101E+04
L1 0.3105433403E+03  0.3105433403E+03  -.9486498684E+10  0.1000000000E+01
L2 0.1000000000E+01  0.3398238288E+02  0.3398238288E+02  0.3398238288E+02
L3 0.3020823078E+05  -.4949610799E+03  0.8365869537E+03  0.7712321744E+03
L4 0.3709526828E+03  0.3228560513E+03  0.2972187861E+03  0.3354922027E+03
L5 0.9555670401E+03  0.4304661231E+03  0.1153354304E+03  0.1678177066E+03
L6 0.7136192602E+03  -.9486498684E+04  0.1438067431E+04  -.1099664740E+05
L7 0.0000000000E+00  0.1502901206E+01  0.8471764414E+01  0.9604711249E+01
L8 0.3330132304E+01  0.4676503305E+02  0.2406744730E+01  0.0000000000E+00
L9 0.0000000000E+00  0.0000000000E+00  0.0000000000E+00  0.9883736248E+00  0.0000000000E+00
L0     6000  0.1200000000E+02  -.7706818329E+04  0.1759163867E+04
L1 0.2953791201E+03  0.2953791201E+03  -.9465982196E+10  0.1000000000E+01
L2 0.1000000000E+01  0.3393377528E+02  0.3393377528E+02  0.3393377528E+02
L3 0.3007959849E+05  -.3163053831E+03  0.6901928878E+03  -.1665105202E+03
L4 0.6912566150E+02  0.2741484760E+03  0.2852590699E+03  0.3163268430E+03
L5 0.8757343889E+03  0.3426239738E+03  0.1358423856E+03  0.3523739398E+03
L6 0.8308402992E+03  -.9465982196E+04  0.1384181989E+04  -.1093318731E+05
L7 0.0000000000E+00  0.4903484133E+01  0.1209526688E+02  0.1191010839E+02
L8 0.2857670609E+01  0.4692301047E+02  0.4333581219E+01  0.0000000000E+00
L9 0.0000000000E+00  0.0000000000E+00  0.0000000000E+00  0.9926003022E+00  0.0000000000E+00
L0     7000  0.1400000000E+02  -.7712239147E+04  0.1778213706E+04
L1 0.2985777560E+03  0.2985777560E+03  -.9490452854E+10  0.1000000000E+01
L2 0.1000000000E+01  0.3404584254E+02  0.3404584254E+02  0.3404584254E+02
L3 0.3038029289E+05  -.1051421799E+04  -.4998410000E+03  -.1154941867E+03
L4 -.5555856619E+03  0.2718588324E+03  0.3009127644E+03  0.3028875937E+03
L5 0.8756591905E+03  0.5017517084E+03  0.4102027612E+03  0.3281403427E+03
L6 0.1240094812E+04  -.9490452854E+04  0.1349763530E+04  -.1091230735E+05
L7 0.0000000000E+00  0.2137189849E+01  0.8375658667E+01  0.1045606126E+02
L8 0.3083822271E+01  0.4539630426E+02  0.2641926466E+01  0.0000000000E+00
L9 0.0000000000E+00  0.0000000000E+00  0.0000000000E+00  0.9827758627E+00  0.0000000000E+00
L0     8000  0.1600000000E+02  -.7694510083E+04  0.1765034298E+04
L1 0.2963648172E+03  0.2963648172E+03  -.9459544381E+10  0.1000000000E+01
L2 0.1000000000E+01  0.3398783451E+02  0.3398783451E+02  0.3398783451E+02
L3 0.3022370356E+05  0.6805335983E+01  0.1694638927E+03  -.1005194991E+03
L4 0.2524990985E+02  0.2791475450E+03  0.2980354591E+03  0.2769803267E+03
L5 0.8541633308E+03  0.2776672311E+03  0.2611732431E+03  0.2988455833E+03
L6 0.8376860574E+03  -.9459544381E+04  0.1394362700E+04  -.1093165031E+05
L7 0.0000000000E+00  0.2504226153E+01  0.1084723617E+02  0.1342182830E+02
L8 0.2541631209E+01  0.4651668270E+02  0.1911622873E+01  0.0000000000E+00
L9 0.0000000000E+00  0.0000000000E+00  0.0000000000E+00  0.9878676349E+00  0.0000000000E+00
L0     9000  0.1800000000E+02  -.7659678196E+04  0.1802729716E+04
L1 0.3026942101E+03  0.3026942101E+03  -.9462407911E+10  0.1000000000E+01
L2 0.1000000000E+01  0.3399201594E+02  0.3399201594E+02  0.3399201594E+02
L3 0.3023451138E+05  0.7810898129E+03  0.8708345576E+02  -.4046776137E+03
L4 0.1544985516E+03  0.2984129172E+03  0.2882769481E+03  0.2872140195E+03
L5 0.8739038848E+03  0.1284475221E+03  0.2693275601E+03  0.3752719987E+03
L6 0.7730470809E+03  -.9462407911E+04  0.1413745448E+04  -.1095141781E+05
L7 0.0000000000E+00  0.3993475606E+01  0.4603350986E+01  0.1261396873E+02
L8 0.2816111677E+01  0.4874095372E+02  0.2496593716E+01  0.0000000000E+00
L9 0.0000000000E+00  0.0000000000E+00  0.0000000000E+00  0.9875145053E+00  0.0000000000E+00
L0    10000  0.2000000000E+02  -.7683127793E+04  0.1822924391E+04
L1 0.3060850741E+03  0.3060850741E+03  -.9506052183E+10  0.1000000000E+01
L2 0.1000000000E+01  0.3403375958E+02  0.3403375958E+02  0.3403375958E+02
L3 0.3034585376E+05  0.4851249765E+03  0.6912381135E+03  -.5108645010E+03
L4 0.2218328630E+03  0.3025357648E+03  0.3025198638E+03  0.3108017022E+03
L5 0.9158573308E+03  0.1965836632E+03  0.1515523104E+03  0.4223753587E+03
L6 0.7705113323E+03  -.9506052183E+04  0.1437175004E+04  -.1101507616E+05
L7 0.0000000000E+00  0.4717292916E+01  0.6454780725E+01  0.9352923887E+01
L8 0.3142493243E+01  0.4452880656E+02  0.3652676391E+01  0.0000000000E+00
L9 0.0000000000E+00  0.0000000000E+00  0.0000000000E+00  0.9838912026E+00  0.0000000000E+00
