L0  Nsteps           time(ps)         Etot             EKinetic        
L1  Temp             T_solute         T_solv           Pres_scal_solu  
L2  Pres_scal_solv   BoxX             BoxY             BoxZ            
L3  volume           pres_X           pres_Y           pres_Z          
L4  Pressure         EKCoM_x          EKCoM_y          EKCoM_z         
L5  EKComTot         VIRIAL_x         VIRIAL_y         VIRIAL_z        
L6  VIRIAL_tot       E_pot            E_vdw            E_el            
L7  E_hbon           E_bon            E_angle          E_dih           
L8  E_14vdw          E_14el           E_const          E_pol           
L9  AV_permMoment    AV_indMoment     AV_totMoment     Density          dV/dlambda      
L0     1000  0.2000000000E+01  -.7175167011E+04  0.1644201439E+04
L1 0.2930922838E+03  0.2930922838E+03  -.8819368450E+10  0.1000000000E+01
L2 0.1000000000E+01  0.3438426165E+02  0.3438426165E+02  0.3438426165E+02
L3 0.3129510107E+05  -.2668512831E+03  -.6805910725E+03  -.5297407208E+03
L4 -.4923943588E+03  0.2697438416E+03  0.2623007038E+03  0.2867016883E+03
L5 0.8187462336E+03  0.3298476836E+03  0.4155925965E+03  0.4060170320E+03
L6 0.1151457312E+04  -.8819368450E+04  0.1351954765E+04  -.1024646481E+05
L7 0.0000000000E+00  0.3373922592E+01  0.9905147174E+01  0.1266438672E+02
L8 0.3034357955E+01  0.4395309376E+02  0.2210690582E+01  0.0000000000E+00
L9 0.0000000000E+00  0.0000000000E+00  0.0000000000E+00  0.8986021706E+00  0.0000000000E+00
L0     2000  0.4000000000E+01  -.7076278428E+04  0.1737304947E+04
L1 0.3096887416E+03  0.3096887416E+03  -.8813583375E+10  0.1000000000E+01
L2 0.1000000000E+01  0.3384839768E+02  0.3384839768E+02  0.3384839768E+02
L3 0.2985461158E+05  -.7773939903E+03  -.9567696733E+03  0.2700384952E+03
L4 -.4880417228E+03  0.3080148623E+03  0.2676904813E+03  0.2913453839E+03
L5 0.8670507275E+03  0.4750505172E+03  0.4732678990E+03  0.2333232517E+03
L6 0.1181641668E+04  -.8813583375E+04  0.1282541615E+04  -.1016871891E+05
L7 0.0000000000E+00  0.2641162707E+01  0.7066978688E+01  0.1118710042E+02
L8 0.3351380545E+01  0.4615381975E+02  0.2193480988E+01  0.0000000000E+00
L9 0.0000000000E+00  0.0000000000E+00  0.0000000000E+00  0.9419598602E+00  0.0000000000E+00
L0     3000  0.6000000000E+01  -.7217131613E+04  0.1664677675E+04
L1 0.2967423395E+03  0.2967423395E+03  -.8881809288E+10  0.1000000000E+01
L2 0.1000000000E+01  0.3351778088E+02  0.3351778088E+02  0.3351778088E+02
L3 0.2898633265E+05  0.2160466848E+03  0.4568914232E+03  0.1537379191E+03
L4 0.2755586757E+03  0.2456810455E+03  0.2766827512E+03  0.2768837602E+03
L5 0.7992475569E+03  0.2006100180E+03  0.1813673989E+03  0.2448114052E+03
L6 0.6267888221E+03  -.8881809288E+04  0.1378630160E+04  -.1032777283E+05
L7 0.0000000000E+00  0.3497934245E+01  0.7607879160E+01  0.8640899050E+01
L8 0.2775071924E+01  0.4279080886E+02  0.2020787946E+01  0.0000000000E+00
L9 0.0000000000E+00  0.0000000000E+00  0.0000000000E+00  0.9701760513E+00  0.0000000000E+00
L0     4000  0.8000000000E+01  -.7241965872E+04  0.1702197746E+04
L1 0.3034305974E+03  0.3034305974E+03  -.8944163618E+10  0.1000000000E+01
L2 0.1000000000E+01  0.3342420336E+02  0.3342420336E+02  0.3342420336E+02
L3 0.2874665454E+05  0.1166105075E+02  -.1161399051E+04  -.8590731395E+03
L4 -.6696037134E+03  0.2804918180E+03  0.2809923771E+03  0.2896410043E+03
L5 0.8511251994E+03  0.2780792388E+03  0.5212766559E+03  0.4673764429E+03
L6 0.1266732338E+04  -.8944163618E+04  0.1261502481E+04  -.1028160728E+05
L7 0.0000000000E+00  0.1523028607E+01  0.1021770835E+02  0.1049395594E+02
L8 0.4152845178E+01  0.4712248471E+02  0.2431157149E+01  0.0000000000E+00
L9 0.0000000000E+00  0.0000000000E+00  0.0000000000E+00  0.9782649912E+00  0.0000000000E+00
L0     5000  0.1000000000E+02  -.7217868173E+04  0.1665724648E+04
L1 0.2969289709E+03  0.2969289709E+03  -.8883592821E+10  0.1000000000E+01
L2 0.1000000000E+01  0.3339668947E+02  0.3339668947E+02  0.3339668947E+02
L3 0.2867551420E+05  -.5040795060E+03  -.6775615614E+03  -.5827900657E+03
L4 -.5881437110E+03  0.2675806478E+03  0.2801748976E+03  0.2920172426E+03
L5 0.8397727879E+03  0.3716126208E+03  0.4200101126E+03  0.4122935079E+03
L6 0.1203916241E+04  -.8883592821E+04  0.1230266182E+04  -.1018949983E+05
L7 0.0000000000E+00  0.1710890917E+01  0.1165029630E+02  0.1079993684E+02
L8 0.2952344218E+01  0.4212986391E+02  0.6397492326E+01  0.0000000000E+00
L9 0.0000000000E+00  0.0000000000E+00  0.0000000000E+00  0.9806919437E+00  0.0000000000E+00
L0     6000  0.1200000000E+02  -.7332398198E+04  0.1649468323E+04
L1 0.2940311488E+03  0.2940311488E+03  -.8981866521E+10  0.1000000000E+01
L2 0.1000000000E+01  0.3338481983E+02  0.3338481983E+02  0.3338481983E+02
L3 0.2864470092E+05  -.9197261205E+03  -.2652386742E+03  -.2869664788E+03
L4 -.4906437579E+03  0.2761166685E+03  0.2592180547E+03  0.3049140774E+03
L5 0.8402488007E+03  0.4657258628E+03  0.3138992149E+03  0.3640746054E+03
L6 0.1143699683E+04  -.8981866521E+04  0.1290173051E+04  -.1034833403E+05
L7 0.0000000000E+00  0.3589195409E+01  0.9023835705E+01  0.1008190526E+02
L8 0.3032751539E+01  0.4415195326E+02  0.6414816675E+01  0.0000000000E+00
L9 0.0000000000E+00  0.0000000000E+00  0.0000000000E+00  0.9817468800E+00  0.0000000000E+00
L0     7000  0.1400000000E+02  -.7236191923E+04  0.1692585878E+04
L1 0.3017172037E+03  0.3017172037E+03  -.8928777801E+10  0.1000000000E+01
L2 0.1000000000E+01  0.3335242959E+02  0.3335242959E+02  0.3335242959E+02
L3 0.2855986568E+05  0.6896107767E+03  -.1460709535E+03  -.1995563461E+03
L4 0.1146611590E+03  0.3004826259E+03  0.2663744267E+03  0.2657590408E+03
L5 0.8326160935E+03  0.1587346780E+03  0.2963989835E+03  0.3067774000E+03
L6 0.7619110615E+03  -.8928777801E+04  0.1337820892E+04  -.1034260744E+05
L7 0.0000000000E+00  0.2276200486E+01  0.7221855987E+01  0.1158794336E+02
L8 0.4209855079E+01  0.4828870271E+02  0.2424187056E+01  0.0000000000E+00
L9 0.0000000000E+00  0.0000000000E+00  0.0000000000E+00  0.9846630958E+00  0.0000000000E+00
L0     8000  0.1600000000E+02  -.7302298162E+04  0.1683533650E+04
L1 0.3001035704E+03  0.3001035704E+03  -.8985831812E+10  0.1000000000E+01
L2 0.1000000000E+01  0.3333500849E+02  0.3333500849E+02  0.3333500849E+02
L3 0.2851606932E+05  0.1007386469E+03  -.3689137291E+03  -.4889897970E+03
L4 -.2523882931E+03  0.2789938791E+03  0.2930698394E+03  0.2918425301E+03
L5 0.8639062486E+03  0.2583190297E+03  0.3687829448E+03  0.3921991532E+03
L6 0.1019301128E+04  -.8985831812E+04  0.1286773365E+04  -.1034542819E+05
L7 0.0000000000E+00  0.4523713170E+01  0.1234704985E+02  0.9119143365E+01
L8 0.1951281908E+01  0.4205105948E+02  0.2830768095E+01  0.0000000000E+00
L9 0.0000000000E+00  0.0000000000E+00  0.0000000000E+00  0.9861753890E+00  0.0000000000E+00
L0     9000  0.1800000000E+02  -.7261374686E+04  0.1712632296E+04
L1 0.3052906410E+03  0.3052906410E+03  -.8974006982E+10  0.1000000000E+01
L2 0.1000000000E+01  0.3332095931E+02  0.3332095931E+02  0.3332095931E+02
L3 0.2848061737E+05  -.7170211259E+03  -.6195862129E+03  -.1143205734E+03
L4 -.4836426374E+03  0.2973887438E+03  0.2666829645E+03  0.2911783181E+03
L5 0.8552500264E+03  0.4443618696E+03  0.3936841352E+03  0.3146114520E+03
L6 0.1152657457E+04  -.8974006982E+04  0.1264999663E+04  -.1031247153E+05
L7 0.0000000000E+00  0.7312411426E+01  0.1245510882E+02  0.9659538860E+01
L8 0.2149634600E+01  0.3901410570E+02  0.2874082591E+01  0.0000000000E+00
L9 0.0000000000E+00  0.0000000000E+00  0.0000000000E+00  0.9874029551E+00  0.0000000000E+00
L0    10000  0.2000000000E+02  -.7253846953E+04  0.1712366290E+04
L1 0.3052432231E+03  0.3052432231E+03  -.8966213243E+10  0.1000000000E+01
L2 0.1000000000E+01  0.3337735643E+02  0.3337735643E+02  0.3337735643E+02
L3 0.2862395436E+05  0.2814044671E+03  0.1486294611E+02  0.4084595770E+02
L4 0.1123711237E+03  0.3152631365E+03  0.2634236278E+03  0.2741765208E+03
L5 0.8528632851E+03  0.2572912813E+03  0.2603617270E+03  0.2657618856E+03
L6 0.7834148939E+03  -.8966213243E+04  0.1350307984E+04  -.1039454565E+05
L7 0.0000000000E+00  0.2982955663E+01  0.1140552212E+02  0.1030985906E+02
L8 0.4787743513E+01  0.4468416141E+02  0.3854184790E+01  0.0000000000E+00
L9 0.0000000000E+00  0.0000000000E+00  0.0000000000E+00  0.9824584472E+00  0.0000000000E+00
