L0  Nsteps           time(ps)         Etot             EKinetic        
L1  Temp             T_solute         T_solv           Pres_scal_solu  
L2  Pres_scal_solv   BoxX             BoxY             BoxZ            
L3  volume           pres_X           pres_Y           pres_Z          
L4  Pressure         EKCoM_x          EKCoM_y          EKCoM_z         
L5  EKComTot         VIRIAL_x         VIRIAL_y         VIRIAL_z        
L6  VIRIAL_tot       E_pot            E_vdw            E_el            
L7  E_hbon           E_bon            E_angle          E_dih           
L8  E_14vdw          E_14el           E_const          E_pol           
L9  AV_permMoment    AV_indMoment     AV_totMoment     Density          dV/dlambda      
L0     1000  0.2000000000E+01  -.7242152534E+04  0.1690899775E+04
L1 0.2976212595E+03  0.2976212595E+03  -.8933052309E+10  0.1000000000E+01
L2 0.1000000000E+01  0.3457633734E+02  0.3457633734E+02  0.3457633734E+02
L3 0.3182265341E+05  -.5877482911E+03  -.2680720142E+03  -.7901098528E+03
L4 -.5486433860E+03  0.2772217716E+03  0.2560967943E+03  0.2818868657E+03
L5 0.8152054317E+03  0.4118339474E+03  0.3174934119E+03  0.4628459735E+03
L6 0.1192173333E+04  -.8933052309E+04  0.1375580942E+04  -.1038365322E+05
L7 0.0000000000E+00  0.4317517095E+01  0.7817255937E+01  0.1104570128E+02
L8 0.3748597553E+01  0.4505475431E+02  0.3036140358E+01  0.0000000000E+00
L9 0.0000000000E+00  0.0000000000E+00  0.0000000000E+00  0.8949865574E+00  0.0000000000E+00
L0     2000  0.4000000000E+01  -.7299283995E+04  0.1704842299E+04
L1 0.3000753326E+03  0.3000753326E+03  -.9004126294E+10  0.1000000000E+01
L2 0.1000000000E+01  0.3398540128E+02  0.3398540128E+02  0.3398540128E+02
L3 0.3021883964E+05  -.4251280996E+03  -.3644533439E+03  -.9453084475E+03
L4 -.5782966303E+03  0.2924675922E+03  0.2810458204E+03  0.2785754901E+03
L5 0.8520889027E+03  0.3849276532E+03  0.3603098786E+03  0.4841682909E+03
L6 0.1229405823E+04  -.9004126294E+04  0.1322226753E+04  -.1040299678E+05
L7 0.0000000000E+00  0.2277595863E+01  0.1531293306E+02  0.1132968536E+02
L8 0.2342252457E+01  0.4265077916E+02  0.2730491949E+01  0.0000000000E+00
L9 0.0000000000E+00  0.0000000000E+00  0.0000000000E+00  0.9424864542E+00  0.0000000000E+00
L0     3000  0.6000000000E+01  -.7313182696E+04  0.1684825413E+04
L1 0.2965520895E+03  0.2965520895E+03  -.8998008109E+10  0.1000000000E+01
L2 0.1000000000E+01  0.3376145562E+02  0.3376145562E+02  0.3376145562E+02
L3 0.2962520518E+05  -.9351177343E+03  -.2768324309E+03  -.3139198478E+03
L4 -.5086233377E+03  0.2689599712E+03  0.2883943010E+03  0.2816239807E+03
L5 0.8389782530E+03  0.4683411872E+03  0.3474191539E+03  0.3485564307E+03
L6 0.1164316772E+04  -.8998008109E+04  0.1306871213E+04  -.1038548112E+05
L7 0.0000000000E+00  0.6164653893E+01  0.1366547793E+02  0.1543677815E+02
L8 0.2276319681E+01  0.3907724984E+02  0.3981316006E+01  0.0000000000E+00
L9 0.0000000000E+00  0.0000000000E+00  0.0000000000E+00  0.9613721440E+00  0.0000000000E+00
L0     4000  0.8000000000E+01  -.7325846564E+04  0.1696423204E+04
L1 0.2985934579E+03  0.2985934579E+03  -.9022269769E+10  0.1000000000E+01
L2 0.1000000000E+01  0.3357510342E+02  0.3357510342E+02  0.3357510342E+02
L3 0.2913578344E+05  0.6342229145E+03  -.2782627923E+03  -.8096301008E+02
L4 0.9166570404E+02  0.2725405391E+03  0.2888368810E+03  0.2944900703E+03
L5 0.8558674904E+03  0.1395486334E+03  0.3471865530E+03  0.3114674212E+03
L6 0.7982026076E+03  -.9022269769E+04  0.1372809973E+04  -.1047136423E+05
L7 0.0000000000E+00  0.1617789201E+01  0.1150085282E+02  0.1220543987E+02
L8 0.2976003746E+01  0.4278208932E+02  0.5202318387E+01  0.0000000000E+00
L9 0.0000000000E+00  0.0000000000E+00  0.0000000000E+00  0.9775212354E+00  0.0000000000E+00
L0     5000  0.1000000000E+02  -.7374613304E+04  0.1686477912E+04
L1 0.2968429517E+03  0.2968429517E+03  -.9061091216E+10  0.1000000000E+01
L2 0.1000000000E+01  0.3346452652E+02  0.3346452652E+02  0.3346452652E+02
L3 0.2884957050E+05  -.2161312348E+03  0.2398745227E+03  -.5753941018E+03
L4 -.1838836046E+03  0.2517047195E+03  0.2817553664E+03  0.3024921262E+03
L5 0.8359522121E+03  0.2965806500E+03  0.2319495509E+03  0.4219628067E+03
L6 0.9504930077E+03  -.9061091216E+04  0.1327181441E+04  -.1046024034E+05
L7 0.0000000000E+00  0.2597503402E+01  0.8151253132E+01  0.1209505205E+02
L8 0.2857014275E+01  0.4345463378E+02  0.2812229219E+01  0.0000000000E+00
L9 0.0000000000E+00  0.0000000000E+00  0.0000000000E+00  0.9872190999E+00  0.0000000000E+00
L0     6000  0.1200000000E+02  -.7243404693E+04  0.1741841062E+04
L1 0.3065876160E+03  0.3065876160E+03  -.8985245755E+10  0.1000000000E+01
L2 0.1000000000E+01  0.3354359417E+02  0.3354359417E+02  0.3354359417E+02
L3 0.2905279703E+05  0.1017641265E+04  -.1382439387E+03  0.5927462031E+03
L4 0.4907145100E+03  0.3105466840E+03  0.2969468035E+03  0.2716903762E+03
L5 0.8791838636E+03  0.9776255127E+02  0.3258529786E+03  0.1477498570E+03
L6 0.5713653869E+03  -.8985245755E+04  0.1382079622E+04  -.1044235834E+05
L7 0.0000000000E+00  0.3202742280E+01  0.8301944546E+01  0.1072794476E+02
L8 0.4199720076E+01  0.4539838636E+02  0.3202226068E+01  0.0000000000E+00
L9 0.0000000000E+00  0.0000000000E+00  0.0000000000E+00  0.9803134269E+00  0.0000000000E+00
L0     7000  0.1400000000E+02  -.7256178808E+04  0.1733369797E+04
L1 0.3050965585E+03  0.3050965585E+03  -.8989548604E+10  0.1000000000E+01
L2 0.1000000000E+01  0.3351222123E+02  0.3351222123E+02  0.3351222123E+02
L3 0.2897257068E+05  0.6322002890E+03  -.5267791897E+03  -.4452603663E+02
L4 0.2029835423E+02  0.2869389735E+03  0.2827114800E+03  0.2878157554E+03
L5 0.8574662090E+03  0.1551138154E+03  0.3925544383E+03  0.2971002368E+03
L6 0.8447684906E+03  -.8989548604E+04  0.1322200470E+04  -.1038399488E+05
L7 0.0000000000E+00  0.2486562593E+01  0.1124722849E+02  0.8634565931E+01
L8 0.3696918586E+01  0.4292088157E+02  0.3259651687E+01  0.0000000000E+00
L9 0.0000000000E+00  0.0000000000E+00  0.0000000000E+00  0.9830279591E+00  0.0000000000E+00
L0     8000  0.1600000000E+02  -.7370389916E+04  0.1721691574E+04
L1 0.3030410332E+03  0.3030410332E+03  -.9092081491E+10  0.1000000000E+01
L2 0.1000000000E+01  0.3348220838E+02  0.3348220838E+02  0.3348220838E+02
L3 0.2889463579E+05  0.9086533972E+02  0.1899076143E+03  -.3029874707E+02
L4 0.8349140231E+02  0.2661991211E+03  0.2818869981E+03  0.3005607818E+03
L5 0.8486469010E+03  0.2473030263E+03  0.2423943566E+03  0.3068616222E+03
L6 0.7965590050E+03  -.9092081491E+04  0.1347541973E+04  -.1050855155E+05
L7 0.0000000000E+00  0.2644041872E+01  0.1089985922E+02  0.9469431011E+01
L8 0.2900260775E+01  0.4190894312E+02  0.1105552598E+01  0.0000000000E+00
L9 0.0000000000E+00  0.0000000000E+00  0.0000000000E+00  0.9856793914E+00  0.0000000000E+00
L0     9000  0.1800000000E+02  -.7449905209E+04  0.1683515551E+04
L1 0.2963215360E+03  0.2963215360E+03  -.9133420760E+10  0.1000000000E+01
L2 0.1000000000E+01  0.3355682780E+02  0.3355682780E+02  0.3355682780E+02
L3 0.2908859801E+05  0.5097541704E+03  -.3752614846E+03  -.2829954641E+03
L4 -.4950092609E+02  0.2675457054E+03  0.2648854710E+03  0.2821952245E+03
L5 0.8146264009E+03  0.1608270960E+03  0.3434476214E+03  0.3414411986E+03
L6 0.8457159161E+03  -.9133420760E+04  0.1394638575E+04  -.1060492963E+05
L7 0.0000000000E+00  0.2782323502E+01  0.8733688449E+01  0.1116091884E+02
L8 0.3306735395E+01  0.4474882844E+02  0.6137805197E+01  0.0000000000E+00
L9 0.0000000000E+00  0.0000000000E+00  0.0000000000E+00  0.9791069000E+00  0.0000000000E+00
L0    10000  0.2000000000E+02  -.7337629474E+04  0.1748082249E+04
L1 0.3076861493E+03  0.3076861493E+03  -.9085711723E+10  0.1000000000E+01
L2 0.1000000000E+01  0.3350351448E+02  0.3350351448E+02  0.3350351448E+02
L3 0.2895034707E+05  -.3923495527E+02  -.2886756149E+01  -.3064352537E+03
L4 -.1161856550E+03  0.3030745885E+03  0.2699755392E+03  0.3034367749E+03
L5 0.8764869026E+03  0.3112495086E+03  0.2705770182E+03  0.3672850371E+03
L6 0.9491115639E+03  -.9085711723E+04  0.1337249383E+04  -.1049642302E+05
L7 0.0000000000E+00  0.6194406157E+01  0.7681411495E+01  0.1006783895E+02
L8 0.3547459591E+01  0.4185927119E+02  0.4111527224E+01  0.0000000000E+00
L9 0.0000000000E+00  0.0000000000E+00  0.0000000000E+00  0.9837825763E+00  0.0000000000E+00
