L0  Nsteps           time(ps)         Etot             EKinetic        
L1  Temp             T_solute         T_solv           Pres_scal_solu  
L2  Pres_scal_solv   BoxX             BoxY             BoxZ            
L3  volume           pres_X           pres_Y           pres_Z          
L4  Pressure         EKCoM_x          EKCoM_y          EKCoM_z         
L5  EKComTot         VIRIAL_x         VIRIAL_y         VIRIAL_z        
L6  VIRIAL_tot       E_pot            E_vdw            E_el            
L7  E_hbon           E_bon            E_angle          E_dih           
L8  E_14vdw          E_14el           E_const          E_pol           
L9  AV_permMoment    AV_indMoment     AV_totMoment     Density          dV/dlambda      
L0     1000  0.2000000000E+01  -.7441360629E+04  0.1661490487E+04
L1 0.2885092336E+03  0.2885092336E+03  -.9102851116E+10  0.1000000000E+01
L2 0.1000000000E+01  0.3454219785E+02  0.3454219785E+02  0.3454219785E+02
L3 0.3172845669E+05  -.8560452758E+03  -.6544244704E+03  -.1058176317E+03
L4 -.5387624593E+03  0.2771858633E+03  0.2640736787E+03  0.2803110923E+03
L5 0.8215706343E+03  0.4726658330E+03  0.4135130591E+03  0.3044747995E+03
L6 0.1190653692E+04  -.9102851116E+04  0.1398312386E+04  -.1057528735E+05
L7 0.0000000000E+00  0.2653516861E+01  0.7666102953E+01  0.1230737663E+02
L8 0.3279549670E+01  0.4504340844E+02  0.3173889943E+01  0.0000000000E+00
L9 0.0000000000E+00  0.0000000000E+00  0.0000000000E+00  0.9099013339E+00  0.0000000000E+00
L0     2000  0.4000000000E+01  -.7470841906E+04  0.1671182139E+04
L1 0.2901921389E+03  0.2901921389E+03  -.9142024045E+10  0.1000000000E+01
L2 0.1000000000E+01  0.3398397960E+02  0.3398397960E+02  0.3398397960E+02
L3 0.3021507724E+05  -.7933162648E+03  -.5977411724E+03  -.3769912337E+03
L4 -.5893495569E+03  0.2623652164E+03  0.2514756778E+03  0.2916610738E+03
L5 0.8055019680E+03  0.4348801309E+03  0.3814607440E+03  0.3736417583E+03
L6 0.1189982633E+04  -.9142024045E+04  0.1349181146E+04  -.1056813543E+05
L7 0.0000000000E+00  0.3029819651E+01  0.1258472597E+02  0.1009347715E+02
L8 0.3836741110E+01  0.4433897809E+02  0.3046501505E+01  0.0000000000E+00
L9 0.0000000000E+00  0.0000000000E+00  0.0000000000E+00  0.9554754680E+00  0.0000000000E+00
L0     3000  0.6000000000E+01  -.7477072580E+04  0.1752611461E+04
L1 0.3043319196E+03  0.3043319196E+03  -.9229684041E+10  0.1000000000E+01
L2 0.1000000000E+01  0.3374388647E+02  0.3374388647E+02  0.3374388647E+02
L3 0.2957728045E+05  -.3885534728E+03  0.5635379177E+03  0.2307108957E+03
L4 0.1352317802E+03  0.3100473998E+03  0.3006149060E+03  0.2896514199E+03
L5 0.9003137256E+03  0.3927588459E+03  0.1806544902E+03  0.2405399509E+03
L6 0.8139532871E+03  -.9229684041E+04  0.1393874157E+04  -.1069962358E+05
L7 0.0000000000E+00  0.2658514962E+01  0.5686041410E+01  0.1397113043E+02
L8 0.3461329436E+01  0.4771123718E+02  0.2577126756E+01  0.0000000000E+00
L9 0.0000000000E+00  0.0000000000E+00  0.0000000000E+00  0.9760790927E+00  0.0000000000E+00
L0     4000  0.8000000000E+01  -.7454311226E+04  0.1734765659E+04
L1 0.3012330884E+03  0.3012330884E+03  -.9189076886E+10  0.1000000000E+01
L2 0.1000000000E+01  0.3368304720E+02  0.3368304720E+02  0.3368304720E+02
L3 0.2941881965E+05  0.6347660717E+01  -.7456067456E+03  -.2634482058E+03
L4 -.3342357636E+03  0.2887398498E+03  0.2777613309E+03  0.2710468581E+03
L5 0.8375480387E+03  0.2873958614E+03  0.4356284386E+03  0.3268266730E+03
L6 0.1049850973E+04  -.9189076886E+04  0.1331407002E+04  -.1059190870E+05
L7 0.0000000000E+00  0.1389353559E+01  0.7466375000E+01  0.1059401013E+02
L8 0.3527953621E+01  0.4510059038E+02  0.3346531835E+01  0.0000000000E+00
L9 0.0000000000E+00  0.0000000000E+00  0.0000000000E+00  0.9813366207E+00  0.0000000000E+00
L0     5000  0.1000000000E+02  -.7533809483E+04  0.1721188609E+04
L1 0.2988755039E+03  0.2988755039E+03  -.9254998092E+10  0.1000000000E+01
L2 0.1000000000E+01  0.3360971330E+02  0.3360971330E+02  0.3360971330E+02
L3 0.2922532369E+05  0.2745094700E+02  0.5945653175E+03  0.4054848384E+03
L4 0.3425003676E+03  0.2754488392E+03  0.2917447395E+03  0.2810485550E+03
L5 0.8482421337E+03  0.2696748862E+03  0.1666855868E+03  0.1957600445E+03
L6 0.6321205175E+03  -.9254998092E+04  0.1431465887E+04  -.1076726904E+05
L7 0.0000000000E+00  0.4584434031E+01  0.7615878341E+01  0.1243297551E+02
L8 0.4022179206E+01  0.4851791458E+02  0.3631677991E+01  0.0000000000E+00
L9 0.0000000000E+00  0.0000000000E+00  0.0000000000E+00  0.9878338859E+00  0.0000000000E+00
L0     6000  0.1200000000E+02  -.7510589667E+04  0.1683412268E+04
L1 0.2923158376E+03  0.2923158376E+03  -.9194001935E+10  0.1000000000E+01
L2 0.1000000000E+01  0.3357905029E+02  0.3357905029E+02  0.3357905029E+02
L3 0.2914643836E+05  -.5090608569E+03  -.2091115504E+03  0.5562170092E+03
L4 -.5398513271E+02  0.2840863784E+03  0.2603869890E+03  0.2807584688E+03
L5 0.8252318362E+03  0.3908717533E+03  0.3042521871E+03  0.1640811776E+03
L6 0.8592051179E+03  -.9194001935E+04  0.1344473723E+04  -.1061068765E+05
L7 0.0000000000E+00  0.1542034806E+01  0.6684508925E+01  0.1258369080E+02
L8 0.3656897110E+01  0.4573993941E+02  0.2004925240E+01  0.0000000000E+00
L9 0.0000000000E+00  0.0000000000E+00  0.0000000000E+00  0.9905074748E+00  0.0000000000E+00
L0     7000  0.1400000000E+02  -.7498478603E+04  0.1705896761E+04
L1 0.2962201535E+03  0.2962201535E+03  -.9204375364E+10  0.1000000000E+01
L2 0.1000000000E+01  0.3373605722E+02  0.3373605722E+02  0.3373605722E+02
L3 0.2955748224E+05  -.1422907538E+03  -.6977061713E+03  0.3529764340E+03
L4 -.1623401637E+03  0.2663863151E+03  0.2799226324E+03  0.3173501893E+03
L5 0.8636591367E+03  0.2966554980E+03  0.4283440522E+03  0.2422623290E+03
L6 0.9672618792E+03  -.9204375364E+04  0.1359805401E+04  -.1063702686E+05
L7 0.0000000000E+00  0.1943011044E+01  0.7423901610E+01  0.9937362449E+01
L8 0.3954425000E+01  0.4575582477E+02  0.3831566627E+01  0.0000000000E+00
L9 0.0000000000E+00  0.0000000000E+00  0.0000000000E+00  0.9767328906E+00  0.0000000000E+00
L0     8000  0.1600000000E+02  -.7501800203E+04  0.1686354788E+04
L1 0.2928267909E+03  0.2928267909E+03  -.9188154991E+10  0.1000000000E+01
L2 0.1000000000E+01  0.3368942001E+02  0.3368942001E+02  0.3368942001E+02
L3 0.2943432694E+05  -.5596686690E+03  0.6428046222E+03  0.2783491115E+03
L4 0.1204950216E+03  0.2788025624E+03  0.2786775461E+03  0.2856188064E+03
L5 0.8430989149E+03  0.3973635163E+03  0.1425049616E+03  0.2266529611E+03
L6 0.7665214389E+03  -.9188154991E+04  0.1379697979E+04  -.1064094130E+05
L7 0.0000000000E+00  0.3639345600E+01  0.7191522933E+01  0.1213888148E+02
L8 0.3751054689E+01  0.4476974516E+02  0.1597783648E+01  0.0000000000E+00
L9 0.0000000000E+00  0.0000000000E+00  0.0000000000E+00  0.9808196098E+00  0.0000000000E+00
L0     9000  0.1800000000E+02  -.7511504354E+04  0.1710945511E+04
L1 0.2970968429E+03  0.2970968429E+03  -.9222449865E+10  0.1000000000E+01
L2 0.1000000000E+01  0.3367179133E+02  0.3367179133E+02  0.3367179133E+02
L3 0.2938834674E+05  0.2819315317E+03  -.2071008893E+03  0.5551126796E+02
L4 0.4344730345E+02  0.2751762884E+03  0.3044892593E+03  0.2732188967E+03
L5 0.8528844443E+03  0.2155448361E+03  0.3482932521E+03  0.2614776859E+03
L6 0.8253157742E+03  -.9222449865E+04  0.1392850872E+04  -.1068699195E+05
L7 0.0000000000E+00  0.1953102862E+01  0.6371726094E+01  0.1111413864E+02
L8 0.3531040051E+01  0.4404738838E+02  0.4673818689E+01  0.0000000000E+00
L9 0.0000000000E+00  0.0000000000E+00  0.0000000000E+00  0.9823541731E+00  0.0000000000E+00
L0    10000  0.2000000000E+02  -.7412098856E+04  0.1741856890E+04
L1 0.3024644441E+03  0.3024644441E+03  -.9153955746E+10  0.1000000000E+01
L2 0.1000000000E+01  0.3367067103E+02  0.3367067103E+02  0.3367067103E+02
L3 0.2938463922E+05  -.6689501464E+02  0.3128092619E+03  0.7706138999E+03
L4 0.3388427157E+03  0.2815475574E+03  0.2966363230E+03  0.2964533609E+03
L5 0.8746372412E+03  0.2956947640E+03  0.2304822563E+03  0.1334810659E+03
L6 0.6596580862E+03  -.9153955746E+04  0.1390623175E+04  -.1062179662E+05
L7 0.0000000000E+00  0.2230260477E+01  0.1344947292E+02  0.1077457433E+02
L8 0.4211628164E+01  0.4434257890E+02  0.2209179713E+01  0.0000000000E+00
L9 0.0000000000E+00  0.0000000000E+00  0.0000000000E+00  0.9824781187E+00  0.0000000000E+00
