L0  Nsteps           time(ps)         Etot             EKinetic        
L1  Temp             T_solute         T_solv           Pres_scal_solu  
L2  Pres_scal_solv   BoxX             BoxY             BoxZ            
L3  volume           pres_X           pres_Y           pres_Z          
L4  Pressure         EKCoM_x          EKCoM_y          EKCoM_z         
L5  EKComTot         VIRIAL_x         VIRIAL_y         VIRIAL_z        
L6  VIRIAL_tot       E_pot            E_vdw            E_el            
L7  E_hbon           E_bon            E_angle          E_dih           
L8  E_14vdw          E_14el           E_const          E_pol           
L9  AV_permMoment    AV_indMoment     AV_totMoment     Density          dV/dlambda      
L0     1000  0.2000000000E+01  -.7411998562E+04  0.1789283953E+04
L1 0.3065741690E+03  0.3065741690E+03  -.9201282515E+10  0.1000000000E+01
L2 0.1000000000E+01  0.3475441563E+02  0.3475441563E+02  0.3475441563E+02
L3 0.3231510313E+05  -.1456668044E+03  0.5098392580E+02  0.2960114453E+03
L4 0.6710952222E+02  0.3002037751E+03  0.2834977599E+03  0.2813698627E+03
L5 0.8650713977E+03  0.3340821617E+03  0.2716401980E+03  0.2125251440E+03
L6 0.8182475037E+03  -.9201282515E+04  0.1487966097E+04  -.1076530240E+05
L7 0.0000000000E+00  0.4515749060E+01  0.6564729028E+01  0.1200912998E+02
L8 0.5442789823E+01  0.4638732356E+02  0.1134067123E+01  0.0000000000E+00
L9 0.0000000000E+00  0.0000000000E+00  0.0000000000E+00  0.9054182184E+00  0.0000000000E+00
L0     2000  0.4000000000E+01  -.7482352860E+04  0.1767107834E+04
L1 0.3027745345E+03  0.3027745345E+03  -.9249460695E+10  0.1000000000E+01
L2 0.1000000000E+01  0.3426576020E+02  0.3426576020E+02  0.3426576020E+02
L3 0.3097270467E+05  -.2762833007E+03  -.4837014930E+03  -.7766667998E+03
L4 -.5122171978E+03  0.2675588539E+03  0.3191989136E+03  0.2879703456E+03
L5 0.8747281130E+03  0.3291460379E+03  0.4270223427E+03  0.4610995974E+03
L6 0.1217267978E+04  -.9249460695E+04  0.1372377697E+04  -.1069447952E+05
L7 0.0000000000E+00  0.4812391028E+01  0.7873770985E+01  0.1115532556E+02
L8 0.2482756167E+01  0.4403224353E+02  0.2284642714E+01  0.0000000000E+00
L9 0.0000000000E+00  0.0000000000E+00  0.0000000000E+00  0.9446602553E+00  0.0000000000E+00
L0     3000  0.6000000000E+01  -.7551101381E+04  0.1749268201E+04
L1 0.2997179090E+03  0.2997179090E+03  -.9300369582E+10  0.1000000000E+01
L2 0.1000000000E+01  0.3394377448E+02  0.3394377448E+02  0.3394377448E+02
L3 0.3010590888E+05  -.1527146754E+03  0.5339625905E+03  0.1477948061E+03
L4 0.1763475737E+03  0.2771335290E+03  0.2841939428E+03  0.3003894850E+03
L5 0.8617169568E+03  0.3102229445E+03  0.1684977270E+03  0.2683660809E+03
L6 0.7470867525E+03  -.9300369582E+04  0.1426577692E+04  -.1080399686E+05
L7 0.0000000000E+00  0.2066315925E+01  0.1036686085E+02  0.1171913561E+02
L8 0.3720183834E+01  0.4443165967E+02  0.4745430557E+01  0.0000000000E+00
L9 0.0000000000E+00  0.0000000000E+00  0.0000000000E+00  0.9718584887E+00  0.0000000000E+00
L0     4000  0.8000000000E+01  -.7501427754E+04  0.1790226990E+04
L1 0.3067357480E+03  0.3067357480E+03  -.9291654744E+10  0.1000000000E+01
L2 0.1000000000E+01  0.3383542367E+02  0.3383542367E+02  0.3383542367E+02
L3 0.2981872593E+05  0.6642995672E+03  -.9795844943E+03  0.6209938776E+03
L4 0.1019029835E+03  0.2904333778E+03  0.2832950365E+03  0.3214946437E+03
L5 0.8952230581E+03  0.1478694563E+03  0.4935215876E+03  0.1882244645E+03
L6 0.8296155085E+03  -.9291654744E+04  0.1393888492E+04  -.1076467254E+05
L7 0.0000000000E+00  0.3093254419E+01  0.1098262040E+02  0.1355604075E+02
L8 0.2519258940E+01  0.4651544631E+02  0.2462678160E+01  0.0000000000E+00
L9 0.0000000000E+00  0.0000000000E+00  0.0000000000E+00  0.9812184186E+00  0.0000000000E+00
L0     5000  0.1000000000E+02  -.7550218994E+04  0.1752481653E+04
L1 0.3002684988E+03  0.3002684988E+03  -.9302700647E+10  0.1000000000E+01
L2 0.1000000000E+01  0.3390751777E+02  0.3390751777E+02  0.3390751777E+02
L3 0.3000931887E+05  0.3321744243E+02  0.5158497985E+03  0.2276931944E+03
L4 0.2589201451E+03  0.2841507625E+03  0.2892882707E+03  0.3002186070E+03
L5 0.8736576402E+03  0.2769764728E+03  0.1778752412E+03  0.2510415236E+03
L6 0.7058932376E+03  -.9302700647E+04  0.1431786716E+04  -.1081207362E+05
L7 0.0000000000E+00  0.2936450308E+01  0.9752280619E+01  0.1146004376E+02
L8 0.3252642724E+01  0.4647175310E+02  0.3713083012E+01  0.0000000000E+00
L9 0.0000000000E+00  0.0000000000E+00  0.0000000000E+00  0.9749865778E+00  0.0000000000E+00
L0     6000  0.1200000000E+02  -.7600974382E+04  0.1719736011E+04
L1 0.2946578923E+03  0.2946578923E+03  -.9320710393E+10  0.1000000000E+01
L2 0.1000000000E+01  0.3382506432E+02  0.3382506432E+02  0.3382506432E+02
L3 0.2979287783E+05  -.7772108709E+03  -.3758919001E+03  -.2708765119E+03
L4 -.4746597610E+03  0.3072805086E+03  0.2797567613E+03  0.2908975498E+03
L5 0.8779348197E+03  0.4739315003E+03  0.3603561974E+03  0.3489793922E+03
L6 0.1183267090E+04  -.9320710393E+04  0.1328535181E+04  -.1072816234E+05
L7 0.0000000000E+00  0.4517348552E+01  0.5090931704E+01  0.1415358405E+02
L8 0.5190031875E+01  0.4572102620E+02  0.4243840243E+01  0.0000000000E+00
L9 0.0000000000E+00  0.0000000000E+00  0.0000000000E+00  0.9820697171E+00  0.0000000000E+00
L0     7000  0.1400000000E+02  -.7600664511E+04  0.1714365371E+04
L1 0.2937376922E+03  0.2937376922E+03  -.9315029882E+10  0.1000000000E+01
L2 0.1000000000E+01  0.3378863587E+02  0.3378863587E+02  0.3378863587E+02
L3 0.2969456825E+05  0.4352642373E+03  0.5593606757E+03  0.2257705223E+02
L4 0.3390673217E+03  0.2865447758E+03  0.2719284641E+03  0.2936128866E+03
L5 0.8520861265E+03  0.1935225813E+03  0.1523850853E+03  0.2887878476E+03
L6 0.6346955142E+03  -.9315029882E+04  0.1438484453E+04  -.1083372044E+05
L7 0.0000000000E+00  0.1366762982E+01  0.1553057831E+02  0.1263178303E+02
L8 0.3011414610E+01  0.4563842721E+02  0.2027138785E+01  0.0000000000E+00
L9 0.0000000000E+00  0.0000000000E+00  0.0000000000E+00  0.9853210478E+00  0.0000000000E+00
L0     8000  0.1600000000E+02  -.7560762907E+04  0.1722479549E+04
L1 0.2951279675E+03  0.2951279675E+03  -.9283242455E+10  0.1000000000E+01
L2 0.1000000000E+01  0.3382084375E+02  0.3382084375E+02  0.3382084375E+02
L3 0.2978054721E+05  0.3593278148E+03  -.1463219717E+03  -.3047982058E+03
L4 -.3059745425E+02  0.2927991413E+03  0.2941500280E+03  0.2828995663E+03
L5 0.8698487356E+03  0.2157832954E+03  0.3255116704E+03  0.3482279119E+03
L6 0.8895228777E+03  -.9283242455E+04  0.1385802005E+04  -.1074092017E+05
L7 0.0000000000E+00  0.2727990154E+01  0.9237764156E+01  0.1081948734E+02
L8 0.3121940818E+01  0.4354312486E+02  0.2425401818E+01  0.0000000000E+00
L9 0.0000000000E+00  0.0000000000E+00  0.0000000000E+00  0.9824763425E+00  0.0000000000E+00
L0     9000  0.1800000000E+02  -.7529688303E+04  0.1749365748E+04
L1 0.2997346226E+03  0.2997346226E+03  -.9279054050E+10  0.1000000000E+01
L2 0.1000000000E+01  0.3381400850E+02  0.3381400850E+02  0.3381400850E+02
L3 0.2976216078E+05  0.2746494533E+02  0.4195700485E+03  -.1614175878E+03
L4 0.9520580201E+02  0.3087938601E+03  0.2887582505E+03  0.2742317492E+03
L5 0.8717838598E+03  0.3029108475E+03  0.1988860208E+03  0.3088075217E+03
L6 0.8106043900E+03  -.9279054050E+04  0.1395767800E+04  -.1074886757E+05
L7 0.0000000000E+00  0.2529352427E+01  0.9591863314E+01  0.1067380963E+02
L8 0.3199071607E+01  0.4502042185E+02  0.3031201975E+01  0.0000000000E+00
L9 0.0000000000E+00  0.0000000000E+00  0.0000000000E+00  0.9830832955E+00  0.0000000000E+00
L0    10000  0.2000000000E+02  -.7500592759E+04  0.1790910164E+04
L1 0.3068528024E+03  0.3068528024E+03  -.9291502923E+10  0.1000000000E+01
L2 0.1000000000E+01  0.3379134276E+02  0.3379134276E+02  0.3379134276E+02
L3 0.2970363202E+05  -.8531799837E+03  -.4148544419E+03  0.1038638565E+03
L4 -.3880568564E+03  0.2993130589E+03  0.3028188398E+03  0.3016002556E+03
L5 0.9037321543E+03  0.4817054824E+03  0.3915062311E+03  0.2793962883E+03
L6 0.1152608002E+04  -.9291502923E+04  0.1318784758E+04  -.1068578061E+05
L7 0.0000000000E+00  0.3655805920E+01  0.7853945769E+01  0.1308313510E+02
L8 0.2595625672E+01  0.4333476646E+02  0.4969654472E+01  0.0000000000E+00
L9 0.0000000000E+00  0.0000000000E+00  0.0000000000E+00  0.9850203868E+00  0.0000000000E+00
