L0  Nsteps           time(ps)         Etot             EKinetic        
L1  Temp             T_solute         T_solv           Pres_scal_solu  
L2  Pres_scal_solv   BoxX             BoxY             BoxZ            
L3  volume           pres_X           pres_Y           pres_Z          
L4  Pressure         EKCoM_x          EKCoM_y          EKCoM_z         
L5  EKComTot         VIRIAL_x         VIRIAL_y         VIRIAL_z        
L6  VIRIAL_tot       E_pot            E_vdw            E_el            
L7  E_hbon           E_bon            E_angle          E_dih           
L8  E_14vdw          E_14el           E_const          E_pol           
L9  AV_permMoment    AV_indMoment     AV_totMoment     Density          dV/dlambda      
L0     1000  0.2000000000E+01  -.7345011195E+04  0.1695307111E+04
L1 0.2949920652E+03  0.2949920652E+03  -.9040318306E+10  0.1000000000E+01
L2 0.1000000000E+01  0.3443040445E+02  0.3443040445E+02  0.3443040445E+02
L3 0.3142320890E+05  -.9011957770E+03  -.1022609028E+04  -.1637152842E+04
L4 -.1186985882E+04  0.2646288785E+03  0.2698902745E+03  0.2871885073E+03
L5 0.8217076603E+03  0.4684392407E+03  0.5011589086E+03  0.6574395916E+03
L6 0.1627037741E+04  -.9040318306E+04  0.1271162870E+04  -.1038386722E+05
L7 0.0000000000E+00  0.1566491307E+01  0.6536426607E+01  0.1580143488E+02
L8 0.4643809511E+01  0.4229031851E+02  0.1547563614E+01  0.0000000000E+00
L9 0.0000000000E+00  0.0000000000E+00  0.0000000000E+00  0.9168360751E+00  0.0000000000E+00
L0     2000  0.4000000000E+01  -.7410886647E+04  0.1687226567E+04
L1 0.2935860094E+03  0.2935860094E+03  -.9098113215E+10  0.1000000000E+01
L2 0.1000000000E+01  0.3399572426E+02  0.3399572426E+02  0.3399572426E+02
L3 0.3024569635E+05  -.5562414863E+03  0.1556426047E+03  -.5689237407E+03
L4 -.3231742074E+03  0.2833714187E+03  0.2756652775E+03  0.2783889579E+03
L5 0.8374256541E+03  0.4044545224E+03  0.2417848674E+03  0.4022327451E+03
L6 0.1048472135E+04  -.9098113215E+04  0.1352988020E+04  -.1052238120E+05
L7 0.0000000000E+00  0.4071905119E+01  0.7846622078E+01  0.1120555670E+02
L8 0.3095136621E+01  0.4227869199E+02  0.2782053555E+01  0.0000000000E+00
L9 0.0000000000E+00  0.0000000000E+00  0.0000000000E+00  0.9525299462E+00  0.0000000000E+00
L0     3000  0.6000000000E+01  -.7406685901E+04  0.1747809107E+04
L1 0.3041276797E+03  0.3041276797E+03  -.9154495008E+10  0.1000000000E+01
L2 0.1000000000E+01  0.3375481612E+02  0.3375481612E+02  0.3375481612E+02
L3 0.2960661404E+05  -.6444909235E+03  -.9630711146E+01  0.3963671682E+03
L4 -.8591815549E+02  0.2817300434E+03  0.2816019223E+03  0.3119070330E+03
L5 0.8752389987E+03  0.4190590023E+03  0.2836540467E+03  0.2274486046E+03
L6 0.9301616536E+03  -.9154495008E+04  0.1374289660E+04  -.1060374478E+05
L7 0.0000000000E+00  0.1787961368E+01  0.8535026535E+01  0.1086656863E+02
L8 0.5232099135E+01  0.4559597193E+02  0.2942486057E+01  0.0000000000E+00
L9 0.0000000000E+00  0.0000000000E+00  0.0000000000E+00  0.9730910627E+00  0.0000000000E+00
L0     4000  0.8000000000E+01  -.7529602005E+04  0.1686317064E+04
L1 0.2934277513E+03  0.2934277513E+03  -.9215919069E+10  0.1000000000E+01
L2 0.1000000000E+01  0.3365871713E+02  0.3365871713E+02  0.3365871713E+02
L3 0.2935495090E+05  -.3623430584E+03  -.1182442011E+03  -.3330323445E+03
L4 -.2712065347E+03  0.2861156635E+03  0.2739170104E+03  0.2666201218E+03
L5 0.8266527957E+03  0.3626679001E+03  0.2988984689E+03  0.3369798824E+03
L6 0.9985462514E+03  -.9215919069E+04  0.1361113429E+04  -.1065102581E+05
L7 0.0000000000E+00  0.3624226599E+01  0.6786009860E+01  0.1192753531E+02
L8 0.3707355691E+01  0.4685126932E+02  0.1096916894E+01  0.0000000000E+00
L9 0.0000000000E+00  0.0000000000E+00  0.0000000000E+00  0.9814334766E+00  0.0000000000E+00
L0     5000  0.1000000000E+02  -.7348261469E+04  0.1753458433E+04
L1 0.3051106912E+03  0.3051106912E+03  -.9101719902E+10  0.1000000000E+01
L2 0.1000000000E+01  0.3360523347E+02  0.3360523347E+02  0.3360523347E+02
L3 0.2921392289E+05  0.3548767089E+03  -.1782721442E+03  0.5239773955E+03
L4 0.2335273201E+03  0.2828343129E+03  0.2989935738E+03  0.2894040481E+03
L5 0.8712319349E+03  0.2082196888E+03  0.3364761944E+03  0.1792351488E+03
L6 0.7239310320E+03  -.9101719902E+04  0.1371746750E+04  -.1054551930E+05
L7 0.0000000000E+00  0.4910750580E+01  0.7138477349E+01  0.1008620822E+02
L8 0.3631442313E+01  0.4379815150E+02  0.2487616637E+01  0.0000000000E+00
L9 0.0000000000E+00  0.0000000000E+00  0.0000000000E+00  0.9861712726E+00  0.0000000000E+00
L0     6000  0.1200000000E+02  -.7397821087E+04  0.1723718574E+04
L1 0.2999358044E+03  0.2999358044E+03  -.9121539662E+10  0.1000000000E+01
L2 0.1000000000E+01  0.3368781844E+02  0.3368781844E+02  0.3368781844E+02
L3 0.2943044620E+05  0.5286170887E+03  -.7853036294E+03  0.2560023748E+03
L4 -.2280552769E+00  0.2916965679E+03  0.2754352804E+03  0.3057579693E+03
L5 0.8728898177E+03  0.1797283863E+03  0.4417731103E+03  0.2515332365E+03
L6 0.8730347332E+03  -.9121539662E+04  0.1352244159E+04  -.1054557155E+05
L7 0.0000000000E+00  0.2976527360E+01  0.9699079325E+01  0.1141019900E+02
L8 0.2381325570E+01  0.4265552602E+02  0.2665072811E+01  0.0000000000E+00
L9 0.0000000000E+00  0.0000000000E+00  0.0000000000E+00  0.9789158929E+00  0.0000000000E+00
L0     7000  0.1400000000E+02  -.7500216493E+04  0.1695175612E+04
L1 0.2949691836E+03  0.2949691836E+03  -.9195392104E+10  0.1000000000E+01
L2 0.1000000000E+01  0.3366758623E+02  0.3366758623E+02  0.3366758623E+02
L3 0.2937832646E+05  -.4028721029E+03  -.5609246282E+03  -.3787036417E+02
L4 -.3338890317E+03  0.3015009115E+03  0.2839815949E+03  0.2611928695E+03
L5 0.8466753758E+03  0.3866834990E+03  0.4025825376E+03  0.2692001144E+03
L6 0.1058466151E+04  -.9195392104E+04  0.1343460096E+04  -.1060961340E+05
L7 0.0000000000E+00  0.1617301963E+01  0.7794471794E+01  0.1065351646E+02
L8 0.4028944160E+01  0.4405435424E+02  0.2612613676E+01  0.0000000000E+00
L9 0.0000000000E+00  0.0000000000E+00  0.0000000000E+00  0.9806525760E+00  0.0000000000E+00
L0     8000  0.1600000000E+02  -.7384141744E+04  0.1769320492E+04
L1 0.3078707701E+03  0.3078707701E+03  -.9153462236E+10  0.1000000000E+01
L2 0.1000000000E+01  0.3365539760E+02  0.3365539760E+02  0.3365539760E+02
L3 0.2934544338E+05  0.3919244940E+03  -.1092270726E+03  -.1529439752E+03
L4 0.4325114871E+02  0.2990189370E+03  0.2982540562E+03  0.2904051743E+03
L5 0.8876781675E+03  0.2162438469E+03  0.3213229915E+03  0.3227071904E+03
L6 0.8602740288E+03  -.9153462236E+04  0.1355374812E+04  -.1058153635E+05
L7 0.0000000000E+00  0.3139834890E+01  0.7047601921E+01  0.9020396143E+01
L8 0.4124594494E+01  0.4551155195E+02  0.3855324427E+01  0.0000000000E+00
L9 0.0000000000E+00  0.0000000000E+00  0.0000000000E+00  0.9817514477E+00  0.0000000000E+00
L0     9000  0.1800000000E+02  -.7468785113E+04  0.1688529928E+04
L1 0.2938128008E+03  0.2938128008E+03  -.9157315041E+10  0.1000000000E+01
L2 0.1000000000E+01  0.3359836851E+02  0.3359836851E+02  0.3359836851E+02
L3 0.2919768153E+05  -.1170713273E+04  0.1708129843E+03  -.2101253560E+03
L4 -.4033418817E+03  0.2870909587E+03  0.2894956057E+03  0.2662990997E+03
L5 0.8428856641E+03  0.5331025043E+03  0.2536012777E+03  0.3104544576E+03
L6 0.1097158240E+04  -.9157315041E+04  0.1302555666E+04  -.1053630765E+05
L7 0.0000000000E+00  0.2274578560E+01  0.7908023973E+01  0.1253223653E+02
L8 0.3742549513E+01  0.4624366029E+02  0.3735897020E+01  0.0000000000E+00
L9 0.0000000000E+00  0.0000000000E+00  0.0000000000E+00  0.9867198357E+00  0.0000000000E+00
L0    10000  0.2000000000E+02  -.7373440710E+04  0.1731075538E+04
L1 0.3012159534E+03  0.3012159534E+03  -.9104516248E+10  0.1000000000E+01
L2 0.1000000000E+01  0.3365423108E+02  0.3365423108E+02  0.3365423108E+02
L3 0.2934227411E+05  -.6225946698E+03  0.6789222762E+03  0.2086304520E+03
L4 0.8831935278E+02  0.2764939711E+03  0.3095336188E+03  0.2886716806E+03
L5 0.8746992706E+03  0.4079727761E+03  0.1661596166E+03  0.2446133489E+03
L6 0.8187457416E+03  -.9104516248E+04  0.1358790013E+04  -.1054623810E+05
L7 0.0000000000E+00  0.7666443305E+01  0.1107378234E+02  0.1374087038E+02
L8 0.4458655879E+01  0.4282068573E+02  0.3171402238E+01  0.0000000000E+00
L9 0.0000000000E+00  0.0000000000E+00  0.0000000000E+00  0.9818574869E+00  0.0000000000E+00
