# Final energies generated by paramfit for ../../1_inputfiles/input_scan/fit_topology/fit.prmtop
# Num	Amber+K		Quantum		Initial Amber+K
0	   3.28206	  -0.07222	  -1.08492
1	   2.57347	  -0.00978	  -1.82576
2	   2.45655	  -0.03458	  -1.75950
3	   2.40606	  -0.24708	  -1.55482
4	   2.02106	  -0.21976	  -1.88928
5	  -0.41855	  -0.26788	  -0.70297
6	  -0.67684	  -0.52945	  -0.54519
7	  -0.57433	  -0.37261	  -0.47972
8	  -0.63398	  -0.39941	  -0.45014
9	  -0.33655	  -0.00855	  -0.52778
10	  -0.32619	  -0.22036	  -1.35605
11	  -0.67981	  -0.61114	  -1.05929
12	  -1.04682	  -1.01543	  -0.78684
13	  -1.31984	  -1.31522	  -0.56000
14	  -1.37586	  -1.34121	  -0.42104
15	  -1.08396	  -0.97418	  -0.36949
16	  -1.00893	  -0.85291	  -0.34525
17	  -0.90266	  -0.68360	  -0.39365
18	  -0.70855	  -0.43867	  -0.48404
19	  -0.41805	  -0.09107	  -0.63379
20	  -0.37907	  -0.27284	  -1.62028
21	  -0.72718	  -0.66055	  -1.30429
22	  -1.00979	  -0.98930	  -0.99651
23	  -1.25711	  -1.24950	  -0.74432
24	  -1.48015	  -1.48529	  -0.52532
25	  -1.57597	  -1.56014	  -0.37909
26	  -1.71508	  -1.69569	  -0.26185
27	  -1.60045	  -1.52809	  -0.23913
28	  -1.56276	  -1.45696	  -0.25217
29	  -1.41574	  -1.26899	  -0.32372
30	  -1.25136	  -1.05735	  -0.45155
31	  -1.16430	  -0.92443	  -0.62163
32	  -0.98016	  -0.70611	  -0.81882
33	  -0.54248	  -0.45477	  -2.15630
34	  -0.94342	  -0.90608	  -1.83654
35	  -1.30815	  -1.32135	  -1.50998
36	  -1.62289	  -1.67540	  -1.19793
37	  -1.88967	  -1.97925	  -0.89749
38	  -1.92286	  -2.00685	  -0.65139
39	  -2.01639	  -2.09455	  -0.44533
40	  -2.14028	  -2.20877	  -0.28133
41	  -2.17162	  -2.21473	  -0.17983
42	  -2.15543	  -2.16664	  -0.13239
43	  -2.08104	  -2.05343	  -0.14512
44	  -1.89920	  -1.81299	  -0.23128
45	  -1.61066	  -1.48380	  -0.35086
46	  -1.42983	  -1.23549	  -0.54787
47	  -1.28262	  -1.06239	  -0.72850
48	  -0.96227	  -0.70172	  -0.97655
49	  -0.57478	  -0.26151	  -1.27047
50	  -0.34156	  -0.20612	  -2.42927
51	  -0.69965	  -0.60719	  -2.13942
52	  -1.07282	  -1.04412	  -1.81138
53	  -1.48659	  -1.50461	  -1.49673
54	  -2.02265	  -2.12387	  -1.14365
55	  -2.21285	  -2.33832	  -0.85009
56	  -2.59438	  -2.76751	  -0.56554
57	  -2.76612	  -2.94539	  -0.34561
58	  -2.59099	  -2.72072	  -0.20912
59	  -2.60266	  -2.70683	  -0.10042
60	  -2.61725	  -2.70106	  -0.03701
61	  -2.46531	  -2.49630	  -0.05820
62	  -2.36582	  -2.36105	  -0.11366
63	  -2.05305	  -1.98045	  -0.26126
64	  -1.80138	  -1.67497	  -0.43723
65	  -1.40638	  -1.20936	  -0.68694
66	  -1.02095	  -0.77123	  -0.95623
67	  -0.91821	  -0.66846	  -1.16088
68	  -0.40982	  -0.10341	  -1.50162
69	  -0.20327	  -0.07317	  -2.62008
70	  -0.67338	  -0.58227	  -2.37505
71	  -1.15666	  -1.11383	  -2.08422
72	  -1.68264	  -1.72672	  -1.73960
73	  -2.06109	  -2.16524	  -1.40764
74	  -2.16526	  -2.27281	  -1.11934
75	  -2.58226	  -2.75032	  -0.80408
76	  -2.80904	  -3.01656	  -0.52049
77	  -3.01968	  -3.24001	  -0.29599
78	  -2.92554	  -3.10282	  -0.14538
79	  -3.03443	  -3.21495	  -0.00814
80	  -2.90760	  -3.03888	   0.03405
81	  -2.80705	  -2.89499	   0.02777
82	  -2.57047	  -2.61768	  -0.03029
83	  -2.45287	  -2.43832	  -0.15697
84	  -2.08708	  -2.00840	  -0.34921
85	  -1.72381	  -1.59615	  -0.56926
86	  -1.32600	  -1.13292	  -0.84991
87	  -1.01706	  -0.80046	  -1.10352
88	  -0.72594	  -0.48188	  -1.37272
89	  -0.52424	  -0.42473	  -2.57019
90	  -0.95992	  -0.90057	  -2.32712
91	  -1.38410	  -1.37558	  -2.04190
92	  -1.83277	  -1.87999	  -1.72665
93	  -2.36088	  -2.48364	  -1.38469
94	  -2.44999	  -2.59534	  -1.07459
95	  -2.75409	  -2.94690	  -0.76769
96	  -3.04609	  -3.28253	  -0.48231
97	  -3.22672	  -3.48371	  -0.24574
98	  -3.15388	  -3.37340	  -0.08935
99	  -3.22807	  -3.44015	   0.04426
100	  -3.10907	  -3.28078	   0.09842
101	  -2.95850	  -3.08596	   0.09629
102	  -2.82840	  -2.90941	   0.03831
103	  -2.56169	  -2.59085	  -0.07886
104	  -2.28600	  -2.25925	  -0.25250
105	  -1.90792	  -1.81016	  -0.49533
106	  -1.49898	  -1.35362	  -0.75505
107	  -1.22504	  -1.04893	  -1.00737
108	  -0.92945	  -0.72896	  -1.28178
109	  -0.27818	  -0.04086	  -1.62174
110	  -0.36834	  -0.01998	  -2.44757
111	  -0.47868	  -0.13269	  -2.43074
112	  -0.51610	  -0.19446	  -2.37728
113	  -0.46113	  -0.20577	  -2.26914
114	  -0.35311	  -0.17061	  -2.14513
115	  -0.18342	  -0.10794	  -1.98069
116	  -0.28877	  -0.20891	  -2.68785
117	  -0.75072	  -0.67433	  -2.52856
118	  -1.18962	  -1.14141	  -2.30003
119	  -1.59156	  -1.60265	  -2.00875
120	  -2.03680	  -2.11617	  -1.68204
121	  -2.50407	  -2.65112	  -1.34848
122	  -2.60450	  -2.77493	  -1.04090
123	  -3.00063	  -3.23322	  -0.72470
124	  -3.20071	  -3.46627	  -0.44459
125	  -3.27663	  -3.54846	  -0.21391
126	  -3.25807	  -3.50699	  -0.04327
127	  -3.30393	  -3.54710	   0.09423
128	  -3.21769	  -3.42515	   0.15859
129	  -3.02977	  -3.20260	   0.17067
130	  -2.86145	  -2.97035	   0.10015
131	  -2.59479	  -2.65492	  -0.01193
132	  -2.35690	  -2.36791	  -0.16888
133	  -1.94665	  -1.88512	  -0.41633
134	  -1.55887	  -1.45259	  -0.66978
135	  -1.38140	  -1.26253	  -0.88093
136	  -0.89512	  -0.72174	  -1.21368
137	  -0.23504	  -0.00758	  -1.58458
138	  -0.43661	  -0.13281	  -2.37512
139	  -0.59227	  -0.26694	  -2.39885
140	  -0.72483	  -0.39269	  -2.39191
141	  -0.74823	  -0.46146	  -2.31692
142	  -0.88066	  -0.66616	  -2.20358
143	  -0.65045	  -0.48291	  -2.10593
144	  -0.40657	  -0.34910	  -1.93829
145	  -0.17378	  -0.23782	  -1.75718
146	  -0.44404	  -0.38454	  -2.64558
147	  -0.88602	  -0.83942	  -2.47762
148	  -1.29599	  -1.29719	  -2.23714
149	  -1.72188	  -1.76261	  -1.96576
150	  -2.24918	  -2.36559	  -1.63348
151	  -2.48568	  -2.64767	  -1.31539
152	  -2.64848	  -2.85631	  -0.98876
153	  -3.10584	  -3.38689	  -0.67145
154	  -3.25338	  -3.55285	  -0.40001
155	  -3.23996	  -3.52497	  -0.18080
156	  -3.25841	  -3.54646	   0.01397
157	  -3.31253	  -3.58648	   0.14618
158	  -3.18054	  -3.41625	   0.21267
159	  -3.01254	  -3.21799	   0.23243
160	  -2.85252	  -3.02369	   0.19622
161	  -2.55866	  -2.64945	   0.05542
162	  -2.59798	  -2.68352	  -0.02834
163	  -1.94677	  -1.92389	  -0.33155
164	  -1.53686	  -1.45537	  -0.59903
165	  -1.34333	  -1.26261	  -0.80006
166	  -0.81802	  -0.66644	  -1.15271
167	  -0.28701	  -0.10425	  -1.47564
168	  -0.34257	  -0.08085	  -2.29541
169	  -0.62380	  -0.32446	  -2.34950
170	  -0.77993	  -0.47651	  -2.35618
171	  -0.90646	  -0.61347	  -2.33182
172	  -0.97124	  -0.70390	  -2.27750
173	  -0.97038	  -0.75306	  -2.18640
174	  -0.78876	  -0.65225	  -2.05376
175	  -0.57017	  -0.53874	  -1.89013
176	  -0.34481	  -0.42430	  -1.71949
177	   0.02976	  -0.15805	  -1.55648
178	  -0.08383	  -0.05549	  -2.69266
179	  -0.51629	  -0.48518	  -2.59582
180	  -0.94321	  -0.93046	  -2.42998
181	  -1.36621	  -1.39107	  -2.20044
182	  -1.86790	  -1.95309	  -1.90689
183	  -2.17131	  -2.30956	  -1.60891
184	  -2.40179	  -2.57510	  -1.28968
185	  -2.86957	  -3.13022	  -0.94954
186	  -3.02804	  -3.32238	  -0.64696
187	  -3.17954	  -3.50149	  -0.36822
188	  -3.14822	  -3.46428	  -0.13759
189	  -3.17858	  -3.50094	   0.06233
190	  -3.15682	  -3.45410	   0.18998
191	  -3.07332	  -3.33919	   0.26470
192	  -2.92698	  -3.14954	   0.27613
193	  -2.74394	  -2.95458	   0.26477
194	  -2.46387	  -2.58894	   0.12173
195	  -2.47998	  -2.59725	   0.03344
196	  -1.89800	  -1.92101	  -0.23745
197	  -1.46502	  -1.42990	  -0.50341
198	  -1.18223	  -1.11483	  -0.74853
199	  -0.67822	  -0.54818	  -1.08896
200	  -0.52932	  -0.31816	  -2.22906
201	  -0.76322	  -0.49684	  -2.30376
202	  -0.94776	  -0.65721	  -2.33050
203	  -1.07525	  -0.81122	  -2.29011
204	  -1.31217	  -1.10779	  -2.20247
205	  -1.10374	  -0.92539	  -2.13524
206	  -0.91151	  -0.80961	  -2.00694
207	  -0.70274	  -0.69096	  -1.85687
208	  -0.46719	  -0.57071	  -1.68150
209	  -0.07643	  -0.28629	  -1.51874
210	   0.28303	  -0.04405	  -1.35629
211	  -0.10816	  -0.11212	  -2.64356
212	  -0.53347	  -0.53195	  -2.55291
213	  -0.95173	  -0.97893	  -2.37905
214	  -1.45704	  -1.53418	  -2.13697
215	  -1.93367	  -2.06156	  -1.87043
216	  -2.04394	  -2.20513	  -1.56627
217	  -2.45502	  -2.67800	  -1.24696
218	  -2.70143	  -2.99062	  -0.91580
219	  -2.92916	  -3.27216	  -0.59454
220	  -2.96442	  -3.29864	  -0.34451
221	  -2.99477	  -3.34890	  -0.09044
222	  -3.02906	  -3.38578	   0.10927
223	  -2.99020	  -3.32101	   0.23873
224	  -2.87914	  -3.18343	   0.31976
225	  -2.81713	  -3.08566	   0.34100
226	  -2.58929	  -2.80755	   0.29436
227	  -2.27544	  -2.44362	   0.19125
228	  -1.98560	  -2.09001	   0.02257
229	  -1.59915	  -1.64023	  -0.20106
230	  -1.47639	  -1.50858	  -0.37089
231	  -0.98147	  -0.95345	  -0.67821
232	  -0.47603	  -0.38934	  -1.01348
233	  -0.66128	  -0.46880	  -2.21077
234	  -0.89402	  -0.65614	  -2.27518
235	  -1.08843	  -0.82024	  -2.30818
236	  -1.18827	  -0.94623	  -2.26835
237	  -1.31483	  -1.08577	  -2.22807
238	  -1.20909	  -1.04228	  -2.12364
239	  -1.04020	  -0.95101	  -1.99240
240	  -0.82278	  -0.82110	  -1.84464
241	  -0.50431	  -0.62862	  -1.65630
242	  -0.16491	  -0.39619	  -1.49148
243	   0.20172	  -0.14640	  -1.32849
244	  -0.09091	  -0.13781	  -2.59148
245	  -0.52049	  -0.55910	  -2.50843
246	  -1.03281	  -1.10524	  -2.32716
247	  -1.49462	  -1.61687	  -2.09696
248	  -1.63930	  -1.77726	  -1.84312
249	  -2.02185	  -2.21841	  -1.53942
250	  -2.41914	  -2.69441	  -1.20833
251	  -2.59890	  -2.91828	  -0.88726
252	  -2.74614	  -3.10048	  -0.58434
253	  -2.74926	  -3.12405	  -0.30011
254	  -2.80280	  -3.18916	  -0.05413
255	  -2.86952	  -3.24022	   0.12555
256	  -2.77063	  -3.14006	   0.28298
257	  -2.67384	  -2.99919	   0.34716
258	  -2.53950	  -2.83880	   0.38001
259	  -2.25756	  -2.51169	   0.33920
260	  -2.07875	  -2.28224	   0.24272
261	  -1.70622	  -1.82591	   0.04978
262	  -1.34566	  -1.41267	  -0.16175
263	  -1.22193	  -1.26851	  -0.34353
264	  -0.77867	  -0.76711	  -0.64172
265	  -0.25012	  -0.18874	  -0.97369
266	  -0.80099	  -0.62361	  -2.21148
267	  -1.04634	  -0.81680	  -2.28310
268	  -1.22830	  -0.98126	  -2.30399
269	  -1.35896	  -1.11967	  -2.28272
270	  -1.38400	  -1.18288	  -2.21635
271	  -1.35221	  -1.21653	  -2.10871
272	  -1.16201	  -1.09702	  -1.98353
273	  -0.91280	  -0.94571	  -1.82362
274	  -0.58914	  -0.73856	  -1.64306
275	  -0.24079	  -0.49601	  -1.47656
276	   0.12945	  -0.23801	  -1.31649
277	  -0.10092	  -0.16343	  -2.58028
278	  -0.61855	  -0.69854	  -2.47080
279	  -1.07331	  -1.17194	  -2.31566
280	  -1.22886	  -1.32822	  -2.11348
281	  -1.55916	  -1.72062	  -1.84297
282	  -2.00487	  -2.25401	  -1.50763
283	  -2.22841	  -2.51281	  -1.21114
284	  -2.43042	  -2.76773	  -0.88416
285	  -2.46991	  -2.84124	  -0.57226
286	  -2.54761	  -2.94401	  -0.29038
287	  -2.60256	  -3.01463	  -0.04366
288	  -2.64983	  -3.04322	   0.13702
289	  -2.54840	  -2.93469	   0.28799
290	  -2.43869	  -2.79538	   0.37008
291	  -2.28134	  -2.61273	   0.40509
292	  -2.01115	  -2.28493	   0.35297
293	  -2.15519	  -2.41499	   0.31207
294	  -1.46836	  -1.61939	   0.07788
295	  -1.10393	  -1.19057	  -0.14054
296	  -0.95027	  -1.00960	  -0.33617
297	  -0.54103	  -0.54641	  -0.61931
298	  -0.98341	  -0.79424	  -2.26193
299	  -1.22164	  -0.98966	  -2.32453
300	  -1.39394	  -1.15579	  -2.33425
301	  -1.51421	  -1.28085	  -2.31606
302	  -1.52292	  -1.31310	  -2.26363
303	  -1.44932	  -1.29250	  -2.16752
304	  -1.31098	  -1.23964	  -2.02679
305	  -1.04294	  -1.07836	  -1.85478
306	  -0.71550	  -0.85563	  -1.68442
307	  -0.33782	  -0.60262	  -1.49583
308	   0.04240	  -0.33673	  -1.33214
309	   0.39046	  -0.08947	  -1.20062
310	  -0.24211	  -0.34131	  -2.56361
311	  -0.67036	  -0.77078	  -2.47697
312	  -0.81820	  -0.89612	  -2.35071
313	  -1.13016	  -1.23570	  -2.13665
314	  -1.62525	  -1.81886	  -1.84052
315	  -1.85503	  -2.08238	  -1.56361
316	  -2.11065	  -2.39879	  -1.24044
317	  -2.20835	  -2.54234	  -0.91595
318	  -2.29272	  -2.66119	  -0.60755
319	  -2.36637	  -2.76646	  -0.31467
320	  -2.42099	  -2.82864	  -0.07937
321	  -2.40820	  -2.80491	   0.11111
322	  -2.32975	  -2.72903	   0.26960
323	  -2.29388	  -2.66568	   0.35432
324	  -2.06180	  -2.38396	   0.36607
325	  -1.88777	  -2.15228	   0.31687
326	  -1.74898	  -1.98004	   0.24885
327	  -1.38402	  -1.55747	   0.08755
328	  -0.88515	  -0.99011	  -0.14568
329	  -0.71356	  -0.78497	  -0.34717
330	  -0.31770	  -0.32834	  -0.64171
331	  -1.21039	  -0.99031	  -2.35631
332	  -1.46155	  -1.19078	  -2.42767
333	  -1.62952	  -1.35360	  -2.43587
334	  -1.74977	  -1.46959	  -2.42775
335	  -1.71696	  -1.48603	  -2.34999
336	  -1.64917	  -1.46640	  -2.25539
337	  -1.49111	  -1.41177	  -2.09706
338	  -1.22271	  -1.22837	  -1.94537
339	  -0.85881	  -0.99152	  -1.74893
340	  -0.48996	  -0.73017	  -1.57579
341	  -0.09646	  -0.45827	  -1.40100
342	   0.26066	  -0.20670	  -1.26221
343	   0.11892	  -0.00315	  -2.61536
344	  -0.29824	  -0.38259	  -2.62393
345	  -0.65752	  -0.74615	  -2.53667
346	  -0.79837	  -0.84329	  -2.43143
347	  -1.20682	  -1.31418	  -2.20127
348	  -1.60475	  -1.77607	  -1.92368
349	  -1.79955	  -2.01153	  -1.63431
350	  -1.98303	  -2.24706	  -1.31632
351	  -2.06100	  -2.36947	  -0.99269
352	  -2.17721	  -2.51046	  -0.69567
353	  -2.23296	  -2.60801	  -0.39781
354	  -2.27182	  -2.65972	  -0.15560
355	  -2.25382	  -2.62516	   0.03064
356	  -2.19107	  -2.54459	   0.16812
357	  -2.09833	  -2.44153	   0.26957
358	  -1.89521	  -2.19488	   0.28818
359	  -1.72620	  -1.97036	   0.24181
360	  -1.38215	  -1.57438	   0.14448
361	  -1.20471	  -1.34458	  -0.00068
362	  -0.75762	  -0.83428	  -0.21957
363	  -0.59058	  -0.64568	  -0.40767
364	  -0.14304	  -0.13688	  -0.70335
365	  -1.49966	  -1.21474	  -2.51310
366	  -1.73674	  -1.41789	  -2.56730
367	  -1.91486	  -1.57414	  -2.59498
368	  -2.00346	  -1.68089	  -2.56380
369	  -1.96374	  -1.67713	  -2.49676
370	  -1.88878	  -1.65214	  -2.39999
371	  -1.73385	  -1.59607	  -2.24637
372	  -1.44631	  -1.39976	  -2.08312
373	  -1.07392	  -1.15332	  -1.88671
374	  -0.68613	  -0.88846	  -1.69534
375	  -0.31673	  -0.64146	  -1.51965
376	   0.06224	  -0.36281	  -1.38055
377	   0.41108	  -0.10039	  -1.28719
378	   0.54452	  -0.04793	  -1.22793
379	  -0.06070	  -0.13730	  -2.72929
380	  -0.42101	  -0.45768	  -2.74360
381	  -0.52235	  -0.51967	  -2.69100
382	  -0.82706	  -0.82503	  -2.55312
383	  -1.33729	  -1.40473	  -2.32442
384	  -1.54839	  -1.63561	  -2.08122
385	  -1.81234	  -1.95063	  -1.78953
386	  -1.95064	  -2.13442	  -1.47891
387	  -2.03233	  -2.26008	  -1.15468
388	  -2.12946	  -2.39592	  -0.84303
389	  -2.19147	  -2.48280	  -0.56547
390	  -2.21718	  -2.52441	  -0.32004
391	  -2.17588	  -2.48054	  -0.12426
392	  -2.11570	  -2.39644	   0.00804
393	  -1.99971	  -2.27153	   0.11133
394	  -1.79162	  -2.01647	   0.12713
395	  -1.59975	  -1.78398	   0.09801
396	  -1.34293	  -1.46352	  -0.00979
397	  -1.18296	  -1.28167	  -0.11339
398	  -0.70656	  -0.73374	  -0.34250
399	  -0.47407	  -0.47489	  -0.54301
400	  -1.84239	  -1.46137	  -2.72766
401	  -2.08614	  -1.66184	  -2.79258
402	  -2.23394	  -1.80492	  -2.80091
403	  -2.32096	  -1.90073	  -2.78095
404	  -2.26298	  -1.88188	  -2.71046
405	  -2.16853	  -1.85327	  -2.59843
406	  -2.00581	  -1.77764	  -2.45288
407	  -1.70592	  -1.59313	  -2.26806
408	  -1.34899	  -1.33717	  -2.09161
409	  -0.96881	  -1.08221	  -1.89663
410	  -0.58870	  -0.83887	  -1.70242
411	  -0.21414	  -0.56633	  -1.56154
412	   0.12799	  -0.31003	  -1.46383
413	   0.34451	  -0.16153	  -1.41615
414	   0.44535	  -0.11837	  -1.41591
415	  -0.21855	  -0.19881	  -2.92319
416	  -0.55940	  -0.49882	  -2.94191
417	  -0.67620	  -0.55956	  -2.90607
418	  -0.94361	  -0.85073	  -2.74651
419	  -1.32481	  -1.26402	  -2.54119
420	  -1.64785	  -1.63462	  -2.29234
421	  -1.87436	  -1.91765	  -2.00142
422	  -1.98229	  -2.05711	  -1.69730
423	  -2.06152	  -2.19605	  -1.35996
424	  -2.16759	  -2.32258	  -1.07287
425	  -2.21557	  -2.39825	  -0.79016
426	  -2.22489	  -2.43091	  -0.53688
427	  -2.17952	  -2.37825	  -0.34754
428	  -2.10839	  -2.29071	  -0.20631
429	  -1.98411	  -2.14643	  -0.11334
430	  -1.77055	  -1.89808	  -0.08472
431	  -1.58386	  -1.66939	  -0.11618
432	  -1.24840	  -1.25314	  -0.24192
433	  -0.94080	  -0.90321	  -0.38321
434	  -0.83726	  -0.79949	  -0.49668
435	  -0.43011	  -0.33992	  -0.73888
436	  -2.22020	  -1.72259	  -2.98728
437	  -2.42516	  -1.90310	  -3.03555
438	  -2.56415	  -2.02428	  -3.05976
439	  -2.64775	  -2.11392	  -3.04123
440	  -2.57785	  -2.08455	  -2.96696
441	  -2.47894	  -2.05338	  -2.85294
442	  -2.34045	  -2.01018	  -2.70189
443	  -2.01432	  -1.80360	  -2.50872
444	  -1.66476	  -1.55701	  -2.32940
445	  -1.28768	  -1.31004	  -2.12544
446	  -0.90139	  -1.05137	  -1.94022
447	  -0.57381	  -0.81909	  -1.80455
448	  -0.23639	  -0.57464	  -1.69678
449	   0.01208	  -0.39078	  -1.65227
450	   0.26461	  -0.17721	  -1.67039
451	   0.41416	  -0.01665	  -1.77701
452	  -0.35107	  -0.20794	  -3.17620
453	  -0.81330	  -0.63405	  -3.18827
454	  -0.88256	  -0.64213	  -3.16144
455	  -1.15302	  -0.90990	  -3.03110
456	  -1.60895	  -1.42241	  -2.81556
457	  -1.80739	  -1.66485	  -2.56089
458	  -2.00018	  -1.92076	  -2.26337
459	  -2.09502	  -2.03833	  -1.96899
460	  -2.16768	  -2.17239	  -1.63031
461	  -2.25091	  -2.28853	  -1.33531
462	  -2.29019	  -2.35324	  -1.05592
463	  -2.30250	  -2.37792	  -0.81087
464	  -2.24757	  -2.31601	  -0.62440
465	  -2.17004	  -2.22396	  -0.48049
466	  -2.05113	  -2.07878	  -0.39557
467	  -1.82323	  -1.82251	  -0.35834
468	  -1.76136	  -1.73270	  -0.37166
469	  -1.28707	  -1.17729	  -0.49687
470	  -0.96837	  -0.80553	  -0.64611
471	  -0.84775	  -0.69593	  -0.74790
472	  -0.43368	  -0.22309	  -1.00003
473	  -2.58796	  -1.97890	  -3.26492
474	  -2.78070	  -2.12817	  -3.33130
475	  -2.87749	  -2.21748	  -3.34521
476	  -2.88899	  -2.24556	  -3.31482
477	  -2.88940	  -2.28263	  -3.24743
478	  -2.79661	  -2.25797	  -3.13395
479	  -2.64909	  -2.19522	  -2.99077
480	  -2.35595	  -2.02452	  -2.79255
481	  -2.00622	  -1.79524	  -2.59823
482	  -1.65936	  -1.56443	  -2.40825
483	  -1.30506	  -1.32614	  -2.23013
484	  -0.98074	  -1.11488	  -2.07977
485	  -0.67168	  -0.88712	  -1.98223
486	  -0.41803	  -0.69640	  -1.93770
487	  -0.19514	  -0.51437	  -1.95134
488	  -0.02939	  -0.33425	  -2.05978
489	  -0.07993	  -0.35714	  -2.20494
490	  -0.09421	  -0.20823	  -2.67407
491	  -0.31209	  -0.07028	  -3.39432
492	  -0.58186	  -0.26947	  -3.50125
493	  -1.03227	  -0.70402	  -3.49273
494	  -1.13512	  -0.75928	  -3.44988
495	  -1.37629	  -0.99417	  -3.32578
496	  -1.82547	  -1.50791	  -3.11083
497	  -1.99659	  -1.72130	  -2.85711
498	  -2.18446	  -1.95465	  -2.57384
499	  -2.25648	  -2.05927	  -2.28046
500	  -2.33688	  -2.17983	  -1.96324
501	  -2.39792	  -2.28518	  -1.65739
502	  -2.41972	  -2.33908	  -1.36835
503	  -2.42580	  -2.35629	  -1.13279
504	  -2.35616	  -2.28396	  -0.93592
505	  -2.26645	  -2.18566	  -0.78817
506	  -2.14050	  -2.04667	  -0.68682
507	  -1.92057	  -1.77565	  -0.67294
508	  -1.81655	  -1.66357	  -0.66337
509	  -1.34657	  -1.10859	  -0.78921
510	  -1.01595	  -0.72935	  -0.92975
511	  -0.88345	  -0.59661	  -1.04261
512	  -0.44064	  -0.12294	  -1.25341
513	  -2.92397	  -2.21356	  -3.55028
514	  -3.17221	  -2.43308	  -3.60275
515	  -3.10149	  -2.34339	  -3.63168
516	  -3.14567	  -2.39018	  -3.61448
517	  -3.16200	  -2.44742	  -3.54071
518	  -3.11588	  -2.46203	  -3.43748
519	  -2.96111	  -2.40806	  -3.27694
520	  -2.67085	  -2.22347	  -3.09260
521	  -2.35644	  -2.02884	  -2.90091
522	  -2.03421	  -1.82928	  -2.70149
523	  -1.72231	  -1.64090	  -2.52708
524	  -1.40748	  -1.42942	  -2.38208
525	  -1.11993	  -1.22541	  -2.27490
526	  -0.90077	  -1.06276	  -2.23662
527	  -0.68971	  -0.88635	  -2.25227
528	  -0.48507	  -0.66821	  -2.35826
529	  -0.33232	  -0.46246	  -2.53785
530	  -0.18872	  -0.24023	  -2.75640
531	  -0.29485	  -0.24116	  -3.01527
532	  -0.24911	  -0.07373	  -3.29832
533	  -0.38633	  -0.09279	  -3.53710
534	  -0.57248	  -0.20239	  -3.69939
535	  -0.85035	  -0.41301	  -3.80308
536	  -1.33759	  -0.88120	  -3.79716
537	  -1.42339	  -0.91864	  -3.75872
538	  -1.60748	  -1.09137	  -3.63910
539	  -2.00688	  -1.54679	  -3.43871
540	  -2.20831	  -1.78602	  -3.19269
541	  -2.37766	  -2.00746	  -2.90411
542	  -2.42720	  -2.10717	  -2.59376
543	  -2.48794	  -2.20501	  -2.28170
544	  -2.54761	  -2.29891	  -1.98351
545	  -2.56195	  -2.35168	  -1.69768
546	  -2.56635	  -2.37005	  -1.45209
547	  -2.46657	  -2.26712	  -1.25941
548	  -2.37329	  -2.16054	  -1.11221
549	  -2.24273	  -2.01108	  -1.01465
550	  -2.03731	  -1.78390	  -0.96586
551	  -1.78251	  -1.49493	  -0.98231
552	  -1.42281	  -1.06947	  -1.08082
553	  -1.29698	  -0.94958	  -1.14038
554	  -0.73187	  -0.29622	  -1.37720
555	  -0.45179	  -0.17104	  -2.78916
556	  -3.06209	  -2.26421	  -3.83549
557	  -3.20490	  -2.38432	  -3.88043
558	  -3.24868	  -2.41170	  -3.90602
559	  -3.36515	  -2.54120	  -3.87954
560	  -3.41101	  -2.62516	  -3.81561
561	  -3.36288	  -2.63694	  -3.70806
562	  -3.24563	  -2.62392	  -3.54631
563	  -2.96162	  -2.44123	  -3.36918
564	  -2.66412	  -2.24931	  -3.18711
565	  -2.36652	  -2.08635	  -2.98593
566	  -2.11633	  -1.94934	  -2.81054
567	  -1.82601	  -1.76210	  -2.66730
568	  -1.54495	  -1.55861	  -2.56832
569	  -1.32368	  -1.39132	  -2.52227
570	  -1.13499	  -1.22409	  -2.54966
571	  -0.90525	  -0.99000	  -2.64665
572	  -0.69958	  -0.72223	  -2.83744
573	  -0.80879	  -0.77587	  -3.02159
574	  -0.82327	  -0.69182	  -3.27428
575	  -0.56468	  -0.29531	  -3.57696
576	  -0.67470	  -0.28704	  -3.82274
577	  -0.86222	  -0.36842	  -4.00948
578	  -1.13288	  -0.57404	  -4.11236
579	  -1.48683	  -0.91356	  -4.10377
580	  -1.68711	  -1.08248	  -4.07731
581	  -1.80722	  -1.18399	  -3.94283
582	  -2.22819	  -1.65878	  -3.74587
583	  -2.36345	  -1.84453	  -3.49364
584	  -2.52998	  -2.06727	  -3.20282
585	  -2.57749	  -2.16268	  -2.89637
586	  -2.61904	  -2.23279	  -2.59318
587	  -2.81824	  -2.51859	  -2.26813
588	  -2.66350	  -2.35711	  -2.00330
589	  -2.61429	  -2.32226	  -1.75880
590	  -2.52674	  -2.24843	  -1.55028
591	  -2.42280	  -2.13285	  -1.39471
592	  -2.27693	  -1.96785	  -1.29619
593	  -1.99223	  -1.63235	  -1.27145
594	  -1.78261	  -1.41571	  -1.25738
595	  -1.41053	  -0.98398	  -1.34330
596	  -1.23525	  -0.78927	  -1.42516
597	  -0.66073	  -0.14042	  -1.64421
598	  -0.63656	  -0.23415	  -3.10955
599	  -3.09463	  -2.29836	  -4.03466
600	  -3.22413	  -2.38439	  -4.10240
601	  -3.35163	  -2.49029	  -4.13276
602	  -3.51853	  -2.66371	  -4.11712
603	  -3.60501	  -2.80362	  -4.03411
604	  -3.53924	  -2.79031	  -3.93725
605	  -3.37856	  -2.71363	  -3.78366
606	  -3.17073	  -2.61504	  -3.60179
607	  -2.85955	  -2.41105	  -3.41339
608	  -2.56611	  -2.24392	  -3.21501
609	  -2.37211	  -2.16035	  -3.05235
610	  -2.08000	  -1.97418	  -2.90294
611	  -1.80829	  -1.78353	  -2.80269
612	  -1.60980	  -1.60841	  -2.78104
613	  -1.46746	  -1.50302	  -2.79785
614	  -1.22301	  -1.23898	  -2.90823
615	  -0.99812	  -0.94925	  -3.10279
616	  -0.96520	  -0.83367	  -3.31532
617	  -0.86739	  -0.64306	  -3.57504
618	  -0.83284	  -0.48758	  -3.85033
619	  -0.90584	  -0.44482	  -4.08872
620	  -1.05881	  -0.50259	  -4.27575
621	  -1.26550	  -0.64257	  -4.37941
622	  -1.55992	  -0.89852	  -4.40034
623	  -1.96276	  -1.30597	  -4.32387
624	  -1.95606	  -1.26232	  -4.22476
625	  -2.29670	  -1.67857	  -4.00645
626	  -2.46734	  -1.88914	  -3.76505
627	  -2.61856	  -2.10052	  -3.47729
628	  -2.66101	  -2.19681	  -3.16168
629	  -2.67571	  -2.24971	  -2.85775
630	  -2.70301	  -2.31079	  -2.55669
631	  -2.69509	  -2.34642	  -2.26900
632	  -2.62131	  -2.29628	  -2.01519
633	  -2.54276	  -2.21070	  -1.81771
634	  -2.39277	  -2.07100	  -1.64441
635	  -2.21764	  -1.87656	  -1.54096
636	  -1.93794	  -1.55913	  -1.49987
637	  -1.73417	  -1.33831	  -1.48374
638	  -1.32051	  -0.85449	  -1.57385
639	  -1.10501	  -0.61974	  -1.65397
640	  -0.82238	  -0.39634	  -3.34315
641	  -3.08853	  -2.32505	  -4.21148
642	  -3.20534	  -2.39461	  -4.28193
643	  -3.38184	  -2.54963	  -4.30979
644	  -3.53225	  -2.71510	  -4.27735
645	  -3.70265	  -2.93509	  -4.20105
646	  -3.63090	  -2.91913	  -4.09622
647	  -3.43375	  -2.79210	  -3.95492
648	  -3.21398	  -2.67252	  -3.78357
649	  -2.93160	  -2.50523	  -3.58024
650	  -2.63654	  -2.31059	  -3.40072
651	  -2.36706	  -2.13928	  -3.23353
652	  -2.09336	  -1.98341	  -3.08308
653	  -1.85749	  -1.78956	  -3.01308
654	  -1.69281	  -1.68942	  -2.96674
655	  -1.53641	  -1.55536	  -2.99863
656	  -1.30181	  -1.29967	  -3.12041
657	  -1.08059	  -1.01890	  -3.31086
658	  -1.07777	  -0.92545	  -3.53512
659	  -1.03893	  -0.79318	  -3.79521
660	  -0.99803	  -0.63633	  -4.06431
661	  -1.01031	  -0.53224	  -4.31273
662	  -1.14566	  -0.57639	  -4.49450
663	  -1.33005	  -0.69875	  -4.59654
664	  -1.60229	  -0.93879	  -4.61610
665	  -1.98430	  -1.35572	  -4.51165
666	  -1.99460	  -1.31393	  -4.43007
667	  -2.25658	  -1.63517	  -4.23155
668	  -2.51755	  -1.96524	  -3.96610
669	  -2.59831	  -2.09520	  -3.68390
670	  -2.65722	  -2.23254	  -3.35484
671	  -2.63783	  -2.25379	  -3.04448
672	  -2.63283	  -2.28945	  -2.74483
673	  -2.63453	  -2.32192	  -2.46357
674	  -2.52180	  -2.23705	  -2.20057
675	  -2.41917	  -2.14025	  -1.99153
676	  -2.33852	  -2.05814	  -1.82968
677	  -2.09743	  -1.79920	  -1.71040
678	  -1.80500	  -1.45997	  -1.67431
679	  -1.72499	  -1.37437	  -1.63224
680	  -1.08644	  -0.64770	  -1.73835
681	  -0.93344	  -0.47773	  -1.79912
682	  -0.41068	  -0.05934	  -3.43492
683	  -0.95341	  -0.55520	  -3.52427
684	  -2.94510	  -2.27635	  -4.31955
685	  -3.08749	  -2.37630	  -4.38380
686	  -3.31061	  -2.58422	  -4.40069
687	  -3.52036	  -2.80202	  -4.37866
688	  -3.84507	  -3.18973	  -4.27815
689	  -3.51623	  -2.87321	  -4.21399
690	  -3.37512	  -2.80149	  -4.07385
691	  -3.42127	  -2.96443	  -3.87400
692	  -2.88864	  -2.49818	  -3.70684
693	  -2.57241	  -2.28465	  -3.52594
694	  -2.32524	  -2.12852	  -3.36571
695	  -2.00452	  -1.87776	  -3.24666
696	  -1.70378	  -1.67041	  -3.14652
697	  -1.49650	  -1.50057	  -3.13352
698	  -1.35386	  -1.37877	  -3.16910
699	  -1.36042	  -1.38911	  -3.26103
700	  -1.06053	  -1.03117	  -3.46358
701	  -0.96916	  -0.83321	  -3.71551
702	  -1.10047	  -0.89351	  -3.93955
703	  -0.95310	  -0.63869	  -4.22358
704	  -0.95356	  -0.53814	  -4.46012
705	  -1.05582	  -0.56607	  -4.62443
706	  -1.23515	  -0.68364	  -4.73377
707	  -1.45419	  -0.86917	  -4.75862
708	  -1.84581	  -1.28311	  -4.66623
709	  -1.98499	  -1.41569	  -4.54840
710	  -2.03607	  -1.48353	  -4.36551
711	  -2.39594	  -1.94418	  -4.09469
712	  -2.46168	  -2.05943	  -3.81869
713	  -2.52373	  -2.19934	  -3.49145
714	  -2.51314	  -2.22108	  -3.19194
715	  -2.48415	  -2.24203	  -2.87731
716	  -2.39414	  -2.19010	  -2.58410
717	  -2.31022	  -2.13226	  -2.32398
718	  -2.18946	  -2.01362	  -2.11627
719	  -2.09588	  -1.92231	  -1.93972
720	  -1.80682	  -1.60524	  -1.82860
721	  -1.53683	  -1.29268	  -1.77448
722	  -1.37994	  -1.11330	  -1.74793
723	  -0.77698	  -0.42571	  -1.83595
724	  -0.45770	  -0.24401	  -3.52010
725	  -0.94435	  -0.67119	  -3.61992
726	  -2.72686	  -2.23315	  -4.33936
727	  -3.16903	  -2.65435	  -4.37488
728	  -3.30634	  -2.74982	  -4.41474
729	  -3.28963	  -2.69514	  -4.43491
730	  -3.30461	  -2.71963	  -4.38136
731	  -3.20491	  -2.64104	  -4.29631
732	  -3.01656	  -2.52046	  -4.15104
733	  -2.83891	  -2.41648	  -4.00173
734	  -2.69822	  -2.36501	  -3.81679
735	  -2.31226	  -2.08612	  -3.63037
736	  -2.02377	  -1.87563	  -3.48178
737	  -1.69889	  -1.63613	  -3.34075
738	  -1.41079	  -1.40621	  -3.27451
739	  -1.14606	  -1.18142	  -3.27081
740	  -0.91276	  -0.97257	  -3.32094
741	  -0.83060	  -0.87445	  -3.43977
742	  -0.83249	  -0.85619	  -3.58993
743	  -0.66924	  -0.64308	  -3.81358
744	  -0.64400	  -0.50846	  -4.07640
745	  -0.74950	  -0.55895	  -4.30301
746	  -0.76655	  -0.47060	  -4.54513
747	  -0.82822	  -0.46461	  -4.71187
748	  -1.00169	  -0.58355	  -4.81179
749	  -1.20532	  -0.76848	  -4.82629
750	  -1.46184	  -1.03961	  -4.75588
751	  -1.83637	  -1.45749	  -4.59502
752	  -1.77482	  -1.39498	  -4.41448
753	  -2.06656	  -1.78087	  -4.15219
754	  -2.17519	  -1.94404	  -3.87221
755	  -2.26152	  -2.12148	  -3.53890
756	  -2.25045	  -2.16342	  -3.22704
757	  -2.14870	  -2.09330	  -2.92671
758	  -2.06139	  -2.04847	  -2.62331
759	  -1.95994	  -1.96181	  -2.37805
760	  -1.89427	  -1.91118	  -2.15570
761	  -1.67586	  -1.68032	  -1.98241
762	  -1.42528	  -1.38745	  -1.87472
763	  -1.38468	  -1.32786	  -1.78607
764	  -0.73986	  -0.60088	  -1.81541
765	  -0.37876	  -0.17662	  -1.86233
766	  -0.27777	  -0.22573	  -3.56947
767	  -0.81850	  -0.72922	  -3.65181
768	  -2.61257	  -2.36490	  -4.27300
769	  -2.66023	  -2.30187	  -4.40103
770	  -2.78940	  -2.38389	  -4.44166
771	  -2.98310	  -2.54993	  -4.44193
772	  -3.23010	  -2.79946	  -4.39023
773	  -2.87935	  -2.44511	  -4.33539
774	  -3.08382	  -2.69713	  -4.20713
775	  -2.87098	  -2.54681	  -4.05747
776	  -2.23152	  -1.96458	  -3.91293
777	  -2.00152	  -1.81280	  -3.73801
778	  -1.38518	  -1.28204	  -3.59741
779	  -1.03385	  -1.01749	  -3.47121
780	  -0.74167	  -0.78245	  -3.41043
781	  -0.75771	  -0.87572	  -3.35431
782	  -0.62102	  -0.78783	  -3.38115
783	  -0.24654	  -0.39165	  -3.52976
784	  -0.12795	  -0.23611	  -3.71911
785	  -0.18057	  -0.25422	  -3.90950
786	  -0.35024	  -0.38032	  -4.11236
787	  -0.18700	  -0.13237	  -4.38011
788	  -0.41086	  -0.29121	  -4.55565
789	  -0.42410	  -0.27552	  -4.70819
790	  -0.59463	  -0.39856	  -4.80661
791	  -0.79461	  -0.59595	  -4.80601
792	  -1.05075	  -0.85606	  -4.74315
793	  -1.45187	  -1.30935	  -4.57590
794	  -1.40200	  -1.25701	  -4.40868
795	  -1.62282	  -1.58355	  -4.13383
796	  -1.85062	  -1.88585	  -3.83667
797	  -1.85717	  -1.96144	  -3.52602
798	  -1.87267	  -2.03708	  -3.20651
799	  -1.77945	  -1.98684	  -2.89886
800	  -1.59847	  -1.83328	  -2.61124
801	  -1.60420	  -1.86602	  -2.34917
802	  -1.41012	  -1.65426	  -2.14575
803	  -1.17378	  -1.39222	  -1.97519
804	  -1.30444	  -1.51318	  -1.82943
805	  -0.65210	  -0.80565	  -1.77556
806	  -0.63958	  -0.72761	  -1.75262
807	  -0.46724	  -0.50013	  -1.76569
808	   0.00989	  -0.20632	  -3.51411
809	  -0.52638	  -0.72085	  -3.58090
810	  -2.27167	  -2.26360	  -4.20287
811	  -2.65467	  -2.54524	  -4.30751
812	  -2.39560	  -2.19430	  -4.40886
813	  -2.67424	  -2.41655	  -4.42913
814	  -2.42400	  -2.12157	  -4.44079
815	  -2.69204	  -2.37154	  -4.38208
816	  -2.41622	  -2.12760	  -4.28672
817	  -1.92949	  -1.68270	  -4.15684
818	  -1.71826	  -1.53324	  -3.99957
819	  -1.29423	  -1.19196	  -3.83274
820	  -0.69248	  -0.66728	  -3.69408
821	  -0.14048	  -0.20719	  -3.57498
822	   0.08616	  -0.05404	  -3.50473
823	  -0.13213	  -0.25269	  -4.62545
824	  -0.09644	  -0.21419	  -4.69893
825	  -0.27290	  -0.38851	  -4.70417
826	  -0.71560	  -0.85200	  -4.61610
827	  -0.91716	  -1.09350	  -4.47719
828	  -0.80646	  -1.00408	  -4.29261
829	  -1.11291	  -1.40339	  -4.02988
830	  -1.20773	  -1.55816	  -3.74674
831	  -1.33490	  -1.75305	  -3.43320
832	  -1.37540	  -1.86018	  -3.11990
833	  -1.31125	  -1.83390	  -2.81803
834	  -1.08301	  -1.63522	  -2.52329
835	  -0.90554	  -1.45899	  -2.27493
836	  -0.76285	  -1.30692	  -2.06034
837	  -0.57888	  -1.09577	  -1.88848
838	  -0.36833	  -0.82703	  -1.78297
839	  -0.52642	  -0.93225	  -1.70138
840	   0.02872	  -0.29348	  -1.69862
841	   0.40788	  -0.13801	  -3.39113
842	  -0.10562	  -0.61445	  -3.46881
843	  -1.67721	  -1.91799	  -4.13158
844	  -1.77788	  -1.88663	  -4.27324
845	  -2.24219	  -2.24730	  -4.35649
846	  -1.97206	  -1.90428	  -4.42491
847	  -1.92737	  -1.78752	  -4.45741
848	  -2.04946	  -1.88354	  -4.41987
849	  -1.50564	  -1.34921	  -4.34595
850	  -1.03217	  -0.90792	  -4.22159
851	  -0.79535	  -0.71741	  -4.08477
852	  -0.01606	  -0.01592	  -3.92178
853	   0.39950	  -0.06515	  -4.54270
854	   0.20926	  -0.28865	  -4.45737
855	   0.06529	  -0.47535	  -4.31435
856	  -0.21761	  -0.82447	  -4.11643
857	  -0.49672	  -1.15765	  -3.87263
858	  -0.61656	  -1.33993	  -3.59436
859	  -0.68262	  -1.47411	  -3.28800
860	  -0.56874	  -1.41430	  -2.97539
861	  -0.39331	  -1.25917	  -2.69015
862	  -0.26965	  -1.16927	  -2.39489
863	  -0.34304	  -1.22335	  -2.16756
864	  -0.10269	  -0.97300	  -1.95209
865	  -0.13211	  -0.95867	  -1.79187
866	  -0.14615	  -0.89614	  -1.67750
867	   0.45164	  -0.20658	  -1.63306
868	   0.88172	  -0.06603	  -3.18794
869	   0.41569	  -0.47992	  -3.27714
870	  -1.27397	  -1.78668	  -4.01813
871	  -1.34072	  -1.71636	  -4.18045
872	  -1.49646	  -1.73965	  -4.31459
873	  -1.12743	  -1.27184	  -4.40510
874	  -1.45611	  -1.50021	  -4.46807
875	  -1.20116	  -1.21735	  -4.45046
876	  -0.47396	  -0.49088	  -4.37914
877	  -0.24087	  -0.21169	  -4.31601
878	   0.78641	  -0.17045	  -4.21534
879	   0.65278	  -0.34221	  -4.07966
880	   0.39009	  -0.63989	  -3.90024
881	   0.25052	  -0.83857	  -3.66150
882	   0.17149	  -0.96389	  -3.39475
883	   0.40618	  -0.79350	  -3.09205
884	   0.42814	  -0.82747	  -2.78382
885	   0.46207	  -0.81680	  -2.49803
886	   0.41324	  -0.85654	  -2.24260
887	   0.08949	  -1.14785	  -2.04269
888	   0.60531	  -0.60758	  -1.81347
889	   0.27972	  -0.84945	  -1.68910
890	   1.12479	  -0.20406	  -3.03024
891	  -0.36960	  -1.19702	  -3.89651
892	  -0.19369	  -0.86027	  -4.08716
893	  -0.73367	  -1.21810	  -4.27243
894	  -0.84671	  -1.19768	  -4.40217
895	  -0.65705	  -0.91116	  -4.47676
896	   0.22676	  -0.01312	  -4.44830
897	   1.45558	  -0.06187	  -3.62417
898	   1.47558	  -0.10882	  -3.37949
899	   1.42023	  -0.20608	  -3.11725
900	   1.40193	  -0.26785	  -2.84023
901	   1.35752	  -0.35500	  -2.54943
902	   0.79249	  -0.86372	  -2.35533
903	   1.36192	  -0.32710	  -2.04554
904	   1.35456	  -0.28327	  -1.84507
905	   1.53833	  -0.03626	  -1.66264
906	   1.54507	  -0.22594	  -2.74686
907	   0.60596	  -0.50610	  -3.78907
908	   0.23653	  -0.69993	  -4.00756
