L0  Nsteps           time(ps)         Etot             EKinetic        
L1  Temp             T_solute         T_solv           Pres_scal_solu  
L2  Pres_scal_solv   BoxX             BoxY             BoxZ            
L3  volume           pres_X           pres_Y           pres_Z          
L4  Pressure         EKCoM_x          EKCoM_y          EKCoM_z         
L5  EKComTot         VIRIAL_x         VIRIAL_y         VIRIAL_z        
L6  VIRIAL_tot       E_pot            E_vdw            E_el            
L7  E_hbon           E_bon            E_angle          E_dih           
L8  E_14vdw          E_14el           E_const          E_pol           
L9  AV_permMoment    AV_indMoment     AV_totMoment     Density          dV/dlambda      
L0     1000  0.2000000000E+01  -.6798770952E+04  0.1550728652E+04
L1 0.2925991329E+03  0.2925991329E+03  -.8349499604E+10  0.1000000000E+01
L2 0.1000000000E+01  0.3366185825E+02  0.3366185825E+02  0.3366185825E+02
L3 0.2936394742E+05  -.5060059272E+03  -.1006291881E+04  -.1916025850E+03
L4 -.5679667979E+03  0.2592891181E+03  0.2573073402E+03  0.2718158645E+03
L5 0.7884123228E+03  0.3662257796E+03  0.4699718340E+03  0.3123081586E+03
L6 0.1148505772E+04  -.8349499604E+04  0.1264698374E+04  -.9687125587E+04
L7 0.0000000000E+00  0.1275843599E+01  0.9531706316E+01  0.1025051789E+02
L8 0.2791792495E+01  0.4755189925E+02  0.1525848829E+01  0.0000000000E+00
L9 0.0000000000E+00  0.0000000000E+00  0.0000000000E+00  0.9047207858E+00  0.0000000000E+00
L0     2000  0.4000000000E+01  -.6823660957E+04  0.1599893112E+04
L1 0.3018757257E+03  0.3018757257E+03  -.8423554068E+10  0.1000000000E+01
L2 0.1000000000E+01  0.3307974816E+02  0.3307974816E+02  0.3307974816E+02
L3 0.2786470791E+05  0.4244044686E+03  -.1731732013E+03  0.5435471347E+03
L4 0.2649261340E+03  0.2739314928E+03  0.2691003187E+03  0.2547046861E+03
L5 0.7977364976E+03  0.1888194482E+03  0.3038292773E+03  0.1456992177E+03
L6 0.6383479432E+03  -.8423554068E+04  0.1314578032E+04  -.9813952911E+04
L7 0.0000000000E+00  0.3640189445E+01  0.1183536737E+02  0.1119853900E+02
L8 0.4402266290E+01  0.4191890167E+02  0.2825546673E+01  0.0000000000E+00
L9 0.0000000000E+00  0.0000000000E+00  0.0000000000E+00  0.9533986028E+00  0.0000000000E+00
L0     3000  0.6000000000E+01  -.6878296711E+04  0.1597347944E+04
L1 0.3013954908E+03  0.3013954908E+03  -.8475644654E+10  0.1000000000E+01
L2 0.1000000000E+01  0.3291076626E+02  0.3291076626E+02  0.3291076626E+02
L3 0.2743985361E+05  0.9282635492E+03  -.5692839500E+02  -.6852601853E+02
L4 0.2676030452E+03  0.2613846933E+03  0.2649155384E+03  0.2625363140E+03
L5 0.7888365457E+03  0.7806476991E+02  0.2761581527E+03  0.2760693074E+03
L6 0.6302922300E+03  -.8475644654E+04  0.1333186717E+04  -.9885164948E+04
L7 0.0000000000E+00  0.4376730236E+01  0.7832666446E+01  0.1015423945E+02
L8 0.2729886258E+01  0.4527144070E+02  0.5968613360E+01  0.0000000000E+00
L9 0.0000000000E+00  0.0000000000E+00  0.0000000000E+00  0.9681601793E+00  0.0000000000E+00
L0     4000  0.8000000000E+01  -.6871421927E+04  0.1607356089E+04
L1 0.3032838770E+03  0.3032838770E+03  -.8478778016E+10  0.1000000000E+01
L2 0.1000000000E+01  0.3280852614E+02  0.3280852614E+02  0.3280852614E+02
L3 0.2718582831E+05  0.3650182059E+03  -.1847248826E+03  -.5080645548E+03
L4 -.1092570772E+03  0.2718727763E+03  0.2480555668E+03  0.2606392688E+03
L5 0.7805676118E+03  0.2004537909E+03  0.2841985961E+03  0.3600465159E+03
L6 0.8446989028E+03  -.8478778016E+04  0.1259382597E+04  -.9807584286E+04
L7 0.0000000000E+00  0.1768505286E+01  0.8544996997E+01  0.1054586543E+02
L8 0.2619340346E+01  0.4354471798E+02  0.2400247316E+01  0.0000000000E+00
L9 0.0000000000E+00  0.0000000000E+00  0.0000000000E+00  0.9772067008E+00  0.0000000000E+00
L0     5000  0.1000000000E+02  -.6884012348E+04  0.1578696099E+04
L1 0.2978761688E+03  0.2978761688E+03  -.8462708447E+10  0.1000000000E+01
L2 0.1000000000E+01  0.3272271538E+02  0.3272271538E+02  0.3272271538E+02
L3 0.2697428937E+05  -.5647354970E+03  -.4831200400E+03  -.7977618481E+03
L4 -.6152057950E+03  0.2752999084E+03  0.2570197590E+03  0.2516974025E+03
L5 0.7840170699E+03  0.3849355289E+03  0.3508108623E+03  0.4065718803E+03
L6 0.1142318271E+04  -.8462708447E+04  0.1193959216E+04  -.9734113322E+04
L7 0.0000000000E+00  0.3554332368E+01  0.8048354071E+01  0.1108852115E+02
L8 0.3929998754E+01  0.4785436181E+02  0.2970090746E+01  0.0000000000E+00
L9 0.0000000000E+00  0.0000000000E+00  0.0000000000E+00  0.9848701936E+00  0.0000000000E+00
L0     6000  0.1200000000E+02  -.6889306151E+04  0.1558111804E+04
L1 0.2939922225E+03  0.2939922225E+03  -.8447417955E+10  0.1000000000E+01
L2 0.1000000000E+01  0.3272290349E+02  0.3272290349E+02  0.3272290349E+02
L3 0.2697315411E+05  0.3348781338E+03  -.7609937334E+01  -.1774142091E+03
L4 0.4995132911E+02  0.2722304187E+03  0.2361314268E+03  0.2641960418E+03
L5 0.7725578872E+03  0.2072211763E+03  0.2376087292E+03  0.2986371179E+03
L6 0.7434670234E+03  -.8447417955E+04  0.1269125450E+04  -.9787277962E+04
L7 0.0000000000E+00  0.2491959747E+01  0.7562613777E+01  0.1002023493E+02
L8 0.2560707018E+01  0.4606451704E+02  0.2034524273E+01  0.0000000000E+00
L9 0.0000000000E+00  0.0000000000E+00  0.0000000000E+00  0.9849116453E+00  0.0000000000E+00
L0     7000  0.1400000000E+02  -.6882013576E+04  0.1571495485E+04
L1 0.2965175213E+03  0.2965175213E+03  -.8453509061E+10  0.1000000000E+01
L2 0.1000000000E+01  0.3275314670E+02  0.3275314670E+02  0.3275314670E+02
L3 0.2704859965E+05  -.7908882997E+03  0.1092141147E+03  0.9929764215E+02
L4 -.1941255143E+03  0.2352057502E+03  0.2620038983E+03  0.2575728923E+03
L5 0.7547825409E+03  0.3891688041E+03  0.2407430722E+03  0.2382425163E+03
L6 0.8681543925E+03  -.8453509061E+04  0.1246927973E+04  -.9778898157E+04
L7 0.0000000000E+00  0.3861789100E+01  0.7799234238E+01  0.9230421368E+01
L8 0.4522819009E+01  0.4964554564E+02  0.3401314869E+01  0.0000000000E+00
L9 0.0000000000E+00  0.0000000000E+00  0.0000000000E+00  0.9821644718E+00  0.0000000000E+00
L0     8000  0.1600000000E+02  -.6894892393E+04  0.1555414693E+04
L1 0.2934833182E+03  0.2934833182E+03  -.8450307086E+10  0.1000000000E+01
L2 0.1000000000E+01  0.3273069062E+02  0.3273069062E+02  0.3273069062E+02
L3 0.2699370503E+05  -.3394310671E+03  -.4026625476E+03  -.7150389824E+03
L4 -.4857108657E+03  0.2793759050E+03  0.2722235131E+03  0.2497657988E+03
L5 0.8013652168E+03  0.3453192036E+03  0.3504511686E+03  0.3886806880E+03
L6 0.1084451060E+04  -.8450307086E+04  0.1202861512E+04  -.9728333345E+04
L7 0.0000000000E+00  0.3276167269E+01  0.1092386276E+02  0.1004936377E+02
L8 0.2860944110E+01  0.4545395511E+02  0.2600453702E+01  0.0000000000E+00
L9 0.0000000000E+00  0.0000000000E+00  0.0000000000E+00  0.9841618097E+00  0.0000000000E+00
L0     9000  0.1800000000E+02  -.6883558543E+04  0.1597917807E+04
L1 0.3015030155E+03  0.3015030155E+03  -.8481476350E+10  0.1000000000E+01
L2 0.1000000000E+01  0.3273278536E+02  0.3273278536E+02  0.3273278536E+02
L3 0.2699702207E+05  0.7768460837E+03  -.2470049079E+03  0.3375791584E+03
L4 0.2891401114E+03  0.2452538355E+03  0.2713454070E+03  0.2801474941E+03
L5 0.7967467366E+03  0.9431276614E+02  0.3193384210E+03  0.2145559179E+03
L6 0.6282071050E+03  -.8481476350E+04  0.1303499344E+04  -.9856840504E+04
L7 0.0000000000E+00  0.4011175046E+01  0.8472238629E+01  0.9612900962E+01
L8 0.2440830220E+01  0.4474774871E+02  0.2579916872E+01  0.0000000000E+00
L9 0.0000000000E+00  0.0000000000E+00  0.0000000000E+00  0.9840408885E+00  0.0000000000E+00
L0    10000  0.2000000000E+02  -.6961650528E+04  0.1563566596E+04
L1 0.2950214594E+03  0.2950214594E+03  -.8525217124E+10  0.1000000000E+01
L2 0.1000000000E+01  0.3267124598E+02  0.3267124598E+02  0.3267124598E+02
L3 0.2684475372E+05  0.1634153084E+03  0.4174080015E+03  0.6460613798E+03
L4 0.4089615632E+03  0.2624053203E+03  0.2525325885E+03  0.2523933712E+03
L5 0.7673312800E+03  0.2308328370E+03  0.1718877133E+03  0.1275717599E+03
L6 0.5302923102E+03  -.8525217124E+04  0.1318179516E+04  -.9916257622E+04
L7 0.0000000000E+00  0.5656277385E+01  0.8169368977E+01  0.1137397785E+02
L8 0.1352900990E+01  0.4306347876E+02  0.3244978033E+01  0.0000000000E+00
L9 0.0000000000E+00  0.0000000000E+00  0.0000000000E+00  0.9896225485E+00  0.0000000000E+00
