L0  Nsteps           time(ps)         Etot             EKinetic        
L1  Temp             T_solute         T_solv           Pres_scal_solu  
L2  Pres_scal_solv   BoxX             BoxY             BoxZ            
L3  volume           pres_X           pres_Y           pres_Z          
L4  Pressure         EKCoM_x          EKCoM_y          EKCoM_z         
L5  EKComTot         VIRIAL_x         VIRIAL_y         VIRIAL_z        
L6  VIRIAL_tot       E_pot            E_vdw            E_el            
L7  E_hbon           E_bon            E_angle          E_dih           
L8  E_14vdw          E_14el           E_const          E_pol           
L9  AV_permMoment    AV_indMoment     AV_totMoment     Density          dV/dlambda      
L0     1000  0.2000000000E+01  -.7624673759E+04  0.1689642623E+04
L1 0.2848464165E+03  0.2848464165E+03  -.9314316382E+10  0.1000000000E+01
L2 0.1000000000E+01  0.3495324987E+02  0.3495324987E+02  0.3495324987E+02
L3 0.3287516484E+05  -.8732003381E+03  -.9177349029E+03  -.3061135771E+03
L4 -.6990162727E+03  0.2957350564E+03  0.2652043374E+03  0.2666085904E+03
L5 0.8275479842E+03  0.5023389083E+03  0.4823453046E+03  0.3390366935E+03
L6 0.1323720906E+04  -.9314316382E+04  0.1404466206E+04  -.1079109310E+05
L7 0.0000000000E+00  0.8511313107E+00  0.7579999007E+01  0.1367146332E+02
L8 0.2661300442E+01  0.4298980598E+02  0.4556811873E+01  0.0000000000E+00
L9 0.0000000000E+00  0.0000000000E+00  0.0000000000E+00  0.9045536839E+00  0.0000000000E+00
L0     2000  0.4000000000E+01  -.7478167348E+04  0.1779514299E+04
L1 0.2999973276E+03  0.2999973276E+03  -.9257681648E+10  0.1000000000E+01
L2 0.1000000000E+01  0.3444156130E+02  0.3444156130E+02  0.3444156130E+02
L3 0.3145077843E+05  -.4833708461E+03  0.4699837495E+03  -.3531252532E+03
L4 -.1221707833E+03  0.3029474015E+03  0.2812142189E+03  0.3072088954E+03
L5 0.8913705157E+03  0.4123602770E+03  0.1748315649E+03  0.3871401731E+03
L6 0.9743320150E+03  -.9257681648E+04  0.1387682397E+04  -.1071997116E+05
L7 0.0000000000E+00  0.2240501605E+01  0.1168341289E+02  0.1321578791E+02
L8 0.2207155206E+01  0.4170794141E+02  0.3552316663E+01  0.0000000000E+00
L9 0.0000000000E+00  0.0000000000E+00  0.0000000000E+00  0.9455203639E+00  0.0000000000E+00
L0     3000  0.6000000000E+01  -.7721084483E+04  0.1746700837E+04
L1 0.2944655086E+03  0.2944655086E+03  -.9467785320E+10  0.1000000000E+01
L2 0.1000000000E+01  0.3409558547E+02  0.3409558547E+02  0.3409558547E+02
L3 0.3051252301E+05  0.4022028820E+03  -.3997086775E+03  -.4275590871E+03
L4 -.1416882942E+03  0.2911494114E+03  0.2857925577E+03  0.2910918664E+03
L5 0.8680338355E+03  0.2028251777E+03  0.3735690612E+03  0.3849843530E+03
L6 0.9613785918E+03  -.9467785320E+04  0.1423264805E+04  -.1096658419E+05
L7 0.0000000000E+00  0.2946644386E+01  0.8015985329E+01  0.1625672670E+02
L8 0.2136543023E+01  0.4268213687E+02  0.3496030945E+01  0.0000000000E+00
L9 0.0000000000E+00  0.0000000000E+00  0.0000000000E+00  0.9745949705E+00  0.0000000000E+00
L0     4000  0.8000000000E+01  -.7600610067E+04  0.1814991872E+04
L1 0.3059782725E+03  0.3059782725E+03  -.9415601939E+10  0.1000000000E+01
L2 0.1000000000E+01  0.3405146009E+02  0.3405146009E+02  0.3405146009E+02
L3 0.3039365533E+05  0.3597873774E+03  0.4293889375E+03  -.5989724189E+03
L4 0.6340129868E+02  0.3042317185E+03  0.3229865920E+03  0.2904787363E+03
L5 0.9176970469E+03  0.2255297786E+03  0.2290596106E+03  0.4215013742E+03
L6 0.8760907635E+03  -.9415601939E+04  0.1416098229E+04  -.1090246940E+05
L7 0.0000000000E+00  0.2339075626E+01  0.1075070948E+02  0.9966187185E+01
L8 0.2667159405E+01  0.4333917644E+02  0.1706918606E+01  0.0000000000E+00
L9 0.0000000000E+00  0.0000000000E+00  0.0000000000E+00  0.9784065503E+00  0.0000000000E+00
L0     5000  0.1000000000E+02  -.7734502330E+04  0.1734804176E+04
L1 0.2924599240E+03  0.2924599240E+03  -.9469306506E+10  0.1000000000E+01
L2 0.1000000000E+01  0.3404644496E+02  0.3404644496E+02  0.3404644496E+02
L3 0.3038144131E+05  0.4931376866E+03  -.5945354602E+02  -.1586501214E+04
L4 -.3842723577E+03  0.2840048157E+03  0.2954076269E+03  0.2837932276E+03
L5 0.8632056702E+03  0.1761764193E+03  0.3084076079E+03  0.6306940759E+03
L6 0.1115278103E+04  -.9469306506E+04  0.1365692883E+04  -.1091384304E+05
L7 0.0000000000E+00  0.4146252250E+01  0.1561706182E+02  0.1177136413E+02
L8 0.2306138532E+01  0.4102434729E+02  0.3978490491E+01  0.0000000000E+00
L9 0.0000000000E+00  0.0000000000E+00  0.0000000000E+00  0.9787998916E+00  0.0000000000E+00
L0     6000  0.1200000000E+02  -.7771842437E+04  0.1752141224E+04
L1 0.2953826698E+03  0.2953826698E+03  -.9523983661E+10  0.1000000000E+01
L2 0.1000000000E+01  0.3395922041E+02  0.3395922041E+02  0.3395922041E+02
L3 0.3014653899E+05  0.8246530957E+03  -.5203993280E+03  0.7683066229E+03
L4 0.3575201302E+03  0.2981140411E+03  0.2804979175E+03  0.2793117467E+03
L5 0.8579237053E+03  0.1191913863E+03  0.3934074910E+03  0.1126144271E+03
L6 0.6252133044E+03  -.9523983661E+04  0.1470074792E+04  -.1106323075E+05
L7 0.0000000000E+00  0.5415591423E+01  0.8067130808E+01  0.9164653753E+01
L8 0.2398015772E+01  0.4232719441E+02  0.1799707185E+01  0.0000000000E+00
L9 0.0000000000E+00  0.0000000000E+00  0.0000000000E+00  0.9864267162E+00  0.0000000000E+00
L0     7000  0.1400000000E+02  -.7789002588E+04  0.1767642331E+04
L1 0.2979959057E+03  0.2979959057E+03  -.9556644919E+10  0.1000000000E+01
L2 0.1000000000E+01  0.3390582730E+02  0.3390582730E+02  0.3390582730E+02
L3 0.3000531997E+05  -.1584195359E+03  0.4344895309E+02  0.3433105535E+03
L4 0.7611332357E+02  0.3137780664E+03  0.3011009577E+03  0.2702818094E+03
L5 0.8851608336E+03  0.3479888939E+03  0.2917181210E+03  0.1961436165E+03
L6 0.8358506314E+03  -.9556644919E+04  0.1441975418E+04  -.1106794570E+05
L7 0.0000000000E+00  0.2466974081E+01  0.1009123621E+02  0.9799858070E+01
L8 0.2395103419E+01  0.4134465866E+02  0.3227530669E+01  0.0000000000E+00
L9 0.0000000000E+00  0.0000000000E+00  0.0000000000E+00  0.9910693001E+00  0.0000000000E+00
L0     8000  0.1600000000E+02  -.7773331565E+04  0.1784142468E+04
L1 0.3007775619E+03  0.3007775619E+03  -.9557474032E+10  0.1000000000E+01
L2 0.1000000000E+01  0.3396971447E+02  0.3396971447E+02  0.3396971447E+02
L3 0.3017552117E+05  0.6917674652E+02  0.3344206599E+03  -.4745287498E+03
L4 -.2364378114E+02  0.3090669914E+03  0.2997549387E+03  0.2930998153E+03
L5 0.9019217453E+03  0.2940434785E+03  0.2271268761E+03  0.3961559595E+03
L6 0.9173263141E+03  -.9557474032E+04  0.1442831579E+04  -.1107461673E+05
L7 0.0000000000E+00  0.4026061526E+01  0.1207836749E+02  0.9105572353E+01
L8 0.3946971895E+01  0.4181719609E+02  0.3336949407E+01  0.0000000000E+00
L9 0.0000000000E+00  0.0000000000E+00  0.0000000000E+00  0.9854792993E+00  0.0000000000E+00
L0     9000  0.1800000000E+02  -.7635649991E+04  0.1782019249E+04
L1 0.3004196216E+03  0.3004196216E+03  -.9417669241E+10  0.1000000000E+01
L2 0.1000000000E+01  0.3399633473E+02  0.3399633473E+02  0.3399633473E+02
L3 0.3024693276E+05  0.2333598954E+03  -.4248835940E+03  -.3410034838E+03
L4 -.1775090608E+03  0.2878115155E+03  0.2831350055E+03  0.2893563464E+03
L5 0.8603028673E+03  0.2370114652E+03  0.3756277961E+03  0.3635892993E+03
L6 0.9762285606E+03  -.9417669241E+04  0.1373156514E+04  -.1086920024E+05
L7 0.0000000000E+00  0.5939296331E+01  0.9154159163E+01  0.1027596761E+02
L8 0.3929057177E+01  0.4289498942E+02  0.6181011302E+01  0.0000000000E+00
L9 0.0000000000E+00  0.0000000000E+00  0.0000000000E+00  0.9831526291E+00  0.0000000000E+00
L0    10000  0.2000000000E+02  -.7810137970E+04  0.1745987245E+04
L1 0.2943452085E+03  0.2943452085E+03  -.9556125215E+10  0.1000000000E+01
L2 0.1000000000E+01  0.3394033672E+02  0.3394033672E+02  0.3394033672E+02
L3 0.3009893290E+05  -.5076258265E+03  -.8103122066E+03  -.5781321875E+03
L4 -.6320234069E+03  0.3033203811E+03  0.2704912904E+03  0.2826833520E+03
L5 0.8564950235E+03  0.4132845987E+03  0.4460248096E+03  0.4079209785E+03
L6 0.1267230387E+04  -.9556125215E+04  0.1368861812E+04  -.1099533899E+05
L7 0.0000000000E+00  0.2989897175E+01  0.8286854230E+01  0.1144987832E+02
L8 0.2376173653E+01  0.4281285621E+02  0.2436306167E+01  0.0000000000E+00
L9 0.0000000000E+00  0.0000000000E+00  0.0000000000E+00  0.9879869018E+00  0.0000000000E+00
