L0  Nsteps           time(ps)         Etot             EKinetic        
L1  Temp             T_solute         T_solv           Pres_scal_solu  
L2  Pres_scal_solv   BoxX             BoxY             BoxZ            
L3  volume           pres_X           pres_Y           pres_Z          
L4  Pressure         EKCoM_x          EKCoM_y          EKCoM_z         
L5  EKComTot         VIRIAL_x         VIRIAL_y         VIRIAL_z        
L6  VIRIAL_tot       E_pot            E_vdw            E_el            
L7  E_hbon           E_bon            E_angle          E_dih           
L8  E_14vdw          E_14el           E_const          E_pol           
L9  AV_permMoment    AV_indMoment     AV_totMoment     Density          dV/dlambda      
L0     1000  0.2000000000E+01  -.7153177213E+04  0.1650318101E+04
L1 0.2932477261E+03  0.2932477261E+03  -.8803495314E+10  0.1000000000E+01
L2 0.1000000000E+01  0.3436535133E+02  0.3436535133E+02  0.3436535133E+02
L3 0.3124495454E+05  -.1109354585E+04  -.8934331768E+03  -.1045029478E+04
L4 -.1015939080E+04  0.2640075528E+03  0.2711132749E+03  0.2826700561E+03
L5 0.8177908838E+03  0.5134709658E+03  0.4720218867E+03  0.5176685171E+03
L6 0.1503161370E+04  -.8803495314E+04  0.1273636128E+04  -.1014974549E+05
L7 0.0000000000E+00  0.3069943151E+01  0.8093651245E+01  0.1126767073E+02
L8 0.3072895314E+01  0.4477632154E+02  0.2333564874E+01  0.0000000000E+00
L9 0.0000000000E+00  0.0000000000E+00  0.0000000000E+00  0.9029168544E+00  0.0000000000E+00
L0     2000  0.4000000000E+01  -.7191860341E+04  0.1645423438E+04
L1 0.2923779856E+03  0.2923779856E+03  -.8837283780E+10  0.1000000000E+01
L2 0.1000000000E+01  0.3379458324E+02  0.3379458324E+02  0.3379458324E+02
L3 0.2971158166E+05  -.3479764747E+03  -.8926421828E+02  -.5157352258E+02
L4 -.1629380719E+03  0.2949327406E+03  0.2595655546E+03  0.2694506732E+03
L5 0.8239489684E+03  0.3693429001E+03  0.2786535252E+03  0.2804789879E+03
L6 0.9284754131E+03  -.8837283780E+04  0.1334090345E+04  -.1024276827E+05
L7 0.0000000000E+00  0.5641279758E+01  0.7161163154E+01  0.1082372070E+02
L8 0.2739529228E+01  0.4217039211E+02  0.2858064572E+01  0.0000000000E+00
L9 0.0000000000E+00  0.0000000000E+00  0.0000000000E+00  0.9495151216E+00  0.0000000000E+00
L0     3000  0.6000000000E+01  -.7261742319E+04  0.1651780116E+04
L1 0.2935075141E+03  0.2935075141E+03  -.8913522435E+10  0.1000000000E+01
L2 0.1000000000E+01  0.3354821085E+02  0.3354821085E+02  0.3354821085E+02
L3 0.2906641971E+05  -.4324753109E+03  -.4871157327E+03  0.5111372276E+03
L4 -.1361512720E+03  0.2820016913E+03  0.2505712443E+03  0.2871202583E+03
L5 0.8196931940E+03  0.3724727016E+03  0.3524726739E+03  0.1801936889E+03
L6 0.9051390644E+03  -.8913522435E+04  0.1316307890E+04  -.1030405083E+05
L7 0.0000000000E+00  0.2331186547E+01  0.6978303081E+01  0.1100416928E+02
L8 0.3388380906E+01  0.4632233245E+02  0.4196127650E+01  0.0000000000E+00
L9 0.0000000000E+00  0.0000000000E+00  0.0000000000E+00  0.9705906800E+00  0.0000000000E+00
L0     4000  0.8000000000E+01  -.7359839204E+04  0.1701495461E+04
L1 0.3023415151E+03  0.3023415151E+03  -.9061334666E+10  0.1000000000E+01
L2 0.1000000000E+01  0.3345912525E+02  0.3345912525E+02  0.3345912525E+02
L3 0.2883458007E+05  0.5869226912E+03  -.3519012334E+03  0.4070689619E+03
L4 0.2140301399E+03  0.2669255454E+03  0.2916878831E+03  0.2904401836E+03
L5 0.8490536122E+03  0.1451244733E+03  0.3647161510E+03  0.2059632385E+03
L6 0.7158038628E+03  -.9061334666E+04  0.1404485703E+04  -.1053540803E+05
L7 0.0000000000E+00  0.2835359913E+01  0.5000265547E+01  0.9743755523E+01
L8 0.3264469469E+01  0.4495045311E+02  0.3793352656E+01  0.0000000000E+00
L9 0.0000000000E+00  0.0000000000E+00  0.0000000000E+00  0.9783945528E+00  0.0000000000E+00
L0     5000  0.1000000000E+02  -.7331159560E+04  0.1617230334E+04
L1 0.2873683066E+03  0.2873683066E+03  -.8948389894E+10  0.1000000000E+01
L2 0.1000000000E+01  0.3345953842E+02  0.3345953842E+02  0.3345953842E+02
L3 0.2883600449E+05  0.4144587803E+03  -.2831542285E+03  0.9529896157E+02
L4 0.7553450448E+02  0.2725672851E+03  0.2468311680E+03  0.2907058780E+03
L5 0.8101043311E+03  0.1865525197E+03  0.3055956234E+03  0.2709279937E+03
L6 0.7630761368E+03  -.8948389894E+04  0.1348923263E+04  -.1037097029E+05
L7 0.0000000000E+00  0.1940825294E+01  0.7135698986E+01  0.9480327370E+01
L8 0.2757432163E+01  0.4759257234E+02  0.4750278818E+01  0.0000000000E+00
L9 0.0000000000E+00  0.0000000000E+00  0.0000000000E+00  0.9783462227E+00  0.0000000000E+00
L0     6000  0.1200000000E+02  -.7188791203E+04  0.1717785463E+04
L1 0.3052361122E+03  0.3052361122E+03  -.8906576666E+10  0.1000000000E+01
L2 0.1000000000E+01  0.3338632353E+02  0.3338632353E+02  0.3338632353E+02
L3 0.2864740548E+05  -.4251110816E+03  0.5867085453E+03  -.2644457960E+03
L4 -.3428277744E+02  0.2805405733E+03  0.2765738773E+03  0.2907015212E+03
L5 0.8478159718E+03  0.3681890356E+03  0.1556076074E+03  0.3452243704E+03
L6 0.8690210134E+03  -.8906576666E+04  0.1290161577E+04  -.1026756805E+05
L7 0.0000000000E+00  0.2385835025E+01  0.5858656445E+01  0.1128710747E+02
L8 0.1943402252E+01  0.4610468122E+02  0.3250127462E+01  0.0000000000E+00
L9 0.0000000000E+00  0.0000000000E+00  0.0000000000E+00  0.9847871246E+00  0.0000000000E+00
L0     7000  0.1400000000E+02  -.7338558278E+04  0.1644545404E+04
L1 0.2922219662E+03  0.2922219662E+03  -.8983103682E+10  0.1000000000E+01
L2 0.1000000000E+01  0.3339163276E+02  0.3339163276E+02  0.3339163276E+02
L3 0.2866041564E+05  0.2247300420E+03  -.2520094602E+03  0.6976112374E+03
L4 0.2234439397E+03  0.2658380095E+03  0.2739200447E+03  0.2846625758E+03
L5 0.8244206300E+03  0.2194826240E+03  0.3259023946E+03  0.1407653132E+03
L6 0.6861503318E+03  -.8983103682E+04  0.1370205146E+04  -.1042898653E+05
L7 0.0000000000E+00  0.1049579876E+01  0.9756850073E+01  0.1014961638E+02
L8 0.2762854947E+01  0.4888359048E+02  0.3075207087E+01  0.0000000000E+00
L9 0.0000000000E+00  0.0000000000E+00  0.0000000000E+00  0.9843400884E+00  0.0000000000E+00
L0     8000  0.1600000000E+02  -.7269307190E+04  0.1708229639E+04
L1 0.3035381223E+03  0.3035381223E+03  -.8977536830E+10  0.1000000000E+01
L2 0.1000000000E+01  0.3336993114E+02  0.3336993114E+02  0.3336993114E+02
L3 0.2860392170E+05  0.8384011572E+03  0.1693780731E+03  0.4268656157E+03
L4 0.4782149487E+03  0.2938342331E+03  0.2657912026E+03  0.2892371213E+03
L5 0.8488625570E+03  0.1212369204E+03  0.2309222141E+03  0.2013605033E+03
L6 0.5535196379E+03  -.8977536830E+04  0.1382461335E+04  -.1042808609E+05
L7 0.0000000000E+00  0.2202644954E+01  0.7998063025E+01  0.9935901703E+01
L8 0.2682024485E+01  0.4398667419E+02  0.1282617039E+01  0.0000000000E+00
L9 0.0000000000E+00  0.0000000000E+00  0.0000000000E+00  0.9862842012E+00  0.0000000000E+00
L0     9000  0.1800000000E+02  -.7331582043E+04  0.1637890062E+04
L1 0.2910393677E+03  0.2910393677E+03  -.8969472105E+10  0.1000000000E+01
L2 0.1000000000E+01  0.3340875516E+02  0.3340875516E+02  0.3340875516E+02
L3 0.2870594779E+05  -.6296199939E+03  -.5359566298E+03  0.1716265991E+03
L4 -.3313166749E+03  0.2675732298E+03  0.2645060502E+03  0.2851139081E+03
L5 0.8171931881E+03  0.3976521675E+03  0.3752342191E+03  0.2496560035E+03
L6 0.1022542390E+04  -.8969472105E+04  0.1297612849E+04  -.1033697984E+05
L7 0.0000000000E+00  0.3800715631E+01  0.4942549722E+01  0.9612801013E+01
L8 0.3420959702E+01  0.4583563319E+02  0.2282230775E+01  0.0000000000E+00
L9 0.0000000000E+00  0.0000000000E+00  0.0000000000E+00  0.9827787702E+00  0.0000000000E+00
L0    10000  0.2000000000E+02  -.7340746378E+04  0.1659438061E+04
L1 0.2948682668E+03  0.2948682668E+03  -.9000184439E+10  0.1000000000E+01
L2 0.1000000000E+01  0.3334119647E+02  0.3334119647E+02  0.3334119647E+02
L3 0.2853028468E+05  -.5743744235E+02  0.5361264208E+03  0.7302920245E+03
L4 0.4029936677E+03  0.2676552288E+03  0.2724599426E+03  0.2658755323E+03
L5 0.8059907037E+03  0.2794491380E+03  0.1623744994E+03  0.1159211221E+03
L6 0.5577447595E+03  -.9000184439E+04  0.1391823284E+04  -.1046863398E+05
L7 0.0000000000E+00  0.4346891528E+01  0.1074262903E+02  0.1021370570E+02
L8 0.2571128497E+01  0.4414324529E+02  0.4608653003E+01  0.0000000000E+00
L9 0.0000000000E+00  0.0000000000E+00  0.0000000000E+00  0.9888298132E+00  0.0000000000E+00
