L0  Nsteps           time(ps)         Etot             EKinetic        
L1  Temp             T_solute         T_solv           Pres_scal_solu  
L2  Pres_scal_solv   BoxX             BoxY             BoxZ            
L3  volume           pres_X           pres_Y           pres_Z          
L4  Pressure         EKCoM_x          EKCoM_y          EKCoM_z         
L5  EKComTot         VIRIAL_x         VIRIAL_y         VIRIAL_z        
L6  VIRIAL_tot       E_pot            E_vdw            E_el            
L7  E_hbon           E_bon            E_angle          E_dih           
L8  E_14vdw          E_14el           E_const          E_pol           
L9  AV_permMoment    AV_indMoment     AV_totMoment     Density          dV/dlambda      
L0     1000  0.2000000000E+01  -.6966423071E+04  0.1615362634E+04
L1 0.2967824664E+03  0.2967824664E+03  -.8581785705E+10  0.1000000000E+01
L2 0.1000000000E+01  0.3406793270E+02  0.3406793270E+02  0.3406793270E+02
L3 0.3043786774E+05  0.1687146098E+03  -.2788566151E+02  -.4089446120E+02
L4 0.3331149569E+02  0.2606550620E+03  0.2749970271E+03  0.2623559324E+03
L5 0.7980080215E+03  0.2236957824E+03  0.2811057687E+03  0.2713144324E+03
L6 0.7761159835E+03  -.8581785705E+04  0.1398285872E+04  -.1005423183E+05
L7 0.0000000000E+00  0.6724805987E+00  0.1363931410E+02  0.1082339013E+02
L8 0.2957469160E+01  0.4119658455E+02  0.4871017189E+01  0.0000000000E+00
L9 0.0000000000E+00  0.0000000000E+00  0.0000000000E+00  0.8963892069E+00  0.0000000000E+00
L0     2000  0.4000000000E+01  -.6939468114E+04  0.1605918337E+04
L1 0.2950473131E+03  0.2950473131E+03  -.8545386451E+10  0.1000000000E+01
L2 0.1000000000E+01  0.3353773505E+02  0.3353773505E+02  0.3353773505E+02
L3 0.2904184025E+05  -.1758971103E+04  -.7407699947E+03  -.9671045287E+03
L4 -.1155615209E+04  0.2483488859E+03  0.2695448661E+03  0.2502163466E+03
L5 0.7681100986E+03  0.6160029888E+03  0.4243780680E+03  0.4523572160E+03
L6 0.1492738273E+04  -.8545386451E+04  0.1182503792E+04  -.9804202881E+04
L7 0.0000000000E+00  0.6358500661E+01  0.1142659523E+02  0.9689121738E+01
L8 0.3699620840E+01  0.4235361722E+02  0.2785182766E+01  0.0000000000E+00
L9 0.0000000000E+00  0.0000000000E+00  0.0000000000E+00  0.9394782110E+00  0.0000000000E+00
L0     3000  0.6000000000E+01  -.7128577480E+04  0.1596841168E+04
L1 0.2933796104E+03  0.2933796104E+03  -.8725418648E+10  0.1000000000E+01
L2 0.1000000000E+01  0.3317208686E+02  0.3317208686E+02  0.3317208686E+02
L3 0.2809956829E+05  0.6586693679E+03  -.7167073620E+03  -.1813667695E+03
L4 -.7980158787E+02  0.2556778839E+03  0.2768126827E+03  0.2626993331E+03
L5 0.7951898997E+03  0.1224719124E+03  0.4217559654E+03  0.2993780340E+03
L6 0.8436059119E+03  -.8725418648E+04  0.1338322435E+04  -.1013615746E+05
L7 0.0000000000E+00  0.1398508368E+01  0.1055312728E+02  0.1014079325E+02
L8 0.2852459540E+01  0.4397194102E+02  0.3499550064E+01  0.0000000000E+00
L9 0.0000000000E+00  0.0000000000E+00  0.0000000000E+00  0.9709820396E+00  0.0000000000E+00
L0     4000  0.8000000000E+01  -.7144858047E+04  0.1615546126E+04
L1 0.2968161784E+03  0.2968161784E+03  -.8760404173E+10  0.1000000000E+01
L2 0.1000000000E+01  0.3313269027E+02  0.3313269027E+02  0.3313269027E+02
L3 0.2799949455E+05  -.2230643874E+03  -.5160020689E+03  0.5907511710E+03
L4 -.4943842846E+02  0.2495071062E+03  0.2775902115E+03  0.2828223471E+03
L5 0.8099196649E+03  0.2944578634E+03  0.3815722231E+03  0.1637772913E+03
L6 0.8398073778E+03  -.8760404173E+04  0.1337931349E+04  -.1017198806E+05
L7 0.0000000000E+00  0.2400210108E+01  0.9144139795E+01  0.9847000143E+01
L8 0.2336653334E+01  0.4572121603E+02  0.4203318646E+01  0.0000000000E+00
L9 0.0000000000E+00  0.0000000000E+00  0.0000000000E+00  0.9744524521E+00  0.0000000000E+00
L0     5000  0.1000000000E+02  -.7047999092E+04  0.1622359302E+04
L1 0.2980679291E+03  0.2980679291E+03  -.8670358394E+10  0.1000000000E+01
L2 0.1000000000E+01  0.3297905146E+02  0.3297905146E+02  0.3297905146E+02
L3 0.2761246186E+05  -.3970855151E+03  -.5418422385E+03  -.2702512738E+02
L4 -.3219842936E+03  0.2813484497E+03  0.2740472169E+03  0.2529048059E+03
L5 0.8083004726E+03  0.3602609410E+03  0.3817270976E+03  0.2582754881E+03
L6 0.1000263527E+04  -.8670358394E+04  0.1236661904E+04  -.9985960621E+04
L7 0.0000000000E+00  0.6332445715E+01  0.8678016841E+01  0.1223028813E+02
L8 0.2945775215E+01  0.4371206308E+02  0.5041733604E+01  0.0000000000E+00
L9 0.0000000000E+00  0.0000000000E+00  0.0000000000E+00  0.9881109576E+00  0.0000000000E+00
L0     6000  0.1200000000E+02  -.7018076423E+04  0.1593940904E+04
L1 0.2928467596E+03  0.2928467596E+03  -.8612017327E+10  0.1000000000E+01
L2 0.1000000000E+01  0.3304792791E+02  0.3304792791E+02  0.3304792791E+02
L3 0.2778377568E+05  0.8842352783E+03  0.6875568477E+03  -.5281665328E+02
L4 0.5063251576E+03  0.2791130228E+03  0.2716143488E+03  0.2508683427E+03
L5 0.8015957143E+03  0.1022994166E+03  0.1341289886E+03  0.2614296754E+03
L6 0.4978580805E+03  -.8612017327E+04  0.1336525956E+04  -.1002223318E+05
L7 0.0000000000E+00  0.3420628412E+01  0.9142641337E+01  0.1164812105E+02
L8 0.3182903789E+01  0.4353937475E+02  0.2756224915E+01  0.0000000000E+00
L9 0.0000000000E+00  0.0000000000E+00  0.0000000000E+00  0.9820182986E+00  0.0000000000E+00
L0     7000  0.1400000000E+02  -.7027529044E+04  0.1613893546E+04
L1 0.2965125582E+03  0.2965125582E+03  -.8641422590E+10  0.1000000000E+01
L2 0.1000000000E+01  0.3304520809E+02  0.3304520809E+02  0.3304520809E+02
L3 0.2777802410E+05  0.1087052938E+03  0.3831338602E+03  -.3139454983E+03
L4 0.5929788520E+02  0.2520603544E+03  0.2700721548E+03  0.2693548293E+03
L5 0.7914873384E+03  0.2303279076E+03  0.1934757359E+03  0.3321190572E+03
L6 0.7559227007E+03  -.8641422590E+04  0.1289020122E+04  -.1000684496E+05
L7 0.0000000000E+00  0.1517676343E+01  0.1247400222E+02  0.1011917480E+02
L8 0.3648330615E+01  0.4560490377E+02  0.3038163931E+01  0.0000000000E+00
L9 0.0000000000E+00  0.0000000000E+00  0.0000000000E+00  0.9822216307E+00  0.0000000000E+00
L0     8000  0.1600000000E+02  -.7096337474E+04  0.1567295300E+04
L1 0.2879512964E+03  0.2879512964E+03  -.8663632773E+10  0.1000000000E+01
L2 0.1000000000E+01  0.3301770737E+02  0.3301770737E+02  0.3301770737E+02
L3 0.2770928980E+05  0.3423015810E+03  -.7793585020E+03  -.6462223864E+02
L4 -.1672263866E+03  0.2616317667E+03  0.2499175767E+03  0.2881972411E+03
L5 0.7997465845E+03  0.1933679007E+03  0.4053419956E+03  0.3010846015E+03
L6 0.8997944978E+03  -.8663632773E+04  0.1270245218E+04  -.1000764151E+05
L7 0.0000000000E+00  0.7532111065E+01  0.7669727943E+01  0.9238734544E+01
L8 0.1980645307E+01  0.4234432275E+02  0.4997975737E+01  0.0000000000E+00
L9 0.0000000000E+00  0.0000000000E+00  0.0000000000E+00  0.9846580811E+00  0.0000000000E+00
L0     9000  0.1800000000E+02  -.7084966527E+04  0.1610895295E+04
L1 0.2959617045E+03  0.2959617045E+03  -.8695861822E+10  0.1000000000E+01
L2 0.1000000000E+01  0.3296814340E+02  0.3296814340E+02  0.3296814340E+02
L3 0.2758331857E+05  0.1939340978E+03  0.5488759060E+03  0.4289442566E+03
L4 0.3905847534E+03  0.2577793161E+03  0.2631773215E+03  0.2678297153E+03
L5 0.7887863529E+03  0.2192796229E+03  0.1542147705E+03  0.1826759311E+03
L6 0.5561703244E+03  -.8695861822E+04  0.1339670958E+04  -.1010662944E+05
L7 0.0000000000E+00  0.3113590594E+01  0.8276250825E+01  0.8717775668E+01
L8 0.3081658503E+01  0.4444854509E+02  0.3458839954E+01  0.0000000000E+00
L9 0.0000000000E+00  0.0000000000E+00  0.0000000000E+00  0.9891549509E+00  0.0000000000E+00
L0    10000  0.2000000000E+02  -.7090289079E+04  0.1560371417E+04
L1 0.2866792061E+03  0.2866792061E+03  -.8650660496E+10  0.1000000000E+01
L2 0.1000000000E+01  0.3304102358E+02  0.3304102358E+02  0.3304102358E+02
L3 0.2776686957E+05  0.6114188184E+03  0.8467790645E+02  0.2124916639E+03
L4 0.3028627962E+03  0.2733722056E+03  0.2598901850E+03  0.2586382867E+03
L5 0.7919006772E+03  0.1511859652E+03  0.2429681101E+03  0.2161738470E+03
L6 0.6103279224E+03  -.8650660496E+04  0.1333402551E+04  -.1006110374E+05
L7 0.0000000000E+00  0.1822922386E+01  0.1445473522E+02  0.9036443764E+01
L8 0.3756851482E+01  0.4562031296E+02  0.2349425584E+01  0.0000000000E+00
L9 0.0000000000E+00  0.0000000000E+00  0.0000000000E+00  0.9826162093E+00  0.0000000000E+00
