L0  Nsteps           time(ps)         Etot             EKinetic        
L1  Temp             T_solute         T_solv           Pres_scal_solu  
L2  Pres_scal_solv   BoxX             BoxY             BoxZ            
L3  volume           pres_X           pres_Y           pres_Z          
L4  Pressure         EKCoM_x          EKCoM_y          EKCoM_z         
L5  EKComTot         VIRIAL_x         VIRIAL_y         VIRIAL_z        
L6  VIRIAL_tot       E_pot            E_vdw            E_el            
L7  E_hbon           E_bon            E_angle          E_dih           
L8  E_14vdw          E_14el           E_const          E_pol           
L9  AV_permMoment    AV_indMoment     AV_totMoment     Density          dV/dlambda      
L0     1000  0.2000000000E+01  -.7421338599E+04  0.1759890007E+04
L1 0.3000056344E+03  0.3000056344E+03  -.9181228606E+10  0.1000000000E+01
L2 0.1000000000E+01  0.3480562141E+02  0.3480562141E+02  0.3480562141E+02
L3 0.3246008925E+05  -.8595427944E+03  -.5168324629E+03  -.4325528561E+03
L4 -.6029760378E+03  0.2842108566E+03  0.2918031185E+03  0.2965153547E+03
L5 0.8725293299E+03  0.4850155196E+03  0.4125444815E+03  0.3975674851E+03
L6 0.1295127486E+04  -.9181228606E+04  0.1378057944E+04  -.1063171840E+05
L7 0.0000000000E+00  0.4494355979E+01  0.6438950260E+01  0.1039499219E+02
L8 0.2332086347E+01  0.4502755295E+02  0.3743912093E+01  0.0000000000E+00
L9 0.0000000000E+00  0.0000000000E+00  0.0000000000E+00  0.9059823201E+00  0.0000000000E+00
L0     2000  0.4000000000E+01  -.7491361365E+04  0.1790461667E+04
L1 0.3052171364E+03  0.3052171364E+03  -.9281823032E+10  0.1000000000E+01
L2 0.1000000000E+01  0.3425501683E+02  0.3425501683E+02  0.3425501683E+02
L3 0.3094205333E+05  -.1902703683E+03  0.4420560674E+03  -.1279247189E+03
L4 0.4128699340E+02  0.3197937824E+03  0.2881336382E+03  0.2918925157E+03
L5 0.8998199363E+03  0.3621655781E+03  0.1896910403E+03  0.3203803990E+03
L6 0.8722370174E+03  -.9281823032E+04  0.1435781398E+04  -.1079242812E+05
L7 0.0000000000E+00  0.2172052370E+01  0.8029569614E+01  0.1117782529E+02
L8 0.3493812731E+01  0.4652487434E+02  0.3425559086E+01  0.0000000000E+00
L9 0.0000000000E+00  0.0000000000E+00  0.0000000000E+00  0.9504303625E+00  0.0000000000E+00
L0     3000  0.6000000000E+01  -.7508916777E+04  0.1792413963E+04
L1 0.3055499412E+03  0.3055499412E+03  -.9301330740E+10  0.1000000000E+01
L2 0.1000000000E+01  0.3394956613E+02  0.3394956613E+02  0.3394956613E+02
L3 0.3012282081E+05  -.3365730983E+02  -.9384258482E+02  -.1016980775E+04
L4 -.3814935566E+03  0.2945185441E+03  0.2976569743E+03  0.3156518017E+03
L5 0.9078273200E+03  0.3018153303E+03  0.3180017159E+03  0.5361296498E+03
L6 0.1155946696E+04  -.9301330740E+04  0.1327171245E+04  -.1071076145E+05
L7 0.0000000000E+00  0.2885995335E+01  0.1286780850E+02  0.1641808176E+02
L8 0.2845334389E+01  0.4439509815E+02  0.2847143290E+01  0.0000000000E+00
L9 0.0000000000E+00  0.0000000000E+00  0.0000000000E+00  0.9762786542E+00  0.0000000000E+00
L0     4000  0.8000000000E+01  -.7498610216E+04  0.1729890013E+04
L1 0.2948915834E+03  0.2948915834E+03  -.9228500229E+10  0.1000000000E+01
L2 0.1000000000E+01  0.3388462700E+02  0.3388462700E+02  0.3388462700E+02
L3 0.2995002577E+05  -.5427444822E+03  -.4722620318E+03  0.1710340920E+03
L4 -.2813241407E+03  0.2927395720E+03  0.2601204180E+03  0.2991242356E+03
L5 0.8519842257E+03  0.4097296950E+03  0.3619178475E+03  0.2622573487E+03
L6 0.1033904891E+04  -.9228500229E+04  0.1315604127E+04  -.1061763002E+05
L7 0.0000000000E+00  0.1471181440E+01  0.8718578128E+01  0.1384192870E+02
L8 0.2641168634E+01  0.4334790343E+02  0.3504901594E+01  0.0000000000E+00
L9 0.0000000000E+00  0.0000000000E+00  0.0000000000E+00  0.9819112407E+00  0.0000000000E+00
L0     5000  0.1000000000E+02  -.7677687621E+04  0.1734956294E+04
L1 0.2957552242E+03  0.2957552242E+03  -.9412643915E+10  0.1000000000E+01
L2 0.1000000000E+01  0.3387690411E+02  0.3387690411E+02  0.3387690411E+02
L3 0.2992873929E+05  -.6307166827E+02  0.4986693589E+03  -.3662421010E+03
L4 0.2311852987E+02  0.2895679534E+03  0.2847057620E+03  0.2685704259E+03
L5 0.8428441414E+03  0.3031535690E+03  0.1772925542E+03  0.3474588481E+03
L6 0.8279049713E+03  -.9412643915E+04  0.1427752180E+04  -.1091489302E+05
L7 0.0000000000E+00  0.5088093319E+01  0.8232351300E+01  0.1437713936E+02
L8 0.1900171161E+01  0.4301227866E+02  0.1886890331E+01  0.0000000000E+00
L9 0.0000000000E+00  0.0000000000E+00  0.0000000000E+00  0.9826096141E+00  0.0000000000E+00
L0     6000  0.1200000000E+02  -.7658157565E+04  0.1734385025E+04
L1 0.2956578409E+03  0.2956578409E+03  -.9392542590E+10  0.1000000000E+01
L2 0.1000000000E+01  0.3379774963E+02  0.3379774963E+02  0.3379774963E+02
L3 0.2972048285E+05  -.3882233741E+02  0.9385586079E+01  -.1080541052E+04
L4 -.3699926011E+03  0.2802532443E+03  0.3056183885E+03  0.2799036677E+03
L5 0.8657753006E+03  0.2885573739E+03  0.3036108040E+03  0.5110322803E+03
L6 0.1103200458E+04  -.9392542590E+04  0.1350605599E+04  -.1081885659E+05
L7 0.0000000000E+00  0.2093187748E+01  0.1031579903E+02  0.1380734276E+02
L8 0.2913634861E+01  0.4425149304E+02  0.2326945310E+01  0.0000000000E+00
L9 0.0000000000E+00  0.0000000000E+00  0.0000000000E+00  0.9894949254E+00  0.0000000000E+00
L0     7000  0.1400000000E+02  -.7709701989E+04  0.1710862433E+04
L1 0.2916479824E+03  0.2916479824E+03  -.9420564422E+10  0.1000000000E+01
L2 0.1000000000E+01  0.3381772971E+02  0.3381772971E+02  0.3381772971E+02
L3 0.2977187699E+05  0.5817484567E+03  0.1591955622E+03  -.3301767381E+03
L4 0.1369224269E+03  0.2734593889E+03  0.2803818584E+03  0.3004945667E+03
L5 0.8543358140E+03  0.1488077377E+03  0.2462709132E+03  0.3712417688E+03
L6 0.7663204197E+03  -.9420564422E+04  0.1429202596E+04  -.1092452286E+05
L7 0.0000000000E+00  0.2729526238E+01  0.7434464299E+01  0.1788968425E+02
L8 0.2279523518E+01  0.4239801798E+02  0.2024620630E+01  0.0000000000E+00
L9 0.0000000000E+00  0.0000000000E+00  0.0000000000E+00  0.9877867954E+00  0.0000000000E+00
L0     8000  0.1600000000E+02  -.7665827419E+04  0.1752713032E+04
L1 0.2987821871E+03  0.2987821871E+03  -.9418540452E+10  0.1000000000E+01
L2 0.1000000000E+01  0.3385744608E+02  0.3385744608E+02  0.3385744608E+02
L3 0.2987695047E+05  -.4821020192E+02  -.3177144099E+03  0.7139228251E+03
L4 0.1159994044E+03  0.2780825300E+03  0.2892006802E+03  0.3009505276E+03
L5 0.8682337378E+03  0.2884490215E+03  0.3575178333E+03  0.1474378968E+03
L6 0.7934047516E+03  -.9418540452E+04  0.1432077888E+04  -.1093700704E+05
L7 0.0000000000E+00  0.6425199214E+01  0.1426530351E+02  0.1619681630E+02
L8 0.1584610443E+01  0.4149505138E+02  0.6421718321E+01  0.0000000000E+00
L9 0.0000000000E+00  0.0000000000E+00  0.0000000000E+00  0.9843128734E+00  0.0000000000E+00
L0     9000  0.1800000000E+02  -.7580467367E+04  0.1764102594E+04
L1 0.3007237474E+03  0.3007237474E+03  -.9344569960E+10  0.1000000000E+01
L2 0.1000000000E+01  0.3389446730E+02  0.3389446730E+02  0.3389446730E+02
L3 0.2997476000E+05  0.4206185544E+03  -.2549541114E+03  0.5234149419E+03
L4 0.2296931283E+03  0.2869402781E+03  0.2704616653E+03  0.3145409949E+03
L5 0.8719429382E+03  0.1961998715E+03  0.3254631375E+03  0.2016242342E+03
L6 0.7232872432E+03  -.9344569960E+04  0.1426091958E+04  -.1084599824E+05
L7 0.0000000000E+00  0.6048724673E+01  0.9889893966E+01  0.9981213994E+01
L8 0.4086146478E+01  0.4432545162E+02  0.1004885550E+01  0.0000000000E+00
L9 0.0000000000E+00  0.0000000000E+00  0.0000000000E+00  0.9811009987E+00  0.0000000000E+00
L0    10000  0.2000000000E+02  -.7693858773E+04  0.1718532377E+04
L1 0.2929554654E+03  0.2929554654E+03  -.9412391150E+10  0.1000000000E+01
L2 0.1000000000E+01  0.3386734153E+02  0.3386734153E+02  0.3386734153E+02
L3 0.2990217000E+05  0.6084662805E+03  0.6242622441E+03  0.2224368631E+03
L4 0.4850551292E+03  0.2813294278E+03  0.2800433093E+03  0.2738520445E+03
L5 0.8352247816E+03  0.1503823528E+03  0.1456968097E+03  0.2259817556E+03
L6 0.5220609181E+03  -.9412391150E+04  0.1488359938E+04  -.1097942579E+05
L7 0.0000000000E+00  0.9885086771E+00  0.1738735181E+02  0.1298894341E+02
L8 0.1824265159E+01  0.4217422829E+02  0.3311405534E+01  0.0000000000E+00
L9 0.0000000000E+00  0.0000000000E+00  0.0000000000E+00  0.9834827028E+00  0.0000000000E+00
