L0  Nsteps           time(ps)         Etot             EKinetic        
L1  Temp             T_solute         T_solv           Pres_scal_solu  
L2  Pres_scal_solv   BoxX             BoxY             BoxZ            
L3  volume           pres_X           pres_Y           pres_Z          
L4  Pressure         EKCoM_x          EKCoM_y          EKCoM_z         
L5  EKComTot         VIRIAL_x         VIRIAL_y         VIRIAL_z        
L6  VIRIAL_tot       E_pot            E_vdw            E_el            
L7  E_hbon           E_bon            E_angle          E_dih           
L8  E_14vdw          E_14el           E_const          E_pol           
L9  AV_permMoment    AV_indMoment     AV_totMoment     Density          dV/dlambda      
L0     1000  0.2000000000E+01  -.7123448461E+04  0.1580018528E+04
L1 0.2849825155E+03  0.2849825155E+03  -.8703466988E+10  0.1000000000E+01
L2 0.1000000000E+01  0.3418314474E+02  0.3418314474E+02  0.3418314474E+02
L3 0.3074849203E+05  -.2966960719E+03  -.4308312789E+02  -.4041132333E+03
L4 -.2479641444E+03  0.2710442390E+03  0.2537307272E+03  0.2566896818E+03
L5 0.7814646480E+03  0.3367029267E+03  0.2632650012E+03  0.3461197319E+03
L6 0.9460876598E+03  -.8703466988E+04  0.1364746617E+04  -.1014321571E+05
L7 0.0000000000E+00  0.4643115706E+01  0.9198256758E+01  0.1111136937E+02
L8 0.2732177566E+01  0.4507494424E+02  0.2242236782E+01  0.0000000000E+00
L9 0.0000000000E+00  0.0000000000E+00  0.0000000000E+00  0.9038739602E+00  0.0000000000E+00
L0     2000  0.4000000000E+01  -.7075222267E+04  0.1639069670E+04
L1 0.2956333672E+03  0.2956333672E+03  -.8714291937E+10  0.1000000000E+01
L2 0.1000000000E+01  0.3368057575E+02  0.3368057575E+02  0.3368057575E+02
L3 0.2941301009E+05  -.1355621654E+04  0.1777940974E+03  -.5860191393E+03
L4 -.5879488988E+03  0.2635929524E+03  0.2924268118E+03  0.2609562951E+03
L5 0.8169760594E+03  0.5505616651E+03  0.2547899512E+03  0.3850094611E+03
L6 0.1190361077E+04  -.8714291937E+04  0.1251835020E+04  -.1003563869E+05
L7 0.0000000000E+00  0.4225934214E+01  0.8612565130E+01  0.1103197324E+02
L8 0.2512841480E+01  0.4067525463E+02  0.2453161047E+01  0.0000000000E+00
L9 0.0000000000E+00  0.0000000000E+00  0.0000000000E+00  0.9449138721E+00  0.0000000000E+00
L0     3000  0.6000000000E+01  -.7107484216E+04  0.1653898557E+04
L1 0.2983080026E+03  0.2983080026E+03  -.8761382772E+10  0.1000000000E+01
L2 0.1000000000E+01  0.3335960572E+02  0.3335960572E+02  0.3335960572E+02
L3 0.2857887611E+05  0.4041338696E+03  -.5885666543E+02  -.6739714402E+03
L4 -.1095647453E+03  0.2795532902E+03  0.2605035366E+03  0.2675469645E+03
L5 0.8076037913E+03  0.1964291865E+03  0.2726094449E+03  0.4061724944E+03
L6 0.8752111259E+03  -.8761382772E+04  0.1301730562E+04  -.1013617652E+05
L7 0.0000000000E+00  0.1280779385E+01  0.1439513386E+02  0.1062390987E+02
L8 0.3069130694E+01  0.4184139839E+02  0.1852837156E+01  0.0000000000E+00
L9 0.0000000000E+00  0.0000000000E+00  0.0000000000E+00  0.9724931501E+00  0.0000000000E+00
L0     4000  0.8000000000E+01  -.7144045920E+04  0.1719800875E+04
L1 0.3101945775E+03  0.3101945775E+03  -.8863846795E+10  0.1000000000E+01
L2 0.1000000000E+01  0.3334096533E+02  0.3334096533E+02  0.3334096533E+02
L3 0.2853029306E+05  0.8106562844E+02  0.8315974203E+03  -.4130746573E+03
L4 0.1665294638E+03  0.3121894927E+03  0.3117397763E+03  0.2877059472E+03
L5 0.9116352162E+03  0.2955438884E+03  0.1409837867E+03  0.3725245988E+03
L6 0.8090522739E+03  -.8863846795E+04  0.1340238914E+04  -.1027289697E+05
L7 0.0000000000E+00  0.3553267719E+01  0.7143232832E+01  0.9755805249E+01
L8 0.2657696676E+01  0.4354602063E+02  0.2155233597E+01  0.0000000000E+00
L9 0.0000000000E+00  0.0000000000E+00  0.0000000000E+00  0.9741491683E+00  0.0000000000E+00
L0     5000  0.1000000000E+02  -.7191227428E+04  0.1656699610E+04
L1 0.2988132189E+03  0.2988132189E+03  -.8847927038E+10  0.1000000000E+01
L2 0.1000000000E+01  0.3324893298E+02  0.3324893298E+02  0.3324893298E+02
L3 0.2829403665E+05  0.5797884139E+03  0.8330870894E+02  0.6069869312E+03
L4 0.4233613513E+03  0.2762043444E+03  0.2886614745E+03  0.2868682695E+03
L5 0.8517340884E+03  0.1581393845E+03  0.2716969420E+03  0.1632647513E+03
L6 0.5931010778E+03  -.8847927038E+04  0.1373633214E+04  -.1029234543E+05
L7 0.0000000000E+00  0.4285991838E+01  0.9424143720E+01  0.8712839585E+01
L8 0.2102708936E+01  0.4288499013E+02  0.3374507604E+01  0.0000000000E+00
L9 0.0000000000E+00  0.0000000000E+00  0.0000000000E+00  0.9822833553E+00  0.0000000000E+00
L0     6000  0.1200000000E+02  -.7241011421E+04  0.1648927589E+04
L1 0.2974114062E+03  0.2974114062E+03  -.8889939011E+10  0.1000000000E+01
L2 0.1000000000E+01  0.3324616100E+02  0.3324616100E+02  0.3324616100E+02
L3 0.2828899999E+05  0.4760541951E+03  -.1079804030E+04  -.5508925086E+03
L4 -.3848807813E+03  0.3023585970E+03  0.2844219911E+03  0.2722106555E+03
L5 0.8589912436E+03  0.2054347659E+03  0.5042682703E+03  0.3843714410E+03
L6 0.1094074477E+04  -.8889939011E+04  0.1281099481E+04  -.1024567737E+05
L7 0.0000000000E+00  0.4631879130E+01  0.1088614080E+02  0.1015677646E+02
L8 0.2900462152E+01  0.4157030495E+02  0.4493314906E+01  0.0000000000E+00
L9 0.0000000000E+00  0.0000000000E+00  0.0000000000E+00  0.9824582440E+00  0.0000000000E+00
L0     7000  0.1400000000E+02  -.7206737451E+04  0.1641447759E+04
L1 0.2960622950E+03  0.2960622950E+03  -.8848185211E+10  0.1000000000E+01
L2 0.1000000000E+01  0.3323715070E+02  0.3323715070E+02  0.3323715070E+02
L3 0.2826523008E+05  0.8286755898E+02  -.7199336323E+02  -.2425884089E+03
L4 -.7723807104E+02  0.2835826355E+03  0.2679267263E+03  0.2794950767E+03
L5 0.8310044386E+03  0.2667251167E+03  0.2825721374E+03  0.3288441670E+03
L6 0.8781414212E+03  -.8848185211E+04  0.1306341995E+04  -.1023196969E+05
L7 0.0000000000E+00  0.3405631652E+01  0.9950166677E+01  0.1193722941E+02
L8 0.2170727675E+01  0.4727317884E+02  0.2705553295E+01  0.0000000000E+00
L9 0.0000000000E+00  0.0000000000E+00  0.0000000000E+00  0.9832844517E+00  0.0000000000E+00
L0     8000  0.1600000000E+02  -.7240100730E+04  0.1638483776E+04
L1 0.2955276915E+03  0.2955276915E+03  -.8878584506E+10  0.1000000000E+01
L2 0.1000000000E+01  0.3324313371E+02  0.3324313371E+02  0.3324313371E+02
L3 0.2828162322E+05  -.3883037915E+02  -.1088630301E+04  -.4436594145E+03
L4 -.5237066984E+03  0.2738741909E+03  0.2913281752E+03  0.2573332546E+03
L5 0.8225356207E+03  0.2817779290E+03  0.5129136715E+03  0.3476380086E+03
L6 0.1142329609E+04  -.8878584506E+04  0.1266502570E+04  -.1022115604E+05
L7 0.0000000000E+00  0.3546340592E+01  0.1197587849E+02  0.1080301845E+02
L8 0.3493048558E+01  0.4290157847E+02  0.3349098854E+01  0.0000000000E+00
L9 0.0000000000E+00  0.0000000000E+00  0.0000000000E+00  0.9827145014E+00  0.0000000000E+00
L0     9000  0.1800000000E+02  -.7121780767E+04  0.1697171166E+04
L1 0.3061129344E+03  0.3061129344E+03  -.8818951933E+10  0.1000000000E+01
L2 0.1000000000E+01  0.3319849270E+02  0.3319849270E+02  0.3319849270E+02
L3 0.2816770779E+05  0.4160894921E+03  -.9353408208E+03  -.8928092826E+03
L4 -.4706868704E+03  0.2854513872E+03  0.2796206131E+03  0.2900262132E+03
L5 0.8550982135E+03  0.2010994939E+03  0.4692379205E+03  0.4710212992E+03
L6 0.1141358714E+04  -.8818951933E+04  0.1240798458E+04  -.1013772546E+05
L7 0.0000000000E+00  0.3578320448E+01  0.9441853071E+01  0.1099975630E+02
L8 0.4064769841E+01  0.4728812331E+02  0.2602245596E+01  0.0000000000E+00
L9 0.0000000000E+00  0.0000000000E+00  0.0000000000E+00  0.9866887807E+00  0.0000000000E+00
L0    10000  0.2000000000E+02  -.7139539107E+04  0.1662166568E+04
L1 0.2997992755E+03  0.2997992755E+03  -.8801705676E+10  0.1000000000E+01
L2 0.1000000000E+01  0.3329195539E+02  0.3329195539E+02  0.3329195539E+02
L3 0.2840555799E+05  -.4629446184E+03  -.2499342447E+03  0.1523322148E+03
L4 -.1868488828E+03  0.2587623538E+03  0.3001838789E+03  0.2808700799E+03
L5 0.8398163126E+03  0.3534054511E+03  0.3512797338E+03  0.2497277098E+03
L6 0.9544128947E+03  -.8801705676E+04  0.1288667415E+04  -.1016737692E+05
L7 0.0000000000E+00  0.2370829043E+01  0.8303179510E+01  0.1218463824E+02
L8 0.3742495802E+01  0.4685441899E+02  0.3548266630E+01  0.0000000000E+00
L9 0.0000000000E+00  0.0000000000E+00  0.0000000000E+00  0.9784268722E+00  0.0000000000E+00
