L0  Nsteps           time(ps)         Etot             EKinetic        
L1  Temp             T_solute         T_solv           Pres_scal_solu  
L2  Pres_scal_solv   BoxX             BoxY             BoxZ            
L3  volume           pres_X           pres_Y           pres_Z          
L4  Pressure         EKCoM_x          EKCoM_y          EKCoM_z         
L5  EKComTot         VIRIAL_x         VIRIAL_y         VIRIAL_z        
L6  VIRIAL_tot       E_pot            E_vdw            E_el            
L7  E_hbon           E_bon            E_angle          E_dih           
L8  E_14vdw          E_14el           E_const          E_pol           
L9  AV_permMoment    AV_indMoment     AV_totMoment     Density          dV/dlambda      
L0     1000  0.2000000000E+01  -.7068313336E+04  0.1650497397E+04
L1 0.2993037068E+03  0.2993037068E+03  -.8718810732E+10  0.1000000000E+01
L2 0.1000000000E+01  0.3404359396E+02  0.3404359396E+02  0.3404359396E+02
L3 0.3037515763E+05  -.1306875969E+04  -.9612136871E+03  -.3772043300E+03
L4 -.8817646621E+03  0.2832729258E+03  0.2479184246E+03  0.2857791439E+03
L5 0.8169704944E+03  0.5689724339E+03  0.4580518145E+03  0.3682407501E+03
L6 0.1395264999E+04  -.8718810732E+04  0.1293292134E+04  -.1008232129E+05
L7 0.0000000000E+00  0.3526501659E+01  0.8991248715E+01  0.1415686175E+02
L8 0.2514815783E+01  0.3988124153E+02  0.1147757450E+01  0.0000000000E+00
L9 0.0000000000E+00  0.0000000000E+00  0.0000000000E+00  0.9100587306E+00  0.0000000000E+00
L0     2000  0.4000000000E+01  -.7006575243E+04  0.1638006397E+04
L1 0.2970385698E+03  0.2970385698E+03  -.8644581639E+10  0.1000000000E+01
L2 0.1000000000E+01  0.3354994741E+02  0.3354994741E+02  0.3354994741E+02
L3 0.2907136346E+05  -.3865541759E+03  -.3113597794E+03  -.2077700429E+03
L4 -.3018946661E+03  0.2833379777E+03  0.2708266470E+03  0.2773470324E+03
L5 0.8315116571E+03  0.3642163403E+03  0.3359721576E+03  0.3208185609E+03
L6 0.1021007059E+04  -.8644581639E+04  0.1274104543E+04  -.9992644781E+04
L7 0.0000000000E+00  0.3320375725E+01  0.1136793281E+02  0.1103223994E+02
L8 0.2430991767E+01  0.4012405496E+02  0.5683003935E+01  0.0000000000E+00
L9 0.0000000000E+00  0.0000000000E+00  0.0000000000E+00  0.9508730965E+00  0.0000000000E+00
L0     3000  0.6000000000E+01  -.7116100278E+04  0.1678811200E+04
L1 0.3044381749E+03  0.3044381749E+03  -.8794911477E+10  0.1000000000E+01
L2 0.1000000000E+01  0.3327864391E+02  0.3327864391E+02  0.3327864391E+02
L3 0.2837237072E+05  -.3001008031E+03  -.9960669586E+03  -.2982682963E+03
L4 -.5314786860E+03  0.2898252538E+03  0.2698229812E+03  0.2872240368E+03
L5 0.8468722717E+03  0.3511053394E+03  0.4732182000E+03  0.3481299276E+03
L6 0.1172453467E+04  -.8794911477E+04  0.1257351462E+04  -.1013150147E+05
L7 0.0000000000E+00  0.6343104203E+01  0.9405219431E+01  0.1087558413E+02
L8 0.2533462042E+01  0.4666296141E+02  0.3418194756E+01  0.0000000000E+00
L9 0.0000000000E+00  0.0000000000E+00  0.0000000000E+00  0.9742991754E+00  0.0000000000E+00
L0     4000  0.8000000000E+01  -.7203334769E+04  0.1653424912E+04
L1 0.2998345868E+03  0.2998345868E+03  -.8856759681E+10  0.1000000000E+01
L2 0.1000000000E+01  0.3321427970E+02  0.3321427970E+02  0.3321427970E+02
L3 0.2820620142E+05  -.2752126878E+03  0.1212640551E+03  0.7802270565E+03
L4 0.2087594746E+03  0.2973752845E+03  0.2460176090E+03  0.2939155688E+03
L5 0.8373084623E+03  0.3532441220E+03  0.2214007142E+03  0.1355275999E+03
L6 0.7101724362E+03  -.8856759681E+04  0.1365666418E+04  -.1029783358E+05
L7 0.0000000000E+00  0.2541910167E+01  0.7807491919E+01  0.1165399025E+02
L8 0.4477503838E+01  0.4718519177E+02  0.1741395335E+01  0.0000000000E+00
L9 0.0000000000E+00  0.0000000000E+00  0.0000000000E+00  0.9800389985E+00  0.0000000000E+00
L0     5000  0.1000000000E+02  -.7182012412E+04  0.1592938908E+04
L1 0.2888659629E+03  0.2888659629E+03  -.8774951320E+10  0.1000000000E+01
L2 0.1000000000E+01  0.3310938093E+02  0.3310938093E+02  0.3310938093E+02
L3 0.2794089330E+05  0.2970750404E+03  -.2914958505E+03  -.6971899482E+03
L4 -.2305369194E+03  0.2503761358E+03  0.2680063158E+03  0.2714039140E+03
L5 0.7897863656E+03  0.1906364366E+03  0.3266240792E+03  0.4116039044E+03
L6 0.9288644201E+03  -.8774951320E+04  0.1262845362E+04  -.1010807539E+05
L7 0.0000000000E+00  0.2525054183E+01  0.9567345021E+01  0.1022091502E+02
L8 0.2724627466E+01  0.4308932282E+02  0.2151439866E+01  0.0000000000E+00
L9 0.0000000000E+00  0.0000000000E+00  0.0000000000E+00  0.9893447966E+00  0.0000000000E+00
L0     6000  0.1200000000E+02  -.7196541864E+04  0.1638424575E+04
L1 0.2971144030E+03  0.2971144030E+03  -.8834966439E+10  0.1000000000E+01
L2 0.1000000000E+01  0.3308049906E+02  0.3308049906E+02  0.3308049906E+02
L3 0.2786591158E+05  0.4224732337E+03  0.5494234117E+03  0.6604596806E+03
L4 0.5441187753E+03  0.2792897577E+03  0.2582468605E+03  0.2782424701E+03
L5 0.8157790883E+03  0.1945613522E+03  0.1480581765E+03  0.1457850949E+03
L6 0.4884046235E+03  -.8834966439E+04  0.1382692835E+04  -.1028902828E+05
L7 0.0000000000E+00  0.4005752507E+01  0.6755376548E+01  0.1170050671E+02
L8 0.3011464244E+01  0.4389804490E+02  0.1997863360E+01  0.0000000000E+00
L9 0.0000000000E+00  0.0000000000E+00  0.0000000000E+00  0.9920069300E+00  0.0000000000E+00
L0     7000  0.1400000000E+02  -.7152531558E+04  0.1661169868E+04
L1 0.3012390689E+03  0.3012390689E+03  -.8813701426E+10  0.1000000000E+01
L2 0.1000000000E+01  0.3309023899E+02  0.3309023899E+02  0.3309023899E+02
L3 0.2789157168E+05  -.2037249441E+03  0.3021236390E+02  0.5528690308E+03
L4 0.1264521502E+03  0.2697023230E+03  0.2843558442E+03  0.2624496081E+03
L5 0.8165077753E+03  0.3105976584E+03  0.2782910750E+03  0.1514677912E+03
L6 0.7403565246E+03  -.8813701426E+04  0.1319178096E+04  -.1020551127E+05
L7 0.0000000000E+00  0.3638497127E+01  0.8277369115E+01  0.9019287661E+01
L8 0.3004554138E+01  0.4526503279E+02  0.3427008256E+01  0.0000000000E+00
L9 0.0000000000E+00  0.0000000000E+00  0.0000000000E+00  0.9910942889E+00  0.0000000000E+00
L0     8000  0.1600000000E+02  -.7080120760E+04  0.1663093094E+04
L1 0.3015878296E+03  0.3015878296E+03  -.8743213854E+10  0.1000000000E+01
L2 0.1000000000E+01  0.3316084105E+02  0.3316084105E+02  0.3316084105E+02
L3 0.2807090697E+05  0.1870176333E+03  -.6208066315E+03  0.3052545532E+03
L4 -.4284481502E+02  0.2706668776E+03  0.2731175525E+03  0.2712791922E+03
L5 0.8150636222E+03  0.2328839521E+03  0.3985382964E+03  0.2096090180E+03
L6 0.8410312664E+03  -.8743213854E+04  0.1284621906E+04  -.1010280119E+05
L7 0.0000000000E+00  0.4634898867E+01  0.5435266135E+01  0.1136555463E+02
L8 0.3533776336E+01  0.4642457474E+02  0.3571355357E+01  0.0000000000E+00
L9 0.0000000000E+00  0.0000000000E+00  0.0000000000E+00  0.9847625310E+00  0.0000000000E+00
L0     9000  0.1800000000E+02  -.7183887717E+04  0.1631504524E+04
L1 0.2958595104E+03  0.2958595104E+03  -.8815392241E+10  0.1000000000E+01
L2 0.1000000000E+01  0.3317905849E+02  0.3317905849E+02  0.3317905849E+02
L3 0.2811766706E+05  -.5497685601E+03  0.2935938485E+02  -.1715745341E+03
L4 -.2306612364E+03  0.2682325961E+03  0.2812113103E+03  0.2641885841E+03
L5 0.8136324904E+03  0.3794866293E+03  0.2752699920E+03  0.2989093017E+03
L6 0.9536659230E+03  -.8815392241E+04  0.1287589951E+04  -.1017881894E+05
L7 0.0000000000E+00  0.5903423881E+01  0.8522760055E+01  0.1073263725E+02
L8 0.3023113309E+01  0.4305134594E+02  0.4603471839E+01  0.0000000000E+00
L9 0.0000000000E+00  0.0000000000E+00  0.0000000000E+00  0.9831248565E+00  0.0000000000E+00
L0    10000  0.2000000000E+02  -.7179878417E+04  0.1656104179E+04
L1 0.3003204491E+03  0.3003204491E+03  -.8835982595E+10  0.1000000000E+01
L2 0.1000000000E+01  0.3322494859E+02  0.3322494859E+02  0.3322494859E+02
L3 0.2823346834E+05  -.1361103915E+03  0.3055224517E+03  0.3645293602E+03
L4 0.1779804735E+03  0.2736065321E+03  0.2602019048E+03  0.2797399180E+03
L5 0.8135483550E+03  0.3012639796E+03  0.1981201559E+03  0.2056680451E+03
L6 0.7050521807E+03  -.8835982595E+04  0.1358823376E+04  -.1027069522E+05
L7 0.0000000000E+00  0.5012200071E+01  0.8388658570E+01  0.1276070934E+02
L8 0.3552764292E+01  0.4283381811E+02  0.3341094451E+01  0.0000000000E+00
L9 0.0000000000E+00  0.0000000000E+00  0.0000000000E+00  0.9790925104E+00  0.0000000000E+00
