L0  Nsteps           time(ps)         Etot             EKinetic        
L1  Temp             T_solute         T_solv           Pres_scal_solu  
L2  Pres_scal_solv   BoxX             BoxY             BoxZ            
L3  volume           pres_X           pres_Y           pres_Z          
L4  Pressure         EKCoM_x          EKCoM_y          EKCoM_z         
L5  EKComTot         VIRIAL_x         VIRIAL_y         VIRIAL_z        
L6  VIRIAL_tot       E_pot            E_vdw            E_el            
L7  E_hbon           E_bon            E_angle          E_dih           
L8  E_14vdw          E_14el           E_const          E_pol           
L9  AV_permMoment    AV_indMoment     AV_totMoment     Density          dV/dlambda      
L0     1000  0.2000000000E+01  -.7823267987E+04  0.1765606724E+04
L1 0.2909277716E+03  0.2909277716E+03  -.9588874711E+10  0.1000000000E+01
L2 0.1000000000E+01  0.3511970513E+02  0.3511970513E+02  0.3511970513E+02
L3 0.3334682045E+05  -.1481255247E+04  -.3088134045E+03  -.4324231099E+02
L4 -.6111036541E+03  0.3088874634E+03  0.2849580055E+03  0.2946217665E+03
L5 0.8884672355E+03  0.6643885339E+03  0.3590731833E+03  0.3049999157E+03
L6 0.1328461633E+04  -.9588874711E+04  0.1449576441E+04  -.1112166701E+05
L7 0.0000000000E+00  0.3442892199E+01  0.1220846650E+02  0.1181247701E+02
L8 0.2936048056E+01  0.4609423296E+02  0.6721736188E+01  0.0000000000E+00
L9 0.0000000000E+00  0.0000000000E+00  0.0000000000E+00  0.9123939499E+00  0.0000000000E+00
L0     2000  0.4000000000E+01  -.7775672327E+04  0.1841718047E+04
L1 0.3034690118E+03  0.3034690118E+03  -.9617390375E+10  0.1000000000E+01
L2 0.1000000000E+01  0.3456223733E+02  0.3456223733E+02  0.3456223733E+02
L3 0.3178452618E+05  -.6294832617E+03  -.1043101506E+04  -.8072462660E+03
L4 -.8266103445E+03  0.3041633335E+03  0.2980500328E+03  0.3086296516E+03
L5 0.9108430179E+03  0.4481613494E+03  0.5366656662E+03  0.4932920052E+03
L6 0.1478119021E+04  -.9617390375E+04  0.1353433696E+04  -.1104509846E+05
L7 0.0000000000E+00  0.2610607448E+01  0.7634143596E+01  0.1104784302E+02
L8 0.3589394210E+01  0.4821994220E+02  0.1172456985E+01  0.0000000000E+00
L9 0.0000000000E+00  0.0000000000E+00  0.0000000000E+00  0.9572405469E+00  0.0000000000E+00
L0     3000  0.6000000000E+01  -.7856862319E+04  0.1784189215E+04
L1 0.2939897009E+03  0.2939897009E+03  -.9641051534E+10  0.1000000000E+01
L2 0.1000000000E+01  0.3433566101E+02  0.3433566101E+02  0.3433566101E+02
L3 0.3116098250E+05  0.4081750191E+03  0.9456279824E+02  -.2495354486E+03
L4 0.8440078958E+02  0.2986388072E+03  0.3001682778E+03  0.2755084418E+03
L5 0.8743155269E+03  0.2070981251E+03  0.2789608480E+03  0.3314713110E+03
L6 0.8175302841E+03  -.9641051534E+04  0.1460439011E+04  -.1117448964E+05
L7 0.0000000000E+00  0.2030230457E+01  0.1079542390E+02  0.1127332352E+02
L8 0.2751778710E+01  0.4386096151E+02  0.2287379422E+01  0.0000000000E+00
L9 0.0000000000E+00  0.0000000000E+00  0.0000000000E+00  0.9763953118E+00  0.0000000000E+00
L0     4000  0.8000000000E+01  -.7916986261E+04  0.1853178335E+04
L1 0.3053573801E+03  0.3053573801E+03  -.9770164595E+10  0.1000000000E+01
L2 0.1000000000E+01  0.3432710778E+02  0.3432710778E+02  0.3432710778E+02
L3 0.3113893210E+05  -.7325395369E+03  -.1933892648E+03  -.1504434484E+03
L4 -.3587907500E+03  0.3033113586E+03  0.2855737866E+03  0.3217453539E+03
L5 0.9106304990E+03  0.4674804385E+03  0.3289141608E+03  0.3554611620E+03
L6 0.1151855761E+04  -.9770164595E+04  0.1443456475E+04  -.1128807055E+05
L7 0.0000000000E+00  0.3848000001E+01  0.8792481379E+01  0.9885847859E+01
L8 0.1853066624E+01  0.4570816455E+02  0.4361922355E+01  0.0000000000E+00
L9 0.0000000000E+00  0.0000000000E+00  0.0000000000E+00  0.9770867263E+00  0.0000000000E+00
L0     5000  0.1000000000E+02  -.7911389150E+04  0.1828671563E+04
L1 0.3013192779E+03  0.3013192779E+03  -.9740060713E+10  0.1000000000E+01
L2 0.1000000000E+01  0.3432118230E+02  0.3432118230E+02  0.3432118230E+02
L3 0.3112243414E+05  -.1875976667E+03  0.5959099390E+03  -.1079116559E+04
L4 -.2236014289E+03  0.2985848242E+03  0.3032490320E+03  0.3117062975E+03
L5 0.9135401537E+03  0.3406049713E+03  0.1697707016E+03  0.5534184542E+03
L6 0.1063794127E+04  -.9740060713E+04  0.1453409804E+04  -.1127269732E+05
L7 0.0000000000E+00  0.3087080875E+01  0.1287355150E+02  0.1286789812E+02
L8 0.2698157187E+01  0.4469696660E+02  0.3003153084E+01  0.0000000000E+00
L9 0.0000000000E+00  0.0000000000E+00  0.0000000000E+00  0.9776046788E+00  0.0000000000E+00
L0     6000  0.1200000000E+02  -.7836658815E+04  0.1815529369E+04
L1 0.2991537734E+03  0.2991537734E+03  -.9652188184E+10  0.1000000000E+01
L2 0.1000000000E+01  0.3430064693E+02  0.3430064693E+02  0.3430064693E+02
L3 0.3106568008E+05  -.3259323531E+03  -.1135761097E+03  0.7680264545E+03
L4 0.1095059972E+03  0.2997229240E+03  0.3129330083E+03  0.2981670997E+03
L5 0.9108230320E+03  0.3725956335E+03  0.3383266177E+03  0.1264499682E+03
L6 0.8373722194E+03  -.9652188184E+04  0.1464250369E+04  -.1119099040E+05
L7 0.0000000000E+00  0.3153425441E+01  0.1354100692E+02  0.9144143888E+01
L8 0.1949524879E+01  0.4347692813E+02  0.3286813288E+01  0.0000000000E+00
L9 0.0000000000E+00  0.0000000000E+00  0.0000000000E+00  0.9793906700E+00  0.0000000000E+00
L0     7000  0.1400000000E+02  -.7855207242E+04  0.1816882298E+04
L1 0.2993767022E+03  0.2993767022E+03  -.9672089539E+10  0.1000000000E+01
L2 0.1000000000E+01  0.3414493096E+02  0.3414493096E+02  0.3414493096E+02
L3 0.3064612624E+05  -.4237299717E+03  -.3637584917E+03  -.6602424449E+03
L4 -.4825769694E+03  0.3005256889E+03  0.3202178888E+03  0.2967104525E+03
L5 0.9174540302E+03  0.3939847363E+03  0.4004494617E+03  0.4423353413E+03
L6 0.1236769539E+04  -.9672089539E+04  0.1351463749E+04  -.1110339353E+05
L7 0.0000000000E+00  0.4730894904E+01  0.1376196262E+02  0.1092112604E+02
L8 0.3427556165E+01  0.4492159768E+02  0.2077107129E+01  0.0000000000E+00
L9 0.0000000000E+00  0.0000000000E+00  0.0000000000E+00  0.9927987959E+00  0.0000000000E+00
L0     8000  0.1600000000E+02  -.7848433881E+04  0.1821279154E+04
L1 0.3001011939E+03  0.3001011939E+03  -.9669713035E+10  0.1000000000E+01
L2 0.1000000000E+01  0.3412495396E+02  0.3412495396E+02  0.3412495396E+02
L3 0.3059228988E+05  -.4788057899E+02  -.2777161300E+03  -.1036509903E+04
L4 -.4540355374E+03  0.3029613473E+03  0.3136200351E+03  0.2758004336E+03
L5 0.8923818159E+03  0.3135034674E+03  0.3747662630E+03  0.5040142962E+03
L6 0.1192284027E+04  -.9669713035E+04  0.1355777877E+04  -.1110180252E+05
L7 0.0000000000E+00  0.2094848721E+01  0.1330120652E+02  0.1016544376E+02
L8 0.2392901041E+01  0.4604932541E+02  0.2307882987E+01  0.0000000000E+00
L9 0.0000000000E+00  0.0000000000E+00  0.0000000000E+00  0.9945459246E+00  0.0000000000E+00
L0     9000  0.1800000000E+02  -.7873954683E+04  0.1805185036E+04
L1 0.2974492864E+03  0.2974492864E+03  -.9679139719E+10  0.1000000000E+01
L2 0.1000000000E+01  0.3418740926E+02  0.3418740926E+02  0.3418740926E+02
L3 0.3075852563E+05  0.3421585961E+01  0.5650500905E+03  0.3014259894E+03
L4 0.2899658886E+03  0.3106666415E+03  0.3028112386E+03  0.2880518039E+03
L5 0.9015296840E+03  0.3099091992E+03  0.1777251412E+03  0.2213246211E+03
L6 0.7089589615E+03  -.9679139719E+04  0.1478196080E+04  -.1123071854E+05
L7 0.0000000000E+00  0.3285193549E+01  0.1225229738E+02  0.1003699123E+02
L8 0.2133032157E+01  0.4398957807E+02  0.1685651001E+01  0.0000000000E+00
L9 0.0000000000E+00  0.0000000000E+00  0.0000000000E+00  0.9891708593E+00  0.0000000000E+00
L0    10000  0.2000000000E+02  -.7843652790E+04  0.1785448954E+04
L1 0.2941972744E+03  0.2941972744E+03  -.9629101744E+10  0.1000000000E+01
L2 0.1000000000E+01  0.3415102759E+02  0.3415102759E+02  0.3415102759E+02
L3 0.3066115724E+05  -.2468393157E+03  -.1053995336E+03  0.4265736200E+03
L4 0.2477825690E+02  0.3035051238E+03  0.2733653230E+03  0.3331138938E+03
L5 0.9099843406E+03  0.3579753848E+03  0.2966239360E+03  0.2389814970E+03
L6 0.8935808177E+03  -.9629101744E+04  0.1406434887E+04  -.1110622632E+05
L7 0.0000000000E+00  0.3104695657E+01  0.5300451907E+01  0.1073752117E+02
L8 0.2904572374E+01  0.4667885294E+02  0.1963594287E+01  0.0000000000E+00
L9 0.0000000000E+00  0.0000000000E+00  0.0000000000E+00  0.9923120966E+00  0.0000000000E+00
