L0  Nsteps           time(ps)         Etot             EKinetic        
L1  Temp             T_solute         T_solv           Pres_scal_solu  
L2  Pres_scal_solv   BoxX             BoxY             BoxZ            
L3  volume           pres_X           pres_Y           pres_Z          
L4  Pressure         EKCoM_x          EKCoM_y          EKCoM_z         
L5  EKComTot         VIRIAL_x         VIRIAL_y         VIRIAL_z        
L6  VIRIAL_tot       E_pot            E_vdw            E_el            
L7  E_hbon           E_bon            E_angle          E_dih           
L8  E_14vdw          E_14el           E_const          E_pol           
L9  AV_permMoment    AV_indMoment     AV_totMoment     Density          dV/dlambda      
L0     1000  0.2000000000E+01  -.7564326700E+04  0.1718188333E+04
L1 0.2914160442E+03  0.2914160442E+03  -.9282515033E+10  0.1000000000E+01
L2 0.1000000000E+01  0.3486907266E+02  0.3486907266E+02  0.3486907266E+02
L3 0.3263823250E+05  -.2342409195E+03  -.1266893880E+04  -.6102233953E+03
L4 -.7037860649E+03  0.2996676312E+03  0.2679568887E+03  0.2721026638E+03
L5 0.8397271837E+03  0.3546908479E+03  0.5655503948E+03  0.4154442037E+03
L6 0.1335685446E+04  -.9282515033E+04  0.1389928301E+04  -.1075542122E+05
L7 0.0000000000E+00  0.4333046189E+01  0.9594259218E+01  0.1210638242E+02
L8 0.2919945657E+01  0.4981188397E+02  0.4212364300E+01  0.0000000000E+00
L9 0.0000000000E+00  0.0000000000E+00  0.0000000000E+00  0.9056204508E+00  0.0000000000E+00
L0     2000  0.4000000000E+01  -.7558828973E+04  0.1769929018E+04
L1 0.3001916048E+03  0.3001916048E+03  -.9328757991E+10  0.1000000000E+01
L2 0.1000000000E+01  0.3436983540E+02  0.3436983540E+02  0.3436983540E+02
L3 0.3125511649E+05  -.1721694097E+03  -.3067253202E+03  -.3412656114E+03
L4 -.2733867804E+03  0.2972579882E+03  0.3122396116E+03  0.2817898696E+03
L5 0.8912874694E+03  0.3359867572E+03  0.3812361544E+03  0.3585561025E+03
L6 0.1075779014E+04  -.9328757991E+04  0.1398969355E+04  -.1080249016E+05
L7 0.0000000000E+00  0.4186975107E+01  0.8625932584E+01  0.1192811618E+02
L8 0.2081136529E+01  0.4503316840E+02  0.2907484866E+01  0.0000000000E+00
L9 0.0000000000E+00  0.0000000000E+00  0.0000000000E+00  0.9456963899E+00  0.0000000000E+00
L0     3000  0.6000000000E+01  -.7643775828E+04  0.1736384126E+04
L1 0.2945021704E+03  0.2945021704E+03  -.9380159954E+10  0.1000000000E+01
L2 0.1000000000E+01  0.3398373386E+02  0.3398373386E+02  0.3398373386E+02
L3 0.3021358382E+05  -.2285492075E+02  -.2391519389E+03  -.5733168761E+03
L4 -.2784412453E+03  0.2919974491E+03  0.2659375824E+03  0.2763039957E+03
L5 0.8342390272E+03  0.2969672448E+03  0.3179411010E+03  0.4009715813E+03
L6 0.1015879927E+04  -.9380159954E+04  0.1368517041E+04  -.1082759049E+05
L7 0.0000000000E+00  0.2568472418E+01  0.8614321122E+01  0.1041210241E+02
L8 0.4006394180E+01  0.4775216699E+02  0.5560034837E+01  0.0000000000E+00
L9 0.0000000000E+00  0.0000000000E+00  0.0000000000E+00  0.9782967490E+00  0.0000000000E+00
L0     4000  0.8000000000E+01  -.7581811900E+04  0.1775651897E+04
L1 0.3011622426E+03  0.3011622426E+03  -.9357463797E+10  0.1000000000E+01
L2 0.1000000000E+01  0.3393113312E+02  0.3393113312E+02  0.3393113312E+02
L3 0.3007255053E+05  0.5524867862E+03  -.5287223419E+03  0.2085620407E+03
L4 0.7744216166E+02  0.2927517591E+03  0.2843072319E+03  0.3114397931E+03
L5 0.8884987840E+03  0.1731744602E+03  0.3987410810E+03  0.2662997352E+03
L6 0.8382152764E+03  -.9357463797E+04  0.1401528247E+04  -.1084053097E+05
L7 0.0000000000E+00  0.8508092449E+01  0.5207586851E+01  0.1292128419E+02
L8 0.2185854630E+01  0.4912610966E+02  0.3590000776E+01  0.0000000000E+00
L9 0.0000000000E+00  0.0000000000E+00  0.0000000000E+00  0.9828847339E+00  0.0000000000E+00
L0     5000  0.1000000000E+02  -.7670841986E+04  0.1723649574E+04
L1 0.2923423066E+03  0.2923423066E+03  -.9394491560E+10  0.1000000000E+01
L2 0.1000000000E+01  0.3385234207E+02  0.3385234207E+02  0.3385234207E+02
L3 0.2986513484E+05  -.4986608775E+03  -.7422873103E+03  -.3189731755E+03
L4 -.5199737878E+03  0.2662568801E+03  0.2889478048E+03  0.2759720853E+03
L5 0.8311767702E+03  0.3734399907E+03  0.4484964410E+03  0.3445327820E+03
L6 0.1166469214E+04  -.9394491560E+04  0.1327122725E+04  -.1079131969E+05
L7 0.0000000000E+00  0.2922226559E+01  0.6481337374E+01  0.1033173574E+02
L8 0.2618297678E+01  0.4296088613E+02  0.4390918732E+01  0.0000000000E+00
L9 0.0000000000E+00  0.0000000000E+00  0.0000000000E+00  0.9897109452E+00  0.0000000000E+00
L0     6000  0.1200000000E+02  -.7610263568E+04  0.1778110385E+04
L1 0.3015792185E+03  0.3015792185E+03  -.9388373953E+10  0.1000000000E+01
L2 0.1000000000E+01  0.3383710667E+02  0.3383710667E+02  0.3383710667E+02
L3 0.2982385065E+05  0.3732604419E+03  -.5413870282E+03  -.2872510485E+03
L4 -.1517925450E+03  0.2981430351E+03  0.2995742631E+03  0.3085746108E+03
L5 0.9062919090E+03  0.2180246361E+03  0.4157801532E+03  0.3702315439E+03
L6 0.1004036333E+04  -.9388373953E+04  0.1345939803E+04  -.1080498248E+05
L7 0.0000000000E+00  0.3527834989E+01  0.6139906407E+01  0.9820915936E+01
L8 0.3333818673E+01  0.4632938481E+02  0.1516867019E+01  0.0000000000E+00
L9 0.0000000000E+00  0.0000000000E+00  0.0000000000E+00  0.9910809698E+00  0.0000000000E+00
L0     7000  0.1400000000E+02  -.7693743120E+04  0.1718244837E+04
L1 0.2914256277E+03  0.2914256277E+03  -.9411987957E+10  0.1000000000E+01
L2 0.1000000000E+01  0.3383852043E+02  0.3383852043E+02  0.3383852043E+02
L3 0.2982927813E+05  -.1039573100E+04  -.9694947695E+03  -.3507030516E+03
L4 -.7865903070E+03  0.2855851060E+03  0.2761555718E+03  0.2805075920E+03
L5 0.8422482698E+03  0.5087646350E+03  0.4842904168E+03  0.3557978644E+03
L6 0.1348852916E+04  -.9411987957E+04  0.1285516066E+04  -.1077429880E+05
L7 0.0000000000E+00  0.4842205859E+01  0.6750535635E+01  0.1046322275E+02
L8 0.4708350122E+01  0.4762885581E+02  0.2401603219E+01  0.0000000000E+00
L9 0.0000000000E+00  0.0000000000E+00  0.0000000000E+00  0.9909006414E+00  0.0000000000E+00
L0     8000  0.1600000000E+02  -.7625070552E+04  0.1767571966E+04
L1 0.2997918333E+03  0.2997918333E+03  -.9392642518E+10  0.1000000000E+01
L2 0.1000000000E+01  0.3383914873E+02  0.3383914873E+02  0.3383914873E+02
L3 0.2982940891E+05  0.1195236410E+03  -.4446331487E+03  -.3087925885E+03
L4 -.2113006987E+03  0.3020663260E+03  0.2982844720E+03  0.3003721532E+03
L5 0.9007229511E+03  0.2764064211E+03  0.3937404354E+03  0.3666652177E+03
L6 0.1036812074E+04  -.9392642518E+04  0.1349066014E+04  -.1081868665E+05
L7 0.0000000000E+00  0.1875366949E+01  0.8128665494E+01  0.1017612124E+02
L8 0.3513083925E+01  0.5006967841E+02  0.3215204505E+01  0.0000000000E+00
L9 0.0000000000E+00  0.0000000000E+00  0.0000000000E+00  0.9908962969E+00  0.0000000000E+00
L0     9000  0.1800000000E+02  -.7659294528E+04  0.1699452768E+04
L1 0.2882383692E+03  0.2882383692E+03  -.9358747296E+10  0.1000000000E+01
L2 0.1000000000E+01  0.3394859126E+02  0.3394859126E+02  0.3394859126E+02
L3 0.3012053539E+05  -.8022692660E+03  -.2894353622E+03  -.3982849226E+03
L4 -.4966631836E+03  0.3024099336E+03  0.2649538890E+03  0.2692909990E+03
L5 0.8366548216E+03  0.4763258872E+03  0.3276976948E+03  0.3556312155E+03
L6 0.1159654797E+04  -.9358747296E+04  0.1330188470E+04  -.1076024037E+05
L7 0.0000000000E+00  0.5076552474E+01  0.5692540328E+01  0.9499094682E+01
L8 0.2540355338E+01  0.4618918396E+02  0.2306881124E+01  0.0000000000E+00
L9 0.0000000000E+00  0.0000000000E+00  0.0000000000E+00  0.9813189057E+00  0.0000000000E+00
L0    10000  0.2000000000E+02  -.7674308038E+04  0.1734341371E+04
L1 0.2941557057E+03  0.2941557057E+03  -.9408649408E+10  0.1000000000E+01
L2 0.1000000000E+01  0.3393954102E+02  0.3393954102E+02  0.3393954102E+02
L3 0.3009335512E+05  0.5415994847E+03  0.8941994424E+03  0.5358070436E+03
L4 0.6572019902E+03  0.3033085836E+03  0.2906521576E+03  0.2971230354E+03
L5 0.8910837766E+03  0.1860065794E+03  0.9698249998E+02  0.1810755836E+03
L6 0.4640646630E+03  -.9408649408E+04  0.1481664910E+04  -.1096719793E+05
L7 0.0000000000E+00  0.3281977024E+01  0.8459851250E+01  0.1252990708E+02
L8 0.3070631906E+01  0.4478837604E+02  0.4752865273E+01  0.0000000000E+00
L9 0.0000000000E+00  0.0000000000E+00  0.0000000000E+00  0.9822052314E+00  0.0000000000E+00
