L0  Nsteps           time(ps)         Etot             EKinetic        
L1  Temp             T_solute         T_solv           Pres_scal_solu  
L2  Pres_scal_solv   BoxX             BoxY             BoxZ            
L3  volume           pres_X           pres_Y           pres_Z          
L4  Pressure         EKCoM_x          EKCoM_y          EKCoM_z         
L5  EKComTot         VIRIAL_x         VIRIAL_y         VIRIAL_z        
L6  VIRIAL_tot       E_pot            E_vdw            E_el            
L7  E_hbon           E_bon            E_angle          E_dih           
L8  E_14vdw          E_14el           E_const          E_pol           
L9  AV_permMoment    AV_indMoment     AV_totMoment     Density          dV/dlambda      
L0     1000  0.2000000000E+01  -.7268618334E+04  0.1694309908E+04
L1 0.2975969415E+03  0.2975969415E+03  -.8962928243E+10  0.1000000000E+01
L2 0.1000000000E+01  0.3455516491E+02  0.3455516491E+02  0.3455516491E+02
L3 0.3176437655E+05  -.7776593978E+03  -.4502029222E+03  -.5727199218E+03
L4 -.6001940806E+03  0.2737240654E+03  0.2780083371E+03  0.2719030759E+03
L5 0.8236354785E+03  0.4515054730E+03  0.3809296282E+03  0.4028330874E+03
L6 0.1235268189E+04  -.8962928243E+04  0.1379550369E+04  -.1042124114E+05
L7 0.0000000000E+00  0.2893716315E+01  0.1512964788E+02  0.1235821546E+02
L8 0.1863842595E+01  0.4168713507E+02  0.4829969421E+01  0.0000000000E+00
L9 0.0000000000E+00  0.0000000000E+00  0.0000000000E+00  0.8985122224E+00  0.0000000000E+00
L0     2000  0.4000000000E+01  -.7143092635E+04  0.1744303646E+04
L1 0.3063780880E+03  0.3063780880E+03  -.8887396281E+10  0.1000000000E+01
L2 0.1000000000E+01  0.3408157136E+02  0.3408157136E+02  0.3408157136E+02
L3 0.3047567234E+05  0.1941879061E+03  -.1112107493E+04  -.3436549256E+03
L4 -.4205248375E+03  0.2909374622E+03  0.2657986821E+03  0.3010027630E+03
L5 0.8577389073E+03  0.2483450679E+03  0.5097238668E+03  0.3763786522E+03
L6 0.1134447587E+04  -.8887396281E+04  0.1307954860E+04  -.1027100327E+05
L7 0.0000000000E+00  0.3623613756E+01  0.1569682347E+02  0.1080253831E+02
L8 0.1907886960E+01  0.4120426839E+02  0.2416997243E+01  0.0000000000E+00
L9 0.0000000000E+00  0.0000000000E+00  0.0000000000E+00  0.9365070030E+00  0.0000000000E+00
L0     3000  0.6000000000E+01  -.7359834630E+04  0.1670444993E+04
L1 0.2934051902E+03  0.2934051902E+03  -.9030279623E+10  0.1000000000E+01
L2 0.1000000000E+01  0.3385451057E+02  0.3385451057E+02  0.3385451057E+02
L3 0.2987034311E+05  -.4139272525E+03  -.3094042499E+03  -.2383302828E+03
L4 -.3205539284E+03  0.2727418215E+03  0.2836786124E+03  0.2575300699E+03
L5 0.8139505038E+03  0.3617276426E+03  0.3501941440E+03  0.3087661646E+03
L6 0.1020687951E+04  -.9030279623E+04  0.1350911680E+04  -.1045829575E+05
L7 0.0000000000E+00  0.2712706988E+01  0.1414396832E+02  0.1303881343E+02
L8 0.3316059333E+01  0.4135352402E+02  0.2539379678E+01  0.0000000000E+00
L9 0.0000000000E+00  0.0000000000E+00  0.0000000000E+00  0.9554855282E+00  0.0000000000E+00
L0     4000  0.8000000000E+01  -.7355684159E+04  0.1679616187E+04
L1 0.2950160639E+03  0.2950160639E+03  -.9035300346E+10  0.1000000000E+01
L2 0.1000000000E+01  0.3365776681E+02  0.3365776681E+02  0.3365776681E+02
L3 0.2935197330E+05  0.5567497274E+03  -.1222827834E+04  0.4153378103E+03
L4 -.8358009881E+02  0.2546375507E+03  0.2758678853E+03  0.2775732416E+03
L5 0.8080786777E+03  0.1370249383E+03  0.5341885796E+03  0.1898337018E+03
L6 0.8610472197E+03  -.9035300346E+04  0.1347345611E+04  -.1046125517E+05
L7 0.0000000000E+00  0.1907076663E+01  0.1223450099E+02  0.1255583099E+02
L8 0.3375044289E+01  0.4506026611E+02  0.3476493373E+01  0.0000000000E+00
L9 0.0000000000E+00  0.0000000000E+00  0.0000000000E+00  0.9723598573E+00  0.0000000000E+00
L0     5000  0.1000000000E+02  -.7328643372E+04  0.1682179329E+04
L1 0.2954662669E+03  0.2954662669E+03  -.9010822701E+10  0.1000000000E+01
L2 0.1000000000E+01  0.3352398854E+02  0.3352398854E+02  0.3352398854E+02
L3 0.2900347751E+05  0.1516096719E+02  0.7886421010E+02  -.4694637226E+03
L4 -.1251461818E+03  0.2801899749E+03  0.2723385017E+03  0.2746994030E+03
L5 0.8272278796E+03  0.2770252675E+03  0.2558763496E+03  0.3726954801E+03
L6 0.9055970972E+03  -.9010822701E+04  0.1310856931E+04  -.1039409828E+05
L7 0.0000000000E+00  0.3492561680E+01  0.7601939320E+01  0.8789306015E+01
L8 0.3745042250E+01  0.4667550148E+02  0.2114297011E+01  0.0000000000E+00
L9 0.0000000000E+00  0.0000000000E+00  0.0000000000E+00  0.9840433981E+00  0.0000000000E+00
L0     6000  0.1200000000E+02  -.7423609157E+04  0.1662375399E+04
L1 0.2919878069E+03  0.2919878069E+03  -.9085984556E+10  0.1000000000E+01
L2 0.1000000000E+01  0.3351023117E+02  0.3351023117E+02  0.3351023117E+02
L3 0.2896823109E+05  -.4114859649E+03  -.2383909108E+03  -.2430705494E+03
L4 -.2976491417E+03  0.2961084057E+03  0.2766779608E+03  0.2592833370E+03
L5 0.8320697036E+03  0.3818977963E+03  0.3263793182E+03  0.3099603372E+03
L6 0.1018237452E+04  -.9085984556E+04  0.1317025330E+04  -.1047710363E+05
L7 0.0000000000E+00  0.4654657119E+01  0.7549245550E+01  0.9958106772E+01
L8 0.2705281153E+01  0.4669089204E+02  0.2535564528E+01  0.0000000000E+00
L9 0.0000000000E+00  0.0000000000E+00  0.0000000000E+00  0.9852407099E+00  0.0000000000E+00
L0     7000  0.1400000000E+02  -.7485950254E+04  0.1693689485E+04
L1 0.2974879674E+03  0.2974879674E+03  -.9179639739E+10  0.1000000000E+01
L2 0.1000000000E+01  0.3343938622E+02  0.3343938622E+02  0.3343938622E+02
L3 0.2878673027E+05  -.7186469743E+03  -.1128896998E+04  -.1193595684E+04
L4 -.1013713219E+04  0.3053593202E+03  0.2797331598E+03  0.2627034254E+03
L5 0.8477959054E+03  0.4542489740E+03  0.5136186268E+03  0.5099931998E+03
L6 0.1477860801E+04  -.9179639739E+04  0.1244317518E+04  -.1049700378E+05
L7 0.0000000000E+00  0.2435718812E+01  0.7415312662E+01  0.9875911274E+01
L8 0.3661886816E+01  0.4598328777E+02  0.3674401537E+01  0.0000000000E+00
L9 0.0000000000E+00  0.0000000000E+00  0.0000000000E+00  0.9914526691E+00  0.0000000000E+00
L0     8000  0.1600000000E+02  -.7392167349E+04  0.1737725625E+04
L1 0.3052226919E+03  0.3052226919E+03  -.9129892974E+10  0.1000000000E+01
L2 0.1000000000E+01  0.3347058237E+02  0.3347058237E+02  0.3347058237E+02
L3 0.2886399723E+05  0.6765553050E+03  0.5162293208E+03  -.3016796739E+03
L4 0.2970349840E+03  0.2793623843E+03  0.2989993088E+03  0.2897713920E+03
L5 0.8681330851E+03  0.1388170742E+03  0.1917595763E+03  0.3524413068E+03
L6 0.6830179573E+03  -.9129892974E+04  0.1401149166E+04  -.1060691177E+05
L7 0.0000000000E+00  0.1942549089E+01  0.1216129492E+02  0.1059251149E+02
L8 0.2897506156E+01  0.4634604725E+02  0.1929717947E+01  0.0000000000E+00
L9 0.0000000000E+00  0.0000000000E+00  0.0000000000E+00  0.9887986180E+00  0.0000000000E+00
L0     9000  0.1800000000E+02  -.7351377279E+04  0.1717766272E+04
L1 0.3017169329E+03  0.3017169329E+03  -.9069143551E+10  0.1000000000E+01
L2 0.1000000000E+01  0.3345702490E+02  0.3345702490E+02  0.3345702490E+02
L3 0.2882954055E+05  0.1635600308E+03  0.5150206314E+03  -.4918116653E+03
L4 0.6225633230E+02  0.2916567965E+03  0.3056049383E+03  0.3033968981E+03
L5 0.9006586329E+03  0.2577199500E+03  0.1987440135E+03  0.4054422263E+03
L6 0.8619061898E+03  -.9069143551E+04  0.1345358363E+04  -.1049146258E+05
L7 0.0000000000E+00  0.1441239785E+01  0.1125184101E+02  0.1063610678E+02
L8 0.4046064214E+01  0.4504077245E+02  0.4544641187E+01  0.0000000000E+00
L9 0.0000000000E+00  0.0000000000E+00  0.0000000000E+00  0.9899804166E+00  0.0000000000E+00
L0    10000  0.2000000000E+02  -.7444228444E+04  0.1727666596E+04
L1 0.3034558744E+03  0.3034558744E+03  -.9171895040E+10  0.1000000000E+01
L2 0.1000000000E+01  0.3348549393E+02  0.3348549393E+02  0.3348549393E+02
L3 0.2890327096E+05  -.2720103407E+03  -.1281544144E+02  0.3861273827E+03
L4 0.3376720019E+02  0.2920481129E+03  0.2897075678E+03  0.2744276318E+03
L5 0.8561833125E+03  0.3486315063E+03  0.2923734266E+03  0.1941056943E+03
L6 0.8351106272E+03  -.9171895040E+04  0.1385175452E+04  -.1063696091E+05
L7 0.0000000000E+00  0.5196286503E+01  0.1260507165E+02  0.1094455679E+02
L8 0.2951628563E+01  0.4475280767E+02  0.3440069094E+01  0.0000000000E+00
L9 0.0000000000E+00  0.0000000000E+00  0.0000000000E+00  0.9874550396E+00  0.0000000000E+00
