L0  Nsteps           time(ps)         Etot             EKinetic        
L1  Temp             T_solute         T_solv           Pres_scal_solu  
L2  Pres_scal_solv   BoxX             BoxY             BoxZ            
L3  volume           pres_X           pres_Y           pres_Z          
L4  Pressure         EKCoM_x          EKCoM_y          EKCoM_z         
L5  EKComTot         VIRIAL_x         VIRIAL_y         VIRIAL_z        
L6  VIRIAL_tot       E_pot            E_vdw            E_el            
L7  E_hbon           E_bon            E_angle          E_dih           
L8  E_14vdw          E_14el           E_const          E_pol           
L9  AV_permMoment    AV_indMoment     AV_totMoment     Density          dV/dlambda      
L0     1000  0.2000000000E+01  -.7352169017E+04  0.1700028695E+04
L1 0.2939838697E+03  0.2939838697E+03  -.9052197711E+10  0.1000000000E+01
L2 0.1000000000E+01  0.3467004206E+02  0.3467004206E+02  0.3467004206E+02
L3 0.3208387430E+05  -.1103862488E+04  -.8813027207E+03  -.1540262405E+04
L4 -.1175142538E+04  0.2958161159E+03  0.2729917512E+03  0.2713844362E+03
L5 0.8401923033E+03  0.5507093816E+03  0.4764936646E+03  0.6270469562E+03
L6 0.1654250002E+04  -.9052197711E+04  0.1282760583E+04  -.1041465927E+05
L7 0.0000000000E+00  0.2420100837E+01  0.1434428509E+02  0.1098661084E+02
L8 0.3343874149E+01  0.4148345685E+02  0.7122646126E+01  0.0000000000E+00
L9 0.0000000000E+00  0.0000000000E+00  0.0000000000E+00  0.9035514815E+00  0.0000000000E+00
L0     2000  0.4000000000E+01  -.7371057573E+04  0.1712731006E+04
L1 0.2961804648E+03  0.2961804648E+03  -.9083788579E+10  0.1000000000E+01
L2 0.1000000000E+01  0.3416016271E+02  0.3416016271E+02  0.3416016271E+02
L3 0.3068770277E+05  -.1089786494E+04  -.3130114999E+03  -.6425897055E+03
L4 -.6817958998E+03  0.3044095272E+03  0.2657495107E+03  0.2721016508E+03
L5 0.8422606887E+03  0.5451019289E+03  0.3348818500E+03  0.4140252848E+03
L6 0.1294009064E+04  -.9083788579E+04  0.1285740529E+04  -.1044965579E+05
L7 0.0000000000E+00  0.7576395683E+01  0.7605041691E+01  0.1342601460E+02
L8 0.2548511916E+01  0.4666752114E+02  0.2303194601E+01  0.0000000000E+00
L9 0.0000000000E+00  0.0000000000E+00  0.0000000000E+00  0.9446595715E+00  0.0000000000E+00
L0     3000  0.6000000000E+01  -.7479576757E+04  0.1720899507E+04
L1 0.2975930336E+03  0.2975930336E+03  -.9200476264E+10  0.1000000000E+01
L2 0.1000000000E+01  0.3392037070E+02  0.3392037070E+02  0.3392037070E+02
L3 0.3004377265E+05  0.5056553808E+02  0.3008491747E+03  0.7273051373E+02
L4 0.1413817422E+03  0.2748015874E+03  0.2950951224E+03  0.2813174497E+03
L5 0.8512141595E+03  0.2638679245E+03  0.2300432396E+03  0.2655911082E+03
L6 0.7595022722E+03  -.9200476264E+04  0.1425182976E+04  -.1070577925E+05
L7 0.0000000000E+00  0.7114329445E+01  0.8177871468E+01  0.1096222460E+02
L8 0.3520689787E+01  0.4894576696E+02  0.1399124312E+01  0.0000000000E+00
L9 0.0000000000E+00  0.0000000000E+00  0.0000000000E+00  0.9649065214E+00  0.0000000000E+00
L0     4000  0.8000000000E+01  -.7451187492E+04  0.1766032646E+04
L1 0.3053978517E+03  0.3053978517E+03  -.9217220138E+10  0.1000000000E+01
L2 0.1000000000E+01  0.3381159801E+02  0.3381159801E+02  0.3381159801E+02
L3 0.2975703139E+05  -.3293093471E+03  0.1109641084E+02  -.7921079014E+03
L4 -.3701069459E+03  0.2971168598E+03  0.2836006041E+03  0.2949125804E+03
L5 0.8756300442E+03  0.3676430203E+03  0.2812241539E+03  0.4645534650E+03
L6 0.1113420639E+04  -.9217220138E+04  0.1344642448E+04  -.1063945876E+05
L7 0.0000000000E+00  0.6503548345E+01  0.8366902915E+01  0.1181240553E+02
L8 0.3287889324E+01  0.4450348075E+02  0.3121950772E+01  0.0000000000E+00
L9 0.0000000000E+00  0.0000000000E+00  0.0000000000E+00  0.9742044416E+00  0.0000000000E+00
L0     5000  0.1000000000E+02  -.7477537217E+04  0.1736251220E+04
L1 0.3002477864E+03  0.3002477864E+03  -.9213788437E+10  0.1000000000E+01
L2 0.1000000000E+01  0.3373173917E+02  0.3373173917E+02  0.3373173917E+02
L3 0.2954622644E+05  -.8094645973E+02  0.4456721670E+03  -.9569225873E+03
L4 -.1973989600E+03  0.3002232981E+03  0.2972755883E+03  0.2758379621E+03
L5 0.8733368485E+03  0.3174362939E+03  0.2025048826E+03  0.4793243711E+03
L6 0.9992655476E+03  -.9213788437E+04  0.1340073293E+04  -.1062960052E+05
L7 0.0000000000E+00  0.3459324034E+01  0.7597873384E+01  0.1143012399E+02
L8 0.3972633341E+01  0.4506999258E+02  0.4208845139E+01  0.0000000000E+00
L9 0.0000000000E+00  0.0000000000E+00  0.0000000000E+00  0.9811551474E+00  0.0000000000E+00
L0     6000  0.1200000000E+02  -.7542737034E+04  0.1746751251E+04
L1 0.3020635437E+03  0.3020635437E+03  -.9289488285E+10  0.1000000000E+01
L2 0.1000000000E+01  0.3363342116E+02  0.3363342116E+02  0.3363342116E+02
L3 0.2928737317E+05  0.3814349649E+03  0.1673623129E+03  0.2945527232E+03
L4 0.2811166670E+03  0.2738583372E+03  0.2747554724E+03  0.2907965379E+03
L5 0.8394103474E+03  0.1934580682E+03  0.2394782267E+03  0.2287096283E+03
L6 0.6616459231E+03  -.9289488285E+04  0.1435240192E+04  -.1080339432E+05
L7 0.0000000000E+00  0.4984133155E+01  0.1080849394E+02  0.1173347694E+02
L8 0.3315830830E+01  0.4573117213E+02  0.2092734088E+01  0.0000000000E+00
L9 0.0000000000E+00  0.0000000000E+00  0.0000000000E+00  0.9898269804E+00  0.0000000000E+00
L0     7000  0.1400000000E+02  -.7448925975E+04  0.1757689572E+04
L1 0.3039550942E+03  0.3039550942E+03  -.9206615547E+10  0.1000000000E+01
L2 0.1000000000E+01  0.3362233273E+02  0.3362233273E+02  0.3362233273E+02
L3 0.2925911781E+05  0.2393631389E+03  -.8956615028E+02  -.1132654520E+03
L4 0.1217717887E+02  0.2968127242E+03  0.2773741468E+03  0.2899852080E+03
L5 0.8641720790E+03  0.2464075547E+03  0.2962350166E+03  0.3138366846E+03
L6 0.8564792559E+03  -.9206615547E+04  0.1351137121E+04  -.1063303938E+05
L7 0.0000000000E+00  0.6278554728E+00  0.8563783968E+01  0.9793812143E+01
L8 0.3384455432E+01  0.4807555159E+02  0.4841256513E+01  0.0000000000E+00
L9 0.0000000000E+00  0.0000000000E+00  0.0000000000E+00  0.9907828508E+00  0.0000000000E+00
L0     8000  0.1600000000E+02  -.7527122383E+04  0.1732302124E+04
L1 0.2995648740E+03  0.2995648740E+03  -.9259424506E+10  0.1000000000E+01
L2 0.1000000000E+01  0.3358939023E+02  0.3358939023E+02  0.3358939023E+02
L3 0.2917251800E+05  -.4863334391E+02  0.4953278664E+03  0.3755456002E+03
L4 0.2740800409E+03  0.2875622006E+03  0.2954061264E+03  0.2987612683E+03
L5 0.8817295952E+03  0.2977731148E+03  0.1914085405E+03  0.2199128157E+03
L6 0.7090944710E+03  -.9259424506E+04  0.1399237592E+04  -.1074319147E+05
L7 0.0000000000E+00  0.5721392221E+01  0.1140540422E+02  0.1363172156E+02
L8 0.3885987383E+01  0.4616873979E+02  0.3716127899E+01  0.0000000000E+00
L9 0.0000000000E+00  0.0000000000E+00  0.0000000000E+00  0.9937240299E+00  0.0000000000E+00
L0     9000  0.1800000000E+02  -.7507236099E+04  0.1742042621E+04
L1 0.3012492862E+03  0.3012492862E+03  -.9249278720E+10  0.1000000000E+01
L2 0.1000000000E+01  0.3357495406E+02  0.3357495406E+02  0.3357495406E+02
L3 0.2913539287E+05  -.3893013076E+03  0.3976632463E+03  0.2686273275E+03
L4 0.9232975541E+02  0.2800688800E+03  0.2854593254E+03  0.2990270873E+03
L5 0.8645552927E+03  0.3617014221E+03  0.2020733694E+03  0.2426986569E+03
L6 0.8064734483E+03  -.9249278720E+04  0.1373428204E+04  -.1070222322E+05
L7 0.0000000000E+00  0.2762463246E+01  0.9965662623E+01  0.1195084712E+02
L8 0.3512727623E+01  0.4870299382E+02  0.2621602777E+01  0.0000000000E+00
L9 0.0000000000E+00  0.0000000000E+00  0.0000000000E+00  0.9949902608E+00  0.0000000000E+00
L0    10000  0.2000000000E+02  -.7438050594E+04  0.1747413219E+04
L1 0.3021780171E+03  0.3021780171E+03  -.9185463813E+10  0.1000000000E+01
L2 0.1000000000E+01  0.3364405326E+02  0.3364405326E+02  0.3364405326E+02
L3 0.2931574711E+05  -.2039551900E+02  0.2147111428E+03  -.2834524835E+02
L4 0.5532345848E+02  0.2894943348E+03  0.2807942935E+03  0.2812123483E+03
L5 0.8515009766E+03  0.2937975424E+03  0.2354928407E+03  0.2871928527E+03
L6 0.8164832358E+03  -.9185463813E+04  0.1358839435E+04  -.1062573829E+05
L7 0.0000000000E+00  0.2655880716E+01  0.1358638533E+02  0.1034569702E+02
L8 0.3641040058E+01  0.4915302438E+02  0.2053009502E+01  0.0000000000E+00
L9 0.0000000000E+00  0.0000000000E+00  0.0000000000E+00  0.9888689530E+00  0.0000000000E+00
