L0  Nsteps           time(ps)         Etot             EKinetic        
L1  Temp             T_solute         T_solv           Pres_scal_solu  
L2  Pres_scal_solv   BoxX             BoxY             BoxZ            
L3  volume           pres_X           pres_Y           pres_Z          
L4  Pressure         EKCoM_x          EKCoM_y          EKCoM_z         
L5  EKComTot         VIRIAL_x         VIRIAL_y         VIRIAL_z        
L6  VIRIAL_tot       E_pot            E_vdw            E_el            
L7  E_hbon           E_bon            E_angle          E_dih           
L8  E_14vdw          E_14el           E_const          E_pol           
L9  AV_permMoment    AV_indMoment     AV_totMoment     Density          dV/dlambda      
L0     1000  0.2000000000E+01  -.7983506527E+04  0.1822976411E+04
L1 0.2929001100E+03  0.2929001100E+03  -.9806482937E+10  0.1000000000E+01
L2 0.1000000000E+01  0.3547208766E+02  0.3547208766E+02  0.3547208766E+02
L3 0.3436162352E+05  -.1280961021E+04  -.1225674760E+04  -.2233752846E+03
L4 -.9100036884E+03  0.2857690359E+03  0.3136588324E+03  0.3030325701E+03
L5 0.9024604385E+03  0.6025551742E+03  0.6167724852E+03  0.3582740589E+03
L6 0.1577601718E+04  -.9806482937E+04  0.1430213489E+04  -.1132276441E+05
L7 0.0000000000E+00  0.9452728222E+01  0.8572844856E+01  0.1350200038E+02
L8 0.3615736796E+01  0.4653346923E+02  0.4391199965E+01  0.0000000000E+00
L9 0.0000000000E+00  0.0000000000E+00  0.0000000000E+00  0.9080849538E+00  0.0000000000E+00
L0     2000  0.4000000000E+01  -.8019123629E+04  0.1840647177E+04
L1 0.2957392962E+03  0.2957392962E+03  -.9859770806E+10  0.1000000000E+01
L2 0.1000000000E+01  0.3491512660E+02  0.3491512660E+02  0.3491512660E+02
L3 0.3276690957E+05  -.6243201785E+03  -.1848810699E+03  -.4642967647E+03
L4 -.4244993377E+03  0.3026191110E+03  0.3048479992E+03  0.3071743950E+03
L5 0.9146415052E+03  0.4498501696E+03  0.3484478004E+03  0.4166677391E+03
L6 0.1214965709E+04  -.9859770806E+04  0.1447592899E+04  -.1137609791E+05
L7 0.0000000000E+00  0.2454049303E+01  0.7357097058E+01  0.9219157232E+01
L8 0.3019033776E+01  0.4455010473E+02  0.2134760069E+01  0.0000000000E+00
L9 0.0000000000E+00  0.0000000000E+00  0.0000000000E+00  0.9522800203E+00  0.0000000000E+00
L0     3000  0.6000000000E+01  -.8016370735E+04  0.1877573867E+04
L1 0.3016723579E+03  0.3016723579E+03  -.9893944602E+10  0.1000000000E+01
L2 0.1000000000E+01  0.3471971304E+02  0.3471971304E+02  0.3471971304E+02
L3 0.3221948607E+05  -.4995739259E+03  -.2276364550E+03  -.2062033477E+03
L4 -.3111379095E+03  0.2908344594E+03  0.3252235174E+03  0.3235627960E+03
L5 0.9396207728E+03  0.4066788348E+03  0.3780093046E+03  0.3713785381E+03
L6 0.1156066677E+04  -.9893944602E+04  0.1454020235E+04  -.1141920748E+05
L7 0.0000000000E+00  0.2271514263E+01  0.7527617415E+01  0.1002249598E+02
L8 0.3013116662E+01  0.4561961335E+02  0.2788286722E+01  0.0000000000E+00
L9 0.0000000000E+00  0.0000000000E+00  0.0000000000E+00  0.9684596842E+00  0.0000000000E+00
L0     4000  0.8000000000E+01  -.8154078401E+04  0.1863774436E+04
L1 0.2994551844E+03  0.2994551844E+03  -.1001785284E+11  0.1000000000E+01
L2 0.1000000000E+01  0.3465620032E+02  0.3465620032E+02  0.3465620032E+02
L3 0.3204154866E+05  0.6534228245E+03  -.1064723236E+03  0.3475199523E+02
L4 0.1939008320E+03  0.3218298619E+03  0.3182086819E+03  0.3075773864E+03
L5 0.9476159302E+03  0.1711468199E+03  0.3427618089E+03  0.2995633774E+03
L6 0.8134720063E+03  -.1001785284E+05  0.1566257103E+04  -.1165483184E+05
L7 0.0000000000E+00  0.2917355340E+01  0.6873595034E+01  0.9532369008E+01
L8 0.3105602945E+01  0.4581705448E+02  0.2475920629E+01  0.0000000000E+00
L9 0.0000000000E+00  0.0000000000E+00  0.0000000000E+00  0.9738378642E+00  0.0000000000E+00
L0     5000  0.1000000000E+02  -.8097361459E+04  0.1827339889E+04
L1 0.2936011960E+03  0.2936011960E+03  -.9924701348E+10  0.1000000000E+01
L2 0.1000000000E+01  0.3462504366E+02  0.3462504366E+02  0.3462504366E+02
L3 0.3195647248E+05  -.3338459561E+03  -.8290301134E+02  -.3321329038E+03
L4 -.2496272904E+03  0.3017420676E+03  0.3083378995E+03  0.3008080377E+03
L5 0.9108880049E+03  0.3785244413E+03  0.3274050468E+03  0.3771964205E+03
L6 0.1083125909E+04  -.9924701348E+04  0.1461372311E+04  -.1146073407E+05
L7 0.0000000000E+00  0.3212054213E+01  0.8021364664E+01  0.1379213512E+02
L8 0.3225318585E+01  0.4223793476E+02  0.4171607685E+01  0.0000000000E+00
L9 0.0000000000E+00  0.0000000000E+00  0.0000000000E+00  0.9764304659E+00  0.0000000000E+00
L0     6000  0.1200000000E+02  -.8215673141E+04  0.1806491141E+04
L1 0.2902513991E+03  0.2902513991E+03  -.1002216428E+11  0.1000000000E+01
L2 0.1000000000E+01  0.3447832751E+02  0.3447832751E+02  0.3447832751E+02
L3 0.3155113273E+05  0.3351135970E+02  -.7056126265E+03  0.8107890925E+03
L4 0.4622927525E+02  0.2864613546E+03  0.2887766904E+03  0.3073805336E+03
L5 0.8826185787E+03  0.2788517239E+03  0.4490044940E+03  0.1232696623E+03
L6 0.8511258802E+03  -.1002216428E+05  0.1511276668E+04  -.1160232019E+05
L7 0.0000000000E+00  0.1920645505E+01  0.5949370737E+01  0.1027774940E+02
L8 0.3166794096E+01  0.4571105270E+02  0.1853630505E+01  0.0000000000E+00
L9 0.0000000000E+00  0.0000000000E+00  0.0000000000E+00  0.9889747405E+00  0.0000000000E+00
L0     7000  0.1400000000E+02  -.8148833588E+04  0.1825927968E+04
L1 0.2933743408E+03  0.2933743408E+03  -.9974761556E+10  0.1000000000E+01
L2 0.1000000000E+01  0.3449638733E+02  0.3449638733E+02  0.3449638733E+02
L3 0.3160084378E+05  -.4583102816E+03  0.7805585289E+03  -.2957755036E+03
L4 0.8824247909E+01  0.2953574272E+03  0.2887268774E+03  0.3046171397E+03
L5 0.8887014443E+03  0.3995927364E+03  0.1112013823E+03  0.3718865253E+03
L6 0.8826806441E+03  -.9974761556E+04  0.1500952230E+04  -.1155194772E+05
L7 0.0000000000E+00  0.3179182507E+01  0.5734699638E+01  0.1239066019E+02
L8 0.3720512381E+01  0.4821258910E+02  0.2996291414E+01  0.0000000000E+00
L9 0.0000000000E+00  0.0000000000E+00  0.0000000000E+00  0.9874189918E+00  0.0000000000E+00
L0     8000  0.1600000000E+02  -.8123693980E+04  0.1858988712E+04
L1 0.2986862557E+03  0.2986862557E+03  -.9982682692E+10  0.1000000000E+01
L2 0.1000000000E+01  0.3453581576E+02  0.3453581576E+02  0.3453581576E+02
L3 0.3170973960E+05  -.3802172817E+03  0.8774803042E+01  -.4245882748E+02
L4 -.1379671021E+03  0.2993514713E+03  0.2973127042E+03  0.3106877887E+03
L5 0.9073519642E+03  0.3861237711E+03  0.2953101391E+03  0.3203776432E+03
L6 0.1001811553E+04  -.9982682692E+04  0.1472514418E+04  -.1152865760E+05
L7 0.0000000000E+00  0.1816429943E+01  0.9214527659E+01  0.1173651940E+02
L8 0.2804931052E+01  0.4354503280E+02  0.4343044514E+01  0.0000000000E+00
L9 0.0000000000E+00  0.0000000000E+00  0.0000000000E+00  0.9840280527E+00  0.0000000000E+00
L0     9000  0.1800000000E+02  -.8117049187E+04  0.1812670387E+04
L1 0.2912442270E+03  0.2912442270E+03  -.9929719573E+10  0.1000000000E+01
L2 0.1000000000E+01  0.3449334570E+02  0.3449334570E+02  0.3449334570E+02
L3 0.3159278588E+05  0.3036703785E+03  -.3980135839E+03  -.1989174811E+03
L4 -.9775356216E+02  0.2996119578E+03  0.3004317958E+03  0.3104913121E+03
L5 0.9105350657E+03  0.2305646206E+03  0.3909305078E+03  0.3557203610E+03
L6 0.9772154894E+03  -.9929719573E+04  0.1471575362E+04  -.1147499863E+05
L7 0.0000000000E+00  0.3460490875E+01  0.5841912507E+01  0.1094311366E+02
L8 0.3415847821E+01  0.4705257459E+02  0.2989754071E+01  0.0000000000E+00
L9 0.0000000000E+00  0.0000000000E+00  0.0000000000E+00  0.9876708381E+00  0.0000000000E+00
L0    10000  0.2000000000E+02  -.8063712341E+04  0.1834055628E+04
L1 0.2946802230E+03  0.2946802230E+03  -.9897767969E+10  0.1000000000E+01
L2 0.1000000000E+01  0.3450533997E+02  0.3450533997E+02  0.3450533997E+02
L3 0.3162518984E+05  0.1287903796E+03  -.2835732727E+03  0.4618548753E+03
L4 0.1023573274E+03  0.3163989679E+03  0.2981961048E+03  0.2827050186E+03
L5 0.8973000913E+03  0.2870850988E+03  0.3627399770E+03  0.1775826220E+03
L6 0.8274076978E+03  -.9897767969E+04  0.1472851173E+04  -.1144647294E+05
L7 0.0000000000E+00  0.2059730383E+01  0.5792369256E+01  0.1057887508E+02
L8 0.3491815693E+01  0.4851792524E+02  0.5413080820E+01  0.0000000000E+00
L9 0.0000000000E+00  0.0000000000E+00  0.0000000000E+00  0.9866588460E+00  0.0000000000E+00
