L0  Nsteps           time(ps)         Etot             EKinetic        
L1  Temp             T_solute         T_solv           Pres_scal_solu  
L2  Pres_scal_solv   BoxX             BoxY             BoxZ            
L3  volume           pres_X           pres_Y           pres_Z          
L4  Pressure         EKCoM_x          EKCoM_y          EKCoM_z         
L5  EKComTot         VIRIAL_x         VIRIAL_y         VIRIAL_z        
L6  VIRIAL_tot       E_pot            E_vdw            E_el            
L7  E_hbon           E_bon            E_angle          E_dih           
L8  E_14vdw          E_14el           E_const          E_pol           
L9  AV_permMoment    AV_indMoment     AV_totMoment     Density          dV/dlambda      
L0     1000  0.2000000000E+01  -.7159766476E+04  0.1671904097E+04
L1 0.2977141274E+03  0.2977141274E+03  -.8831670573E+10  0.1000000000E+01
L2 0.1000000000E+01  0.3431230716E+02  0.3431230716E+02  0.3431230716E+02
L3 0.3109874709E+05  -.8137902051E+03  -.5265822978E+03  0.1822411226E+03
L4 -.3860437934E+03  0.2946768152E+03  0.2734160645E+03  0.2617479385E+03
L5 0.8298408183E+03  0.4768195826E+03  0.3912758721E+03  0.2209586759E+03
L6 0.1089054131E+04  -.8831670573E+04  0.1361552930E+04  -.1027919275E+05
L7 0.0000000000E+00  0.5032603509E+01  0.1081868143E+02  0.1347734092E+02
L8 0.3645489632E+01  0.4702155483E+02  0.5973574966E+01  0.0000000000E+00
L9 0.0000000000E+00  0.0000000000E+00  0.0000000000E+00  0.9052378363E+00  0.0000000000E+00
L0     2000  0.4000000000E+01  -.7210171696E+04  0.1655772525E+04
L1 0.2948415961E+03  0.2948415961E+03  -.8865944221E+10  0.1000000000E+01
L2 0.1000000000E+01  0.3376613785E+02  0.3376613785E+02  0.3376613785E+02
L3 0.2963794563E+05  -.7154738945E+03  -.8029118786E+03  -.4760823565E+03
L4 -.6648227099E+03  0.2921346948E+03  0.2644346139E+03  0.2855955366E+03
L5 0.8421648453E+03  0.4447501335E+03  0.4357011682E+03  0.3871471351E+03
L6 0.1267598437E+04  -.8865944221E+04  0.1269772736E+04  -.1021590366E+05
L7 0.0000000000E+00  0.5491042956E+01  0.8771907779E+01  0.1061891724E+02
L8 0.2710330015E+01  0.4923569228E+02  0.3358812224E+01  0.0000000000E+00
L9 0.0000000000E+00  0.0000000000E+00  0.0000000000E+00  0.9498553941E+00  0.0000000000E+00
L0     3000  0.6000000000E+01  -.7245028644E+04  0.1679776548E+04
L1 0.2991159661E+03  0.2991159661E+03  -.8924805191E+10  0.1000000000E+01
L2 0.1000000000E+01  0.3347804338E+02  0.3347804338E+02  0.3347804338E+02
L3 0.2888384497E+05  0.7344002823E+02  -.1863832441E+02  0.2063589661E+03
L4 0.8705355663E+02  0.2744335737E+03  0.2682613797E+03  0.2807574782E+03
L5 0.8234524315E+03  0.2591669001E+03  0.2721359045E+03  0.2378596872E+03
L6 0.7691624918E+03  -.8924805191E+04  0.1337023367E+04  -.1033549977E+05
L7 0.0000000000E+00  0.3296215145E+01  0.6678054889E+01  0.1166841477E+02
L8 0.3176126931E+01  0.4610439757E+02  0.2747999424E+01  0.0000000000E+00
L9 0.0000000000E+00  0.0000000000E+00  0.0000000000E+00  0.9746542593E+00  0.0000000000E+00
L0     4000  0.8000000000E+01  -.7274715456E+04  0.1670896644E+04
L1 0.2975347314E+03  0.2975347314E+03  -.8945612100E+10  0.1000000000E+01
L2 0.1000000000E+01  0.3331467307E+02  0.3331467307E+02  0.3331467307E+02
L3 0.2846186453E+05  0.3012981707E+03  0.8324658251E+03  0.5308042311E+03
L4 0.5548560756E+03  0.2847408680E+03  0.2885052753E+03  0.2847805907E+03
L5 0.8580267339E+03  0.2230222174E+03  0.1179809496E+03  0.1760493601E+03
L6 0.5170525270E+03  -.8945612100E+04  0.1375880168E+04  -.1039116537E+05
L7 0.0000000000E+00  0.3085318611E+01  0.7396183724E+01  0.9237019381E+01
L8 0.1997380889E+01  0.4480636480E+02  0.3150833370E+01  0.0000000000E+00
L9 0.0000000000E+00  0.0000000000E+00  0.0000000000E+00  0.9891046489E+00  0.0000000000E+00
L0     5000  0.1000000000E+02  -.7270473977E+04  0.1695481685E+04
L1 0.3019125627E+03  0.3019125627E+03  -.8965955663E+10  0.1000000000E+01
L2 0.1000000000E+01  0.3330404167E+02  0.3330404167E+02  0.3330404167E+02
L3 0.2843555012E+05  0.2796465153E+03  0.5100390816E+03  -.2194525069E+03
L4 0.1900776967E+03  0.2961525119E+03  0.2741470743E+03  0.2967414280E+03
L5 0.8670410143E+03  0.2389220005E+03  0.1697660223E+03  0.3416530522E+03
L6 0.7503410750E+03  -.8965955663E+04  0.1331596685E+04  -.1036998811E+05
L7 0.0000000000E+00  0.2154922917E+01  0.8347154353E+01  0.1115809547E+02
L8 0.2894731932E+01  0.4519193177E+02  0.2688930211E+01  0.0000000000E+00
L9 0.0000000000E+00  0.0000000000E+00  0.0000000000E+00  0.9900199716E+00  0.0000000000E+00
L0     6000  0.1200000000E+02  -.7366516281E+04  0.1644627516E+04
L1 0.2928570166E+03  0.2928570166E+03  -.9011143797E+10  0.1000000000E+01
L2 0.1000000000E+01  0.3327678117E+02  0.3327678117E+02  0.3327678117E+02
L3 0.2836504732E+05  0.6997305285E+03  0.2265951605E+03  0.5136552738E+03
L4 0.4799936543E+03  0.2869146252E+03  0.2729686950E+03  0.2529900063E+03
L5 0.8128733264E+03  0.1440676940E+03  0.2267102827E+03  0.1481295256E+03
L6 0.5189075023E+03  -.9011143797E+04  0.1394873887E+04  -.1048058605E+05
L7 0.0000000000E+00  0.2188898707E+01  0.7771804169E+01  0.1090828244E+02
L8 0.2270295581E+01  0.4706945168E+02  0.4359635822E+01  0.0000000000E+00
L9 0.0000000000E+00  0.0000000000E+00  0.0000000000E+00  0.9924807179E+00  0.0000000000E+00
L0     7000  0.1400000000E+02  -.7251131683E+04  0.1690854850E+04
L1 0.3010886672E+03  0.3010886672E+03  -.8941986532E+10  0.1000000000E+01
L2 0.1000000000E+01  0.3336287576E+02  0.3336287576E+02  0.3336287576E+02
L3 0.2858704802E+05  -.4356209636E+03  0.4505323256E+03  -.6929258631E+02
L4 -.1812707479E+02  0.2698631666E+03  0.2768211799E+03  0.2802818229E+03
L5 0.8269661695E+03  0.3594893004E+03  0.1841271320E+03  0.2945383145E+03
L6 0.8381547470E+03  -.8941986532E+04  0.1314464051E+04  -.1033379972E+05
L7 0.0000000000E+00  0.6200284287E+01  0.1045591933E+02  0.1196987331E+02
L8 0.2042695041E+01  0.4428301550E+02  0.2397351590E+01  0.0000000000E+00
L9 0.0000000000E+00  0.0000000000E+00  0.0000000000E+00  0.9847733319E+00  0.0000000000E+00
L0     8000  0.1600000000E+02  -.7320934373E+04  0.1641813088E+04
L1 0.2923558546E+03  0.2923558546E+03  -.8962747462E+10  0.1000000000E+01
L2 0.1000000000E+01  0.3332610263E+02  0.3332610263E+02  0.3332610263E+02
L3 0.2849286405E+05  -.5330809749E+03  -.1221543713E+03  0.3184047031E+03
L4 -.1122768810E+03  0.2689720209E+03  0.2651910451E+03  0.2549046522E+03
L5 0.7890677182E+03  0.3782885589E+03  0.2902406972E+03  0.1896108199E+03
L6 0.8581400759E+03  -.8962747462E+04  0.1325047415E+04  -.1036122920E+05
L7 0.0000000000E+00  0.3507372577E+01  0.4897100851E+01  0.1248665315E+02
L8 0.3479509795E+01  0.4657128781E+02  0.2492398567E+01  0.0000000000E+00
L9 0.0000000000E+00  0.0000000000E+00  0.0000000000E+00  0.9880285280E+00  0.0000000000E+00
L0     9000  0.1800000000E+02  -.7260626336E+04  0.1685494638E+04
L1 0.3001341801E+03  0.3001341801E+03  -.8946120974E+10  0.1000000000E+01
L2 0.1000000000E+01  0.3334120335E+02  0.3334120335E+02  0.3334120335E+02
L3 0.2853159324E+05  -.3069520328E+03  0.3921800356E+03  -.3979799182E+03
L4 -.1042506384E+03  0.2796695400E+03  0.2977680861E+03  0.2518407498E+03
L5 0.8292783759E+03  0.3427003833E+03  0.2172361602E+03  0.3335636485E+03
L6 0.8935001919E+03  -.8946120974E+04  0.1305468814E+04  -.1032337546E+05
L7 0.0000000000E+00  0.2073745161E+01  0.4731889300E+01  0.1024520020E+02
L8 0.3959502159E+01  0.4897269851E+02  0.1802639668E+01  0.0000000000E+00
L9 0.0000000000E+00  0.0000000000E+00  0.0000000000E+00  0.9866873642E+00  0.0000000000E+00
L0    10000  0.2000000000E+02  -.7142713468E+04  0.1710967335E+04
L1 0.3046700754E+03  0.3046700754E+03  -.8853680803E+10  0.1000000000E+01
L2 0.1000000000E+01  0.3335856993E+02  0.3335856993E+02  0.3335856993E+02
L3 0.2857516799E+05  -.1722696046E+03  0.8921247392E+02  0.9856478996E+03
L4 0.3008635896E+03  0.2831783156E+03  0.2798420630E+03  0.2814779129E+03
L5 0.8444982915E+03  0.3186069187E+03  0.2614948140E+03  0.7877164716E+02
L6 0.6588733799E+03  -.8853680803E+04  0.1336445424E+04  -.1027204965E+05
L7 0.0000000000E+00  0.5187919030E+01  0.5106450141E+01  0.1011058909E+02
L8 0.5357775304E+01  0.5381837175E+02  0.2342322487E+01  0.0000000000E+00
L9 0.0000000000E+00  0.0000000000E+00  0.0000000000E+00  0.9851827479E+00  0.0000000000E+00
