L0  Nsteps           time(ps)         Etot             EKinetic        
L1  Temp             T_solute         T_solv           Pres_scal_solu  
L2  Pres_scal_solv   BoxX             BoxY             BoxZ            
L3  volume           pres_X           pres_Y           pres_Z          
L4  Pressure         EKCoM_x          EKCoM_y          EKCoM_z         
L5  EKComTot         VIRIAL_x         VIRIAL_y         VIRIAL_z        
L6  VIRIAL_tot       E_pot            E_vdw            E_el            
L7  E_hbon           E_bon            E_angle          E_dih           
L8  E_14vdw          E_14el           E_const          E_pol           
L9  AV_permMoment    AV_indMoment     AV_totMoment     Density          dV/dlambda      
L0     1000  0.2000000000E+01  -.7344638309E+04  0.1701640304E+04
L1 0.2970184042E+03  0.2970184042E+03  -.9046278613E+10  0.1000000000E+01
L2 0.1000000000E+01  0.3443040659E+02  0.3443040659E+02  0.3443040659E+02
L3 0.3142151969E+05  -.5057339054E+03  -.6832887506E+03  -.5578189485E+03
L4 -.5822805348E+03  0.2654916839E+03  0.2740299624E+03  0.3143579767E+03
L5 0.8538796229E+03  0.3798600288E+03  0.4285511497E+03  0.4405050062E+03
L6 0.1248916185E+04  -.9046278613E+04  0.1369312324E+04  -.1048925381E+05
L7 0.0000000000E+00  0.6760788644E+01  0.4041955448E+01  0.1007411027E+02
L8 0.3608797936E+01  0.4630459544E+02  0.2872626191E+01  0.0000000000E+00
L9 0.0000000000E+00  0.0000000000E+00  0.0000000000E+00  0.9140290312E+00  0.0000000000E+00
L0     2000  0.4000000000E+01  -.7374331110E+04  0.1720456753E+04
L1 0.3003027831E+03  0.3003027831E+03  -.9094787863E+10  0.1000000000E+01
L2 0.1000000000E+01  0.3390781027E+02  0.3390781027E+02  0.3390781027E+02
L3 0.3001351245E+05  -.9594794254E+03  -.4417858962E+03  -.1651023953E+04
L4 -.1017429758E+04  0.2816678051E+03  0.3002526878E+03  0.2850100993E+03
L5 0.8669305923E+03  0.4889247394E+03  0.3956827597E+03  0.6416474111E+03
L6 0.1526254910E+04  -.9094787863E+04  0.1244342184E+04  -.1040993057E+05
L7 0.0000000000E+00  0.1607551085E+01  0.1179966721E+02  0.1133377617E+02
L8 0.2226237132E+01  0.4216475023E+02  0.1668537215E+01  0.0000000000E+00
L9 0.0000000000E+00  0.0000000000E+00  0.0000000000E+00  0.9569083674E+00  0.0000000000E+00
L0     3000  0.6000000000E+01  -.7388777729E+04  0.1713594305E+04
L1 0.2991049545E+03  0.2991049545E+03  -.9102372034E+10  0.1000000000E+01
L2 0.1000000000E+01  0.3362659500E+02  0.3362659500E+02  0.3362659500E+02
L3 0.2927102101E+05  -.7445921197E+03  -.4110968135E+03  0.3025027039E+03
L4 -.2843954098E+03  0.2920077684E+03  0.2981258382E+03  0.2855673219E+03
L5 0.8757009286E+03  0.4488680128E+03  0.3847299600E+03  0.2218402869E+03
L6 0.1055438260E+04  -.9102372034E+04  0.1301193963E+04  -.1048017525E+05
L7 0.0000000000E+00  0.4707587444E+01  0.7610557382E+01  0.1197357061E+02
L8 0.3644019576E+01  0.4710401209E+02  0.1569509558E+01  0.0000000000E+00
L9 0.0000000000E+00  0.0000000000E+00  0.0000000000E+00  0.9811813940E+00  0.0000000000E+00
L0     4000  0.8000000000E+01  -.7434311401E+04  0.1690160383E+04
L1 0.2950146036E+03  0.2950146036E+03  -.9124471784E+10  0.1000000000E+01
L2 0.1000000000E+01  0.3363764394E+02  0.3363764394E+02  0.3363764394E+02
L3 0.2929929566E+05  0.6426770589E+02  0.1560902969E+03  -.3983667994E+03
L4 -.5933626552E+02  0.2712739715E+03  0.2829769622E+03  0.2814830827E+03
L5 0.8357340164E+03  0.2577218727E+03  0.2500622799E+03  0.3654864890E+03
L6 0.8732706417E+03  -.9124471784E+04  0.1355449257E+04  -.1055282787E+05
L7 0.0000000000E+00  0.5133225022E+01  0.7783173868E+01  0.1126378006E+02
L8 0.3340326208E+01  0.4306084121E+02  0.2325482919E+01  0.0000000000E+00
L9 0.0000000000E+00  0.0000000000E+00  0.0000000000E+00  0.9802345261E+00  0.0000000000E+00
L0     5000  0.1000000000E+02  -.7393014693E+04  0.1711201003E+04
L1 0.2986872078E+03  0.2986872078E+03  -.9104215696E+10  0.1000000000E+01
L2 0.1000000000E+01  0.3360421399E+02  0.3360421399E+02  0.3360421399E+02
L3 0.2921242752E+05  -.1053779644E+03  -.9017054750E+03  0.3682854681E+03
L4 -.2129326571E+03  0.2688324531E+03  0.2864129176E+03  0.3152819947E+03
L5 0.8705273654E+03  0.2909875693E+03  0.4759913529E+03  0.2378520747E+03
L6 0.1004830997E+04  -.9104215696E+04  0.1313064151E+04  -.1049497427E+05
L7 0.0000000000E+00  0.3714970677E+01  0.8497648778E+01  0.1182066305E+02
L8 0.3262566774E+01  0.4487523289E+02  0.5523340975E+01  0.0000000000E+00
L9 0.0000000000E+00  0.0000000000E+00  0.0000000000E+00  0.9831494209E+00  0.0000000000E+00
L0     6000  0.1200000000E+02  -.7380434468E+04  0.1775109728E+04
L1 0.3098423665E+03  0.3098423665E+03  -.9155544197E+10  0.1000000000E+01
L2 0.1000000000E+01  0.3356751295E+02  0.3356751295E+02  0.3356751295E+02
L3 0.2911456028E+05  0.4957042191E+03  0.1088208528E+04  0.3858259481E+03
L4 0.6565795650E+03  0.3058027280E+03  0.2812754349E+03  0.3058000398E+03
L5 0.8928782028E+03  0.2019328957E+03  0.5325228528E+02  0.2249540938E+03
L6 0.4801392748E+03  -.9155544197E+04  0.1428398248E+04  -.1066504253E+05
L7 0.0000000000E+00  0.4765298047E+01  0.8200625469E+01  0.1385102904E+02
L8 0.2599144489E+01  0.4705444200E+02  0.4629549404E+01  0.0000000000E+00
L9 0.0000000000E+00  0.0000000000E+00  0.0000000000E+00  0.9864542321E+00  0.0000000000E+00
L0     7000  0.1400000000E+02  -.7406123585E+04  0.1688646958E+04
L1 0.2947504378E+03  0.2947504378E+03  -.9094770543E+10  0.1000000000E+01
L2 0.1000000000E+01  0.3362017751E+02  0.3362017751E+02  0.3362017751E+02
L3 0.2925424005E+05  -.5224310127E+03  0.3606539793E+03  -.6621778009E+03
L4 -.2746516114E+03  0.2898789549E+03  0.2666132048E+03  0.2769049559E+03
L5 0.8333971156E+03  0.3998743111E+03  0.1906792308E+03  0.4163233313E+03
L6 0.1006876873E+04  -.9094770543E+04  0.1298855945E+04  -.1047114796E+05
L7 0.0000000000E+00  0.4222085644E+01  0.5446611779E+01  0.1342767891E+02
L8 0.3455016951E+01  0.4800779638E+02  0.2962283007E+01  0.0000000000E+00
L9 0.0000000000E+00  0.0000000000E+00  0.0000000000E+00  0.9817442243E+00  0.0000000000E+00
L0     8000  0.1600000000E+02  -.7409670934E+04  0.1768562757E+04
L1 0.3086996039E+03  0.3086996039E+03  -.9178233692E+10  0.1000000000E+01
L2 0.1000000000E+01  0.3350641072E+02  0.3350641072E+02  0.3350641072E+02
L3 0.2895744075E+05  -.4266143405E+03  0.1150475821E+04  -.5905663229E+03
L4 0.4443171916E+02  0.2874897443E+03  0.2820051320E+03  0.2702230588E+03
L5 0.8397179352E+03  0.3764000711E+03  0.4223545835E+02  0.3933024769E+03
L6 0.8119380063E+03  -.9178233692E+04  0.1372105119E+04  -.1063001440E+05
L7 0.0000000000E+00  0.1567586172E+01  0.6476043005E+01  0.1351057629E+02
L8 0.3260591481E+01  0.5031608698E+02  0.4544704483E+01  0.0000000000E+00
L9 0.0000000000E+00  0.0000000000E+00  0.0000000000E+00  0.9918066119E+00  0.0000000000E+00
L0     9000  0.1800000000E+02  -.7448439669E+04  0.1714823775E+04
L1 0.2993195565E+03  0.2993195565E+03  -.9163263444E+10  0.1000000000E+01
L2 0.1000000000E+01  0.3355006093E+02  0.3355006093E+02  0.3355006093E+02
L3 0.2907018122E+05  0.1225318058E+04  -.5107643085E+03  0.8889597714E+02
L4 0.2678165755E+03  0.2892740642E+03  0.2768157311E+03  0.2955649272E+03
L5 0.8616547225E+03  0.3291235816E+02  0.3836781157E+03  0.2769660628E+03
L6 0.6935565367E+03  -.9163263444E+04  0.1386531800E+04  -.1062720727E+05
L7 0.0000000000E+00  0.1537544532E+01  0.1192768508E+02  0.1056989868E+02
L8 0.2355087064E+01  0.4857317585E+02  0.2448629695E+01  0.0000000000E+00
L9 0.0000000000E+00  0.0000000000E+00  0.0000000000E+00  0.9879601706E+00  0.0000000000E+00
L0    10000  0.2000000000E+02  -.7516095549E+04  0.1663311580E+04
L1 0.2903281909E+03  0.2903281909E+03  -.9179407128E+10  0.1000000000E+01
L2 0.1000000000E+01  0.3355382273E+02  0.3355382273E+02  0.3355382273E+02
L3 0.2907949389E+05  0.1641855949E+02  0.2169671304E+03  0.1110080599E+04
L4 0.4478220964E+03  0.2603088861E+03  0.2595453082E+03  0.3062360173E+03
L5 0.8260902116E+03  0.2568726858E+03  0.2141367859E+03  0.7390995248E+02
L6 0.5449194242E+03  -.9179407128E+04  0.1413187044E+04  -.1066726531E+05
L7 0.0000000000E+00  0.2395874121E+01  0.1058344178E+02  0.9653869470E+01
L8 0.3596638579E+01  0.4566667051E+02  0.2774645646E+01  0.0000000000E+00
L9 0.0000000000E+00  0.0000000000E+00  0.0000000000E+00  0.9876437776E+00  0.0000000000E+00
