L0  Nsteps           time(ps)         Etot             EKinetic        
L1  Temp             T_solute         T_solv           Pres_scal_solu  
L2  Pres_scal_solv   BoxX             BoxY             BoxZ            
L3  volume           pres_X           pres_Y           pres_Z          
L4  Pressure         EKCoM_x          EKCoM_y          EKCoM_z         
L5  EKComTot         VIRIAL_x         VIRIAL_y         VIRIAL_z        
L6  VIRIAL_tot       E_pot            E_vdw            E_el            
L7  E_hbon           E_bon            E_angle          E_dih           
L8  E_14vdw          E_14el           E_const          E_pol           
L9  AV_permMoment    AV_indMoment     AV_totMoment     Density          dV/dlambda      
L0     1000  0.2000000000E+01  -.7356472551E+04  0.1704764680E+04
L1 0.2948028577E+03  0.2948028577E+03  -.9061237230E+10  0.1000000000E+01
L2 0.1000000000E+01  0.3473484081E+02  0.3473484081E+02  0.3473484081E+02
L3 0.3226291166E+05  -.6432153588E+03  -.1009949403E+04  -.6271210588E+03
L4 -.7600952736E+03  0.2780367137E+03  0.2749989486E+03  0.2822567256E+03
L5 0.8352923879E+03  0.4273906059E+03  0.5095080788E+03  0.4278735393E+03
L6 0.1364772224E+04  -.9061237230E+04  0.1347350069E+04  -.1048083399E+05
L7 0.0000000000E+00  0.2773546842E+01  0.6680197778E+01  0.9765506017E+01
L8 0.3324673538E+01  0.4656230831E+02  0.3140460900E+01  0.0000000000E+00
L9 0.0000000000E+00  0.0000000000E+00  0.0000000000E+00  0.8985373812E+00  0.0000000000E+00
L0     2000  0.4000000000E+01  -.7351821475E+04  0.1774372312E+04
L1 0.3068400199E+03  0.3068400199E+03  -.9126193787E+10  0.1000000000E+01
L2 0.1000000000E+01  0.3413577884E+02  0.3413577884E+02  0.3413577884E+02
L3 0.3062092187E+05  0.2168867312E+02  0.4030649995E+02  -.8858641179E+03
L4 -.2746229816E+03  0.3129242882E+03  0.2930130631E+03  0.2864447815E+03
L5 0.8923821328E+03  0.3081445091E+03  0.2841302622E+03  0.4816727128E+03
L6 0.1073947484E+04  -.9126193787E+04  0.1376522127E+04  -.1057424860E+05
L7 0.0000000000E+00  0.1921824653E+01  0.8090138430E+01  0.1093723208E+02
L8 0.2312270333E+01  0.4374742095E+02  0.4523795889E+01  0.0000000000E+00
L9 0.0000000000E+00  0.0000000000E+00  0.0000000000E+00  0.9467197712E+00  0.0000000000E+00
L0     3000  0.6000000000E+01  -.7500766890E+04  0.1699973404E+04
L1 0.2939743083E+03  0.2939743083E+03  -.9200740294E+10  0.1000000000E+01
L2 0.1000000000E+01  0.3379207286E+02  0.3379207286E+02  0.3379207286E+02
L3 0.2970489283E+05  0.1362985095E+02  0.4333330239E+02  -.4687034616E+03
L4 -.1372467694E+03  0.2803016438E+03  0.2905843620E+03  0.2960143932E+03
L5 0.8669003990E+03  0.2773877368E+03  0.2813201954E+03  0.3962178563E+03
L6 0.9549257885E+03  -.9200740294E+04  0.1358616694E+04  -.1063558790E+05
L7 0.0000000000E+00  0.2995267250E+01  0.1161004472E+02  0.1343415074E+02
L8 0.2712410319E+01  0.4344102487E+02  0.2038018418E+01  0.0000000000E+00
L9 0.0000000000E+00  0.0000000000E+00  0.0000000000E+00  0.9759143827E+00  0.0000000000E+00
L0     4000  0.8000000000E+01  -.7405498217E+04  0.1768380395E+04
L1 0.3058038451E+03  0.3058038451E+03  -.9173878612E+10  0.1000000000E+01
L2 0.1000000000E+01  0.3372595129E+02  0.3372595129E+02  0.3372595129E+02
L3 0.2953168967E+05  -.6456806628E+03  -.3626823411E+03  -.3465668415E+03
L4 -.4516432818E+03  0.2907119375E+03  0.2945078207E+03  0.2985203016E+03
L5 0.8837400598E+03  0.4279462326E+03  0.3715930709E+03  0.3721803304E+03
L6 0.1171719634E+04  -.9173878612E+04  0.1298252086E+04  -.1054454019E+05
L7 0.0000000000E+00  0.2944876141E+01  0.1032510220E+02  0.1033399432E+02
L8 0.2549490657E+01  0.4273163113E+02  0.3524394728E+01  0.0000000000E+00
L9 0.0000000000E+00  0.0000000000E+00  0.0000000000E+00  0.9816381142E+00  0.0000000000E+00
L0     5000  0.1000000000E+02  -.7571194894E+04  0.1712737725E+04
L1 0.2961816267E+03  0.2961816267E+03  -.9283932620E+10  0.1000000000E+01
L2 0.1000000000E+01  0.3367727631E+02  0.3367727631E+02  0.3367727631E+02
L3 0.2940223705E+05  -.3953332195E+03  -.1854033082E+03  0.1252932169E+04
L4 0.2240652139E+03  0.2976302914E+03  0.2881888941E+03  0.2896676585E+03
L5 0.8754868439E+03  0.3812869018E+03  0.3274221575E+03  0.2453421352E+02
L6 0.7332432728E+03  -.9283932620E+04  0.1400413503E+04  -.1075763964E+05
L7 0.0000000000E+00  0.6949929466E+00  0.9757229766E+01  0.1140585187E+02
L8 0.2907762528E+01  0.4545381631E+02  0.3073859784E+01  0.0000000000E+00
L9 0.0000000000E+00  0.0000000000E+00  0.0000000000E+00  0.9859600853E+00  0.0000000000E+00
L0     6000  0.1200000000E+02  -.7561492306E+04  0.1698954127E+04
L1 0.2937980460E+03  0.2937980460E+03  -.9260446433E+10  0.1000000000E+01
L2 0.1000000000E+01  0.3371146433E+02  0.3371146433E+02  0.3371146433E+02
L3 0.2949200911E+05  0.5450459413E+03  0.7333652054E+03  -.7620907077E+03
L4 0.1721068130E+03  0.2695765021E+03  0.3056241512E+03  0.2736179210E+03
L5 0.8488185743E+03  0.1538869740E+03  0.1499626407E+03  0.4353766053E+03
L6 0.7392262200E+03  -.9260446433E+04  0.1409876108E+04  -.1074505926E+05
L7 0.0000000000E+00  0.1579019522E+01  0.6258738115E+01  0.1166731595E+02
L8 0.4025608982E+01  0.4677424470E+02  0.4431794881E+01  0.0000000000E+00
L9 0.0000000000E+00  0.0000000000E+00  0.0000000000E+00  0.9829588768E+00  0.0000000000E+00
L0     7000  0.1400000000E+02  -.7556569106E+04  0.1673007324E+04
L1 0.2893110973E+03  0.2893110973E+03  -.9229576431E+10  0.1000000000E+01
L2 0.1000000000E+01  0.3365365763E+02  0.3365365763E+02  0.3365365763E+02
L3 0.2934201243E+05  -.8233501265E+03  -.9356445358E+02  -.2373806723E+03
L4 -.3847650841E+03  0.2712707886E+03  0.2864856332E+03  0.2720475946E+03
L5 0.8298040164E+03  0.4451433425E+03  0.3062442875E+03  0.3221769167E+03
L6 0.1073564547E+04  -.9229576431E+04  0.1306631525E+04  -.1060896745E+05
L7 0.0000000000E+00  0.4136850786E+01  0.8189085186E+01  0.1053798432E+02
L8 0.3629297819E+01  0.4305435133E+02  0.3211920687E+01  0.0000000000E+00
L9 0.0000000000E+00  0.0000000000E+00  0.0000000000E+00  0.9879837733E+00  0.0000000000E+00
L0     8000  0.1600000000E+02  -.7518271758E+04  0.1705621159E+04
L1 0.2949509676E+03  0.2949509676E+03  -.9223892917E+10  0.1000000000E+01
L2 0.1000000000E+01  0.3372504079E+02  0.3372504079E+02  0.3372504079E+02
L3 0.2952780242E+05  0.5944522230E+03  -.2972201095E+02  -.2163402080E+03
L4 0.1161300013E+03  0.2899349532E+03  0.2795835867E+03  0.2913300312E+03
L5 0.8608485711E+03  0.1636054868E+03  0.2858999325E+03  0.3373053711E+03
L6 0.7868107904E+03  -.9223892917E+04  0.1385741382E+04  -.1068514437E+05
L7 0.0000000000E+00  0.2763415980E+01  0.1106587061E+02  0.1126597820E+02
L8 0.3129110206E+01  0.4493595471E+02  0.2349742506E+01  0.0000000000E+00
L9 0.0000000000E+00  0.0000000000E+00  0.0000000000E+00  0.9817673438E+00  0.0000000000E+00
L0     9000  0.1800000000E+02  -.7467569002E+04  0.1730149512E+04
L1 0.2991926255E+03  0.2991926255E+03  -.9197718514E+10  0.1000000000E+01
L2 0.1000000000E+01  0.3370334036E+02  0.3370334036E+02  0.3370334036E+02
L3 0.2946982129E+05  0.7438037936E+02  0.5588363085E+03  0.8777502002E+03
L4 0.5036556293E+03  0.3080201133E+03  0.2866781508E+03  0.3097365529E+03
L5 0.9044348170E+03  0.2922442741E+03  0.1681507673E+03  0.1235685588E+03
L6 0.5839636002E+03  -.9197718514E+04  0.1423438837E+04  -.1069424302E+05
L7 0.0000000000E+00  0.1952604684E+01  0.1128616776E+02  0.1175683774E+02
L8 0.2035343041E+01  0.4317614031E+02  0.2878571895E+01  0.0000000000E+00
L9 0.0000000000E+00  0.0000000000E+00  0.0000000000E+00  0.9836989464E+00  0.0000000000E+00
L0    10000  0.2000000000E+02  -.7557212448E+04  0.1725668363E+04
L1 0.2984177059E+03  0.2984177059E+03  -.9282880811E+10  0.1000000000E+01
L2 0.1000000000E+01  0.3371057600E+02  0.3371057600E+02  0.3371057600E+02
L3 0.2948981777E+05  -.1759128556E+03  -.1469109779E+03  0.6794366304E+03
L4 0.1188709323E+03  0.2693142003E+03  0.2876033263E+03  0.2983727324E+03
L5 0.8552902590E+03  0.3066500679E+03  0.3187838151E+03  0.1541686265E+03
L6 0.7796025095E+03  -.9282880811E+04  0.1409420824E+04  -.1076234947E+05
L7 0.0000000000E+00  0.3165954749E+01  0.7594586589E+01  0.1036722300E+02
L8 0.2098686952E+01  0.4357170389E+02  0.3249676438E+01  0.0000000000E+00
L9 0.0000000000E+00  0.0000000000E+00  0.0000000000E+00  0.9830319191E+00  0.0000000000E+00
