L0  Nsteps           time(ps)         Etot             EKinetic        
L1  Temp             T_solute         T_solv           Pres_scal_solu  
L2  Pres_scal_solv   BoxX             BoxY             BoxZ            
L3  volume           pres_X           pres_Y           pres_Z          
L4  Pressure         EKCoM_x          EKCoM_y          EKCoM_z         
L5  EKComTot         VIRIAL_x         VIRIAL_y         VIRIAL_z        
L6  VIRIAL_tot       E_pot            E_vdw            E_el            
L7  E_hbon           E_bon            E_angle          E_dih           
L8  E_14vdw          E_14el           E_const          E_pol           
L9  AV_permMoment    AV_indMoment     AV_totMoment     Density          dV/dlambda      
L0     1000  0.2000000000E+01  -.7862001767E+04  0.1730315465E+04
L1 0.2826141030E+03  0.2826141030E+03  -.9592317232E+10  0.1000000000E+01
L2 0.1000000000E+01  0.3531342174E+02  0.3531342174E+02  0.3531342174E+02
L3 0.3390089438E+05  -.2196365595E+02  -.3185081455E+03  -.7110391724E+03
L4 -.3505036579E+03  0.2934227013E+03  0.2844276974E+03  0.2792845963E+03
L5 0.8571349951E+03  0.2987815608E+03  0.3621397320E+03  0.4527693299E+03
L6 0.1113690623E+04  -.9592317232E+04  0.1478092894E+04  -.1114657201E+05
L7 0.0000000000E+00  0.2944091715E+01  0.1123374815E+02  0.1341717068E+02
L8 0.2309152755E+01  0.4221418156E+02  0.4043540137E+01  0.0000000000E+00
L9 0.0000000000E+00  0.0000000000E+00  0.0000000000E+00  0.9054241412E+00  0.0000000000E+00
L0     2000  0.4000000000E+01  -.7860317279E+04  0.1848127660E+04
L1 0.3018564831E+03  0.3018564831E+03  -.9708444939E+10  0.1000000000E+01
L2 0.1000000000E+01  0.3470755060E+02  0.3470755060E+02  0.3470755060E+02
L3 0.3218539907E+05  -.2913963780E+03  -.5015328715E+03  0.1093169070E+03
L4 -.2278707809E+03  0.2900336789E+03  0.3136363789E+03  0.2928760287E+03
L5 0.8965460865E+03  0.3575330346E+03  0.4298119674E+03  0.2675537483E+03
L6 0.1054898750E+04  -.9708444939E+04  0.1448576311E+04  -.1122584897E+05
L7 0.0000000000E+00  0.2361279953E+01  0.5814816475E+01  0.9969717311E+01
L8 0.2656853847E+01  0.4588538071E+02  0.2139676869E+01  0.0000000000E+00
L9 0.0000000000E+00  0.0000000000E+00  0.0000000000E+00  0.9536836289E+00  0.0000000000E+00
L0     3000  0.6000000000E+01  -.7964219722E+04  0.1839557021E+04
L1 0.3004566323E+03  0.3004566323E+03  -.9803776743E+10  0.1000000000E+01
L2 0.1000000000E+01  0.3445250010E+02  0.3445250010E+02  0.3445250010E+02
L3 0.3148092975E+05  -.9519668289E+02  0.6705470456E+02  -.5254004396E+03
L4 -.1845141393E+03  0.3046203231E+03  0.2988162826E+03  0.3115170122E+03
L5 0.9149536180E+03  0.3261891213E+03  0.2836236378E+03  0.4305574628E+03
L6 0.1040370222E+04  -.9803776743E+04  0.1469316710E+04  -.1134848375E+05
L7 0.0000000000E+00  0.6279259387E+01  0.7044612573E+01  0.1028737033E+02
L8 0.1853555474E+01  0.4597103777E+02  0.3954462202E+01  0.0000000000E+00
L9 0.0000000000E+00  0.0000000000E+00  0.0000000000E+00  0.9750248299E+00  0.0000000000E+00
L0     4000  0.8000000000E+01  -.7970360148E+04  0.1847454209E+04
L1 0.3017464878E+03  0.3017464878E+03  -.9817814357E+10  0.1000000000E+01
L2 0.1000000000E+01  0.3428567152E+02  0.3428567152E+02  0.3428567152E+02
L3 0.3102621429E+05  -.3594523026E+03  -.4596213885E+03  -.1592825050E+03
L4 -.3261187320E+03  0.3164424327E+03  0.3063380965E+03  0.3111235650E+03
L5 0.9339040942E+03  0.3967075118E+03  0.4089707596E+03  0.3466910736E+03
L6 0.1152369345E+04  -.9817814357E+04  0.1426933073E+04  -.1132855013E+05
L7 0.0000000000E+00  0.6854538087E+01  0.1050673142E+02  0.1206336329E+02
L8 0.4363139517E+01  0.4753469013E+02  0.2480240632E+01  0.0000000000E+00
L9 0.0000000000E+00  0.0000000000E+00  0.0000000000E+00  0.9893146450E+00  0.0000000000E+00
L0     5000  0.1000000000E+02  -.7949189983E+04  0.1852743342E+04
L1 0.3026103670E+03  0.3026103670E+03  -.9801933325E+10  0.1000000000E+01
L2 0.1000000000E+01  0.3427194076E+02  0.3427194076E+02  0.3427194076E+02
L3 0.3098779650E+05  0.5001339294E+02  -.8244854779E+02  0.3092479681E+03
L4 0.9227093774E+02  0.3061179689E+03  0.2982101191E+03  0.3225563146E+03
L5 0.9268844026E+03  0.2949638930E+03  0.3165979409E+03  0.2535872826E+03
L6 0.8651491166E+03  -.9801933325E+04  0.1466261013E+04  -.1134412259E+05
L7 0.0000000000E+00  0.4032629458E+01  0.8643536420E+01  0.1068138685E+02
L8 0.3630248716E+01  0.4715132406E+02  0.1789126687E+01  0.0000000000E+00
L9 0.0000000000E+00  0.0000000000E+00  0.0000000000E+00  0.9905411692E+00  0.0000000000E+00
L0     6000  0.1200000000E+02  -.7948287339E+04  0.1860430816E+04
L1 0.3038659695E+03  0.3038659695E+03  -.9808718154E+10  0.1000000000E+01
L2 0.1000000000E+01  0.3436579384E+02  0.3436579384E+02  0.3436579384E+02
L3 0.3124308657E+05  0.6747799934E+03  -.1219393077E+03  -.2908216822E+03
L4 0.8733966782E+02  0.2942745393E+03  0.3088391623E+03  0.2991834962E+03
L5 0.9022971978E+03  0.1425441018E+03  0.3362583281E+03  0.3645774046E+03
L6 0.8433798345E+03  -.9808718154E+04  0.1489365393E+04  -.1137520314E+05
L7 0.0000000000E+00  0.2504558631E+01  0.8999743482E+01  0.1448680526E+02
L8 0.2567875536E+01  0.4458258536E+02  0.3978026654E+01  0.0000000000E+00
L9 0.0000000000E+00  0.0000000000E+00  0.0000000000E+00  0.9824473682E+00  0.0000000000E+00
L0     7000  0.1400000000E+02  -.7967830415E+04  0.1792205060E+04
L1 0.2927225906E+03  0.2927225906E+03  -.9760035474E+10  0.1000000000E+01
L2 0.1000000000E+01  0.3432724870E+02  0.3432724870E+02  0.3432724870E+02
L3 0.3113849040E+05  -.9024396921E+01  -.1529017043E+03  -.2317832779E+02
L4 -.6170147635E+02  0.2960185128E+03  0.2830281552E+03  0.2917392965E+03
L5 0.8707859645E+03  0.2980409373E+03  0.3172943959E+03  0.2969337066E+03
L6 0.9122690398E+03  -.9760035474E+04  0.1452387486E+04  -.1128104499E+05
L7 0.0000000000E+00  0.2411894887E+01  0.4643492227E+01  0.1238866518E+02
L8 0.2430928298E+01  0.4541566829E+02  0.1331378239E+01  0.0000000000E+00
L9 0.0000000000E+00  0.0000000000E+00  0.0000000000E+00  0.9857474714E+00  0.0000000000E+00
L0     8000  0.1600000000E+02  -.7908233342E+04  0.1847711938E+04
L1 0.3017885828E+03  0.3017885828E+03  -.9755945280E+10  0.1000000000E+01
L2 0.1000000000E+01  0.3434051101E+02  0.3434051101E+02  0.3434051101E+02
L3 0.3117367582E+05  0.4217966941E+03  -.2186519355E+03  0.6037982140E+03
L4 0.2689809909E+03  0.3152584535E+03  0.3111661673E+03  0.3024851947E+03
L5 0.9289098156E+03  0.2206243295E+03  0.3602228211E+03  0.1670172884E+03
L6 0.7478644390E+03  -.9755945280E+04  0.1478885149E+04  -.1131214493E+05
L7 0.0000000000E+00  0.2997947351E+01  0.8910970688E+01  0.1215543222E+02
L8 0.5285833652E+01  0.4604634869E+02  0.1917967077E+01  0.0000000000E+00
L9 0.0000000000E+00  0.0000000000E+00  0.0000000000E+00  0.9846348682E+00  0.0000000000E+00
L0     9000  0.1800000000E+02  -.7978241449E+04  0.1788012481E+04
L1 0.2920378126E+03  0.2920378126E+03  -.9766253929E+10  0.1000000000E+01
L2 0.1000000000E+01  0.3436273903E+02  0.3436273903E+02  0.3436273903E+02
L3 0.3123476689E+05  -.1434890236E+03  0.8223584129E+03  -.4289966732E+03
L4 0.8329090538E+02  0.2892011856E+03  0.2990902483E+03  0.3083860392E+03
L5 0.8966774731E+03  0.3214574098E+03  0.1142246976E+03  0.4048241676E+03
L6 0.8405062750E+03  -.9766253929E+04  0.1469813651E+04  -.1131006742E+05
L7 0.0000000000E+00  0.4650212159E+01  0.8740092474E+01  0.9877281051E+01
L8 0.2438430477E+01  0.4562688404E+02  0.2666940908E+01  0.0000000000E+00
L9 0.0000000000E+00  0.0000000000E+00  0.0000000000E+00  0.9827090527E+00  0.0000000000E+00
L0    10000  0.2000000000E+02  -.7952247216E+04  0.1840602255E+04
L1 0.3006273514E+03  0.3006273514E+03  -.9792849471E+10  0.1000000000E+01
L2 0.1000000000E+01  0.3430092297E+02  0.3430092297E+02  0.3430092297E+02
L3 0.3106667415E+05  -.2577693976E+03  0.2914515331E+03  0.3064839046E+02
L4 0.2144350866E+02  0.3078916179E+03  0.2997876261E+03  0.3091272461E+03
L5 0.9168064901E+03  0.3655261403E+03  0.2346221329E+03  0.3022745887E+03
L6 0.9024228620E+03  -.9792849471E+04  0.1464904111E+04  -.1133470223E+05
L7 0.0000000000E+00  0.1648683309E+01  0.1129815296E+02  0.1060659907E+02
L8 0.5250995540E+01  0.4513503032E+02  0.3009183614E+01  0.0000000000E+00
L9 0.0000000000E+00  0.0000000000E+00  0.0000000000E+00  0.9880262054E+00  0.0000000000E+00
