L0  Nsteps           time(ps)         Etot             EKinetic        
L1  Temp             T_solute         T_solv           Pres_scal_solu  
L2  Pres_scal_solv   BoxX             BoxY             BoxZ            
L3  volume           pres_X           pres_Y           pres_Z          
L4  Pressure         EKCoM_x          EKCoM_y          EKCoM_z         
L5  EKComTot         VIRIAL_x         VIRIAL_y         VIRIAL_z        
L6  VIRIAL_tot       E_pot            E_vdw            E_el            
L7  E_hbon           E_bon            E_angle          E_dih           
L8  E_14vdw          E_14el           E_const          E_pol           
L9  AV_permMoment    AV_indMoment     AV_totMoment     Density          dV/dlambda      
L0     1000  0.2000000000E+01  -.7644270372E+04  0.1721005158E+04
L1 0.2907179904E+03  0.2907179904E+03  -.9365275530E+10  0.1000000000E+01
L2 0.1000000000E+01  0.3485208391E+02  0.3485208391E+02  0.3485208391E+02
L3 0.3258950935E+05  -.2382647303E+03  -.3388218339E+03  -.4602141471E+03
L4 -.3457669038E+03  0.2724889087E+03  0.3030229118E+03  0.2958573381E+03
L5 0.8713691586E+03  0.3283737680E+03  0.3824933835E+03  0.4038003090E+03
L6 0.1114667460E+04  -.9365275530E+04  0.1443263091E+04  -.1088271395E+05
L7 0.0000000000E+00  0.3022080107E+01  0.8508148591E+01  0.1149576767E+02
L8 0.2844645513E+01  0.4412269660E+02  0.4181985364E+01  0.0000000000E+00
L9 0.0000000000E+00  0.0000000000E+00  0.0000000000E+00  0.9106463555E+00  0.0000000000E+00
L0     2000  0.4000000000E+01  -.7573924839E+04  0.1774349391E+04
L1 0.2997290780E+03  0.2997290780E+03  -.9348274230E+10  0.1000000000E+01
L2 0.1000000000E+01  0.3430919303E+02  0.3430919303E+02  0.3430919303E+02
L3 0.3109012723E+05  -.2794512029E+03  0.2958952418E+02  -.7425218084E+03
L4 -.3307944957E+03  0.2879994783E+03  0.2890868362E+03  0.2971438987E+03
L5 0.8742302132E+03  0.3505289937E+03  0.2824659357E+03  0.4632892878E+03
L6 0.1096284217E+04  -.9348274230E+04  0.1393044068E+04  -.1081603473E+05
L7 0.0000000000E+00  0.1251815829E+01  0.1026736406E+02  0.1336567391E+02
L8 0.2167971698E+01  0.4554038573E+02  0.2123219101E+01  0.0000000000E+00
L9 0.0000000000E+00  0.0000000000E+00  0.0000000000E+00  0.9545640550E+00  0.0000000000E+00
L0     3000  0.6000000000E+01  -.7508920869E+04  0.1838232794E+04
L1 0.3105204777E+03  0.3105204777E+03  -.9347153663E+10  0.1000000000E+01
L2 0.1000000000E+01  0.3404523566E+02  0.3404523566E+02  0.3404523566E+02
L3 0.3037706344E+05  -.1901660825E+03  0.1961242792E+03  0.1040248664E+03
L4 0.3666102102E+02  0.3208488943E+03  0.3176370099E+03  0.3075244400E+03
L5 0.9460103442E+03  0.3624241978E+03  0.2747590880E+03  0.2847818702E+03
L6 0.9219651560E+03  -.9347153663E+04  0.1373555103E+04  -.1079462184E+05
L7 0.0000000000E+00  0.6299678670E+01  0.9181270333E+01  0.9270078144E+01
L8 0.2451046193E+01  0.4244837818E+02  0.4262624810E+01  0.0000000000E+00
L9 0.0000000000E+00  0.0000000000E+00  0.0000000000E+00  0.9769712591E+00  0.0000000000E+00
L0     4000  0.8000000000E+01  -.7580035128E+04  0.1767000852E+04
L1 0.2984877380E+03  0.2984877380E+03  -.9347035979E+10  0.1000000000E+01
L2 0.1000000000E+01  0.3397253144E+02  0.3397253144E+02  0.3397253144E+02
L3 0.3018314625E+05  -.1728658626E+03  -.4811633071E+03  0.4522179231E+03
L4 -.6727041552E+02  0.3055903899E+03  0.2898318205E+03  0.3048187301E+03
L5 0.9002409405E+03  0.3431421524E+03  0.3943552352E+03  0.2065831397E+03
L6 0.9440805274E+03  -.9347035979E+04  0.1368002873E+04  -.1078786229E+05
L7 0.0000000000E+00  0.5355365152E+01  0.7312745527E+01  0.9879966270E+01
L8 0.2386049022E+01  0.4624378484E+02  0.1645530610E+01  0.0000000000E+00
L9 0.0000000000E+00  0.0000000000E+00  0.0000000000E+00  0.9832479911E+00  0.0000000000E+00
L0     5000  0.1000000000E+02  -.7803404351E+04  0.1743722889E+04
L1 0.2945555461E+03  0.2945555461E+03  -.9547127240E+10  0.1000000000E+01
L2 0.1000000000E+01  0.3394057775E+02  0.3394057775E+02  0.3394057775E+02
L3 0.3009970276E+05  -.1157137933E+04  0.5566878092E+01  -.8881967456E+03
L4 -.6799226002E+03  0.2741265031E+03  0.3236627150E+03  0.2998265523E+03
L5 0.8976157705E+03  0.5247974016E+03  0.3224567617E+03  0.4922366962E+03
L6 0.1339490860E+04  -.9547127240E+04  0.1360020706E+04  -.1098375436E+05
L7 0.0000000000E+00  0.1992111208E+01  0.1114333550E+02  0.1228782154E+02
L8 0.1828187212E+01  0.4488301723E+02  0.4471940767E+01  0.0000000000E+00
L9 0.0000000000E+00  0.0000000000E+00  0.0000000000E+00  0.9859737870E+00  0.0000000000E+00
L0     6000  0.1200000000E+02  -.7629520216E+04  0.1805307273E+04
L1 0.3049585879E+03  0.3049585879E+03  -.9434827489E+10  0.1000000000E+01
L2 0.1000000000E+01  0.3392471379E+02  0.3392471379E+02  0.3392471379E+02
L3 0.3005653350E+05  -.4187048427E+03  -.1206596000E+03  -.4007165866E+03
L4 -.3133603431E+03  0.2957486804E+03  0.3060837443E+03  0.3071132897E+03
L5 0.9089457144E+03  0.3863226610E+03  0.3321847567E+03  0.3937960615E+03
L6 0.1112303479E+04  -.9434827489E+04  0.1356013439E+04  -.1086467775E+05
L7 0.0000000000E+00  0.2499241863E+01  0.9698922734E+01  0.1300141025E+02
L8 0.2542419330E+01  0.4481577424E+02  0.1279049318E+01  0.0000000000E+00
L9 0.0000000000E+00  0.0000000000E+00  0.0000000000E+00  0.9873899104E+00  0.0000000000E+00
L0     7000  0.1400000000E+02  -.7687251527E+04  0.1773117143E+04
L1 0.2995209225E+03  0.2995209225E+03  -.9460368670E+10  0.1000000000E+01
L2 0.1000000000E+01  0.3396680342E+02  0.3396680342E+02  0.3396680342E+02
L3 0.3016738139E+05  0.1651149005E+01  -.2316748209E+03  0.5857567264E+03
L4 0.1185776848E+03  0.3030349592E+03  0.3152360926E+03  0.2899884805E+03
L5 0.9082595324E+03  0.3026764664E+03  0.3655366769E+03  0.1628106307E+03
L6 0.8310237740E+03  -.9460368670E+04  0.1430717202E+04  -.1096380931E+05
L7 0.0000000000E+00  0.1844680351E+01  0.9859000774E+01  0.1073262030E+02
L8 0.2832326943E+01  0.4523301707E+02  0.2221797382E+01  0.0000000000E+00
L9 0.0000000000E+00  0.0000000000E+00  0.0000000000E+00  0.9837618165E+00  0.0000000000E+00
L0     8000  0.1600000000E+02  -.7788976562E+04  0.1700477330E+04
L1 0.2872503605E+03  0.2872503605E+03  -.9489453892E+10  0.1000000000E+01
L2 0.1000000000E+01  0.3393302586E+02  0.3393302586E+02  0.3393302586E+02
L3 0.3007747252E+05  -.9809308697E+03  0.7094431231E+03  0.6277134954E+03
L4 0.1187419163E+03  0.2839926725E+03  0.2741383753E+03  0.2931268823E+03
L5 0.8512579301E+03  0.4963348764E+03  0.1205651511E+03  0.1572456789E+03
L6 0.7741457065E+03  -.9489453892E+04  0.1430963200E+04  -.1099245106E+05
L7 0.0000000000E+00  0.4837328754E+01  0.6037665407E+01  0.1045317367E+02
L8 0.2459750746E+01  0.4514623714E+02  0.3099811245E+01  0.0000000000E+00
L9 0.0000000000E+00  0.0000000000E+00  0.0000000000E+00  0.9867025197E+00  0.0000000000E+00
L0     9000  0.1800000000E+02  -.7690860538E+04  0.1751715427E+04
L1 0.2959056725E+03  0.2959056725E+03  -.9442575964E+10  0.1000000000E+01
L2 0.1000000000E+01  0.3392370977E+02  0.3392370977E+02  0.3392370977E+02
L3 0.3005303775E+05  -.4557011347E+03  0.1531054582E+03  0.2882240131E+03
L4 -.4790554437E+01  0.3059002811E+03  0.3051056810E+03  0.2718863535E+03
L5 0.8828923157E+03  0.4044658123E+03  0.2719898521E+03  0.2095451592E+03
L6 0.8860008237E+03  -.9442575964E+04  0.1399522902E+04  -.1091758033E+05
L7 0.0000000000E+00  0.3725273406E+01  0.1185836691E+02  0.1124313959E+02
L8 0.3311440653E+01  0.4421772862E+02  0.1125517175E+01  0.0000000000E+00
L9 0.0000000000E+00  0.0000000000E+00  0.0000000000E+00  0.9875047630E+00  0.0000000000E+00
L0    10000  0.2000000000E+02  -.7618986492E+04  0.1792036070E+04
L1 0.3027167715E+03  0.3027167715E+03  -.9411022562E+10  0.1000000000E+01
L2 0.1000000000E+01  0.3390791073E+02  0.3390791073E+02  0.3390791073E+02
L3 0.3000967353E+05  0.1367818660E+04  0.2691158026E+03  -.8833639213E+02
L4 0.5161993567E+03  0.2922327020E+03  0.2879506710E+03  0.2994872530E+03
L5 0.8796706260E+03  -.3191706682E+01  0.2298264626E+03  0.3185663365E+03
L6 0.5452010924E+03  -.9411022562E+04  0.1458872565E+04  -.1095544960E+05
L7 0.0000000000E+00  0.3579523596E+01  0.1276144191E+02  0.1285166842E+02
L8 0.5594129344E+01  0.4766097769E+02  0.3106732678E+01  0.0000000000E+00
L9 0.0000000000E+00  0.0000000000E+00  0.0000000000E+00  0.9889317151E+00  0.0000000000E+00
