L0  Nsteps           time(ps)         Etot             EKinetic        
L1  Temp             T_solute         T_solv           Pres_scal_solu  
L2  Pres_scal_solv   BoxX             BoxY             BoxZ            
L3  volume           pres_X           pres_Y           pres_Z          
L4  Pressure         EKCoM_x          EKCoM_y          EKCoM_z         
L5  EKComTot         VIRIAL_x         VIRIAL_y         VIRIAL_z        
L6  VIRIAL_tot       E_pot            E_vdw            E_el            
L7  E_hbon           E_bon            E_angle          E_dih           
L8  E_14vdw          E_14el           E_const          E_pol           
L9  AV_permMoment    AV_indMoment     AV_totMoment     Density          dV/dlambda      
L0     1000  0.2000000000E+01  -.7545200546E+04  0.1786305686E+04
L1 0.3002370082E+03  0.3002370082E+03  -.9331506231E+10  0.1000000000E+01
L2 0.1000000000E+01  0.3505607526E+02  0.3505607526E+02  0.3505607526E+02
L3 0.3316466677E+05  0.1224319517E+03  -.4648697245E+03  -.2450214583E+03
L4 -.1958197437E+03  0.2936493240E+03  0.2750931847E+03  0.3006122898E+03
L5 0.8693547984E+03  0.2644261764E+03  0.3860524266E+03  0.3590961914E+03
L6 0.1009574794E+04  -.9331506231E+04  0.1475133019E+04  -.1087608983E+05
L7 0.0000000000E+00  0.1322961623E+01  0.6725428075E+01  0.9724908291E+01
L8 0.3282881997E+01  0.4625754140E+02  0.2136859508E+01  0.0000000000E+00
L9 0.0000000000E+00  0.0000000000E+00  0.0000000000E+00  0.8993638315E+00  0.0000000000E+00
L0     2000  0.4000000000E+01  -.7544944560E+04  0.1793237996E+04
L1 0.3014021705E+03  0.3014021705E+03  -.9338182556E+10  0.1000000000E+01
L2 0.1000000000E+01  0.3453463143E+02  0.3453463143E+02  0.3453463143E+02
L3 0.3170782383E+05  -.1176921252E+04  -.2306706859E+03  -.4343935465E+03
L4 -.6139951615E+03  0.2842194400E+03  0.2967542473E+03  0.3182710543E+03
L5 0.8992447416E+03  0.5527974315E+03  0.3493941919E+03  0.4174013454E+03
L6 0.1319592969E+04  -.9338182556E+04  0.1347163420E+04  -.1075853320E+05
L7 0.0000000000E+00  0.2340488814E+01  0.1095974054E+02  0.1034927089E+02
L8 0.2027678828E+01  0.4404712714E+02  0.3462916210E+01  0.0000000000E+00
L9 0.0000000000E+00  0.0000000000E+00  0.0000000000E+00  0.9406858678E+00  0.0000000000E+00
L0     3000  0.6000000000E+01  -.7702312914E+04  0.1737817886E+04
L1 0.2920873214E+03  0.2920873214E+03  -.9440130800E+10  0.1000000000E+01
L2 0.1000000000E+01  0.3427420898E+02  0.3427420898E+02  0.3427420898E+02
L3 0.3099419514E+05  0.2437232504E+03  -.1737915367E+03  -.5966769539E+02
L4 0.3421339455E+01  0.2941840780E+03  0.2963680127E+03  0.2870444152E+03
L5 0.8775965058E+03  0.2398172613E+03  0.3351353137E+03  0.3003543585E+03
L6 0.8753069335E+03  -.9440130800E+04  0.1444405858E+04  -.1096110862E+05
L7 0.0000000000E+00  0.3350558439E+01  0.1324811063E+02  0.1027470812E+02
L8 0.2213699887E+01  0.4512991355E+02  0.2354966567E+01  0.0000000000E+00
L9 0.0000000000E+00  0.0000000000E+00  0.0000000000E+00  0.9623447760E+00  0.0000000000E+00
L0     4000  0.8000000000E+01  -.7677190284E+04  0.1771729609E+04
L1 0.2977871041E+03  0.2977871041E+03  -.9448919893E+10  0.1000000000E+01
L2 0.1000000000E+01  0.3416551615E+02  0.3416551615E+02  0.3416551615E+02
L3 0.3070037072E+05  -.1326992535E+03  -.4308371984E+03  0.4483638337E+03
L4 -.3839087273E+02  0.2892319618E+03  0.2967779863E+03  0.3024395546E+03
L5 0.8884495027E+03  0.3185522801E+03  0.3919728230E+03  0.2033721526E+03
L6 0.9138972556E+03  -.9448919893E+04  0.1411164606E+04  -.1093260442E+05
L7 0.0000000000E+00  0.1708496280E+01  0.1059223934E+02  0.1048824056E+02
L8 0.3055799948E+01  0.4418504880E+02  0.2490094760E+01  0.0000000000E+00
L9 0.0000000000E+00  0.0000000000E+00  0.0000000000E+00  0.9715551012E+00  0.0000000000E+00
L0     5000  0.1000000000E+02  -.7829133750E+04  0.1733318350E+04
L1 0.2913310525E+03  0.2913310525E+03  -.9562452100E+10  0.1000000000E+01
L2 0.1000000000E+01  0.3399680113E+02  0.3399680113E+02  0.3399680113E+02
L3 0.3024834001E+05  -.2218325277E+03  -.8452760907E+03  0.3540891154E+03
L4 -.2376731677E+03  0.2807713635E+03  0.2914562720E+03  0.2944872390E+03
L5 0.8667148745E+03  0.3290642711E+03  0.4754727486E+03  0.2174020924E+03
L6 0.1021939112E+04  -.9562452100E+04  0.1423924822E+04  -.1106478230E+05
L7 0.0000000000E+00  0.3418863381E+01  0.1260157898E+02  0.1039987331E+02
L8 0.2505303049E+01  0.4597525893E+02  0.3504503807E+01  0.0000000000E+00
L9 0.0000000000E+00  0.0000000000E+00  0.0000000000E+00  0.9860740050E+00  0.0000000000E+00
L0     6000  0.1200000000E+02  -.7744277854E+04  0.1758168023E+04
L1 0.2955077126E+03  0.2955077126E+03  -.9502445877E+10  0.1000000000E+01
L2 0.1000000000E+01  0.3397714311E+02  0.3397714311E+02  0.3397714311E+02
L3 0.3019733952E+05  -.7926622955E+03  -.1230907067E+04  -.2941312058E+03
L4 -.7725668560E+03  0.2900763593E+03  0.2992557288E+03  0.2896997243E+03
L5 0.8790318125E+03  0.4623478702E+03  0.5667722000E+03  0.3536240809E+03
L6 0.1382744151E+04  -.9502445877E+04  0.1292350057E+04  -.1087101919E+05
L7 0.0000000000E+00  0.5938135836E+01  0.9283599462E+01  0.1122198607E+02
L8 0.3702355504E+01  0.4389816373E+02  0.2179016049E+01  0.0000000000E+00
L9 0.0000000000E+00  0.0000000000E+00  0.0000000000E+00  0.9877393920E+00  0.0000000000E+00
L0     7000  0.1400000000E+02  -.7739081092E+04  0.1787004939E+04
L1 0.3003545367E+03  0.3003545367E+03  -.9526086031E+10  0.1000000000E+01
L2 0.1000000000E+01  0.3404546647E+02  0.3404546647E+02  0.3404546647E+02
L3 0.3037902760E+05  0.2562254575E+03  -.4793094759E+03  -.1157438371E+04
L4 -.4601741299E+03  0.2978346314E+03  0.2879894036E+03  0.2790995307E+03
L5 0.8649235657E+03  0.2418133903E+03  0.3927858277E+03  0.5321623397E+03
L6 0.1166761558E+04  -.9526086031E+04  0.1371762532E+04  -.1096689559E+05
L7 0.0000000000E+00  0.2636739274E+01  0.7838186167E+01  0.1031759244E+02
L8 0.2445082626E+01  0.4481926681E+02  0.9901539866E+00  0.0000000000E+00
L9 0.0000000000E+00  0.0000000000E+00  0.0000000000E+00  0.9818320116E+00  0.0000000000E+00
L0     8000  0.1600000000E+02  -.7650703630E+04  0.1815605874E+04
L1 0.3051616977E+03  0.3051616977E+03  -.9466309504E+10  0.1000000000E+01
L2 0.1000000000E+01  0.3405529131E+02  0.3405529131E+02  0.3405529131E+02
L3 0.3040507573E+05  -.6902250040E+03  0.3594879895E+03  -.7624308139E+03
L4 -.3643892761E+03  0.2983997737E+03  0.3026574066E+03  0.3056199613E+03
L5 0.9066771416E+03  0.4494402538E+03  0.2239914090E+03  0.4724610863E+03
L6 0.1145892749E+04  -.9466309504E+04  0.1357829704E+04  -.1090390099E+05
L7 0.0000000000E+00  0.2309402282E+01  0.5441406004E+01  0.1386181510E+02
L8 0.5835727902E+01  0.4983933855E+02  0.2474093205E+01  0.0000000000E+00
L9 0.0000000000E+00  0.0000000000E+00  0.0000000000E+00  0.9809908730E+00  0.0000000000E+00
L0     9000  0.1800000000E+02  -.7612758427E+04  0.1758373244E+04
L1 0.2955422056E+03  0.2955422056E+03  -.9371131672E+10  0.1000000000E+01
L2 0.1000000000E+01  0.3408118541E+02  0.3408118541E+02  0.3408118541E+02
L3 0.3047278040E+05  0.9027321126E+03  0.3448360027E+03  -.4601270274E+03
L4 0.2624803626E+03  0.2955711414E+03  0.2742041043E+03  0.2859591003E+03
L5 0.8557343460E+03  0.9758829956E+02  0.1985763397E+03  0.3868719350E+03
L6 0.6830365743E+03  -.9371131672E+04  0.1424751810E+04  -.1087689734E+05
L7 0.0000000000E+00  0.2276909929E+01  0.1267973938E+02  0.1383870350E+02
L8 0.4145038066E+01  0.4590193865E+02  0.2171531239E+01  0.0000000000E+00
L9 0.0000000000E+00  0.0000000000E+00  0.0000000000E+00  0.9788112994E+00  0.0000000000E+00
L0    10000  0.2000000000E+02  -.7769832238E+04  0.1768125425E+04
L1 0.2971813234E+03  0.2971813234E+03  -.9537957662E+10  0.1000000000E+01
L2 0.1000000000E+01  0.3403394817E+02  0.3403394817E+02  0.3403394817E+02
L3 0.3034745087E+05  0.3759972107E+03  -.3324273948E+03  -.5890084553E+03
L4 -.1818128798E+03  0.3083277663E+03  0.2897062388E+03  0.2875287820E+03
L5 0.8855627870E+03  0.2262050283E+03  0.3623127557E+03  0.4161759784E+03
L6 0.1004693762E+04  -.9537957662E+04  0.1418437325E+04  -.1103634922E+05
L7 0.0000000000E+00  0.1730753460E+01  0.1344941706E+02  0.1303750882E+02
L8 0.3124924204E+01  0.4515835497E+02  0.3453277267E+01  0.0000000000E+00
L9 0.0000000000E+00  0.0000000000E+00  0.0000000000E+00  0.9828536144E+00  0.0000000000E+00
