L0  Nsteps           time(ps)         Etot             EKinetic        
L1  Temp             T_solute         T_solv           Pres_scal_solu  
L2  Pres_scal_solv   BoxX             BoxY             BoxZ            
L3  volume           pres_X           pres_Y           pres_Z          
L4  Pressure         EKCoM_x          EKCoM_y          EKCoM_z         
L5  EKComTot         VIRIAL_x         VIRIAL_y         VIRIAL_z        
L6  VIRIAL_tot       E_pot            E_vdw            E_el            
L7  E_hbon           E_bon            E_angle          E_dih           
L8  E_14vdw          E_14el           E_const          E_pol           
L9  AV_permMoment    AV_indMoment     AV_totMoment     Density          dV/dlambda      
L0     1000  0.2000000000E+01  -.6867110049E+04  0.1644580425E+04
L1 0.3054965786E+03  0.3054965786E+03  -.8511690474E+10  0.1000000000E+01
L2 0.1000000000E+01  0.3383623009E+02  0.3383623009E+02  0.3383623009E+02
L3 0.2982337015E+05  -.3246226803E+03  -.9299999567E+03  -.1272650856E+04
L4 -.8424244978E+03  0.2633573308E+03  0.2788770779E+03  0.2672277040E+03
L5 0.8094621127E+03  0.3330347664E+03  0.4784934817E+03  0.5403911437E+03
L6 0.1351919392E+04  -.8511690474E+04  0.1264222079E+04  -.9847115574E+04
L7 0.0000000000E+00  0.2357842841E+01  0.7794490796E+01  0.1094634606E+02
L8 0.3083171827E+01  0.4512304491E+02  0.1898124412E+01  0.0000000000E+00
L9 0.0000000000E+00  0.0000000000E+00  0.0000000000E+00  0.9048275989E+00  0.0000000000E+00
L0     2000  0.4000000000E+01  -.6855088908E+04  0.1647945225E+04
L1 0.3061216226E+03  0.3061216226E+03  -.8503034133E+10  0.1000000000E+01
L2 0.1000000000E+01  0.3326921205E+02  0.3326921205E+02  0.3326921205E+02
L3 0.2834773549E+05  -.1643059352E+03  -.9074944635E+03  0.9201179797E+02
L4 -.3265962003E+03  0.2657166553E+03  0.2693957238E+03  0.2818449467E+03
L5 0.8169573258E+03  0.2992385227E+03  0.4545436858E+03  0.2630726042E+03
L6 0.1016854813E+04  -.8503034133E+04  0.1254685176E+04  -.9830058826E+04
L7 0.0000000000E+00  0.8832120483E+00  0.8905717457E+01  0.1393416839E+02
L8 0.1774869060E+01  0.4343138892E+02  0.3410160829E+01  0.0000000000E+00
L9 0.0000000000E+00  0.0000000000E+00  0.0000000000E+00  0.9519281854E+00  0.0000000000E+00
L0     3000  0.6000000000E+01  -.7023565309E+04  0.1631416141E+04
L1 0.3030511867E+03  0.3030511867E+03  -.8654981449E+10  0.1000000000E+01
L2 0.1000000000E+01  0.3296618472E+02  0.3296618472E+02  0.3296618472E+02
L3 0.2757818508E+05  0.6500206686E+03  0.1544023968E+03  0.6325848319E+03
L4 0.4790026325E+03  0.2528333078E+03  0.2623138029E+03  0.2734419214E+03
L5 0.7885890321E+03  0.1238155685E+03  0.2316676263E+03  0.1478848907E+03
L6 0.5033680855E+03  -.8654981449E+04  0.1385318541E+04  -.1011387359E+05
L7 0.0000000000E+00  0.2358862289E+01  0.1227217696E+02  0.9780767325E+01
L8 0.3090495406E+01  0.4465121124E+02  0.1420087660E+01  0.0000000000E+00
L9 0.0000000000E+00  0.0000000000E+00  0.0000000000E+00  0.9784910907E+00  0.0000000000E+00
L0     4000  0.8000000000E+01  -.6981420821E+04  0.1610264672E+04
L1 0.2991220985E+03  0.2991220985E+03  -.8591685492E+10  0.1000000000E+01
L2 0.1000000000E+01  0.3295519531E+02  0.3295519531E+02  0.3295519531E+02
L3 0.2755156877E+05  -.2528005694E+03  0.2505221413E+03  0.2742211082E+03
L4 0.9064756002E+02  0.2550003175E+03  0.2963589937E+03  0.2692866775E+03
L5 0.8206459886E+03  0.3051283847E+03  0.2466827181E+03  0.2149111111E+03
L6 0.7667222139E+03  -.8591685492E+04  0.1296617359E+04  -.9958473006E+04
L7 0.0000000000E+00  0.2927828224E+01  0.1089358357E+02  0.9731126355E+01
L8 0.2109283880E+01  0.4188803175E+02  0.2620300472E+01  0.0000000000E+00
L9 0.0000000000E+00  0.0000000000E+00  0.0000000000E+00  0.9794363663E+00  0.0000000000E+00
L0     5000  0.1000000000E+02  -.6946948803E+04  0.1640093411E+04
L1 0.3046630728E+03  0.3046630728E+03  -.8587042214E+10  0.1000000000E+01
L2 0.1000000000E+01  0.3299185435E+02  0.3299185435E+02  0.3299185435E+02
L3 0.2764479613E+05  0.1683763813E+03  -.1033598044E+04  -.2993320246E+03
L4 -.3881845625E+03  0.2788523814E+03  0.2583764990E+03  0.2555660870E+03
L5 0.7927949674E+03  0.2453518927E+03  0.4640231543E+03  0.3151217625E+03
L6 0.1024496809E+04  -.8587042214E+04  0.1234325475E+04  -.9900852109E+04
L7 0.0000000000E+00  0.6711639978E+01  0.9259182824E+01  0.1229292489E+02
L8 0.3115069555E+01  0.4448001744E+02  0.3625584820E+01  0.0000000000E+00
L9 0.0000000000E+00  0.0000000000E+00  0.0000000000E+00  0.9761333841E+00  0.0000000000E+00
L0     6000  0.1200000000E+02  -.6910949085E+04  0.1623585478E+04
L1 0.3015965660E+03  0.3015965660E+03  -.8534534562E+10  0.1000000000E+01
L2 0.1000000000E+01  0.3290315158E+02  0.3290315158E+02  0.3290315158E+02
L3 0.2742206420E+05  -.4849829254E+03  -.4452338516E+03  0.1965072317E+03
L4 -.2445698485E+03  0.2623843103E+03  0.2827494498E+03  0.2588936679E+03
L5 0.8040274281E+03  0.3581000086E+03  0.3706203145E+03  0.2201112162E+03
L6 0.9488315394E+03  -.8534534562E+04  0.1216511649E+04  -.9822896676E+04
L7 0.0000000000E+00  0.2529856220E+01  0.6093767750E+01  0.1196584746E+02
L8 0.3567733591E+01  0.4505599980E+02  0.2637259751E+01  0.0000000000E+00
L9 0.0000000000E+00  0.0000000000E+00  0.0000000000E+00  0.9840618929E+00  0.0000000000E+00
L0     7000  0.1400000000E+02  -.6902861091E+04  0.1652144804E+04
L1 0.3069017347E+03  0.3069017347E+03  -.8555005895E+10  0.1000000000E+01
L2 0.1000000000E+01  0.3289224228E+02  0.3289224228E+02  0.3289224228E+02
L3 0.2739381863E+05  -.5338183669E+03  0.1158346039E+03  0.8857294982E+03
L4 0.1559152450E+03  0.2542085432E+03  0.2849879314E+03  0.2918797641E+03
L5 0.8310762387E+03  0.3594538330E+03  0.2621504886E+03  0.1172532178E+03
L6 0.7388575394E+03  -.8555005895E+04  0.1271215856E+04  -.9908289320E+04
L7 0.0000000000E+00  0.6344772882E+01  0.1581446347E+02  0.1040576300E+02
L8 0.1884235809E+01  0.4383778772E+02  0.3780546025E+01  0.0000000000E+00
L9 0.0000000000E+00  0.0000000000E+00  0.0000000000E+00  0.9850765519E+00  0.0000000000E+00
L0     8000  0.1600000000E+02  -.6888720590E+04  0.1653661267E+04
L1 0.3071834322E+03  0.3071834322E+03  -.8542381857E+10  0.1000000000E+01
L2 0.1000000000E+01  0.3292840101E+02  0.3292840101E+02  0.3292840101E+02
L3 0.2748505881E+05  0.1742586138E+03  -.3181163618E+03  -.3649544069E+03
L4 -.1696040516E+03  0.2789800364E+03  0.2839054392E+03  0.2671333412E+03
L5 0.8300188167E+03  0.2445095425E+03  0.3468327623E+03  0.3393258048E+03
L6 0.9306681096E+03  -.8542381857E+04  0.1238179728E+04  -.9852217292E+04
L7 0.0000000000E+00  0.3689165524E+01  0.9103215920E+01  0.1033360930E+02
L8 0.3526329348E+01  0.4289157273E+02  0.2111813662E+01  0.0000000000E+00
L9 0.0000000000E+00  0.0000000000E+00  0.0000000000E+00  0.9818064638E+00  0.0000000000E+00
L0     9000  0.1800000000E+02  -.7031344162E+04  0.1594447533E+04
L1 0.2961839134E+03  0.2961839134E+03  -.8625791695E+10  0.1000000000E+01
L2 0.1000000000E+01  0.3285147516E+02  0.3285147516E+02  0.3285147516E+02
L3 0.2729156771E+05  0.4769294437E+03  0.6288326981E+02  0.5690202560E+03
L4 0.3696109898E+03  0.2595436351E+03  0.2574018084E+03  0.2482697209E+03
L5 0.7652151643E+03  0.1658652925E+03  0.2450502948E+03  0.1365029277E+03
L6 0.5474185150E+03  -.8625791695E+04  0.1323474878E+04  -.1002380011E+05
L7 0.0000000000E+00  0.2931350767E+01  0.9176141023E+01  0.1031990394E+02
L8 0.3429942156E+01  0.4671340165E+02  0.1962799662E+01  0.0000000000E+00
L9 0.0000000000E+00  0.0000000000E+00  0.0000000000E+00  0.9887672519E+00  0.0000000000E+00
L0    10000  0.2000000000E+02  -.7016710796E+04  0.1625058493E+04
L1 0.3018701927E+03  0.3018701927E+03  -.8641769289E+10  0.1000000000E+01
L2 0.1000000000E+01  0.3290850861E+02  0.3290850861E+02  0.3290850861E+02
L3 0.2743487458E+05  0.1449821468E+03  -.8657425774E+02  -.7409530098E+02
L4 -.5229137316E+01  0.2988139161E+03  0.2613239065E+03  0.2675592401E+03
L5 0.8276970627E+03  0.2701870317E+03  0.2784180890E+03  0.2821894388E+03
L6 0.8307945595E+03  -.8641769289E+04  0.1294614414E+04  -.1001355795E+05
L7 0.0000000000E+00  0.3275905861E+01  0.8528347772E+01  0.1003074532E+02
L8 0.5065801298E+01  0.4574238441E+02  0.4531065002E+01  0.0000000000E+00
L9 0.0000000000E+00  0.0000000000E+00  0.0000000000E+00  0.9836023971E+00  0.0000000000E+00
