L0  Nsteps           time(ps)         Etot             EKinetic        
L1  Temp             T_solute         T_solv           Pres_scal_solu  
L2  Pres_scal_solv   BoxX             BoxY             BoxZ            
L3  volume           pres_X           pres_Y           pres_Z          
L4  Pressure         EKCoM_x          EKCoM_y          EKCoM_z         
L5  EKComTot         VIRIAL_x         VIRIAL_y         VIRIAL_z        
L6  VIRIAL_tot       E_pot            E_vdw            E_el            
L7  E_hbon           E_bon            E_angle          E_dih           
L8  E_14vdw          E_14el           E_const          E_pol           
L9  AV_permMoment    AV_indMoment     AV_totMoment     Density          dV/dlambda      
L0     1000  0.2000000000E+01  -.7468686871E+04  0.1749045619E+04
L1 0.2978543114E+03  0.2978543114E+03  -.9217732489E+10  0.1000000000E+01
L2 0.1000000000E+01  0.3489486945E+02  0.3489486945E+02  0.3489486945E+02
L3 0.3270958757E+05  -.1222990222E+04  0.2911109635E+03  -.9817491492E+01
L4 -.3138989167E+03  0.2838693334E+03  0.2832745775E+03  0.3137032701E+03
L5 0.8808471810E+03  0.5717779303E+03  0.2147430819E+03  0.3160144416E+03
L6 0.1102535454E+04  -.9217732489E+04  0.1430594142E+04  -.1072023860E+05
L7 0.0000000000E+00  0.2273396376E+01  0.9040291188E+01  0.1294052842E+02
L8 0.1886365067E+01  0.4357726465E+02  0.2194126683E+01  0.0000000000E+00
L9 0.0000000000E+00  0.0000000000E+00  0.0000000000E+00  0.8999863933E+00  0.0000000000E+00
L0     2000  0.4000000000E+01  -.7529129786E+04  0.1740989672E+04
L1 0.2964824214E+03  0.2964824214E+03  -.9270119458E+10  0.1000000000E+01
L2 0.1000000000E+01  0.3431889862E+02  0.3431889862E+02  0.3431889862E+02
L3 0.3111705942E+05  0.1634133715E+03  -.8946549866E+03  -.8446011488E+03
L4 -.5252809213E+03  0.2973751774E+03  0.3047075641E+03  0.2610373651E+03
L5 0.8631201065E+03  0.2607784105E+03  0.5050674226E+03  0.4501875617E+03
L6 0.1216033395E+04  -.9270119458E+04  0.1354804538E+04  -.1069771639E+05
L7 0.0000000000E+00  0.3197510333E+01  0.7750910331E+01  0.9071449324E+01
L8 0.3164189079E+01  0.4721932693E+02  0.2389007580E+01  0.0000000000E+00
L9 0.0000000000E+00  0.0000000000E+00  0.0000000000E+00  0.9460464544E+00  0.0000000000E+00
L0     3000  0.6000000000E+01  -.7575048186E+04  0.1811253808E+04
L1 0.3084480760E+03  0.3084480760E+03  -.9386301994E+10  0.1000000000E+01
L2 0.1000000000E+01  0.3392959694E+02  0.3392959694E+02  0.3392959694E+02
L3 0.3006884309E+05  -.5037386588E+03  0.9287520646E+03  -.6141921103E+03
L4 -.6305956815E+02  0.2807672921E+03  0.3077939472E+03  0.3170343328E+03
L5 0.9055955720E+03  0.3897803646E+03  0.1068045762E+03  0.4499504152E+03
L6 0.9465353559E+03  -.9386301994E+04  0.1387461888E+04  -.1084835336E+05
L7 0.0000000000E+00  0.4045952585E+01  0.7728783580E+01  0.9842007205E+01
L8 0.4076038214E+01  0.4555825148E+02  0.3338441737E+01  0.0000000000E+00
L9 0.0000000000E+00  0.0000000000E+00  0.0000000000E+00  0.9790261516E+00  0.0000000000E+00
L0     4000  0.8000000000E+01  -.7722741583E+04  0.1690079915E+04
L1 0.2878127271E+03  0.2878127271E+03  -.9412821498E+10  0.1000000000E+01
L2 0.1000000000E+01  0.3384797766E+02  0.3384797766E+02  0.3384797766E+02
L3 0.2985323614E+05  -.2276374082E+03  -.7277630524E+03  -.2112336701E+03
L4 -.3888780436E+03  0.2837421420E+03  0.2800036861E+03  0.2762059358E+03
L5 0.8399517640E+03  0.3326514625E+03  0.4363681282E+03  0.3215908105E+03
L6 0.1090610401E+04  -.9412821498E+04  0.1350923968E+04  -.1083293610E+05
L7 0.0000000000E+00  0.2500212087E+01  0.8024843893E+01  0.9205730354E+01
L8 0.3030400672E+01  0.4410913318E+02  0.2320317674E+01  0.0000000000E+00
L9 0.0000000000E+00  0.0000000000E+00  0.0000000000E+00  0.9860969041E+00  0.0000000000E+00
L0     5000  0.1000000000E+02  -.7648150787E+04  0.1740725735E+04
L1 0.2964374742E+03  0.2964374742E+03  -.9388876522E+10  0.1000000000E+01
L2 0.1000000000E+01  0.3380338026E+02  0.3380338026E+02  0.3380338026E+02
L3 0.2973422875E+05  0.5165018937E+03  -.1817251105E+03  -.1885017061E+03
L4 0.4875835901E+02  0.2818457969E+03  0.2727853393E+03  0.2750785280E+03
L5 0.8297096643E+03  0.1713145228E+03  0.3116744668E+03  0.3154178453E+03
L6 0.7984068349E+03  -.9388876522E+04  0.1416242051E+04  -.1088319095E+05
L7 0.0000000000E+00  0.4893766580E+01  0.1416259270E+02  0.1138974008E+02
L8 0.2423791072E+01  0.4214058834E+02  0.3061902831E+01  0.0000000000E+00
L9 0.0000000000E+00  0.0000000000E+00  0.0000000000E+00  0.9900436290E+00  0.0000000000E+00
L0     6000  0.1200000000E+02  -.7679008364E+04  0.1715799507E+04
L1 0.2921926537E+03  0.2921926537E+03  -.9394807871E+10  0.1000000000E+01
L2 0.1000000000E+01  0.3376816117E+02  0.3376816117E+02  0.3376816117E+02
L3 0.2964252910E+05  -.6986637498E+02  -.6839911978E+03  -.3957009801E+03
L4 -.3831861843E+03  0.2799984160E+03  0.2818392254E+03  0.3072725952E+03
L5 0.8691102366E+03  0.2949036928E+03  0.4277617544E+03  0.3916913537E+03
L6 0.1114356801E+04  -.9394807871E+04  0.1338155364E+04  -.1080558056E+05
L7 0.0000000000E+00  0.4543585865E+01  0.7821082537E+01  0.1080547134E+02
L8 0.3206756962E+01  0.4166325334E+02  0.4577177348E+01  0.0000000000E+00
L9 0.0000000000E+00  0.0000000000E+00  0.0000000000E+00  0.9931063453E+00  0.0000000000E+00
L0     7000  0.1400000000E+02  -.7626636276E+04  0.1765460501E+04
L1 0.3006496894E+03  0.3006496894E+03  -.9392096777E+10  0.1000000000E+01
L2 0.1000000000E+01  0.3374876819E+02  0.3374876819E+02  0.3374876819E+02
L3 0.2959275784E+05  -.1264528630E+04  -.4831704142E+03  -.8455417679E+03
L4 -.8644136039E+03  0.3064440953E+03  0.2719160308E+03  0.2928915552E+03
L5 0.8712516813E+03  0.5757653858E+03  0.3748224232E+03  0.4729763669E+03
L6 0.1423564176E+04  -.9392096777E+04  0.1270671450E+04  -.1073613356E+05
L7 0.0000000000E+00  0.4439421677E+01  0.9595354718E+01  0.9347542139E+01
L8 0.2543299229E+01  0.4173188903E+02  0.5707823675E+01  0.0000000000E+00
L9 0.0000000000E+00  0.0000000000E+00  0.0000000000E+00  0.9947766241E+00  0.0000000000E+00
L0     8000  0.1600000000E+02  -.7622030495E+04  0.1737640202E+04
L1 0.2959120222E+03  0.2959120222E+03  -.9359670697E+10  0.1000000000E+01
L2 0.1000000000E+01  0.3374899952E+02  0.3374899952E+02  0.3374899952E+02
L3 0.2959017627E+05  0.9067588657E+03  0.7112373480E+03  -.5856734862E+03
L4 0.3441075758E+03  0.2956866850E+03  0.2677326732E+03  0.3012139686E+03
L5 0.8646333268E+03  0.1025806073E+03  0.1162654421E+03  0.4259407444E+03
L6 0.6447867938E+03  -.9359670697E+04  0.1414440659E+04  -.1084502227E+05
L7 0.0000000000E+00  0.1945986281E+01  0.7795331901E+01  0.1085436870E+02
L8 0.3441808001E+01  0.4349969867E+02  0.3373719411E+01  0.0000000000E+00
L9 0.0000000000E+00  0.0000000000E+00  0.0000000000E+00  0.9948634123E+00  0.0000000000E+00
L0     9000  0.1800000000E+02  -.7724891311E+04  0.1742400996E+04
L1 0.2967227632E+03  0.2967227632E+03  -.9467292307E+10  0.1000000000E+01
L2 0.1000000000E+01  0.3373948053E+02  0.3373948053E+02  0.3373948053E+02
L3 0.2956531058E+05  0.5174163071E+03  0.1440773716E+03  0.1829167957E+03
L4 0.2814701582E+03  0.2898024731E+03  0.2940051141E+03  0.2822227238E+03
L5 0.8660303110E+03  0.1797045471E+03  0.2633477507E+03  0.2433009512E+03
L6 0.6863532490E+03  -.9467292307E+04  0.1441405850E+04  -.1098381914E+05
L7 0.0000000000E+00  0.2380511858E+01  0.9297592779E+01  0.1221574608E+02
L8 0.3030222583E+01  0.4380439265E+02  0.4392516239E+01  0.0000000000E+00
L9 0.0000000000E+00  0.0000000000E+00  0.0000000000E+00  0.9957001350E+00  0.0000000000E+00
L0    10000  0.2000000000E+02  -.7650082523E+04  0.1710643579E+04
L1 0.2913146231E+03  0.2913146231E+03  -.9360726101E+10  0.1000000000E+01
L2 0.1000000000E+01  0.3386055464E+02  0.3386055464E+02  0.3386055464E+02
L3 0.2988574335E+05  0.3797040278E+03  -.6852379718E+03  0.2012034210E+02
L4 -.9513786728E+02  0.2914317259E+03  0.2925085407E+03  0.2819460189E+03
L5 0.8658862855E+03  0.2097611070E+03  0.4398965197E+03  0.2776183303E+03
L6 0.9272759570E+03  -.9360726101E+04  0.1384425611E+04  -.1082516053E+05
L7 0.0000000000E+00  0.2262879025E+01  0.1356440649E+02  0.1016755761E+02
L8 0.3223459051E+01  0.4524529884E+02  0.5545221149E+01  0.0000000000E+00
L9 0.0000000000E+00  0.0000000000E+00  0.0000000000E+00  0.9850243104E+00  0.0000000000E+00
