L0  Nsteps           time(ps)         Etot             EKinetic        
L1  Temp             T_solute         T_solv           Pres_scal_solu  
L2  Pres_scal_solv   BoxX             BoxY             BoxZ            
L3  volume           pres_X           pres_Y           pres_Z          
L4  Pressure         EKCoM_x          EKCoM_y          EKCoM_z         
L5  EKComTot         VIRIAL_x         VIRIAL_y         VIRIAL_z        
L6  VIRIAL_tot       E_pot            E_vdw            E_el            
L7  E_hbon           E_bon            E_angle          E_dih           
L8  E_14vdw          E_14el           E_const          E_pol           
L9  AV_permMoment    AV_indMoment     AV_totMoment     Density          dV/dlambda      
L0     1000  0.2000000000E+01  -.7728440002E+04  0.1820846355E+04
L1 0.2974006012E+03  0.2974006012E+03  -.9549286358E+10  0.1000000000E+01
L2 0.1000000000E+01  0.3535942291E+02  0.3535942291E+02  0.3535942291E+02
L3 0.3403412537E+05  -.5855987425E+03  -.4594238293E+03  -.5746006711E+03
L4 -.5398744143E+03  0.3117420311E+03  0.3020097895E+03  0.2980920274E+03
L5 0.9118438480E+03  0.4551823724E+03  0.4145440320E+03  0.4388384300E+03
L6 0.1308564834E+04  -.9549286358E+04  0.1444327785E+04  -.1107545991E+05
L7 0.0000000000E+00  0.4877081573E+01  0.1145027706E+02  0.1451727009E+02
L8 0.2908536935E+01  0.4564531402E+02  0.2447288068E+01  0.0000000000E+00
L9 0.0000000000E+00  0.0000000000E+00  0.0000000000E+00  0.9018797410E+00  0.0000000000E+00
L0     2000  0.4000000000E+01  -.7844443640E+04  0.1857354362E+04
L1 0.3033634893E+03  0.3033634893E+03  -.9701798002E+10  0.1000000000E+01
L2 0.1000000000E+01  0.3480314136E+02  0.3480314136E+02  0.3480314136E+02
L3 0.3245284930E+05  -.5351769183E+03  -.4369043349E+03  -.5242128837E+03
L4 -.4987647123E+03  0.3164195402E+03  0.3074153286E+03  0.2889848063E+03
L5 0.9128196751E+03  0.4414186119E+03  0.4094612771E+03  0.4114230535E+03
L6 0.1262302942E+04  -.9701798002E+04  0.1453149555E+04  -.1123088383E+05
L7 0.0000000000E+00  0.4002139990E+01  0.1074190271E+02  0.1137845813E+02
L8 0.2780097677E+01  0.4417206470E+02  0.2861609555E+01  0.0000000000E+00
L9 0.0000000000E+00  0.0000000000E+00  0.0000000000E+00  0.9458241370E+00  0.0000000000E+00
L0     3000  0.6000000000E+01  -.7895178989E+04  0.1831524874E+04
L1 0.2991447340E+03  0.2991447340E+03  -.9726703863E+10  0.1000000000E+01
L2 0.1000000000E+01  0.3444868889E+02  0.3444868889E+02  0.3444868889E+02
L3 0.3147043113E+05  -.2399828716E+03  -.2308418670E+03  -.2682714207E+02
L4 -.1658839602E+03  0.2979286879E+03  0.2861258963E+03  0.3028298687E+03
L5 0.8868844529E+03  0.3522836902E+03  0.3384105036E+03  0.3089060914E+03
L6 0.9996002852E+03  -.9726703863E+04  0.1444139746E+04  -.1124150469E+05
L7 0.0000000000E+00  0.4284306081E+01  0.6459805416E+01  0.1005986320E+02
L8 0.3281612917E+01  0.4510905187E+02  0.1466443822E+01  0.0000000000E+00
L9 0.0000000000E+00  0.0000000000E+00  0.0000000000E+00  0.9753501010E+00  0.0000000000E+00
L0     4000  0.8000000000E+01  -.7942389418E+04  0.1830810052E+04
L1 0.2990279814E+03  0.2990279814E+03  -.9773199469E+10  0.1000000000E+01
L2 0.1000000000E+01  0.3438667293E+02  0.3438667293E+02  0.3438667293E+02
L3 0.3130012778E+05  0.2879659175E+03  -.9667681245E+02  0.5205589533E+01
L4 0.6549823154E+02  0.3096040938E+03  0.3111987744E+03  0.3022662325E+03
L5 0.9230691007E+03  0.2447341114E+03  0.3329771264E+03  0.3010935712E+03
L6 0.8788048090E+03  -.9773199469E+04  0.1459984092E+04  -.1130990203E+05
L7 0.0000000000E+00  0.2141588753E+01  0.1233165493E+02  0.1083598665E+02
L8 0.2432520190E+01  0.4663285473E+02  0.2343862254E+01  0.0000000000E+00
L9 0.0000000000E+00  0.0000000000E+00  0.0000000000E+00  0.9806569607E+00  0.0000000000E+00
L0     5000  0.1000000000E+02  -.8108638331E+04  0.1783624627E+04
L1 0.2913211403E+03  0.2913211403E+03  -.9892262958E+10  0.1000000000E+01
L2 0.1000000000E+01  0.3429008051E+02  0.3429008051E+02  0.3429008051E+02
L3 0.3103683396E+05  0.1787424255E+03  -.1383771694E+03  0.4456593743E+03
L4 0.1620082101E+03  0.3061200908E+03  0.2957563093E+03  0.2792783849E+03
L5 0.8811547851E+03  0.2661935542E+03  0.3266662688E+03  0.1797293535E+03
L6 0.7725891764E+03  -.9892262958E+04  0.1525485736E+04  -.1149082748E+05
L7 0.0000000000E+00  0.3053864875E+01  0.5978656063E+01  0.1105712532E+02
L8 0.3756747531E+01  0.4653500426E+02  0.2697385189E+01  0.0000000000E+00
L9 0.0000000000E+00  0.0000000000E+00  0.0000000000E+00  0.9889761379E+00  0.0000000000E+00
L0     6000  0.1200000000E+02  -.7925280887E+04  0.1793187111E+04
L1 0.2928829900E+03  0.2928829900E+03  -.9718467998E+10  0.1000000000E+01
L2 0.1000000000E+01  0.3432578953E+02  0.3432578953E+02  0.3432578953E+02
L3 0.3113323086E+05  0.1583263152E+03  0.3771428932E+03  0.6717067024E+03
L4 0.4023919703E+03  0.2840567988E+03  0.3131839282E+03  0.2882409678E+03
L5 0.8854816948E+03  0.2485808617E+03  0.2286780926E+03  0.1377326666E+03
L6 0.6149916208E+03  -.9718467998E+04  0.1501808648E+04  -.1129630447E+05
L7 0.0000000000E+00  0.1859597991E+01  0.8400139937E+01  0.1174471138E+02
L8 0.3011845822E+01  0.4840753078E+02  0.2603996032E+01  0.0000000000E+00
L9 0.0000000000E+00  0.0000000000E+00  0.0000000000E+00  0.9859140003E+00  0.0000000000E+00
L0     7000  0.1400000000E+02  -.7937774531E+04  0.1828832676E+04
L1 0.2987050147E+03  0.2987050147E+03  -.9766607207E+10  0.1000000000E+01
L2 0.1000000000E+01  0.3439819380E+02  0.3439819380E+02  0.3439819380E+02
L3 0.3133185565E+05  -.1384790740E+03  0.5784245560E+03  -.5193761060E+03
L4 -.2647687469E+02  0.3195910937E+03  0.3103059351E+03  0.3037813880E+03
L5 0.9336784167E+03  0.3508178481E+03  0.1798723537E+03  0.4208996619E+03
L6 0.9515898637E+03  -.9766607207E+04  0.1450061567E+04  -.1129137628E+05
L7 0.0000000000E+00  0.3390127249E+01  0.7871154864E+01  0.1008138598E+02
L8 0.4405016541E+01  0.4736676361E+02  0.1593057304E+01  0.0000000000E+00
L9 0.0000000000E+00  0.0000000000E+00  0.0000000000E+00  0.9796639089E+00  0.0000000000E+00
L0     8000  0.1600000000E+02  -.7964102059E+04  0.1829004720E+04
L1 0.2987331148E+03  0.2987331148E+03  -.9793106780E+10  0.1000000000E+01
L2 0.1000000000E+01  0.3441179828E+02  0.3441179828E+02  0.3441179828E+02
L3 0.3136889051E+05  0.2599409479E+03  -.1894780206E+03  0.1635748602E+02
L4 0.2894013778E+02  0.3136427021E+03  0.3238424305E+03  0.2945990000E+03
L5 0.9320841326E+03  0.2549572524E+03  0.3666198494E+03  0.2909060597E+03
L6 0.9124831615E+03  -.9793106780E+04  0.1477912317E+04  -.1134399424E+05
L7 0.0000000000E+00  0.2159085471E+01  0.7585005019E+01  0.1031769313E+02
L8 0.3284413939E+01  0.4614122719E+02  0.3487721254E+01  0.0000000000E+00
L9 0.0000000000E+00  0.0000000000E+00  0.0000000000E+00  0.9785072943E+00  0.0000000000E+00
L0     9000  0.1800000000E+02  -.7956497911E+04  0.1784505568E+04
L1 0.2914650251E+03  0.2914650251E+03  -.9741003479E+10  0.1000000000E+01
L2 0.1000000000E+01  0.3431827729E+02  0.3431827729E+02  0.3431827729E+02
L3 0.3111483413E+05  -.4503124029E+03  -.5014095673E+03  -.4563424460E+02
L4 -.3324520716E+03  0.2761486089E+03  0.3165182583E+03  0.2845765013E+03
L5 0.8772433685E+03  0.3769898028E+03  0.4288019509E+03  0.2947956551E+03
L6 0.1100587409E+04  -.9741003479E+04  0.1404918642E+04  -.1122483806E+05
L7 0.0000000000E+00  0.4712656803E+01  0.7745468862E+01  0.1139670598E+02
L8 0.2761164116E+01  0.4661552477E+02  0.5684416900E+01  0.0000000000E+00
L9 0.0000000000E+00  0.0000000000E+00  0.0000000000E+00  0.9864969245E+00  0.0000000000E+00
L0    10000  0.2000000000E+02  -.8007264131E+04  0.1793270874E+04
L1 0.2928966710E+03  0.2928966710E+03  -.9800535005E+10  0.1000000000E+01
L2 0.1000000000E+01  0.3431949726E+02  0.3431949726E+02  0.3431949726E+02
L3 0.3111725081E+05  -.1744481005E+03  -.1969427279E+03  0.3486164498E+03
L4 -.7591459526E+01  0.3097954242E+03  0.3038574334E+03  0.2869714761E+03
L5 0.9006243338E+03  0.3488636821E+03  0.3479634412E+03  0.2088976116E+03
L6 0.9057247349E+03  -.9800535005E+04  0.1476257154E+04  -.1135142605E+05
L7 0.0000000000E+00  0.4086671607E+01  0.1241248907E+02  0.9101892108E+01
L8 0.1743508206E+01  0.4502950184E+02  0.2259826713E+01  0.0000000000E+00
L9 0.0000000000E+00  0.0000000000E+00  0.0000000000E+00  0.9864203096E+00  0.0000000000E+00
