L0  Nsteps           time(ps)         Etot             EKinetic        
L1  Temp             T_solute         T_solv           Pres_scal_solu  
L2  Pres_scal_solv   BoxX             BoxY             BoxZ            
L3  volume           pres_X           pres_Y           pres_Z          
L4  Pressure         EKCoM_x          EKCoM_y          EKCoM_z         
L5  EKComTot         VIRIAL_x         VIRIAL_y         VIRIAL_z        
L6  VIRIAL_tot       E_pot            E_vdw            E_el            
L7  E_hbon           E_bon            E_angle          E_dih           
L8  E_14vdw          E_14el           E_const          E_pol           
L9  AV_permMoment    AV_indMoment     AV_totMoment     Density          dV/dlambda      
L0     1000  0.2000000000E+01  -.7229863913E+04  0.1673239124E+04
L1 0.2979518542E+03  0.2979518542E+03  -.8903103037E+10  0.1000000000E+01
L2 0.1000000000E+01  0.3439741352E+02  0.3439741352E+02  0.3439741352E+02
L3 0.3133009361E+05  -.6449391454E+03  -.1328291924E+03  0.3010551062E+03
L4 -.1589044105E+03  0.2843624515E+03  0.2860481548E+03  0.2623644211E+03
L5 0.8327750273E+03  0.4297867610E+03  0.3159991877E+03  0.1944809141E+03
L6 0.9402668628E+03  -.8903103037E+04  0.1421121551E+04  -.1039568618E+05
L7 0.0000000000E+00  0.1227315761E+01  0.7236477436E+01  0.1231703636E+02
L8 0.2519327864E+01  0.4657409784E+02  0.1587340503E+01  0.0000000000E+00
L9 0.0000000000E+00  0.0000000000E+00  0.0000000000E+00  0.8985534123E+00  0.0000000000E+00
L0     2000  0.4000000000E+01  -.7173783976E+04  0.1691229129E+04
L1 0.3011553146E+03  0.3011553146E+03  -.8865013105E+10  0.1000000000E+01
L2 0.1000000000E+01  0.3389517945E+02  0.3389517945E+02  0.3389517945E+02
L3 0.2997860920E+05  -.4800583513E+01  -.1946774248E+03  -.1310107550E+04
L4 -.5031951862E+03  0.2803006599E+03  0.2956454137E+03  0.2817574821E+03
L5 0.8577035557E+03  0.2813364270E+03  0.3376487370E+03  0.5644244175E+03
L6 0.1183409581E+04  -.8865013105E+04  0.1310792645E+04  -.1025281213E+05
L7 0.0000000000E+00  0.5027032947E+01  0.1042862883E+02  0.1260569531E+02
L8 0.2341465819E+01  0.4368605124E+02  0.2917504868E+01  0.0000000000E+00
L9 0.0000000000E+00  0.0000000000E+00  0.0000000000E+00  0.9390616601E+00  0.0000000000E+00
L0     3000  0.6000000000E+01  -.7256676801E+04  0.1683901874E+04
L1 0.2998505585E+03  0.2998505585E+03  -.8940578676E+10  0.1000000000E+01
L2 0.1000000000E+01  0.3353815108E+02  0.3353815108E+02  0.3353815108E+02
L3 0.2904132741E+05  -.7823205913E+03  -.3353342856E+03  -.5037969982E+03
L4 -.5404839584E+03  0.2730412555E+03  0.2817786054E+03  0.2733395377E+03
L5 0.8281593987E+03  0.4365563330E+03  0.3518677892E+03  0.3786395977E+03
L6 0.1167063720E+04  -.8940578676E+04  0.1294961409E+04  -.1031191412E+05
L7 0.0000000000E+00  0.3462336584E+01  0.7668770071E+01  0.1132963173E+02
L8 0.2137306056E+01  0.4875821320E+02  0.3017779292E+01  0.0000000000E+00
L9 0.0000000000E+00  0.0000000000E+00  0.0000000000E+00  0.9693690005E+00  0.0000000000E+00
L0     4000  0.8000000000E+01  -.7328443327E+04  0.1644409530E+04
L1 0.2928182000E+03  0.2928182000E+03  -.8972852856E+10  0.1000000000E+01
L2 0.1000000000E+01  0.3337553401E+02  0.3337553401E+02  0.3337553401E+02
L3 0.2862048259E+05  -.3918137274E+02  -.6284274525E+03  -.4249787901E+03
L4 -.3641958718E+03  0.2730538134E+03  0.2757139157E+03  0.2655703806E+03
L5 0.8143381097E+03  0.2811245501E+03  0.4051599295E+03  0.3531092207E+03
L6 0.1039393700E+04  -.8972852856E+04  0.1295502822E+04  -.1034076668E+05
L7 0.0000000000E+00  0.8625880802E+00  0.5974821103E+01  0.1071237897E+02
L8 0.3389447362E+01  0.4839790971E+02  0.3073855247E+01  0.0000000000E+00
L9 0.0000000000E+00  0.0000000000E+00  0.0000000000E+00  0.9836229153E+00  0.0000000000E+00
L0     5000  0.1000000000E+02  -.7262260684E+04  0.1665556100E+04
L1 0.2965837466E+03  0.2965837466E+03  -.8927816784E+10  0.1000000000E+01
L2 0.1000000000E+01  0.3338031266E+02  0.3338031266E+02  0.3338031266E+02
L3 0.2863102535E+05  0.9469370676E+02  0.5253540378E+03  0.3459211699E+03
L4 0.3219896382E+03  0.2607805502E+03  0.2827532356E+03  0.2542442678E+03
L5 0.7977780537E+03  0.2412679746E+03  0.1744988359E+03  0.1829637866E+03
L6 0.5987305972E+03  -.8927816784E+04  0.1371510058E+04  -.1037104879E+05
L7 0.0000000000E+00  0.3591068701E+01  0.6734220988E+01  0.1170076091E+02
L8 0.2069235410E+01  0.4281434826E+02  0.4812318495E+01  0.0000000000E+00
L9 0.0000000000E+00  0.0000000000E+00  0.0000000000E+00  0.9832607174E+00  0.0000000000E+00
L0     6000  0.1200000000E+02  -.7201751591E+04  0.1721842493E+04
L1 0.3066066029E+03  0.3066066029E+03  -.8923594084E+10  0.1000000000E+01
L2 0.1000000000E+01  0.3337524323E+02  0.3337524323E+02  0.3337524323E+02
L3 0.2861956156E+05  0.1413154908E+03  -.4206490886E+03  -.6099818426E+03
L4 -.2964384801E+03  0.2737440667E+03  0.2747846080E+03  0.2832074711E+03
L5 0.8317361458E+03  0.2446362703E+03  0.3614288105E+03  0.4088499406E+03
L6 0.1014915021E+04  -.8923594084E+04  0.1282081383E+04  -.1028620185E+05
L7 0.0000000000E+00  0.3809852160E+01  0.7953266262E+01  0.1110476755E+02
L8 0.4507383478E+01  0.4945020264E+02  0.3700910835E+01  0.0000000000E+00
L9 0.0000000000E+00  0.0000000000E+00  0.0000000000E+00  0.9836545703E+00  0.0000000000E+00
L0     7000  0.1400000000E+02  -.7314756294E+04  0.1628943515E+04
L1 0.2900641837E+03  0.2900641837E+03  -.8943699809E+10  0.1000000000E+01
L2 0.1000000000E+01  0.3330505682E+02  0.3330505682E+02  0.3330505682E+02
L3 0.2843817187E+05  0.1353712635E+03  -.2703015460E+03  0.6798608002E+03
L4 0.1816435059E+03  0.2449613377E+03  0.2685036635E+03  0.2688502699E+03
L5 0.7823152711E+03  0.2172546418E+03  0.3238267988E+03  0.1297018575E+03
L6 0.6707832981E+03  -.8943699809E+04  0.1338504083E+04  -.1035944423E+05
L7 0.0000000000E+00  0.2894080064E+01  0.4541725856E+01  0.1062633943E+02
L8 0.4631943273E+01  0.5291472939E+02  0.1631517263E+01  0.0000000000E+00
L9 0.0000000000E+00  0.0000000000E+00  0.0000000000E+00  0.9899287007E+00  0.0000000000E+00
L0     8000  0.1600000000E+02  -.7257290950E+04  0.1671643721E+04
L1 0.2976677625E+03  0.2976677625E+03  -.8928934671E+10  0.1000000000E+01
L2 0.1000000000E+01  0.3328498066E+02  0.3328498066E+02  0.3328498066E+02
L3 0.2838811014E+05  0.2415868000E+03  -.3519639386E+03  -.9257927231E+03
L4 -.3453899539E+03  0.2890611646E+03  0.2682577120E+03  0.2761258191E+03
L5 0.8334446957E+03  0.2397021748E+03  0.3401680335E+03  0.4652760277E+03
L6 0.1045146236E+04  -.8928934671E+04  0.1260900775E+04  -.1026190516E+05
L7 0.0000000000E+00  0.2515546567E+01  0.7125067555E+01  0.1208233199E+02
L8 0.3326175868E+01  0.4415537510E+02  0.2865214528E+01  0.0000000000E+00
L9 0.0000000000E+00  0.0000000000E+00  0.0000000000E+00  0.9916744153E+00  0.0000000000E+00
L0     9000  0.1800000000E+02  -.7419660199E+04  0.1574843750E+04
L1 0.2804306979E+03  0.2804306979E+03  -.8994503948E+10  0.1000000000E+01
L2 0.1000000000E+01  0.3323842549E+02  0.3323842549E+02  0.3323842549E+02
L3 0.2826937046E+05  -.7155185871E+03  -.3659552355E+03  -.2066554356E+03
L4 -.4293764194E+03  0.2534513365E+03  0.2555120184E+03  0.2622973820E+03
L5 0.7712607369E+03  0.3990286287E+03  0.3299681866E+03  0.3043428848E+03
L6 0.1033339700E+04  -.8994503948E+04  0.1284745607E+04  -.1035471405E+05
L7 0.0000000000E+00  0.2072163372E+01  0.5166127806E+01  0.1389142356E+02
L8 0.2627381532E+01  0.4695044144E+02  0.4756961444E+01  0.0000000000E+00
L9 0.0000000000E+00  0.0000000000E+00  0.0000000000E+00  0.9958397397E+00  0.0000000000E+00
L0    10000  0.2000000000E+02  -.7370897025E+04  0.1623252788E+04
L1 0.2890508422E+03  0.2890508422E+03  -.8994149813E+10  0.1000000000E+01
L2 0.1000000000E+01  0.3327187061E+02  0.3327187061E+02  0.3327187061E+02
L3 0.2835353515E+05  -.1505330332E+02  0.1421405742E+03  0.7540498949E+02
L4 0.6749742013E+02  0.2858177821E+03  0.2789046722E+03  0.2415268829E+03
L5 0.8062493373E+03  0.2888896010E+03  0.2498990718E+03  0.2261395313E+03
L6 0.7649282041E+03  -.8994149813E+04  0.1343384325E+04  -.1041607665E+05
L7 0.0000000000E+00  0.6375609415E+01  0.6140891631E+01  0.1038973157E+02
L8 0.4634953243E+01  0.4851332207E+02  0.2487999737E+01  0.0000000000E+00
L9 0.0000000000E+00  0.0000000000E+00  0.0000000000E+00  0.9928836874E+00  0.0000000000E+00
