L0  Nsteps           time(ps)         Etot             EKinetic        
L1  Temp             T_solute         T_solv           Pres_scal_solu  
L2  Pres_scal_solv   BoxX             BoxY             BoxZ            
L3  volume           pres_X           pres_Y           pres_Z          
L4  Pressure         EKCoM_x          EKCoM_y          EKCoM_z         
L5  EKComTot         VIRIAL_x         VIRIAL_y         VIRIAL_z        
L6  VIRIAL_tot       E_pot            E_vdw            E_el            
L7  E_hbon           E_bon            E_angle          E_dih           
L8  E_14vdw          E_14el           E_const          E_pol           
L9  AV_permMoment    AV_indMoment     AV_totMoment     Density          dV/dlambda      
L0     1000  0.2000000000E+01  -.6994276258E+04  0.1624040566E+04
L1 0.2951441344E+03  0.2951441344E+03  -.8618316824E+10  0.1000000000E+01
L2 0.1000000000E+01  0.3416793474E+02  0.3416793474E+02  0.3416793474E+02
L3 0.3070891417E+05  -.5528678725E+03  -.7549254226E+03  -.1023072947E+04
L4 -.7769554140E+03  0.2599244111E+03  0.2699075713E+03  0.2863333251E+03
L5 0.8161653075E+03  0.3821163044E+03  0.4367571412E+03  0.5124474233E+03
L6 0.1331320869E+04  -.8618316824E+04  0.1287274345E+04  -.9979775659E+04
L7 0.0000000000E+00  0.3743483795E+01  0.4343353963E+01  0.1368054708E+02
L8 0.3522578158E+01  0.4698442969E+02  0.1910097458E+01  0.0000000000E+00
L9 0.0000000000E+00  0.0000000000E+00  0.0000000000E+00  0.8982194454E+00  0.0000000000E+00
L0     2000  0.4000000000E+01  -.6973107760E+04  0.1693873928E+04
L1 0.3078352626E+03  0.3078352626E+03  -.8666981688E+10  0.1000000000E+01
L2 0.1000000000E+01  0.3349309402E+02  0.3349309402E+02  0.3349309402E+02
L3 0.2892435222E+05  -.1925458420E+03  -.7342696496E+03  -.5957671482E+03
L4 -.5075275466E+03  0.2845261476E+03  0.2749766924E+03  0.2556017831E+03
L5 0.8151046231E+03  0.3246086074E+03  0.4278303372E+03  0.3796232241E+03
L6 0.1132062169E+04  -.8666981688E+04  0.1253400143E+04  -.1000448309E+05
L7 0.0000000000E+00  0.8187937014E+00  0.1325724444E+02  0.1770630324E+02
L8 0.3686002539E+01  0.4576290237E+02  0.2870015918E+01  0.0000000000E+00
L9 0.0000000000E+00  0.0000000000E+00  0.0000000000E+00  0.9536373932E+00  0.0000000000E+00
L0     3000  0.6000000000E+01  -.7121927224E+04  0.1637644554E+04
L1 0.2976164477E+03  0.2976164477E+03  -.8759571777E+10  0.1000000000E+01
L2 0.1000000000E+01  0.3331185354E+02  0.3331185354E+02  0.3331185354E+02
L3 0.2845671517E+05  0.7498225427E+03  -.8574945793E+03  -.6820182226E+03
L4 -.2632300864E+03  0.2786127769E+03  0.2938585453E+03  0.2538344323E+03
L5 0.8263057544E+03  0.1250450910E+03  0.4694780429E+03  0.3935154291E+03
L6 0.9880385629E+03  -.8759571777E+04  0.1283667289E+04  -.1011780130E+05
L7 0.0000000000E+00  0.2725795822E+01  0.1174375351E+02  0.1153166251E+02
L8 0.2686204014E+01  0.4420670350E+02  0.1668117504E+01  0.0000000000E+00
L9 0.0000000000E+00  0.0000000000E+00  0.0000000000E+00  0.9693087794E+00  0.0000000000E+00
L0     4000  0.8000000000E+01  -.7215535928E+04  0.1580854333E+04
L1 0.2872957076E+03  0.2872957076E+03  -.8796390261E+10  0.1000000000E+01
L2 0.1000000000E+01  0.3325247112E+02  0.3325247112E+02  0.3325247112E+02
L3 0.2830337985E+05  0.3221164387E+03  0.2923618755E+03  0.2876448900E+03
L4 0.3007077348E+03  0.2709753267E+03  0.2693826893E+03  0.2537802736E+03
L5 0.7941382896E+03  0.2053596263E+03  0.2098280472E+03  0.1951864899E+03
L6 0.6103741634E+03  -.8796390261E+04  0.1372046934E+04  -.1024381617E+05
L7 0.0000000000E+00  0.2018331698E+01  0.7949026672E+01  0.1116464992E+02
L8 0.3324860447E+01  0.4690681118E+02  0.4015295653E+01  0.0000000000E+00
L9 0.0000000000E+00  0.0000000000E+00  0.0000000000E+00  0.9745600701E+00  0.0000000000E+00
L0     5000  0.1000000000E+02  -.7152235837E+04  0.1642055117E+04
L1 0.2984179991E+03  0.2984179991E+03  -.8794290954E+10  0.1000000000E+01
L2 0.1000000000E+01  0.3325005713E+02  0.3325005713E+02  0.3325005713E+02
L3 0.2829870050E+05  -.5151807624E+03  0.3645830320E+03  -.7113967336E+03
L4 -.2873314880E+03  0.2689644762E+03  0.2559520442E+03  0.2862425634E+03
L5 0.8111590839E+03  0.3738903779E+03  0.1816981004E+03  0.4311314048E+03
L6 0.9867198832E+03  -.8794290954E+04  0.1289979125E+04  -.1015802595E+05
L7 0.0000000000E+00  0.2801963058E+01  0.9110012700E+01  0.1160077681E+02
L8 0.2013762226E+01  0.4469572732E+02  0.3533624636E+01  0.0000000000E+00
L9 0.0000000000E+00  0.0000000000E+00  0.0000000000E+00  0.9747212192E+00  0.0000000000E+00
L0     6000  0.1200000000E+02  -.7138364544E+04  0.1625628861E+04
L1 0.2954327823E+03  0.2954327823E+03  -.8763993406E+10  0.1000000000E+01
L2 0.1000000000E+01  0.3313588459E+02  0.3313588459E+02  0.3313588459E+02
L3 0.2800687887E+05  0.5573035770E+03  0.5477534876E+03  -.3950769854E+03
L4 0.2366600264E+03  0.2731120738E+03  0.2662512037E+03  0.2587827322E+03
L5 0.7981460097E+03  0.1607775823E+03  0.1558417034E+03  0.3384175561E+03
L6 0.6550368418E+03  -.8763993406E+04  0.1337858656E+04  -.1017520173E+05
L7 0.0000000000E+00  0.2723620883E+01  0.7770478245E+01  0.1299080544E+02
L8 0.2941026353E+01  0.4503132478E+02  0.1892409201E+01  0.0000000000E+00
L9 0.0000000000E+00  0.0000000000E+00  0.0000000000E+00  0.9848774645E+00  0.0000000000E+00
L0     7000  0.1400000000E+02  -.7258067844E+04  0.1602705773E+04
L1 0.2912668673E+03  0.2912668673E+03  -.8860773617E+10  0.1000000000E+01
L2 0.1000000000E+01  0.3308079857E+02  0.3308079857E+02  0.3308079857E+02
L3 0.2786945326E+05  -.4173204390E+03  -.8642192816E+03  -.4469052877E+03
L4 -.5761483361E+03  0.2600889298E+03  0.2623093843E+03  0.2701545026E+03
L5 0.7925528168E+03  0.3437945627E+03  0.4356534508E+03  0.3597942290E+03
L6 0.1139242243E+04  -.8860773617E+04  0.1260692899E+04  -.1020166310E+05
L7 0.0000000000E+00  0.4257542937E+01  0.1102858348E+02  0.1302203686E+02
L8 0.1371365931E+01  0.4640190746E+02  0.4115143329E+01  0.0000000000E+00
L9 0.0000000000E+00  0.0000000000E+00  0.0000000000E+00  0.9897339425E+00  0.0000000000E+00
L0     8000  0.1600000000E+02  -.7095915499E+04  0.1657911324E+04
L1 0.3012996182E+03  0.3012996182E+03  -.8753826822E+10  0.1000000000E+01
L2 0.1000000000E+01  0.3301621024E+02  0.3301621024E+02  0.3301621024E+02
L3 0.2770370651E+05  0.1116012434E+04  -.2667443999E+03  0.8514524166E+03
L4 0.5669068168E+03  0.2757714557E+03  0.2639194131E+03  0.2740945366E+03
L5 0.8137854054E+03  0.5325430468E+02  0.3171044871E+03  0.1043269244E+03
L6 0.4746857162E+03  -.8753826822E+04  0.1348789137E+04  -.1018342126E+05
L7 0.0000000000E+00  0.4380270200E+01  0.9662385537E+01  0.1348697099E+02
L8 0.3373983783E+01  0.4838868471E+02  0.1513002151E+01  0.0000000000E+00
L9 0.0000000000E+00  0.0000000000E+00  0.0000000000E+00  0.9956553591E+00  0.0000000000E+00
L0     9000  0.1800000000E+02  -.7180082102E+04  0.1667812249E+04
L1 0.3030989575E+03  0.3030989575E+03  -.8847894352E+10  0.1000000000E+01
L2 0.1000000000E+01  0.3300616253E+02  0.3300616253E+02  0.3300616253E+02
L3 0.2767995438E+05  -.9944387725E+03  0.9811704708E+03  -.1488776873E+03
L4 -.5404866303E+02  0.2827263049E+03  0.2870540449E+03  0.2693016717E+03
L5 0.8390820215E+03  0.4808333858E+03  0.9159020817E+02  0.2989603343E+03
L6 0.8713839284E+03  -.8847894352E+04  0.1293206110E+04  -.1021845856E+05
L7 0.0000000000E+00  0.3830717386E+01  0.9256767049E+01  0.1096510812E+02
L8 0.3478105132E+01  0.4668373371E+02  0.3143671247E+01  0.0000000000E+00
L9 0.0000000000E+00  0.0000000000E+00  0.0000000000E+00  0.9965097296E+00  0.0000000000E+00
L0    10000  0.2000000000E+02  -.7124030973E+04  0.1658213652E+04
L1 0.3013545616E+03  0.3013545616E+03  -.8782244624E+10  0.1000000000E+01
L2 0.1000000000E+01  0.3309538681E+02  0.3309538681E+02  0.3309538681E+02
L3 0.2790283108E+05  0.7856017412E+03  0.7722076399E+03  0.9427303149E+03
L4 0.8335132320E+03  0.2655473996E+03  0.2755303384E+03  0.2647742094E+03
L5 0.8058519474E+03  0.1077836254E+03  0.1204563546E+03  0.7545602857E+02
L6 0.3036960085E+03  -.8782244624E+04  0.1392950917E+04  -.1024512032E+05
L7 0.0000000000E+00  0.1449140865E+01  0.4927295711E+01  0.1049099151E+02
L8 0.3896839234E+01  0.4582613792E+02  0.3334369227E+01  0.0000000000E+00
L9 0.0000000000E+00  0.0000000000E+00  0.0000000000E+00  0.9885500065E+00  0.0000000000E+00
