L0  Nsteps           time(ps)         Etot             EKinetic        
L1  Temp             T_solute         T_solv           Pres_scal_solu  
L2  Pres_scal_solv   BoxX             BoxY             BoxZ            
L3  volume           pres_X           pres_Y           pres_Z          
L4  Pressure         EKCoM_x          EKCoM_y          EKCoM_z         
L5  EKComTot         VIRIAL_x         VIRIAL_y         VIRIAL_z        
L6  VIRIAL_tot       E_pot            E_vdw            E_el            
L7  E_hbon           E_bon            E_angle          E_dih           
L8  E_14vdw          E_14el           E_const          E_pol           
L9  AV_permMoment    AV_indMoment     AV_totMoment     Density          dV/dlambda      
L0     1000  0.2000000000E+01  -.7606252022E+04  0.1767233957E+04
L1 0.2979270604E+03  0.2979270604E+03  -.9373485979E+10  0.1000000000E+01
L2 0.1000000000E+01  0.3492613706E+02  0.3492613706E+02  0.3492613706E+02
L3 0.3279902213E+05  -.8293279578E+03  -.8447338797E+03  -.7311365922E+03
L4 -.8017328099E+03  0.3191109812E+03  0.2930919740E+03  0.2981273286E+03
L5 0.9103302837E+03  0.5148799179E+03  0.4924975914E+03  0.4707174745E+03
L6 0.1478094984E+04  -.9373485979E+04  0.1394176625E+04  -.1084224083E+05
L7 0.0000000000E+00  0.3487269582E+01  0.5131807807E+01  0.1316893451E+02
L8 0.2614822601E+01  0.4642681263E+02  0.3748582715E+01  0.0000000000E+00
L9 0.0000000000E+00  0.0000000000E+00  0.0000000000E+00  0.9066535992E+00  0.0000000000E+00
L0     2000  0.4000000000E+01  -.7531410258E+04  0.1790477797E+04
L1 0.3018455959E+03  0.3018455959E+03  -.9321888055E+10  0.1000000000E+01
L2 0.1000000000E+01  0.3440678738E+02  0.3440678738E+02  0.3440678738E+02
L3 0.3135722356E+05  -.4517360976E+03  -.1466992947E+04  -.1765260876E+03
L4 -.6984183775E+03  0.2766572682E+03  0.2959994873E+03  0.2852939269E+03
L5 0.8579506825E+03  0.3786053311E+03  0.6270713012E+03  0.3251324362E+03
L6 0.1330809069E+04  -.9321888055E+04  0.1333374077E+04  -.1073398227E+05
L7 0.0000000000E+00  0.2866671938E+01  0.1007012403E+02  0.1462028501E+02
L8 0.2081704962E+01  0.4679878763E+02  0.2282565088E+01  0.0000000000E+00
L9 0.0000000000E+00  0.0000000000E+00  0.0000000000E+00  0.9483413415E+00  0.0000000000E+00
L0     3000  0.6000000000E+01  -.7600079017E+04  0.1768050324E+04
L1 0.2980646868E+03  0.2980646868E+03  -.9368129342E+10  0.1000000000E+01
L2 0.1000000000E+01  0.3417367638E+02  0.3417367638E+02  0.3417367638E+02
L3 0.3072280670E+05  0.6588715861E+02  -.2195742951E+03  -.4353963642E+03
L4 -.1963611669E+03  0.2997066211E+03  0.3010902944E+03  0.2730584003E+03
L5 0.8738553158E+03  0.2851380068E+03  0.3496413823E+03  0.3693309040E+03
L6 0.1004110293E+04  -.9368129342E+04  0.1385699482E+04  -.1082750819E+05
L7 0.0000000000E+00  0.2860992124E+01  0.8565178132E+01  0.1306887007E+02
L8 0.2142151255E+01  0.4428887493E+02  0.2753299998E+01  0.0000000000E+00
L9 0.0000000000E+00  0.0000000000E+00  0.0000000000E+00  0.9679243097E+00  0.0000000000E+00
L0     4000  0.8000000000E+01  -.7731580208E+04  0.1715407140E+04
L1 0.2891898974E+03  0.2891898974E+03  -.9446987348E+10  0.1000000000E+01
L2 0.1000000000E+01  0.3403042891E+02  0.3403042891E+02  0.3403042891E+02
L3 0.3033804852E+05  -.8577113022E+03  -.7505228160E+03  0.1050746357E+04
L4 -.1858292536E+03  0.2918203322E+03  0.2772294530E+03  0.3001096157E+03
L5 0.8691594009E+03  0.4790977250E+03  0.4411027234E+03  0.7068388960E+02
L6 0.9908843380E+03  -.9446987348E+04  0.1391489429E+04  -.1091377143E+05
L7 0.0000000000E+00  0.3251544680E+01  0.8722226377E+01  0.1209136350E+02
L8 0.2649808220E+01  0.4613829123E+02  0.2441419250E+01  0.0000000000E+00
L9 0.0000000000E+00  0.0000000000E+00  0.0000000000E+00  0.9801998780E+00  0.0000000000E+00
L0     5000  0.1000000000E+02  -.7710552779E+04  0.1759582900E+04
L1 0.2966372159E+03  0.2966372159E+03  -.9470135679E+10  0.1000000000E+01
L2 0.1000000000E+01  0.3391532722E+02  0.3391532722E+02  0.3391532722E+02
L3 0.3003156068E+05  0.1779985196E+03  -.1217770540E+03  -.9617327744E+03
L4 -.3018371029E+03  0.2974958405E+03  0.2920997387E+03  0.2911461489E+03
L5 0.8807417280E+03  0.2590232993E+03  0.3184205908E+03  0.4990147525E+03
L6 0.1076458643E+04  -.9470135679E+04  0.1366069708E+04  -.1091421581E+05
L7 0.0000000000E+00  0.4144938559E+01  0.8722592576E+01  0.1335071315E+02
L8 0.2698331443E+01  0.4549043736E+02  0.3603412433E+01  0.0000000000E+00
L9 0.0000000000E+00  0.0000000000E+00  0.0000000000E+00  0.9902033324E+00  0.0000000000E+00
L0     6000  0.1200000000E+02  -.7681558560E+04  0.1828044480E+04
L1 0.3081787310E+03  0.3081787310E+03  -.9509603040E+10  0.1000000000E+01
L2 0.1000000000E+01  0.3387022321E+02  0.3387022321E+02  0.3387022321E+02
L3 0.2991083222E+05  -.1514181281E+03  0.2169632954E+03  0.2328972255E+03
L4 0.9948079758E+02  0.2939840937E+03  0.2906526306E+03  0.3143922458E+03
L5 0.8990289701E+03  0.3265799917E+03  0.2439467736E+03  0.2642562793E+03
L6 0.8347830446E+03  -.9509603040E+04  0.1412263496E+04  -.1099506441E+05
L7 0.0000000000E+00  0.1951673616E+01  0.5665663514E+01  0.1179929836E+02
L8 0.2943975055E+01  0.4950942800E+02  0.1327837485E+01  0.0000000000E+00
L9 0.0000000000E+00  0.0000000000E+00  0.0000000000E+00  0.9942000692E+00  0.0000000000E+00
L0     7000  0.1400000000E+02  -.7644168647E+04  0.1785321413E+04
L1 0.3009763129E+03  0.3009763129E+03  -.9429490060E+10  0.1000000000E+01
L2 0.1000000000E+01  0.3404969164E+02  0.3404969164E+02  0.3404969164E+02
L3 0.3038939513E+05  0.3618529070E+03  -.8057750241E+03  0.1084473580E+03
L4 -.1118249197E+03  0.3102305834E+03  0.2932284125E+03  0.2828235431E+03
L5 0.8862825390E+03  0.2310879127E+03  0.4694635241E+03  0.2591044755E+03
L6 0.9596559122E+03  -.9429490060E+04  0.1398555836E+04  -.1090612082E+05
L7 0.0000000000E+00  0.5527788943E+01  0.1269080027E+02  0.1055876273E+02
L8 0.2750717151E+01  0.4242057422E+02  0.4126282221E+01  0.0000000000E+00
L9 0.0000000000E+00  0.0000000000E+00  0.0000000000E+00  0.9785437103E+00  0.0000000000E+00
L0     8000  0.1600000000E+02  -.7738962290E+04  0.1753257657E+04
L1 0.2955708823E+03  0.2955708823E+03  -.9492219947E+10  0.1000000000E+01
L2 0.1000000000E+01  0.3405182257E+02  0.3405182257E+02  0.3405182257E+02
L3 0.3039485136E+05  -.2570885007E+02  -.2456652450E+03  0.2121847635E+03
L4 -.1972977718E+02  0.2996357397E+03  0.2975548475E+03  0.2981501301E+03
L5 0.8953407173E+03  0.3052596613E+03  0.3512951769E+03  0.2517338001E+03
L6 0.9082886382E+03  -.9492219947E+04  0.1431401411E+04  -.1099609121E+05
L7 0.0000000000E+00  0.3403192243E+01  0.9948815338E+01  0.9704224137E+01
L8 0.2448339435E+01  0.4406734064E+02  0.2897937841E+01  0.0000000000E+00
L9 0.0000000000E+00  0.0000000000E+00  0.0000000000E+00  0.9783680502E+00  0.0000000000E+00
L0     9000  0.1800000000E+02  -.7726032203E+04  0.1773281572E+04
L1 0.2989465904E+03  0.2989465904E+03  -.9499313774E+10  0.1000000000E+01
L2 0.1000000000E+01  0.3396936627E+02  0.3396936627E+02  0.3396936627E+02
L3 0.3017446121E+05  0.2410302431E+03  0.6167115918E+03  -.7815014178E+03
L4 0.2541347234E+02  0.3111957753E+03  0.2917282534E+03  0.2871826602E+03
L5 0.8901066889E+03  0.2588516866E+03  0.1577981464E+03  0.4568998666E+03
L6 0.8735496997E+03  -.9499313774E+04  0.1423941380E+04  -.1100160477E+05
L7 0.0000000000E+00  0.3125256383E+01  0.1110558026E+02  0.1136007212E+02
L8 0.3552435480E+01  0.4562867572E+02  0.3577591202E+01  0.0000000000E+00
L9 0.0000000000E+00  0.0000000000E+00  0.0000000000E+00  0.9855139170E+00  0.0000000000E+00
L0    10000  0.2000000000E+02  -.7665167385E+04  0.1794687627E+04
L1 0.3025553052E+03  0.3025553052E+03  -.9459855013E+10  0.1000000000E+01
L2 0.1000000000E+01  0.3396513991E+02  0.3396513991E+02  0.3396513991E+02
L3 0.3016348521E+05  -.2853440757E+03  -.1322410510E+03  0.1757952539E+03
L4 -.8059662428E+02  0.2883846958E+03  0.3082612621E+03  0.3118174513E+03
L5 0.9084634092E+03  0.3503297961E+03  0.3369693582E+03  0.2736542106E+03
L6 0.9609533650E+03  -.9459855013E+04  0.1396209559E+04  -.1093442335E+05
L7 0.0000000000E+00  0.4043117854E+01  0.1117015694E+02  0.9978288353E+01
L8 0.3009832403E+01  0.4677153723E+02  0.3385848788E+01  0.0000000000E+00
L9 0.0000000000E+00  0.0000000000E+00  0.0000000000E+00  0.9858725296E+00  0.0000000000E+00
