L0  Nsteps           time(ps)         Etot             EKinetic        
L1  Temp             T_solute         T_solv           Pres_scal_solu  
L2  Pres_scal_solv   BoxX             BoxY             BoxZ            
L3  volume           pres_X           pres_Y           pres_Z          
L4  Pressure         EKCoM_x          EKCoM_y          EKCoM_z         
L5  EKComTot         VIRIAL_x         VIRIAL_y         VIRIAL_z        
L6  VIRIAL_tot       E_pot            E_vdw            E_el            
L7  E_hbon           E_bon            E_angle          E_dih           
L8  E_14vdw          E_14el           E_const          E_pol           
L9  AV_permMoment    AV_indMoment     AV_totMoment     Density          dV/dlambda      
L0     1000  0.2000000000E+01  -.6847177709E+04  0.1587423960E+04
L1 0.2945530235E+03  0.2945530235E+03  -.8434601669E+10  0.1000000000E+01
L2 0.1000000000E+01  0.3391515692E+02  0.3391515692E+02  0.3391515692E+02
L3 0.3003158111E+05  -.1032997962E+04  -.1837571669E+03  -.2182677740E+03
L4 -.4783409676E+03  0.2625166630E+03  0.2508725013E+03  0.2549023511E+03
L5 0.7682915154E+03  0.4857886525E+03  0.2905897416E+03  0.3020787076E+03
L6 0.1078457102E+04  -.8434601669E+04  0.1296867805E+04  -.9812122176E+04
L7 0.0000000000E+00  0.4610723691E+01  0.8470086552E+01  0.1274231441E+02
L8 0.4485362212E+01  0.4731252539E+02  0.3031690131E+01  0.0000000000E+00
L9 0.0000000000E+00  0.0000000000E+00  0.0000000000E+00  0.8995505458E+00  0.0000000000E+00
L0     2000  0.4000000000E+01  -.6908771593E+04  0.1645001626E+04
L1 0.3052367955E+03  0.3052367955E+03  -.8553773219E+10  0.1000000000E+01
L2 0.1000000000E+01  0.3332839411E+02  0.3332839411E+02  0.3332839411E+02
L3 0.2849959674E+05  -.5759486842E+03  -.1997247316E+03  -.5699210874E+03
L4 -.4485315010E+03  0.2683732975E+03  0.2541043692E+03  0.2846301002E+03
L5 0.8071077669E+03  0.3865084334E+03  0.2950707070E+03  0.4015288917E+03
L6 0.1083108032E+04  -.8553773219E+04  0.1268365623E+04  -.9892480241E+04
L7 0.0000000000E+00  0.1755461105E+01  0.6444874078E+01  0.9867338079E+01
L8 0.3332178287E+01  0.4687845049E+02  0.2063097734E+01  0.0000000000E+00
L9 0.0000000000E+00  0.0000000000E+00  0.0000000000E+00  0.9479055236E+00  0.0000000000E+00
L0     3000  0.6000000000E+01  -.6923242685E+04  0.1612610061E+04
L1 0.2992264080E+03  0.2992264080E+03  -.8535852746E+10  0.1000000000E+01
L2 0.1000000000E+01  0.3323782626E+02  0.3323782626E+02  0.3323782626E+02
L3 0.2826596488E+05  0.2690665742E+03  -.1392183177E+03  0.8148959402E+03
L4 0.3149147322E+03  0.2624427553E+03  0.2715095143E+03  0.2777622063E+03
L5 0.8117144758E+03  0.2077058620E+03  0.2998310485E+03  0.1119858655E+03
L6 0.6195227760E+03  -.8535852746E+04  0.1346907558E+04  -.9955832565E+04
L7 0.0000000000E+00  0.2553347491E+01  0.9851978029E+01  0.1167008514E+02
L8 0.3032868115E+01  0.4379408184E+02  0.2169899637E+01  0.0000000000E+00
L9 0.0000000000E+00  0.0000000000E+00  0.0000000000E+00  0.9557404209E+00  0.0000000000E+00
L0     4000  0.8000000000E+01  -.6919745977E+04  0.1612536512E+04
L1 0.2992127606E+03  0.2992127606E+03  -.8532282489E+10  0.1000000000E+01
L2 0.1000000000E+01  0.3308881168E+02  0.3308881168E+02  0.3308881168E+02
L3 0.2788977918E+05  -.4185167210E+03  -.1176494389E+04  -.2162758103E+03
L4 -.6037623068E+03  0.2893351497E+03  0.2681623841E+03  0.2769244368E+03
L5 0.8344219706E+03  0.3733419551E+03  0.5043143232E+03  0.3203364178E+03
L6 0.1197992696E+04  -.8532282489E+04  0.1202651166E+04  -.9815608176E+04
L7 0.0000000000E+00  0.4817690006E+01  0.1042757933E+02  0.1389311534E+02
L8 0.1912737111E+01  0.4598293029E+02  0.3640468537E+01  0.0000000000E+00
L9 0.0000000000E+00  0.0000000000E+00  0.0000000000E+00  0.9686317342E+00  0.0000000000E+00
L0     5000  0.1000000000E+02  -.6993143049E+04  0.1607586398E+04
L1 0.2982942467E+03  0.2982942467E+03  -.8600729447E+10  0.1000000000E+01
L2 0.1000000000E+01  0.3292834613E+02  0.3292834613E+02  0.3292834613E+02
L3 0.2748440230E+05  0.2067269202E+03  -.3682186169E+03  0.2878777525E+03
L4 0.4212868529E+02  0.2609362660E+03  0.2686373462E+03  0.2760197848E+03
L5 0.8055933970E+03  0.2200441192E+03  0.3414737709E+03  0.2190753901E+03
L6 0.7805932802E+03  -.8600729447E+04  0.1296248677E+04  -.9970066633E+04
L7 0.0000000000E+00  0.2741907918E+01  0.6255884176E+01  0.1127783599E+02
L8 0.2685113289E+01  0.4626588042E+02  0.3861886486E+01  0.0000000000E+00
L9 0.0000000000E+00  0.0000000000E+00  0.0000000000E+00  0.9829184160E+00  0.0000000000E+00
L0     6000  0.1200000000E+02  -.6944001198E+04  0.1636324163E+04
L1 0.3036266568E+03  0.3036266568E+03  -.8580325361E+10  0.1000000000E+01
L2 0.1000000000E+01  0.3290884394E+02  0.3290884394E+02  0.3290884394E+02
L3 0.2743576003E+05  -.6762829971E+03  0.2173831830E+03  0.3858835768E+03
L4 -.2433874577E+02  0.2658780624E+03  0.2859291885E+03  0.2913236501E+03
L5 0.8431309010E+03  0.3994151943E+03  0.2430052544E+03  0.2151280540E+03
L6 0.8575485027E+03  -.8580325361E+04  0.1260658121E+04  -.9912913631E+04
L7 0.0000000000E+00  0.7441343619E+00  0.6698379964E+01  0.1180867339E+02
L8 0.3010133958E+01  0.4708140442E+02  0.2587422082E+01  0.0000000000E+00
L9 0.0000000000E+00  0.0000000000E+00  0.0000000000E+00  0.9846610828E+00  0.0000000000E+00
L0     7000  0.1400000000E+02  -.6974575721E+04  0.1621562462E+04
L1 0.3008875627E+03  0.3008875627E+03  -.8596138184E+10  0.1000000000E+01
L2 0.1000000000E+01  0.3299355766E+02  0.3299355766E+02  0.3299355766E+02
L3 0.2764793381E+05  0.1808234247E+02  0.2779541128E+03  -.6867373896E+02
L4 0.7578757210E+02  0.2897839467E+03  0.2685440351E+03  0.2640405308E+03
L5 0.8223685127E+03  0.2861858408E+03  0.2132354733E+03  0.2777055408E+03
L6 0.7771268549E+03  -.8596138184E+04  0.1301159787E+04  -.9974606998E+04
L7 0.0000000000E+00  0.4362950645E+01  0.9424625906E+01  0.1111874059E+02
L8 0.3440483732E+01  0.4524035381E+02  0.3721872561E+01  0.0000000000E+00
L9 0.0000000000E+00  0.0000000000E+00  0.0000000000E+00  0.9771046676E+00  0.0000000000E+00
L0     8000  0.1600000000E+02  -.6944517246E+04  0.1628215893E+04
L1 0.3021221340E+03  0.3021221340E+03  -.8572733139E+10  0.1000000000E+01
L2 0.1000000000E+01  0.3298298954E+02  0.3298298954E+02  0.3298298954E+02
L3 0.2762207294E+05  0.6327131006E+02  -.5723828207E+03  -.1137020982E+03
L4 -.2076045363E+03  0.2733993565E+03  0.2653340583E+03  0.2652892529E+03
L5 0.8040226677E+03  0.2608211223E+03  0.3791228376E+03  0.2878930462E+03
L6 0.9278370061E+03  -.8572733139E+04  0.1243665109E+04  -.9889460788E+04
L7 0.0000000000E+00  0.2595363361E+01  0.7281590592E+01  0.1086770802E+02
L8 0.2668034975E+01  0.4681112539E+02  0.2838717493E+01  0.0000000000E+00
L9 0.0000000000E+00  0.0000000000E+00  0.0000000000E+00  0.9780194715E+00  0.0000000000E+00
L0     9000  0.1800000000E+02  -.6951694282E+04  0.1577674174E+04
L1 0.2927439109E+03  0.2927439109E+03  -.8529368456E+10  0.1000000000E+01
L2 0.1000000000E+01  0.3290862234E+02  0.3290862234E+02  0.3290862234E+02
L3 0.2743463368E+05  0.1149058384E+03  0.2859060732E+03  0.2275246777E+03
L4 0.2094455297E+03  0.2423195592E+03  0.2426537327E+03  0.2915842639E+03
L5 0.7765575558E+03  0.2196314741E+03  0.1862017596E+03  0.2466596603E+03
L6 0.6524928940E+03  -.8529368456E+04  0.1278092499E+04  -.9879173050E+04
L7 0.0000000000E+00  0.3125153440E+01  0.7852238256E+01  0.1006741189E+02
L8 0.2251648146E+01  0.4667087225E+02  0.1744770986E+01  0.0000000000E+00
L9 0.0000000000E+00  0.0000000000E+00  0.0000000000E+00  0.9847015086E+00  0.0000000000E+00
L0    10000  0.2000000000E+02  -.7031463995E+04  0.1598398369E+04
L1 0.2965893702E+03  0.2965893702E+03  -.8629862365E+10  0.1000000000E+01
L2 0.1000000000E+01  0.3292526477E+02  0.3292526477E+02  0.3292526477E+02
L3 0.2747650980E+05  -.4295440395E+03  -.6311802274E+03  0.1404321766E+04
L4 0.1145324996E+03  0.2620381906E+03  0.2733203437E+03  0.2548378825E+03
L5 0.7901964168E+03  0.3469808478E+03  0.3981367090E+03  -.2286780413E+02
L6 0.7222497526E+03  -.8629862365E+04  0.1312007733E+04  -.1001837093E+05
L7 0.0000000000E+00  0.6940468720E+01  0.7059150669E+01  0.1230307539E+02
L8 0.3059205341E+01  0.4467271958E+02  0.2466214710E+01  0.0000000000E+00
L9 0.0000000000E+00  0.0000000000E+00  0.0000000000E+00  0.9832007547E+00  0.0000000000E+00
