L0  Nsteps           time(ps)         Etot             EKinetic        
L1  Temp             T_solute         T_solv           Pres_scal_solu  
L2  Pres_scal_solv   BoxX             BoxY             BoxZ            
L3  volume           pres_X           pres_Y           pres_Z          
L4  Pressure         EKCoM_x          EKCoM_y          EKCoM_z         
L5  EKComTot         VIRIAL_x         VIRIAL_y         VIRIAL_z        
L6  VIRIAL_tot       E_pot            E_vdw            E_el            
L7  E_hbon           E_bon            E_angle          E_dih           
L8  E_14vdw          E_14el           E_const          E_pol           
L9  AV_permMoment    AV_indMoment     AV_totMoment     Density          dV/dlambda      
L0     1000  0.2000000000E+01  -.7211702502E+04  0.1693648424E+04
L1 0.2996773430E+03  0.2996773430E+03  -.8905350926E+10  0.1000000000E+01
L2 0.1000000000E+01  0.3439466738E+02  0.3439466738E+02  0.3439466738E+02
L3 0.3132430291E+05  -.1589122103E+04  -.2300845927E+03  -.4961389278E+03
L4 -.7717818745E+03  0.2981004774E+03  0.2857727259E+03  0.2609081616E+03
L5 0.8447813649E+03  0.6563579546E+03  0.3376438348E+03  0.3727595293E+03
L6 0.1366761319E+04  -.8905350926E+04  0.1317056406E+04  -.1029714897E+05
L7 0.0000000000E+00  0.3725156352E+01  0.5851862623E+01  0.1198878893E+02
L8 0.3714900017E+01  0.4611326439E+02  0.3347670154E+01  0.0000000000E+00
L9 0.0000000000E+00  0.0000000000E+00  0.0000000000E+00  0.9044499168E+00  0.0000000000E+00
L0     2000  0.4000000000E+01  -.7185965882E+04  0.1740307471E+04
L1 0.3079332827E+03  0.3079332827E+03  -.8926273353E+10  0.1000000000E+01
L2 0.1000000000E+01  0.3389210297E+02  0.3389210297E+02  0.3389210297E+02
L3 0.2997050424E+05  -.3086130499E+03  -.4712221788E+03  -.7940470983E+03
L4 -.5246274423E+03  0.2885997098E+03  0.3097668564E+03  0.2838896301E+03
L5 0.8822561963E+03  0.3551676190E+03  0.4114095938E+03  0.4551657804E+03
L6 0.1221742993E+04  -.8926273353E+04  0.1301174200E+04  -.1030323846E+05
L7 0.0000000000E+00  0.1609338084E+01  0.9194409802E+01  0.1061430254E+02
L8 0.4666247133E+01  0.4639463912E+02  0.3311967960E+01  0.0000000000E+00
L9 0.0000000000E+00  0.0000000000E+00  0.0000000000E+00  0.9453048547E+00  0.0000000000E+00
L0     3000  0.6000000000E+01  -.7252616814E+04  0.1700430328E+04
L1 0.3008773458E+03  0.3008773458E+03  -.8953047141E+10  0.1000000000E+01
L2 0.1000000000E+01  0.3371927139E+02  0.3371927139E+02  0.3371927139E+02
L3 0.2951295090E+05  -.4110278333E+03  -.4466577263E+03  0.8642284029E+03
L4 0.2180947755E+01  0.2829707781E+03  0.2684604713E+03  0.2919967616E+03
L5 0.8434280110E+03  0.3702760456E+03  0.3633337842E+03  0.1084284343E+03
L6 0.8420382641E+03  -.8953047141E+04  0.1356226275E+04  -.1038481334E+05
L7 0.0000000000E+00  0.1679070577E+01  0.6566047445E+01  0.1315404676E+02
L8 0.4124306297E+01  0.4744528425E+02  0.2571172583E+01  0.0000000000E+00
L9 0.0000000000E+00  0.0000000000E+00  0.0000000000E+00  0.9599603665E+00  0.0000000000E+00
L0     4000  0.8000000000E+01  -.7297637721E+04  0.1697130252E+04
L1 0.3002934242E+03  0.3002934242E+03  -.8994767973E+10  0.1000000000E+01
L2 0.1000000000E+01  0.3346965566E+02  0.3346965566E+02  0.3346965566E+02
L3 0.2886284180E+05  -.8745878420E+03  -.2733114579E+03  0.5917446891E+03
L4 -.1853848703E+03  0.2738274846E+03  0.2571058421E+03  0.3121328294E+03
L5 0.8430661562E+03  0.4555041311E+03  0.3138803669E+03  0.1892107105E+03
L6 0.9585952086E+03  -.8994767973E+04  0.1319164135E+04  -.1039126264E+05
L7 0.0000000000E+00  0.2965257150E+01  0.7550858275E+01  0.9813327974E+01
L8 0.4534654834E+01  0.4780117111E+02  0.4665264215E+01  0.0000000000E+00
L9 0.0000000000E+00  0.0000000000E+00  0.0000000000E+00  0.9815825951E+00  0.0000000000E+00
L0     5000  0.1000000000E+02  -.7326411243E+04  0.1671478431E+04
L1 0.2957545426E+03  0.2957545426E+03  -.8997889673E+10  0.1000000000E+01
L2 0.1000000000E+01  0.3348458866E+02  0.3348458866E+02  0.3348458866E+02
L3 0.2890171262E+05  -.4172227887E+03  -.4652614100E+03  0.6940869866E+02
L4 -.2710251667E+03  0.2755885372E+03  0.3038688717E+03  0.2574041941E+03
L5 0.8368616030E+03  0.3623742391E+03  0.4006469938E+03  0.2429666255E+03
L6 0.1005987858E+04  -.8997889673E+04  0.1311356623E+04  -.1038903629E+05
L7 0.0000000000E+00  0.2889632437E+01  0.5153491256E+01  0.1054652081E+02
L8 0.3865803168E+01  0.4990785853E+02  0.7426682773E+01  0.0000000000E+00
L9 0.0000000000E+00  0.0000000000E+00  0.0000000000E+00  0.9802624339E+00  0.0000000000E+00
L0     6000  0.1200000000E+02  -.7262803125E+04  0.1706249642E+04
L1 0.3019070263E+03  0.3019070263E+03  -.8969052767E+10  0.1000000000E+01
L2 0.1000000000E+01  0.3352222760E+02  0.3352222760E+02  0.3352222760E+02
L3 0.2899877107E+05  -.2781625141E+03  -.3625401291E+03  0.4232463579E+03
L4 -.7248542842E+02  0.2903528472E+03  0.2719297113E+03  0.3040855112E+03
L5 0.8663680697E+03  0.3484071985E+03  0.3475942273E+03  0.2157512048E+03
L6 0.9117526306E+03  -.8969052767E+04  0.1318449959E+04  -.1035840708E+05
L7 0.0000000000E+00  0.4622453034E+01  0.1242798257E+02  0.7847437733E+01
L8 0.2355375421E+01  0.4044454836E+02  0.3206555264E+01  0.0000000000E+00
L9 0.0000000000E+00  0.0000000000E+00  0.0000000000E+00  0.9769815105E+00  0.0000000000E+00
L0     7000  0.1400000000E+02  -.7296398699E+04  0.1703528185E+04
L1 0.3014254864E+03  0.3014254864E+03  -.8999926884E+10  0.1000000000E+01
L2 0.1000000000E+01  0.3350545994E+02  0.3350545994E+02  0.3350545994E+02
L3 0.2895467696E+05  0.5405314195E+03  0.2923614112E+03  -.3525841650E+03
L4 0.1601028886E+03  0.2902253105E+03  0.2633540585E+03  0.2861588081E+03
L5 0.8397381772E+03  0.1775843754E+03  0.2024290844E+03  0.3596335566E+03
L6 0.7396470163E+03  -.8999926884E+04  0.1372125439E+04  -.1045216995E+05
L7 0.0000000000E+00  0.3271544722E+01  0.1137730716E+02  0.1351939719E+02
L8 0.2842833976E+01  0.4581723841E+02  0.3289307274E+01  0.0000000000E+00
L9 0.0000000000E+00  0.0000000000E+00  0.0000000000E+00  0.9784693229E+00  0.0000000000E+00
L0     8000  0.1600000000E+02  -.7321703975E+04  0.1671787684E+04
L1 0.2958092624E+03  0.2958092624E+03  -.8993491659E+10  0.1000000000E+01
L2 0.1000000000E+01  0.3349448330E+02  0.3349448330E+02  0.3349448330E+02
L3 0.2892612857E+05  -.2238726085E+03  0.7434222135E+03  0.7751416174E+02
L4 0.1990212556E+03  0.2729643237E+03  0.2683243410E+03  0.2794778867E+03
L5 0.8207665515E+03  0.3195709699E+03  0.1135558936E+03  0.2633406954E+03
L6 0.6964675589E+03  -.8993491659E+04  0.1371859140E+04  -.1044003562E+05
L7 0.0000000000E+00  0.2064399475E+01  0.1211513424E+02  0.1051973633E+02
L8 0.2354182255E+01  0.4280246663E+02  0.4828900702E+01  0.0000000000E+00
L9 0.0000000000E+00  0.0000000000E+00  0.0000000000E+00  0.9794350146E+00  0.0000000000E+00
L0     9000  0.1800000000E+02  -.7360818289E+04  0.1689621286E+04
L1 0.2989647736E+03  0.2989647736E+03  -.9050439575E+10  0.1000000000E+01
L2 0.1000000000E+01  0.3344950766E+02  0.3344950766E+02  0.3344950766E+02
L3 0.2881005390E+05  -.2900735296E+03  0.4274722877E+02  0.5023284566E+03
L4 0.8500071859E+02  0.2756545205E+03  0.2851903687E+03  0.2684070792E+03
L5 0.8292519683E+03  0.3358007975E+03  0.2763268000E+03  0.1642500865E+03
L6 0.7763776839E+03  -.9050439575E+04  0.1381013309E+04  -.1050315521E+05
L7 0.0000000000E+00  0.1538856440E+01  0.1292302508E+02  0.9609986962E+01
L8 0.2642737777E+01  0.4170473281E+02  0.3282985927E+01  0.0000000000E+00
L9 0.0000000000E+00  0.0000000000E+00  0.0000000000E+00  0.9833811231E+00  0.0000000000E+00
L0    10000  0.2000000000E+02  -.7358737905E+04  0.1680609599E+04
L1 0.2973702287E+03  0.2973702287E+03  -.9039347504E+10  0.1000000000E+01
L2 0.1000000000E+01  0.3349973793E+02  0.3349973793E+02  0.3349973793E+02
L3 0.2894001276E+05  0.3309087095E+03  -.2028479395E+03  0.1572758828E+03
L4 0.9511221759E+02  0.3010722071E+03  0.2753298829E+03  0.2887169971E+03
L5 0.8651190871E+03  0.2321493144E+03  0.3175798037E+03  0.2559589932E+03
L6 0.8056881113E+03  -.9039347504E+04  0.1375577195E+04  -.1049133261E+05
L7 0.0000000000E+00  0.3807674625E+01  0.1073742660E+02  0.1015571825E+02
L8 0.2147673214E+01  0.4566958149E+02  0.3889833475E+01  0.0000000000E+00
L9 0.0000000000E+00  0.0000000000E+00  0.0000000000E+00  0.9789651234E+00  0.0000000000E+00
