L0  Nsteps           time(ps)         Etot             EKinetic        
L1  Temp             T_solute         T_solv           Pres_scal_solu  
L2  Pres_scal_solv   BoxX             BoxY             BoxZ            
L3  volume           pres_X           pres_Y           pres_Z          
L4  Pressure         EKCoM_x          EKCoM_y          EKCoM_z         
L5  EKComTot         VIRIAL_x         VIRIAL_y         VIRIAL_z        
L6  VIRIAL_tot       E_pot            E_vdw            E_el            
L7  E_hbon           E_bon            E_angle          E_dih           
L8  E_14vdw          E_14el           E_const          E_pol           
L9  AV_permMoment    AV_indMoment     AV_totMoment     Density          dV/dlambda      
L0     1000  0.2000000000E+01  -.7027458884E+04  0.1638852441E+04
L1 0.2965508019E+03  0.2965508019E+03  -.8666311325E+10  0.1000000000E+01
L2 0.1000000000E+01  0.3420524073E+02  0.3420524073E+02  0.3420524073E+02
L3 0.3080913410E+05  -.8561606654E+03  -.8286259397E+03  -.1245314130E+03
L4 -.6031060060E+03  0.2798135636E+03  0.2714099657E+03  0.2768749964E+03
L5 0.8280985257E+03  0.4696551453E+03  0.4551461095E+03  0.3044880852E+03
L6 0.1229289340E+04  -.8666311325E+04  0.1321472715E+04  -.1006226772E+05
L7 0.0000000000E+00  0.1210559027E+01  0.6890599116E+01  0.1233123535E+02
L8 0.2795839750E+01  0.4833986223E+02  0.2915587794E+01  0.0000000000E+00
L9 0.0000000000E+00  0.0000000000E+00  0.0000000000E+00  0.8991817442E+00  0.0000000000E+00
L0     2000  0.4000000000E+01  -.7084611950E+04  0.1619715163E+04
L1 0.2930879061E+03  0.2930879061E+03  -.8704327114E+10  0.1000000000E+01
L2 0.1000000000E+01  0.3367544091E+02  0.3367544091E+02  0.3367544091E+02
L3 0.2939783800E+05  0.1076075176E+03  0.4555959532E+03  -.3577027772E+03
L4 0.6850023118E+02  0.2458656367E+03  0.2748267902E+03  0.2786273913E+03
L5 0.7993198181E+03  0.2230981765E+03  0.1784323845E+03  0.3543096847E+03
L6 0.7558402457E+03  -.8704327114E+04  0.1336309744E+04  -.1012074439E+05
L7 0.0000000000E+00  0.2374581180E+01  0.7836217426E+01  0.1527438735E+02
L8 0.3783363882E+01  0.4950899810E+02  0.1329987221E+01  0.0000000000E+00
L9 0.0000000000E+00  0.0000000000E+00  0.0000000000E+00  0.9423485816E+00  0.0000000000E+00
L0     3000  0.6000000000E+01  -.7122184650E+04  0.1658793351E+04
L1 0.3001591151E+03  0.3001591151E+03  -.8780978001E+10  0.1000000000E+01
L2 0.1000000000E+01  0.3335665397E+02  0.3335665397E+02  0.3335665397E+02
L3 0.2857079024E+05  -.6332398842E+02  0.3335716338E+03  -.9997007280E+01
L4 0.8675021271E+02  0.2781688885E+03  0.2906056271E+03  0.2729183296E+03
L5 0.8416928453E+03  0.2911899711E+03  0.2220144992E+03  0.2749739780E+03
L6 0.7881784483E+03  -.8780978001E+04  0.1342290721E+04  -.1020267883E+05
L7 0.0000000000E+00  0.2361825796E+01  0.7825019931E+01  0.1291378791E+02
L8 0.2779061277E+01  0.4908097219E+02  0.4449442904E+01  0.0000000000E+00
L9 0.0000000000E+00  0.0000000000E+00  0.0000000000E+00  0.9696270458E+00  0.0000000000E+00
L0     4000  0.8000000000E+01  -.7151106580E+04  0.1656053792E+04
L1 0.2996633910E+03  0.2996633910E+03  -.8807160372E+10  0.1000000000E+01
L2 0.1000000000E+01  0.3326254166E+02  0.3326254166E+02  0.3326254166E+02
L3 0.2833029808E+05  0.1211379474E+03  -.3121998871E+03  -.3258716495E+03
L4 -.1723111964E+03  0.2771491091E+03  0.2910153120E+03  0.2779987614E+03
L5 0.8461631825E+03  0.2524496221E+03  0.3546714763E+03  0.3444425370E+03
L6 0.9515636353E+03  -.8807160372E+04  0.1295944456E+04  -.1018326418E+05
L7 0.0000000000E+00  0.2666236958E+01  0.8651408210E+01  0.1196066878E+02
L8 0.4868424622E+01  0.5023498327E+02  0.1777630845E+01  0.0000000000E+00
L9 0.0000000000E+00  0.0000000000E+00  0.0000000000E+00  0.9778580820E+00  0.0000000000E+00
L0     5000  0.1000000000E+02  -.7073452064E+04  0.1658332904E+04
L1 0.3000757971E+03  0.3000757971E+03  -.8731784968E+10  0.1000000000E+01
L2 0.1000000000E+01  0.3321887530E+02  0.3321887530E+02  0.3321887530E+02
L3 0.2821933841E+05  -.1536970615E+03  -.1008544059E+04  0.8735867274E+02
L4 -.3582941493E+03  0.2790483119E+03  0.2831988638E+03  0.2842694715E+03
L5 0.8465166472E+03  0.3102637168E+03  0.4880310891E+03  0.2665271912E+03
L6 0.1064821997E+04  -.8731784968E+04  0.1239907083E+04  -.1004619559E+05
L7 0.0000000000E+00  0.1543631835E+01  0.7848078133E+01  0.1174262213E+02
L8 0.2516289592E+01  0.4801577883E+02  0.2837143244E+01  0.0000000000E+00
L9 0.0000000000E+00  0.0000000000E+00  0.0000000000E+00  0.9817030626E+00  0.0000000000E+00
L0     6000  0.1200000000E+02  -.7138789084E+04  0.1674648935E+04
L1 0.3030281874E+03  0.3030281874E+03  -.8813438019E+10  0.1000000000E+01
L2 0.1000000000E+01  0.3319768794E+02  0.3319768794E+02  0.3319768794E+02
L3 0.2816562895E+05  -.1614388968E+04  -.7098950118E+02  0.3096889427E+03
L4 -.4585631756E+03  0.2593432988E+03  0.2668364083E+03  0.2667172922E+03
L5 0.7928969993E+03  0.5865967347E+03  0.2812267185E+03  0.2039401223E+03
L6 0.1071763576E+04  -.8813438019E+04  0.1253636143E+04  -.1014092055E+05
L7 0.0000000000E+00  0.1054149963E+01  0.6255758875E+01  0.1145282387E+02
L8 0.3642508846E+01  0.4854485585E+02  0.2896288008E+01  0.0000000000E+00
L9 0.0000000000E+00  0.0000000000E+00  0.0000000000E+00  0.9835750868E+00  0.0000000000E+00
L0     7000  0.1400000000E+02  -.7106594356E+04  0.1619675686E+04
L1 0.2930807628E+03  0.2930807628E+03  -.8726270042E+10  0.1000000000E+01
L2 0.1000000000E+01  0.3318148962E+02  0.3318148962E+02  0.3318148962E+02
L3 0.2812370591E+05  -.2564850187E+03  0.2554202632E+02  -.2907709032E+03
L4 -.1739046318E+03  0.2672134696E+03  0.2679820217E+03  0.2590690048E+03
L5 0.7942644961E+03  0.3191282631E+03  0.2628120940E+03  0.3179235588E+03
L6 0.8998639159E+03  -.8726270042E+04  0.1250530690E+04  -.1005767979E+05
L7 0.0000000000E+00  0.4856249822E+01  0.7845889545E+01  0.1131138050E+02
L8 0.3126042255E+01  0.4699356391E+02  0.6745929348E+01  0.0000000000E+00
L9 0.0000000000E+00  0.0000000000E+00  0.0000000000E+00  0.9850412683E+00  0.0000000000E+00
L0     8000  0.1600000000E+02  -.7153118323E+04  0.1671692391E+04
L1 0.3024931999E+03  0.3024931999E+03  -.8824810714E+10  0.1000000000E+01
L2 0.1000000000E+01  0.3309773603E+02  0.3309773603E+02  0.3309773603E+02
L3 0.2791197209E+05  -.5961624534E+03  -.5178622174E+03  -.2399254346E+03
L4 -.4513167018E+03  0.2729002697E+03  0.2477663174E+03  0.2823513617E+03
L5 0.8030179487E+03  0.3926602519E+03  0.3517969714E+03  0.3305487374E+03
L6 0.1075005961E+04  -.8824810714E+04  0.1257339037E+04  -.1015813045E+05
L7 0.0000000000E+00  0.3634060872E+01  0.1032095866E+02  0.1004663889E+02
L8 0.2916727630E+01  0.4601462352E+02  0.3047693414E+01  0.0000000000E+00
L9 0.0000000000E+00  0.0000000000E+00  0.0000000000E+00  0.9925135655E+00  0.0000000000E+00
L0     9000  0.1800000000E+02  -.7207223260E+04  0.1663320169E+04
L1 0.3009782440E+03  0.3009782440E+03  -.8870543429E+10  0.1000000000E+01
L2 0.1000000000E+01  0.3312322006E+02  0.3312322006E+02  0.3312322006E+02
L3 0.2797459207E+05  0.1231998125E+03  0.4313251742E+03  0.3795779133E+03
L4 0.3113676334E+03  0.2534909172E+03  0.2808237282E+03  0.2724973000E+03
L5 0.8068119454E+03  0.2286864222E+03  0.1939826617E+03  0.1960747937E+03
L6 0.6187438776E+03  -.8870543429E+04  0.1351531450E+04  -.1029438775E+05
L7 0.0000000000E+00  0.2822587297E+01  0.7750845789E+01  0.1079066496E+02
L8 0.2453449091E+01  0.4645574543E+02  0.2039575728E+01  0.0000000000E+00
L9 0.0000000000E+00  0.0000000000E+00  0.0000000000E+00  0.9902918645E+00  0.0000000000E+00
L0    10000  0.2000000000E+02  -.7219442882E+04  0.1655833927E+04
L1 0.2996236065E+03  0.2996236065E+03  -.8875276809E+10  0.1000000000E+01
L2 0.1000000000E+01  0.3320214882E+02  0.3320214882E+02  0.3320214882E+02
L3 0.2817630220E+05  -.1611259585E+02  -.9169692034E+03  0.3718941520E+03
L4 -.1870625491E+03  0.2727975753E+03  0.2755004617E+03  0.2925351904E+03
L5 0.8408332274E+03  0.2760650038E+03  0.4614500952E+03  0.2171198101E+03
L6 0.9546349091E+03  -.8875276809E+04  0.1316277518E+04  -.1026788062E+05
L7 0.0000000000E+00  0.3886777218E+01  0.7182410529E+01  0.1185846698E+02
L8 0.3886107751E+01  0.4715827825E+02  0.2354256049E+01  0.0000000000E+00
L9 0.0000000000E+00  0.0000000000E+00  0.0000000000E+00  0.9832025061E+00  0.0000000000E+00
