L0  Nsteps           time(ps)         Etot             EKinetic        
L1  Temp             T_solute         T_solv           Pres_scal_solu  
L2  Pres_scal_solv   BoxX             BoxY             BoxZ            
L3  volume           pres_X           pres_Y           pres_Z          
L4  Pressure         EKCoM_x          EKCoM_y          EKCoM_z         
L5  EKComTot         VIRIAL_x         VIRIAL_y         VIRIAL_z        
L6  VIRIAL_tot       E_pot            E_vdw            E_el            
L7  E_hbon           E_bon            E_angle          E_dih           
L8  E_14vdw          E_14el           E_const          E_pol           
L9  AV_permMoment    AV_indMoment     AV_totMoment     Density          dV/dlambda      
L0     1000  0.2000000000E+01  -.6906434689E+04  0.1716006133E+04
L1 0.3121956871E+03  0.3121956871E+03  -.8622440822E+10  0.1000000000E+01
L2 0.1000000000E+01  0.3414039582E+02  0.3414039582E+02  0.3414039582E+02
L3 0.3063574596E+05  -.7317720140E+03  -.1698431818E+04  -.1025767184E+04
L4 -.1151990339E+04  0.2834521383E+03  0.2923670198E+03  0.2758208283E+03
L5 0.8516399863E+03  0.4447991164E+03  0.6668509248E+03  0.5019902257E+03
L6 0.1613640267E+04  -.8622440822E+04  0.1228635955E+04  -.9932409499E+04
L7 0.0000000000E+00  0.7911324638E+01  0.8809778278E+01  0.1320102888E+02
L8 0.4079834323E+01  0.4571578449E+02  0.1614971805E+01  0.0000000000E+00
L9 0.0000000000E+00  0.0000000000E+00  0.0000000000E+00  0.8993881564E+00  0.0000000000E+00
L0     2000  0.4000000000E+01  -.6980638130E+04  0.1605203972E+04
L1 0.2920372762E+03  0.2920372762E+03  -.8585842102E+10  0.1000000000E+01
L2 0.1000000000E+01  0.3359200033E+02  0.3359200033E+02  0.3359200033E+02
L3 0.2918010589E+05  0.1277670072E+03  -.3742275039E+03  0.1619309651E+03
L4 -.2817651054E+02  0.2681268271E+03  0.2595696504E+03  0.2707937280E+03
L5 0.7984902056E+03  0.2412942636E+03  0.3381617962E+03  0.2367863344E+03
L6 0.8162423943E+03  -.8585842102E+04  0.1292930602E+04  -.9950555485E+04
L7 0.0000000000E+00  0.2228614262E+01  0.9488178757E+01  0.9091695665E+01
L8 0.3273678245E+01  0.4532080335E+02  0.2379810075E+01  0.0000000000E+00
L9 0.0000000000E+00  0.0000000000E+00  0.0000000000E+00  0.9442538414E+00  0.0000000000E+00
L0     3000  0.6000000000E+01  -.7096341514E+04  0.1628259676E+04
L1 0.2962318366E+03  0.2962318366E+03  -.8724601190E+10  0.1000000000E+01
L2 0.1000000000E+01  0.3330119589E+02  0.3330119589E+02  0.3330119589E+02
L3 0.2842827936E+05  -.9891436304E+03  0.8930095892E+03  0.6451596546E+03
L4 0.1830085378E+03  0.2660459970E+03  0.2543326072E+03  0.2723557951E+03
L5 0.7927343993E+03  0.4684254945E+03  0.7162220360E+02  0.1403556662E+03
L6 0.6804033643E+03  -.8724601190E+04  0.1351839190E+04  -.1015219243E+05
L7 0.0000000000E+00  0.2355027636E+01  0.1102676686E+02  0.1250716526E+02
L8 0.3525687455E+01  0.4312966754E+02  0.3207736126E+01  0.0000000000E+00
L9 0.0000000000E+00  0.0000000000E+00  0.0000000000E+00  0.9692259855E+00  0.0000000000E+00
L0     4000  0.8000000000E+01  -.7132135083E+04  0.1618819187E+04
L1 0.2945143136E+03  0.2945143136E+03  -.8750954270E+10  0.1000000000E+01
L2 0.1000000000E+01  0.3314952368E+02  0.3314952368E+02  0.3314952368E+02
L3 0.2804239503E+05  -.3855032177E+03  0.3264895007E+03  -.3321656621E+03
L4 -.1303931263E+03  0.2481101261E+03  0.2571691416E+03  0.2562912560E+03
L5 0.7615705237E+03  0.3259137257E+03  0.1912758955E+03  0.3233300847E+03
L6 0.8405197059E+03  -.8750954270E+04  0.1287080426E+04  -.1011290455E+05
L7 0.0000000000E+00  0.3103741479E+01  0.4696616722E+01  0.1032194640E+02
L8 0.4015943044E+01  0.4809650216E+02  0.4635101834E+01  0.0000000000E+00
L9 0.0000000000E+00  0.0000000000E+00  0.0000000000E+00  0.9825632599E+00  0.0000000000E+00
L0     5000  0.1000000000E+02  -.7120513912E+04  0.1598300435E+04
L1 0.2907813048E+03  0.2907813048E+03  -.8718814346E+10  0.1000000000E+01
L2 0.1000000000E+01  0.3312826149E+02  0.3312826149E+02  0.3312826149E+02
L3 0.2798776195E+05  0.1615443098E+03  0.6616733751E+03  -.3632564460E+03
L4 0.1533204130E+03  0.2816261624E+03  0.2768940824E+03  0.2581476549E+03
L5 0.8166678997E+03  0.2490862473E+03  0.1436130307E+03  0.3313185016E+03
L6 0.7240177797E+03  -.8718814346E+04  0.1301376514E+04  -.1010119338E+05
L7 0.0000000000E+00  0.3648968750E+01  0.1296186768E+02  0.1031932533E+02
L8 0.2942753643E+01  0.4646043840E+02  0.4669166025E+01  0.0000000000E+00
L9 0.0000000000E+00  0.0000000000E+00  0.0000000000E+00  0.9844812576E+00  0.0000000000E+00
L0     6000  0.1200000000E+02  -.7241696542E+04  0.1610729901E+04
L1 0.2930426172E+03  0.2930426172E+03  -.8852426444E+10  0.1000000000E+01
L2 0.1000000000E+01  0.3308653183E+02  0.3308653183E+02  0.3308653183E+02
L3 0.2788156704E+05  0.3052061721E+03  0.5382195696E+03  0.2976235132E+03
L4 0.3803497516E+03  0.2893499950E+03  0.2561967140E+03  0.2744658283E+03
L5 0.8200125373E+03  0.2281054982E+03  0.1481943545E+03  0.2147429132E+03
L6 0.5910427659E+03  -.8852426444E+04  0.1386849449E+04  -.1031003622E+05
L7 0.0000000000E+00  0.5094570497E+01  0.8193388998E+01  0.8690408711E+01
L8 0.3492037413E+01  0.4302327946E+02  0.2266642857E+01  0.0000000000E+00
L9 0.0000000000E+00  0.0000000000E+00  0.0000000000E+00  0.9882309356E+00  0.0000000000E+00
L0     7000  0.1400000000E+02  -.6984543289E+04  0.1709457799E+04
L1 0.3110043385E+03  0.3110043385E+03  -.8694001088E+10  0.1000000000E+01
L2 0.1000000000E+01  0.3308976653E+02  0.3308976653E+02  0.3308976653E+02
L3 0.2789073174E+05  -.2211952725E+03  -.3540072965E+03  0.5267785226E+03
L4 -.1614134882E+02  0.2922691544E+03  0.2764761279E+03  0.2988277338E+03
L5 0.8675730160E+03  0.3366701112E+03  0.3475367004E+03  0.1930864574E+03
L6 0.8772932689E+03  -.8694001088E+04  0.1246976306E+04  -.1001524514E+05
L7 0.0000000000E+00  0.2808339257E+01  0.1349106973E+02  0.1052629416E+02
L8 0.3374559248E+01  0.4006858241E+02  0.3998904447E+01  0.0000000000E+00
L9 0.0000000000E+00  0.0000000000E+00  0.0000000000E+00  0.9879062096E+00  0.0000000000E+00
L0     8000  0.1600000000E+02  -.7182384381E+04  0.1620552561E+04
L1 0.2948296690E+03  0.2948296690E+03  -.8802936942E+10  0.1000000000E+01
L2 0.1000000000E+01  0.3312710418E+02  0.3312710418E+02  0.3312710418E+02
L3 0.2798547684E+05  0.6055714971E+03  -.7992264438E+02  -.8444260867E+03
L4 -.1062590780E+03  0.2733163672E+03  0.2839496136E+03  0.2507621091E+03
L5 0.8080280899E+03  0.1513458917E+03  0.3000471396E+03  0.4208412027E+03
L6 0.8722342340E+03  -.8802936942E+04  0.1306481698E+04  -.1018520142E+05
L7 0.0000000000E+00  0.5857433607E+01  0.8759903967E+01  0.1058839302E+02
L8 0.2686346015E+01  0.4502249161E+02  0.2868208454E+01  0.0000000000E+00
L9 0.0000000000E+00  0.0000000000E+00  0.0000000000E+00  0.9845616437E+00  0.0000000000E+00
L0     9000  0.1800000000E+02  -.7234595740E+04  0.1621715017E+04
L1 0.2950411566E+03  0.2950411566E+03  -.8856310758E+10  0.1000000000E+01
L2 0.1000000000E+01  0.3310599894E+02  0.3310599894E+02  0.3310599894E+02
L3 0.2793050174E+05  0.7083629007E+03  0.3431981237E+03  0.4607052378E+03
L4 0.5040887541E+03  0.2811603474E+03  0.2490767244E+03  0.2788217272E+03
L5 0.8090587990E+03  0.1387665327E+03  0.1800876652E+03  0.1862116029E+03
L6 0.5050658007E+03  -.8856310758E+04  0.1396668929E+04  -.1033115622E+05
L7 0.0000000000E+00  0.3149710622E+01  0.9883618754E+01  0.1153852129E+02
L8 0.2942205627E+01  0.4581843012E+02  0.4844049681E+01  0.0000000000E+00
L9 0.0000000000E+00  0.0000000000E+00  0.0000000000E+00  0.9864995385E+00  0.0000000000E+00
L0    10000  0.2000000000E+02  -.7130276549E+04  0.1638962437E+04
L1 0.2981790068E+03  0.2981790068E+03  -.8769238986E+10  0.1000000000E+01
L2 0.1000000000E+01  0.3313138720E+02  0.3313138720E+02  0.3313138720E+02
L3 0.2799598511E+05  0.1169734326E+03  -.2737941440E+03  0.2559718956E+03
L4 0.3305039474E+02  0.2954183417E+03  0.2599047656E+03  0.2756853552E+03
L5 0.8310084625E+03  0.2718494279E+03  0.3150714000E+03  0.2241097160E+03
L6 0.8110305439E+03  -.8769238986E+04  0.1312318150E+04  -.1016078466E+05
L7 0.0000000000E+00  0.6377635004E+01  0.1060804902E+02  0.1527736669E+02
L8 0.2715133239E+01  0.4225456517E+02  0.1994775545E+01  0.0000000000E+00
L9 0.0000000000E+00  0.0000000000E+00  0.0000000000E+00  0.9841920892E+00  0.0000000000E+00
