L0  Nsteps           time(ps)         Etot             EKinetic        
L1  Temp             T_solute         T_solv           Pres_scal_solu  
L2  Pres_scal_solv   BoxX             BoxY             BoxZ            
L3  volume           pres_X           pres_Y           pres_Z          
L4  Pressure         EKCoM_x          EKCoM_y          EKCoM_z         
L5  EKComTot         VIRIAL_x         VIRIAL_y         VIRIAL_z        
L6  VIRIAL_tot       E_pot            E_vdw            E_el            
L7  E_hbon           E_bon            E_angle          E_dih           
L8  E_14vdw          E_14el           E_const          E_pol           
L9  AV_permMoment    AV_indMoment     AV_totMoment     Density          dV/dlambda      
L0     1000  0.2000000000E+01  -.7048963789E+04  0.1662555533E+04
L1 0.3005157020E+03  0.3005157020E+03  -.8711519321E+10  0.1000000000E+01
L2 0.1000000000E+01  0.3427162386E+02  0.3427162386E+02  0.3427162386E+02
L3 0.3098849910E+05  -.5270369912E+03  -.1995786319E+02  -.8716771993E+03
L4 -.4728906846E+03  0.3022553791E+03  0.2703798011E+03  0.2723536718E+03
L5 0.8449888520E+03  0.4197987714E+03  0.2748309401E+03  0.4667610791E+03
L6 0.1161390791E+04  -.8711519321E+04  0.1326559138E+04  -.1011256302E+05
L7 0.0000000000E+00  0.4781630271E+01  0.5830118339E+01  0.1004184343E+02
L8 0.3649182932E+01  0.4866565365E+02  0.1516127602E+01  0.0000000000E+00
L9 0.0000000000E+00  0.0000000000E+00  0.0000000000E+00  0.8949425922E+00  0.0000000000E+00
L0     2000  0.4000000000E+01  -.7040188671E+04  0.1687188772E+04
L1 0.3049682901E+03  0.3049682901E+03  -.8727377443E+10  0.1000000000E+01
L2 0.1000000000E+01  0.3363519888E+02  0.3363519888E+02  0.3363519888E+02
L3 0.2929429806E+05  -.7115148866E+03  -.3419207194E+03  -.7216143752E+03
L4 -.5916833271E+03  0.2676117587E+03  0.2905745601E+03  0.2763655889E+03
L5 0.8345519076E+03  0.4176229524E+03  0.3626629117E+03  0.4285060934E+03
L6 0.1208791957E+04  -.8727377443E+04  0.1266888560E+04  -.1007486297E+05
L7 0.0000000000E+00  0.2306064986E+01  0.1066849697E+02  0.1177851187E+02
L8 0.2839791949E+01  0.4735217495E+02  0.5651923899E+01  0.0000000000E+00
L9 0.0000000000E+00  0.0000000000E+00  0.0000000000E+00  0.9467005373E+00  0.0000000000E+00
L0     3000  0.6000000000E+01  -.7082869232E+04  0.1655554151E+04
L1 0.2992501652E+03  0.2992501652E+03  -.8738423383E+10  0.1000000000E+01
L2 0.1000000000E+01  0.3334777238E+02  0.3334777238E+02  0.3334777238E+02
L3 0.2854882526E+05  0.3243907073E+03  -.8214076420E+03  -.2450620980E+03
L4 -.2473596775E+03  0.2881364039E+03  0.2684332846E+03  0.2470265160E+03
L5 0.8035962046E+03  0.2214843975E+03  0.4372065144E+03  0.2973790081E+03
L6 0.9560699200E+03  -.8738423383E+04  0.1283070263E+04  -.1009703727E+05
L7 0.0000000000E+00  0.3465429986E+01  0.1260442832E+02  0.1147330773E+02
L8 0.2166594302E+01  0.4291340116E+02  0.2920467133E+01  0.0000000000E+00
L9 0.0000000000E+00  0.0000000000E+00  0.0000000000E+00  0.9714209767E+00  0.0000000000E+00
L0     4000  0.8000000000E+01  -.7138232271E+04  0.1703134791E+04
L1 0.3078506174E+03  0.3078506174E+03  -.8841367062E+10  0.1000000000E+01
L2 0.1000000000E+01  0.3323746262E+02  0.3323746262E+02  0.3323746262E+02
L3 0.2826533845E+05  0.2496841169E+03  0.2393630325E+03  0.9718124952E+02
L4 0.1954094663E+03  0.2898415689E+03  0.2959680673E+03  0.2800322851E+03
L5 0.8658419214E+03  0.2390488236E+03  0.2472749198E+03  0.2602628960E+03
L6 0.7465866394E+03  -.8841367062E+04  0.1339235228E+04  -.1025648416E+05
L7 0.0000000000E+00  0.2729403882E+01  0.7657436111E+01  0.1061957191E+02
L8 0.3552553638E+01  0.4865420833E+02  0.2668700066E+01  0.0000000000E+00
L9 0.0000000000E+00  0.0000000000E+00  0.0000000000E+00  0.9811638295E+00  0.0000000000E+00
L0     5000  0.1000000000E+02  -.7174048039E+04  0.1635028350E+04
L1 0.2955400181E+03  0.2955400181E+03  -.8809076389E+10  0.1000000000E+01
L2 0.1000000000E+01  0.3317347088E+02  0.3317347088E+02  0.3317347088E+02
L3 0.2810196253E+05  0.1142579963E+04  -.2740967613E+03  0.2361416937E+03
L4 0.3682082986E+03  0.2701198494E+03  0.2828536507E+03  0.2606212039E+03
L5 0.8135947039E+03  0.3903055083E+02  0.3382903206E+03  0.2128610294E+03
L6 0.5901819009E+03  -.8809076389E+04  0.1356784359E+04  -.1025190452E+05
L7 0.0000000000E+00  0.4006590983E+01  0.1540986614E+02  0.1140652423E+02
L8 0.2945554228E+01  0.5024635464E+02  0.2028883461E+01  0.0000000000E+00
L9 0.0000000000E+00  0.0000000000E+00  0.0000000000E+00  0.9868680053E+00  0.0000000000E+00
L0     6000  0.1200000000E+02  -.7135388774E+04  0.1646918170E+04
L1 0.2976891660E+03  0.2976891660E+03  -.8782306944E+10  0.1000000000E+01
L2 0.1000000000E+01  0.3320382796E+02  0.3320382796E+02  0.3320382796E+02
L3 0.2817940338E+05  -.3388027763E+03  0.6826000399E+03  0.4960970800E+03
L4 0.2799647812E+03  0.2830350482E+03  0.2806008467E+03  0.2782213411E+03
L5 0.8418572360E+03  0.3517474824E+03  0.1421630486E+03  0.1776081219E+03
L6 0.6715186530E+03  -.8782306944E+04  0.1326572161E+04  -.1018981439E+05
L7 0.0000000000E+00  0.5412954284E+01  0.7908935022E+01  0.1166668918E+02
L8 0.3202306295E+01  0.4922372223E+02  0.3520678642E+01  0.0000000000E+00
L9 0.0000000000E+00  0.0000000000E+00  0.0000000000E+00  0.9841559576E+00  0.0000000000E+00
L0     7000  0.1400000000E+02  -.7093270589E+04  0.1687011734E+04
L1 0.3049362897E+03  0.3049362897E+03  -.8780282323E+10  0.1000000000E+01
L2 0.1000000000E+01  0.3319688242E+02  0.3319688242E+02  0.3319688242E+02
L3 0.2816153958E+05  0.5229197814E+02  0.1221852761E+03  0.8850171169E+03
L4 0.3531647904E+03  0.2973255737E+03  0.2793604185E+03  0.2776167302E+03
L5 0.8543027224E+03  0.2867269849E+03  0.2545957882E+03  0.9824060259E+02
L6 0.6395633757E+03  -.8780282323E+04  0.1332597012E+04  -.1019117687E+05
L7 0.0000000000E+00  0.6142342532E+01  0.1059690695E+02  0.1111544326E+02
L8 0.3485514086E+01  0.4503004772E+02  0.1927279705E+01  0.0000000000E+00
L9 0.0000000000E+00  0.0000000000E+00  0.0000000000E+00  0.9847802401E+00  0.0000000000E+00
L0     8000  0.1600000000E+02  -.7259504653E+04  0.1636330752E+04
L1 0.2957754342E+03  0.2957754342E+03  -.8895835405E+10  0.1000000000E+01
L2 0.1000000000E+01  0.3312432234E+02  0.3312432234E+02  0.3312432234E+02
L3 0.2797707173E+05  -.1492189635E+02  -.6231749555E+02  0.1387911193E+04
L4 0.4368906004E+03  0.2651298011E+03  0.2714183196E+03  0.2977633581E+03
L5 0.8343114788E+03  0.2681343748E+03  0.2839661554E+03  0.1830280473E+02
L6 0.5704033349E+03  -.8895835405E+04  0.1399559420E+04  -.1037571098E+05
L7 0.0000000000E+00  0.2278122076E+01  0.1087584684E+02  0.1049477594E+02
L8 0.4257921155E+01  0.4877307106E+02  0.3636418699E+01  0.0000000000E+00
L9 0.0000000000E+00  0.0000000000E+00  0.0000000000E+00  0.9912734248E+00  0.0000000000E+00
L0     9000  0.1800000000E+02  -.7097094268E+04  0.1690722145E+04
L1 0.3056069661E+03  0.3056069661E+03  -.8787816413E+10  0.1000000000E+01
L2 0.1000000000E+01  0.3312482166E+02  0.3312482166E+02  0.3312482166E+02
L3 0.2798000865E+05  -.2133407779E+03  -.3694711371E+03  -.1159973624E+03
L4 -.2329364258E+03  0.2879302139E+03  0.2680381371E+03  0.2750436712E+03
L5 0.8310120222E+03  0.3308916013E+03  0.3424401939E+03  0.2984025794E+03
L6 0.9717343747E+03  -.8787816413E+04  0.1256881202E+04  -.1011771781E+05
L7 0.0000000000E+00  0.4728197399E+01  0.5775017494E+01  0.1164317100E+02
L8 0.2836486873E+01  0.4541280550E+02  0.2624518217E+01  0.0000000000E+00
L9 0.0000000000E+00  0.0000000000E+00  0.0000000000E+00  0.9911693758E+00  0.0000000000E+00
L0    10000  0.2000000000E+02  -.7141929559E+04  0.1694378371E+04
L1 0.3062678483E+03  0.3062678483E+03  -.8836307930E+10  0.1000000000E+01
L2 0.1000000000E+01  0.3318375982E+02  0.3318375982E+02  0.3318375982E+02
L3 0.2812899637E+05  0.2804952647E+03  0.4079032977E+03  -.6333297893E+03
L4 0.1835625771E+02  0.2830595409E+03  0.2695514582E+03  0.2839296368E+03
L5 0.8365406359E+03  0.2262741851E+03  0.1869727598E+03  0.4121451966E+03
L6 0.8253921415E+03  -.8836307930E+04  0.1302559183E+04  -.1021206990E+05
L7 0.0000000000E+00  0.3042244709E+01  0.4405374853E+01  0.1182285271E+02
L8 0.2962244399E+01  0.4905986777E+02  0.1910205943E+01  0.0000000000E+00
L9 0.0000000000E+00  0.0000000000E+00  0.0000000000E+00  0.9859195594E+00  0.0000000000E+00
