L0  Nsteps           time(ps)         Etot             EKinetic        
L1  Temp             T_solute         T_solv           Pres_scal_solu  
L2  Pres_scal_solv   BoxX             BoxY             BoxZ            
L3  volume           pres_X           pres_Y           pres_Z          
L4  Pressure         EKCoM_x          EKCoM_y          EKCoM_z         
L5  EKComTot         VIRIAL_x         VIRIAL_y         VIRIAL_z        
L6  VIRIAL_tot       E_pot            E_vdw            E_el            
L7  E_hbon           E_bon            E_angle          E_dih           
L8  E_14vdw          E_14el           E_const          E_pol           
L9  AV_permMoment    AV_indMoment     AV_totMoment     Density          dV/dlambda      
L0     1000  0.2000000000E+01  -.7224392440E+04  0.1634032357E+04
L1 0.2909703482E+03  0.2909703482E+03  -.8858424796E+10  0.1000000000E+01
L2 0.1000000000E+01  0.3431957799E+02  0.3431957799E+02  0.3431957799E+02
L3 0.3111901620E+05  -.4620846854E+03  -.9307331951E+03  -.3006150381E+03
L4 -.5644776396E+03  0.2691371542E+03  0.2582443940E+03  0.2987070977E+03
L5 0.8260886460E+03  0.3726284951E+03  0.4666971505E+03  0.3660346989E+03
L6 0.1205360344E+04  -.8858424796E+04  0.1356450812E+04  -.1028621672E+05
L7 0.0000000000E+00  0.6243288618E+01  0.8357042802E+01  0.1110267885E+02
L8 0.2071592231E+01  0.4082637445E+02  0.2740135357E+01  0.0000000000E+00
L9 0.0000000000E+00  0.0000000000E+00  0.0000000000E+00  0.9046482171E+00  0.0000000000E+00
L0     2000  0.4000000000E+01  -.7182114053E+04  0.1691589636E+04
L1 0.3012195097E+03  0.3012195097E+03  -.8873703688E+10  0.1000000000E+01
L2 0.1000000000E+01  0.3381352529E+02  0.3381352529E+02  0.3381352529E+02
L3 0.2976280483E+05  -.5398762004E+03  -.5989588259E+03  -.7451114615E+03
L4 -.6279821626E+03  0.2612273083E+03  0.2867571280E+03  0.2908708426E+03
L5 0.8388552789E+03  0.3768717115E+03  0.4150573493E+03  0.4504777491E+03
L6 0.1242406810E+04  -.8873703688E+04  0.1280473749E+04  -.1023170412E+05
L7 0.0000000000E+00  0.3784706202E+01  0.7499717081E+01  0.1195504637E+02
L8 0.3596690274E+01  0.4733500537E+02  0.3355516656E+01  0.0000000000E+00
L9 0.0000000000E+00  0.0000000000E+00  0.0000000000E+00  0.9458706157E+00  0.0000000000E+00
L0     3000  0.6000000000E+01  -.7235582143E+04  0.1639128604E+04
L1 0.2918778315E+03  0.2918778315E+03  -.8874710747E+10  0.1000000000E+01
L2 0.1000000000E+01  0.3351994821E+02  0.3351994821E+02  0.3351994821E+02
L3 0.2899299116E+05  -.2993245249E+01  -.3521208743E+02  -.3359729213E+03
L4 -.1247260847E+03  0.2717175471E+03  0.2764252869E+03  0.2754580890E+03
L5 0.8236009230E+03  0.2723421326E+03  0.2837728170E+03  0.3455638776E+03
L6 0.9016788272E+03  -.8874710747E+04  0.1297406269E+04  -.1025733351E+05
L7 0.0000000000E+00  0.1614475795E+01  0.1073037654E+02  0.1126634486E+02
L8 0.4149684912E+01  0.5056548856E+02  0.6890126714E+01  0.0000000000E+00
L9 0.0000000000E+00  0.0000000000E+00  0.0000000000E+00  0.9709851037E+00  0.0000000000E+00
L0     4000  0.8000000000E+01  -.7266867662E+04  0.1705977443E+04
L1 0.3037815308E+03  0.3037815308E+03  -.8972845106E+10  0.1000000000E+01
L2 0.1000000000E+01  0.3335418339E+02  0.3335418339E+02  0.3335418339E+02
L3 0.2856481371E+05  0.2309523519E+03  0.2083346608E+03  -.6162196591E+03
L4 -.5897754879E+02  0.2748414554E+03  0.2882470090E+03  0.2898809633E+03
L5 0.8529694277E+03  0.2273614931E+03  0.2454168678E+03  0.4165654761E+03
L6 0.8893438370E+03  -.8972845106E+04  0.1320065067E+04  -.1037325814E+05
L7 0.0000000000E+00  0.4317815615E+01  0.1110451489E+02  0.1283909327E+02
L8 0.3068123739E+01  0.4654106278E+02  0.2477359886E+01  0.0000000000E+00
L9 0.0000000000E+00  0.0000000000E+00  0.0000000000E+00  0.9855398608E+00  0.0000000000E+00
L0     5000  0.1000000000E+02  -.7239484184E+04  0.1708200589E+04
L1 0.3041774040E+03  0.3041774040E+03  -.8947684773E+10  0.1000000000E+01
L2 0.1000000000E+01  0.3340128423E+02  0.3340128423E+02  0.3340128423E+02
L3 0.2868562564E+05  0.2112935930E+03  -.3496889947E+02  0.8257328685E+02
L4 0.8629932679E+02  0.2843321975E+03  0.2461107221E+03  0.2790057140E+03
L5 0.8094486336E+03  0.2407100307E+03  0.2533301515E+03  0.2619582226E+03
L6 0.7559984048E+03  -.8947684773E+04  0.1348789150E+04  -.1038046958E+05
L7 0.0000000000E+00  0.1849149638E+01  0.1534548843E+02  0.1265893907E+02
L8 0.2684440386E+01  0.4659132630E+02  0.4866317810E+01  0.0000000000E+00
L9 0.0000000000E+00  0.0000000000E+00  0.0000000000E+00  0.9813891764E+00  0.0000000000E+00
L0     6000  0.1200000000E+02  -.7256468809E+04  0.1679111306E+04
L1 0.2989975072E+03  0.2989975072E+03  -.8935580115E+10  0.1000000000E+01
L2 0.1000000000E+01  0.3342913498E+02  0.3342913498E+02  0.3342913498E+02
L3 0.2875756693E+05  -.5581562516E+02  -.9866815211E+02  0.2669013725E+03
L4 0.3747253173E+02  0.2621384423E+03  0.2913963248E+03  0.3007583657E+03
L5 0.8542931329E+03  0.2736906374E+03  0.3118177343E+03  0.2455176208E+03
L6 0.8310259925E+03  -.8935580115E+04  0.1319101784E+04  -.1032449647E+05
L7 0.0000000000E+00  0.2497427534E+01  0.7608875509E+01  0.1109166097E+02
L8 0.2087285914E+01  0.4521611558E+02  0.1313201185E+01  0.0000000000E+00
L9 0.0000000000E+00  0.0000000000E+00  0.0000000000E+00  0.9789340868E+00  0.0000000000E+00
L0     7000  0.1400000000E+02  -.7286848937E+04  0.1671044820E+04
L1 0.2975611169E+03  0.2975611169E+03  -.8957893757E+10  0.1000000000E+01
L2 0.1000000000E+01  0.3336208233E+02  0.3336208233E+02  0.3336208233E+02
L3 0.2858582400E+05  -.4501044051E+03  -.2378166317E+03  -.3259152310E+03
L4 -.3379454226E+03  0.2715958994E+03  0.2676115428E+03  0.2889745098E+03
L5 0.8281819520E+03  0.3641979404E+03  0.3165386478E+03  0.3560265431E+03
L6 0.1036763131E+04  -.8957893757E+04  0.1287703009E+04  -.1031790947E+05
L7 0.0000000000E+00  0.3737349911E+01  0.5469015427E+01  0.9886860439E+01
L8 0.2763328093E+01  0.4777578359E+02  0.2680370439E+01  0.0000000000E+00
L9 0.0000000000E+00  0.0000000000E+00  0.0000000000E+00  0.9848154990E+00  0.0000000000E+00
L0     8000  0.1600000000E+02  -.7264442694E+04  0.1665704439E+04
L1 0.2966101611E+03  0.2966101611E+03  -.8930147133E+10  0.1000000000E+01
L2 0.1000000000E+01  0.3327249198E+02  0.3327249198E+02  0.3327249198E+02
L3 0.2835742735E+05  -.6922720434E+03  -.5725077137E+03  -.1264860541E+04
L4 -.8432134328E+03  0.3048438003E+03  0.2916074914E+03  0.2530031820E+03
L5 0.8494544737E+03  0.4461301490E+03  0.4084510433E+03  0.5111495699E+03
L6 0.1365730762E+04  -.8930147133E+04  0.1195083205E+04  -.1020327824E+05
L7 0.0000000000E+00  0.1246335979E+01  0.5469159618E+01  0.1544104049E+02
L8 0.3198226609E+01  0.4851278095E+02  0.4180353955E+01  0.0000000000E+00
L9 0.0000000000E+00  0.0000000000E+00  0.0000000000E+00  0.9927474091E+00  0.0000000000E+00
L0     9000  0.1800000000E+02  -.7299715135E+04  0.1625321855E+04
L1 0.2894192788E+03  0.2894192788E+03  -.8925036990E+10  0.1000000000E+01
L2 0.1000000000E+01  0.3331544247E+02  0.3331544247E+02  0.3331544247E+02
L3 0.2846515441E+05  -.2159758321E+03  0.7371967586E+02  0.2496650383E+03
L4 0.3580296069E+02  0.2608292993E+03  0.2739147317E+03  0.2674977712E+03
L5 0.8022418022E+03  0.3050754281E+03  0.2588120684E+03  0.2163498656E+03
L6 0.7802373622E+03  -.8925036990E+04  0.1320720925E+04  -.1032382140E+05
L7 0.0000000000E+00  0.2411557457E+01  0.1084663359E+02  0.1088310223E+02
L8 0.2194803737E+01  0.4752393318E+02  0.4203452173E+01  0.0000000000E+00
L9 0.0000000000E+00  0.0000000000E+00  0.0000000000E+00  0.9889903327E+00  0.0000000000E+00
L0    10000  0.2000000000E+02  -.7276039270E+04  0.1706712533E+04
L1 0.3039124275E+03  0.3039124275E+03  -.8982751804E+10  0.1000000000E+01
L2 0.1000000000E+01  0.3335279865E+02  0.3335279865E+02  0.3335279865E+02
L3 0.2856149466E+05  0.4408963347E+03  -.2235435701E+03  -.6751497641E+03
L4 -.1525989998E+03  0.2857359020E+03  0.2875273465E+03  0.2752016176E+03
L5 0.8484648661E+03  0.1951054806E+03  0.3334788466E+03  0.4139850523E+03
L6 0.9425693794E+03  -.8982751804E+04  0.1334028813E+04  -.1039135210E+05
L7 0.0000000000E+00  0.3047646178E+01  0.1113330497E+02  0.1104072120E+02
L8 0.2149039487E+01  0.4450091588E+02  0.2699852050E+01  0.0000000000E+00
L9 0.0000000000E+00  0.0000000000E+00  0.0000000000E+00  0.9856543874E+00  0.0000000000E+00
