L0  Nsteps           time(ps)         Etot             EKinetic        
L1  Temp             T_solute         T_solv           Pres_scal_solu  
L2  Pres_scal_solv   BoxX             BoxY             BoxZ            
L3  volume           pres_X           pres_Y           pres_Z          
L4  Pressure         EKCoM_x          EKCoM_y          EKCoM_z         
L5  EKComTot         VIRIAL_x         VIRIAL_y         VIRIAL_z        
L6  VIRIAL_tot       E_pot            E_vdw            E_el            
L7  E_hbon           E_bon            E_angle          E_dih           
L8  E_14vdw          E_14el           E_const          E_pol           
L9  AV_permMoment    AV_indMoment     AV_totMoment     Density          dV/dlambda      
L0     1000  0.2000000000E+01  -.7120918941E+04  0.1598732052E+04
L1 0.2896034157E+03  0.2896034157E+03  -.8719650993E+10  0.1000000000E+01
L2 0.1000000000E+01  0.3411112983E+02  0.3411112983E+02  0.3411112983E+02
L3 0.3055587740E+05  -.4117572239E+03  -.9396248082E+03  -.8379375786E+03
L4 -.7297732035E+03  0.2642107345E+03  0.2657061890E+03  0.2734336901E+03
L5 0.8033506137E+03  0.3547615918E+03  0.4723421068E+03  0.4577072418E+03
L6 0.1284810940E+04  -.8719650993E+04  0.1287506014E+04  -.1007785704E+05
L7 0.0000000000E+00  0.4260048087E+01  0.4568297331E+01  0.1227040249E+02
L8 0.2624895486E+01  0.4582039760E+02  0.1155993561E+01  0.0000000000E+00
L9 0.0000000000E+00  0.0000000000E+00  0.0000000000E+00  0.9056553606E+00  0.0000000000E+00
L0     2000  0.4000000000E+01  -.6952881480E+04  0.1727206712E+04
L1 0.3128760462E+03  0.3128760462E+03  -.8680088192E+10  0.1000000000E+01
L2 0.1000000000E+01  0.3362744740E+02  0.3362744740E+02  0.3362744740E+02
L3 0.2927273357E+05  -.5974800666E+03  -.1765434643E+03  0.5107467250E+03
L4 -.8775893529E+02  0.2863006223E+03  0.2906070597E+03  0.2976979657E+03
L5 0.8746056478E+03  0.4121767229E+03  0.3278009413E+03  0.1900947004E+03
L6 0.9300723647E+03  -.8680088192E+04  0.1295534706E+04  -.1005150659E+05
L7 0.0000000000E+00  0.3930667366E+01  0.7849662782E+01  0.9516936885E+01
L8 0.3930295704E+01  0.4728153392E+02  0.3374595623E+01  0.0000000000E+00
L9 0.0000000000E+00  0.0000000000E+00  0.0000000000E+00  0.9453539452E+00  0.0000000000E+00
L0     3000  0.6000000000E+01  -.7088256788E+04  0.1679353536E+04
L1 0.3042076497E+03  0.3042076497E+03  -.8767610324E+10  0.1000000000E+01
L2 0.1000000000E+01  0.3338715246E+02  0.3338715246E+02  0.3338715246E+02
L3 0.2865070536E+05  -.2662217470E+03  -.1320476182E+04  0.1150894431E+03
L4 -.4905361619E+03  0.2751762382E+03  0.2554780795E+03  0.3071698606E+03
L5 0.8378241782E+03  0.3300715716E+03  0.5277622979E+03  0.2834382405E+03
L6 0.1141272110E+04  -.8767610324E+04  0.1262146496E+04  -.1010528735E+05
L7 0.0000000000E+00  0.5122637876E+01  0.6153861581E+01  0.9882691736E+01
L8 0.5348944389E+01  0.4756056867E+02  0.1461821775E+01  0.0000000000E+00
L9 0.0000000000E+00  0.0000000000E+00  0.0000000000E+00  0.9658782855E+00  0.0000000000E+00
L0     4000  0.8000000000E+01  -.7039245991E+04  0.1731301367E+04
L1 0.3136177753E+03  0.3136177753E+03  -.8770547358E+10  0.1000000000E+01
L2 0.1000000000E+01  0.3322947835E+02  0.3322947835E+02  0.3322947835E+02
L3 0.2824544162E+05  0.5410778814E+03  -.5016990120E+03  -.1027398753E+02
L4 0.9701627281E+01  0.3067477277E+03  0.2855098891E+03  0.3002517866E+03
L5 0.8925094034E+03  0.1967548080E+03  0.3874976824E+03  0.3023403323E+03
L6 0.8865928228E+03  -.8770547358E+04  0.1291945533E+04  -.1013827517E+05
L7 0.0000000000E+00  0.2525320628E+01  0.9764174743E+01  0.1120495424E+02
L8 0.3641723941E+01  0.4512055986E+02  0.3525545275E+01  0.0000000000E+00
L9 0.0000000000E+00  0.0000000000E+00  0.0000000000E+00  0.9797366436E+00  0.0000000000E+00
L0     5000  0.1000000000E+02  -.7126785881E+04  0.1669702971E+04
L1 0.3024594915E+03  0.3024594915E+03  -.8796488852E+10  0.1000000000E+01
L2 0.1000000000E+01  0.3316018049E+02  0.3316018049E+02  0.3316018049E+02
L3 0.2806900871E+05  0.4419190047E+03  -.4221405617E+03  0.1162117928E+03
L4 0.4533007859E+02  0.2642157546E+03  0.2867036666E+03  0.2746803710E+03
L5 0.8255997921E+03  0.1749414791E+03  0.3719823995E+03  0.2512038436E+03
L6 0.7981277223E+03  -.8796488852E+04  0.1304142039E+04  -.1016796041E+05
L7 0.0000000000E+00  0.1201386903E+01  0.4819825402E+01  0.1128901497E+02
L8 0.2972555019E+01  0.4450488915E+02  0.2541852460E+01  0.0000000000E+00
L9 0.0000000000E+00  0.0000000000E+00  0.0000000000E+00  0.9858949582E+00  0.0000000000E+00
L0     6000  0.1200000000E+02  -.7119598071E+04  0.1663619879E+04
L1 0.3013575656E+03  0.3013575656E+03  -.8783217950E+10  0.1000000000E+01
L2 0.1000000000E+01  0.3308911771E+02  0.3308911771E+02  0.3308911771E+02
L3 0.2788888913E+05  -.2912616400E+03  0.6055727515E+03  -.1191279673E+03
L4 0.6506104808E+02  0.2697017244E+03  0.2875270257E+03  0.2760704177E+03
L5 0.8332991677E+03  0.3281633767E+03  0.1659772614E+03  0.2999816262E+03
L6 0.7941222643E+03  -.8783217950E+04  0.1292019626E+04  -.1015061505E+05
L7 0.0000000000E+00  0.2620230375E+01  0.7778948607E+01  0.1046273353E+02
L8 0.4225872526E+01  0.4424225489E+02  0.6047430120E+01  0.0000000000E+00
L9 0.0000000000E+00  0.0000000000E+00  0.0000000000E+00  0.9922623322E+00  0.0000000000E+00
L0     7000  0.1400000000E+02  -.7184145847E+04  0.1681159054E+04
L1 0.3045347117E+03  0.3045347117E+03  -.8865304902E+10  0.1000000000E+01
L2 0.1000000000E+01  0.3318872443E+02  0.3318872443E+02  0.3318872443E+02
L3 0.2814156325E+05  0.5925382891E+03  -.1026614379E+04  0.5610012630E+03
L4 0.4230839101E+02  0.3077198666E+03  0.2836327579E+03  0.2827500161E+03
L5 0.8741026406E+03  0.1877088215E+03  0.4915603581E+03  0.1691263919E+03
L6 0.8483955716E+03  -.8865304902E+04  0.1319727705E+04  -.1025988707E+05
L7 0.0000000000E+00  0.3444540154E+01  0.7043749679E+01  0.1175174177E+02
L8 0.3888841553E+01  0.4615076895E+02  0.2574825434E+01  0.0000000000E+00
L9 0.0000000000E+00  0.0000000000E+00  0.0000000000E+00  0.9833531253E+00  0.0000000000E+00
L0     8000  0.1600000000E+02  -.7213579763E+04  0.1606906849E+04
L1 0.2910842449E+03  0.2910842449E+03  -.8820486612E+10  0.1000000000E+01
L2 0.1000000000E+01  0.3308601767E+02  0.3308601767E+02  0.3308601767E+02
L3 0.2788341201E+05  -.5460271542E+03  -.1180830963E+04  -.9253793232E+03
L4 -.8840791469E+03  0.2734007264E+03  0.2516762309E+03  0.2528642568E+03
L5 0.7779412142E+03  0.3829770529E+03  0.4886445176E+03  0.4385686968E+03
L6 0.1310190267E+04  -.8820486612E+04  0.1186464314E+04  -.1008117108E+05
L7 0.0000000000E+00  0.3609049625E+01  0.8464616881E+01  0.1097181843E+02
L8 0.2864719777E+01  0.4432768781E+02  0.3982257857E+01  0.0000000000E+00
L9 0.0000000000E+00  0.0000000000E+00  0.0000000000E+00  0.9924572417E+00  0.0000000000E+00
L0     9000  0.1800000000E+02  -.7115720683E+04  0.1672293459E+04
L1 0.3029287472E+03  0.3029287472E+03  -.8788014141E+10  0.1000000000E+01
L2 0.1000000000E+01  0.3308558627E+02  0.3308558627E+02  0.3308558627E+02
L3 0.2788040209E+05  -.1456507068E+03  0.2557871873E+03  -.4473644332E+03
L4 -.1124093176E+03  0.2795259128E+03  0.2973497550E+03  0.2782639316E+03
L5 0.8551395993E+03  0.3087518340E+03  0.2460241119E+03  0.3680310050E+03
L6 0.9228069509E+03  -.8788014141E+04  0.1261682405E+04  -.1012430292E+05
L7 0.0000000000E+00  0.2531202345E+01  0.7586538258E+01  0.1271631664E+02
L8 0.4165023599E+01  0.4490337650E+02  0.2703917325E+01  0.0000000000E+00
L9 0.0000000000E+00  0.0000000000E+00  0.0000000000E+00  0.9925643854E+00  0.0000000000E+00
L0    10000  0.2000000000E+02  -.7149407482E+04  0.1665585046E+04
L1 0.3017135472E+03  0.3017135472E+03  -.8814992528E+10  0.1000000000E+01
L2 0.1000000000E+01  0.3305848446E+02  0.3305848446E+02  0.3305848446E+02
L3 0.2781282851E+05  -.6969030856E+03  -.3928320461E+03  -.3168911861E+03
L4 -.4688754393E+03  0.2656281660E+03  0.2773982858E+03  0.2803378835E+03
L5 0.8233643352E+03  0.4051281396E+03  0.3560319742E+03  0.3437703937E+03
L6 0.1104930507E+04  -.8814992528E+04  0.1237230703E+04  -.1013340135E+05
L7 0.0000000000E+00  0.3984092517E+01  0.1295827268E+02  0.1408860023E+02
L8 0.3843383912E+01  0.4244778840E+02  0.3855980363E+01  0.0000000000E+00
L9 0.0000000000E+00  0.0000000000E+00  0.0000000000E+00  0.9949759031E+00  0.0000000000E+00
