L0  Nsteps           time(ps)         Etot             EKinetic        
L1  Temp             T_solute         T_solv           Pres_scal_solu  
L2  Pres_scal_solv   BoxX             BoxY             BoxZ            
L3  volume           pres_X           pres_Y           pres_Z          
L4  Pressure         EKCoM_x          EKCoM_y          EKCoM_z         
L5  EKComTot         VIRIAL_x         VIRIAL_y         VIRIAL_z        
L6  VIRIAL_tot       E_pot            E_vdw            E_el            
L7  E_hbon           E_bon            E_angle          E_dih           
L8  E_14vdw          E_14el           E_const          E_pol           
L9  AV_permMoment    AV_indMoment     AV_totMoment     Density          dV/dlambda      
L0     1000  0.2000000000E+01  -.6983890435E+04  0.1603024763E+04
L1 0.2910095522E+03  0.2910095522E+03  -.8586915198E+10  0.1000000000E+01
L2 0.1000000000E+01  0.3425119305E+02  0.3425119305E+02  0.3425119305E+02
L3 0.3093374625E+05  -.7852200200E+03  -.6635517706E+03  -.6601530684E+03
L4 -.7029749530E+03  0.2722120450E+03  0.2856519975E+03  0.2701657985E+03
L5 0.8280298410E+03  0.4470277567E+03  0.4333803693E+03  0.4171375077E+03
L6 0.1297545634E+04  -.8586915198E+04  0.1276616846E+04  -.9938599662E+04
L7 0.0000000000E+00  0.1321467563E+01  0.1004939274E+02  0.1336847224E+02
L8 0.4226735573E+01  0.4432812365E+02  0.1773426318E+01  0.0000000000E+00
L9 0.0000000000E+00  0.0000000000E+00  0.0000000000E+00  0.8926581476E+00  0.0000000000E+00
L0     2000  0.4000000000E+01  -.6995142134E+04  0.1631222134E+04
L1 0.2961284401E+03  0.2961284401E+03  -.8626364267E+10  0.1000000000E+01
L2 0.1000000000E+01  0.3375650229E+02  0.3375650229E+02  0.3375650229E+02
L3 0.2961232431E+05  -.2240959658E+03  -.5355965528E+03  -.9440735259E+03
L4 -.5679220148E+03  0.2684399786E+03  0.2722340891E+03  0.2623030808E+03
L5 0.8029771485E+03  0.3161998463E+03  0.3863817064E+03  0.4635062867E+03
L6 0.1166087839E+04  -.8626364267E+04  0.1255057909E+04  -.9952586969E+04
L7 0.0000000000E+00  0.3111324190E+01  0.6447034184E+01  0.1056614762E+02
L8 0.2889604906E+01  0.4529396062E+02  0.2856721342E+01  0.0000000000E+00
L9 0.0000000000E+00  0.0000000000E+00  0.0000000000E+00  0.9324921722E+00  0.0000000000E+00
L0     3000  0.6000000000E+01  -.7055599481E+04  0.1661304918E+04
L1 0.3015896019E+03  0.3015896019E+03  -.8716904399E+10  0.1000000000E+01
L2 0.1000000000E+01  0.3337571105E+02  0.3337571105E+02  0.3337571105E+02
L3 0.2862004141E+05  -.4453560318E+02  -.2106287426E+03  0.2161992391E+03
L4 -.1298836890E+02  0.2876411001E+03  0.2588885774E+03  0.2715020494E+03
L5 0.8180317270E+03  0.2968145814E+03  0.3022740641E+03  0.2269691472E+03
L6 0.8260577926E+03  -.8716904399E+04  0.1317558948E+04  -.1010914301E+05
L7 0.0000000000E+00  0.2935940234E+01  0.1156981466E+02  0.9553599805E+01
L8 0.3311893939E+01  0.4496131118E+02  0.2347105458E+01  0.0000000000E+00
L9 0.0000000000E+00  0.0000000000E+00  0.0000000000E+00  0.9648225250E+00  0.0000000000E+00
L0     4000  0.8000000000E+01  -.7109277271E+04  0.1706056785E+04
L1 0.3097137564E+03  0.3097137564E+03  -.8815334056E+10  0.1000000000E+01
L2 0.1000000000E+01  0.3317583118E+02  0.3317583118E+02  0.3317583118E+02
L3 0.2810933648E+05  -.1210811025E+03  -.2298911866E+03  -.1897922391E+03
L4 -.1802548427E+03  0.2701315822E+03  0.2833485395E+03  0.2893184360E+03
L5 0.8427985577E+03  0.2946269261E+03  0.3298567357E+03  0.3277144043E+03
L6 0.9521980661E+03  -.8815334056E+04  0.1294621806E+04  -.1018327676E+05
L7 0.0000000000E+00  0.1781594082E+01  0.8544028147E+01  0.8900805423E+01
L8 0.3835836493E+01  0.4477151342E+02  0.5487117327E+01  0.0000000000E+00
L9 0.0000000000E+00  0.0000000000E+00  0.0000000000E+00  0.9823519185E+00  0.0000000000E+00
L0     5000  0.1000000000E+02  -.7092701245E+04  0.1662225609E+04
L1 0.3017567422E+03  0.3017567422E+03  -.8754926854E+10  0.1000000000E+01
L2 0.1000000000E+01  0.3314287660E+02  0.3314287660E+02  0.3314287660E+02
L3 0.2802373705E+05  0.8659184725E+03  0.5125100942E+03  0.3814183811E+03
L4 0.5866156493E+03  0.2641156555E+03  0.2932295630E+03  0.2768043614E+03
L5 0.8341495799E+03  0.8946925711E+02  0.1898618154E+03  0.1998763957E+03
L6 0.4792074682E+03  -.8754926854E+04  0.1352682657E+04  -.1018193287E+05
L7 0.0000000000E+00  0.2334069405E+01  0.1068261592E+02  0.9110619787E+01
L8 0.3131022661E+01  0.4546923085E+02  0.3595797084E+01  0.0000000000E+00
L9 0.0000000000E+00  0.0000000000E+00  0.0000000000E+00  0.9853525449E+00  0.0000000000E+00
L0     6000  0.1200000000E+02  -.7137156853E+04  0.1644575293E+04
L1 0.2985525430E+03  0.2985525430E+03  -.8781732146E+10  0.1000000000E+01
L2 0.1000000000E+01  0.3318796068E+02  0.3318796068E+02  0.3318796068E+02
L3 0.2814026949E+05  -.3779296497E+03  -.3738890591E+02  -.2334315475E+03
L4 -.2162500344E+03  0.2653592987E+03  0.2945408666E+03  0.2657354225E+03
L5 0.8256355878E+03  0.3419005922E+03  0.3021131627E+03  0.3130118207E+03
L6 0.9570255756E+03  -.8781732146E+04  0.1285978424E+04  -.1013817772E+05
L7 0.0000000000E+00  0.1196731753E+01  0.1079286122E+02  0.9583253688E+01
L8 0.3078668690E+01  0.4229593766E+02  0.3519695441E+01  0.0000000000E+00
L9 0.0000000000E+00  0.0000000000E+00  0.0000000000E+00  0.9812720746E+00  0.0000000000E+00
L0     7000  0.1400000000E+02  -.7173026783E+04  0.1617354605E+04
L1 0.2936109599E+03  0.2936109599E+03  -.8790381389E+10  0.1000000000E+01
L2 0.1000000000E+01  0.3311898249E+02  0.3311898249E+02  0.3311898249E+02
L3 0.2796454063E+05  -.3767682554E+03  0.5929166321E+03  -.1045293960E+03
L4 0.3720632687E+02  0.2717597055E+03  0.2625690256E+03  0.2574099760E+03
L5 0.7917387071E+03  0.3475892721E+03  0.1432367554E+03  0.2784478917E+03
L6 0.7692739192E+03  -.8790381389E+04  0.1317828787E+04  -.1017935758E+05
L7 0.0000000000E+00  0.2816792066E+01  0.7375718471E+01  0.1028315655E+02
L8 0.2825798371E+01  0.4539952499E+02  0.2446413577E+01  0.0000000000E+00
L9 0.0000000000E+00  0.0000000000E+00  0.0000000000E+00  0.9874383774E+00  0.0000000000E+00
L0     8000  0.1600000000E+02  -.7182453933E+04  0.1608969961E+04
L1 0.2920888302E+03  0.2920888302E+03  -.8791423894E+10  0.1000000000E+01
L2 0.1000000000E+01  0.3312054077E+02  0.3312054077E+02  0.3312054077E+02
L3 0.2796923947E+05  -.4648618553E+03  -.4355042546E+03  0.1084768894E+03
L4 -.2639630735E+03  0.2538221019E+03  0.2858576419E+03  0.2660827521E+03
L5 0.8057624959E+03  0.3473973848E+03  0.3735233287E+03  0.2442466829E+03
L6 0.9651673964E+03  -.8791423894E+04  0.1268759254E+04  -.1013362967E+05
L7 0.0000000000E+00  0.4692166234E+01  0.7440463886E+01  0.1120083757E+02
L8 0.3434625121E+01  0.4423788545E+02  0.2440542239E+01  0.0000000000E+00
L9 0.0000000000E+00  0.0000000000E+00  0.0000000000E+00  0.9872724873E+00  0.0000000000E+00
L0     9000  0.1800000000E+02  -.7256421186E+04  0.1600608825E+04
L1 0.2905709681E+03  0.2905709681E+03  -.8857030011E+10  0.1000000000E+01
L2 0.1000000000E+01  0.3310510197E+02  0.3310510197E+02  0.3310510197E+02
L3 0.2792974702E+05  0.4462157277E+03  -.5585795380E+03  -.2003441558E+03
L4 -.1042359887E+03  0.2720243861E+03  0.2506046858E+03  0.2803098006E+03
L5 0.8029388725E+03  0.1823293403E+03  0.3628862889E+03  0.3205815281E+03
L6 0.8657971574E+03  -.8857030011E+04  0.1320192839E+04  -.1025336748E+05
L7 0.0000000000E+00  0.2469491951E+01  0.1184745195E+02  0.1234023448E+02
L8 0.2731916407E+01  0.4296826088E+02  0.3787270492E+01  0.0000000000E+00
L9 0.0000000000E+00  0.0000000000E+00  0.0000000000E+00  0.9886684831E+00  0.0000000000E+00
L0    10000  0.2000000000E+02  -.7076733313E+04  0.1684927498E+04
L1 0.3058779927E+03  0.3058779927E+03  -.8761660811E+10  0.1000000000E+01
L2 0.1000000000E+01  0.3307826557E+02  0.3307826557E+02  0.3307826557E+02
L3 0.2786273065E+05  -.8737102704E+03  -.9792669274E+03  0.5122285069E+03
L4 -.4469162303E+03  0.2515062731E+03  0.2913382296E+03  0.2894377251E+03
L5 0.8322822277E+03  0.4267117579E+03  0.4877110348E+03  0.1867203290E+03
L6 0.1101143122E+04  -.8761660811E+04  0.1235303145E+04  -.1007169175E+05
L7 0.0000000000E+00  0.3159728762E+01  0.8177650872E+01  0.1216684439E+02
L8 0.3094324920E+01  0.4490587076E+02  0.3223377761E+01  0.0000000000E+00
L9 0.0000000000E+00  0.0000000000E+00  0.0000000000E+00  0.9910464616E+00  0.0000000000E+00
