L0  Nsteps           time(ps)         Etot             EKinetic        
L1  Temp             T_solute         T_solv           Pres_scal_solu  
L2  Pres_scal_solv   BoxX             BoxY             BoxZ            
L3  volume           pres_X           pres_Y           pres_Z          
L4  Pressure         EKCoM_x          EKCoM_y          EKCoM_z         
L5  EKComTot         VIRIAL_x         VIRIAL_y         VIRIAL_z        
L6  VIRIAL_tot       E_pot            E_vdw            E_el            
L7  E_hbon           E_bon            E_angle          E_dih           
L8  E_14vdw          E_14el           E_const          E_pol           
L9  AV_permMoment    AV_indMoment     AV_totMoment     Density          dV/dlambda      
L0     1000  0.2000000000E+01  -.7193510298E+04  0.1706820333E+04
L1 0.3007390642E+03  0.3007390642E+03  -.8900330631E+10  0.1000000000E+01
L2 0.1000000000E+01  0.3458974173E+02  0.3458974173E+02  0.3458974173E+02
L3 0.3186100128E+05  -.1171517886E+04  -.1094033054E+04  -.7767986333E+03
L4 -.1014116524E+04  0.2722175434E+03  0.3065507213E+03  0.2956257547E+03
L5 0.8743940193E+03  0.5408539833E+03  0.5574194006E+03  0.4737505806E+03
L6 0.1572023964E+04  -.8900330631E+04  0.1282886767E+04  -.1025216633E+05
L7 0.0000000000E+00  0.2871233666E+01  0.7190518491E+01  0.9674620367E+01
L8 0.3599895956E+01  0.4277515062E+02  0.2837514961E+01  0.0000000000E+00
L9 0.0000000000E+00  0.0000000000E+00  0.0000000000E+00  0.8929703747E+00  0.0000000000E+00
L0     2000  0.4000000000E+01  -.7172393284E+04  0.1705525077E+04
L1 0.3005108422E+03  0.3005108422E+03  -.8877918361E+10  0.1000000000E+01
L2 0.1000000000E+01  0.3403534130E+02  0.3403534130E+02  0.3403534130E+02
L3 0.3035210335E+05  -.4986651992E+03  -.7676566088E+03  -.3047861712E+03
L4 -.5237026597E+03  0.2778465551E+03  0.2751440926E+03  0.2725186009E+03
L5 0.8255092486E+03  0.3867782932E+03  0.4428361008E+03  0.3390981164E+03
L6 0.1168712510E+04  -.8877918361E+04  0.1286140263E+04  -.1023684608E+05
L7 0.0000000000E+00  0.2795133013E+01  0.6177292234E+01  0.1058515619E+02
L8 0.3545110059E+01  0.4750028352E+02  0.2184478702E+01  0.0000000000E+00
L9 0.0000000000E+00  0.0000000000E+00  0.0000000000E+00  0.9373627232E+00  0.0000000000E+00
L0     3000  0.6000000000E+01  -.7336229767E+04  0.1705757666E+04
L1 0.3005518239E+03  0.3005518239E+03  -.9041987432E+10  0.1000000000E+01
L2 0.1000000000E+01  0.3365262511E+02  0.3365262511E+02  0.3365262511E+02
L3 0.2933953876E+05  0.3088174472E+03  -.8903067100E+03  -.8329658636E+03
L4 -.4714850421E+03  0.2847324749E+03  0.2610849363E+03  0.2660468250E+03
L5 0.8118642361E+03  0.2195228516E+03  0.4490813258E+03  0.4419351713E+03
L6 0.1110539349E+04  -.9041987432E+04  0.1318688603E+04  -.1043541438E+05
L7 0.0000000000E+00  0.2952490599E+01  0.9486774822E+01  0.1100912691E+02
L8 0.2863991017E+01  0.4550681432E+02  0.2919143797E+01  0.0000000000E+00
L9 0.0000000000E+00  0.0000000000E+00  0.0000000000E+00  0.9697129352E+00  0.0000000000E+00
L0     4000  0.8000000000E+01  -.7360021494E+04  0.1713949722E+04
L1 0.3019952514E+03  0.3019952514E+03  -.9073971216E+10  0.1000000000E+01
L2 0.1000000000E+01  0.3349175797E+02  0.3349175797E+02  0.3349175797E+02
L3 0.2891948683E+05  0.3158647729E+03  -.3424875592E+02  -.1713255309E+03
L4 0.3676349539E+02  0.2888858970E+03  0.2813113957E+03  0.2784712943E+03
L5 0.8486685869E+03  0.2231430729E+03  0.2884397940E+03  0.3141303016E+03
L6 0.8257131685E+03  -.9073971216E+04  0.1360899331E+04  -.1050612616E+05
L7 0.0000000000E+00  0.6459435462E+00  0.9355007809E+01  0.9445024891E+01
L8 0.4515905653E+01  0.4467897164E+02  0.2614758665E+01  0.0000000000E+00
L9 0.0000000000E+00  0.0000000000E+00  0.0000000000E+00  0.9837978944E+00  0.0000000000E+00
L0     5000  0.1000000000E+02  -.7259599118E+04  0.1739134191E+04
L1 0.3064327153E+03  0.3064327153E+03  -.8998733310E+10  0.1000000000E+01
L2 0.1000000000E+01  0.3352213711E+02  0.3352213711E+02  0.3352213711E+02
L3 0.2899902257E+05  -.2901630773E+02  -.6698221329E+03  -.8263871360E+02
L4 -.2604923848E+03  0.2752364186E+03  0.2728125468E+03  0.2980763248E+03
L5 0.8461252902E+03  0.2812923659E+03  0.4126100561E+03  0.3153237189E+03
L6 0.1009226141E+04  -.8998733310E+04  0.1313218909E+04  -.1038603855E+05
L7 0.0000000000E+00  0.1104767206E+01  0.6545471268E+01  0.1188024670E+02
L8 0.4158135169E+01  0.4438345382E+02  0.6014258300E+01  0.0000000000E+00
L9 0.0000000000E+00  0.0000000000E+00  0.0000000000E+00  0.9810996278E+00  0.0000000000E+00
L0     6000  0.1200000000E+02  -.7364465412E+04  0.1674297152E+04
L1 0.2950085307E+03  0.2950085307E+03  -.9038762564E+10  0.1000000000E+01
L2 0.1000000000E+01  0.3344023369E+02  0.3344023369E+02  0.3344023369E+02
L3 0.2878508685E+05  0.1044126854E+03  0.8085284261E+03  0.5229569090E+03
L4 0.4786326735E+03  0.2555184363E+03  0.2784373595E+03  0.2790516999E+03
L5 0.8130074957E+03  0.2338873968E+03  0.1109355830E+03  0.1707114010E+03
L6 0.5155343808E+03  -.9038762564E+04  0.1400277561E+04  -.1052003622E+05
L7 0.0000000000E+00  0.5427868841E+01  0.1185617880E+02  0.1122959840E+02
L8 0.3447173614E+01  0.4494940001E+02  0.4085878243E+01  0.0000000000E+00
L9 0.0000000000E+00  0.0000000000E+00  0.0000000000E+00  0.9883913290E+00  0.0000000000E+00
L0     7000  0.1400000000E+02  -.7360983019E+04  0.1697167343E+04
L1 0.2990382226E+03  0.2990382226E+03  -.9058150362E+10  0.1000000000E+01
L2 0.1000000000E+01  0.3347444190E+02  0.3347444190E+02  0.3347444190E+02
L3 0.2887484056E+05  -.4277206968E+02  -.1534300527E+03  0.8888826898E+02
L4 -.3577128446E+02  0.2662795358E+03  0.3049126508E+03  0.2809400855E+03
L5 0.8521322721E+03  0.2751681988E+03  0.3367976646E+03  0.2624678003E+03
L6 0.8744336638E+03  -.9058150362E+04  0.1331978391E+04  -.1046346303E+05
L7 0.0000000000E+00  0.4383693359E+01  0.9081101783E+01  0.1083623487E+02
L8 0.4240568522E+01  0.4226858782E+02  0.2524088755E+01  0.0000000000E+00
L9 0.0000000000E+00  0.0000000000E+00  0.0000000000E+00  0.9853190423E+00  0.0000000000E+00
L0     8000  0.1600000000E+02  -.7302291503E+04  0.1700282535E+04
L1 0.2995871145E+03  0.2995871145E+03  -.9002574039E+10  0.1000000000E+01
L2 0.1000000000E+01  0.3353521580E+02  0.3353521580E+02  0.3353521580E+02
L3 0.2903148321E+05  -.3489896811E+03  0.6644627136E+03  0.6344316876E+03
L4 0.3166349067E+03  0.2768880440E+03  0.2856176226E+03  0.2906447333E+03
L5 0.8531503999E+03  0.3498066555E+03  0.1467834361E+03  0.1580852902E+03
L6 0.6546753819E+03  -.9002574039E+04  0.1383708045E+04  -.1046023226E+05
L7 0.0000000000E+00  0.4953640876E+01  0.1245879868E+02  0.8760351124E+01
L8 0.2495014206E+01  0.4278729013E+02  0.2495078646E+01  0.0000000000E+00
L9 0.0000000000E+00  0.0000000000E+00  0.0000000000E+00  0.9800026422E+00  0.0000000000E+00
L0     9000  0.1800000000E+02  -.7302925732E+04  0.1690300584E+04
L1 0.2978283104E+03  0.2978283104E+03  -.8993226316E+10  0.1000000000E+01
L2 0.1000000000E+01  0.3347208557E+02  0.3347208557E+02  0.3347208557E+02
L3 0.2886658088E+05  0.4356656061E+03  0.7168198618E+03  0.1259647844E+04
L4 0.8040444374E+03  0.2952617787E+03  0.2783702275E+03  0.2877670444E+03
L5 0.8613990506E+03  0.2047499786E+03  0.1294471656E+03  0.2606864018E+02
L6 0.3602657843E+03  -.8993226316E+04  0.1404810663E+04  -.1047193420E+05
L7 0.0000000000E+00  0.1684661251E+01  0.1095993945E+02  0.1104251509E+02
L8 0.3576368337E+01  0.4548850081E+02  0.1145239314E+01  0.0000000000E+00
L9 0.0000000000E+00  0.0000000000E+00  0.0000000000E+00  0.9856009747E+00  0.0000000000E+00
L0    10000  0.2000000000E+02  -.7513464928E+04  0.1605066604E+04
L1 0.2828102169E+03  0.2828102169E+03  -.9118531533E+10  0.1000000000E+01
L2 0.1000000000E+01  0.3340940546E+02  0.3340940546E+02  0.3340940546E+02
L3 0.2870669782E+05  0.1448842890E+03  0.2551601636E+03  -.3088096484E+03
L4 0.3041160140E+02  0.2941357044E+03  0.2747939557E+03  0.2713568413E+03
L5 0.8402865014E+03  0.2642019554E+03  0.2220767127E+03  0.3351583104E+03
L6 0.8214369785E+03  -.9118531533E+04  0.1359131687E+04  -.1055126668E+05
L7 0.0000000000E+00  0.4092019454E+01  0.7629774701E+01  0.1272345280E+02
L8 0.2521106991E+01  0.4476437681E+02  0.1872726510E+01  0.0000000000E+00
L9 0.0000000000E+00  0.0000000000E+00  0.0000000000E+00  0.9910903172E+00  0.0000000000E+00
