L0  Nsteps           time(ps)         Etot             EKinetic        
L1  Temp             T_solute         T_solv           Pres_scal_solu  
L2  Pres_scal_solv   BoxX             BoxY             BoxZ            
L3  volume           pres_X           pres_Y           pres_Z          
L4  Pressure         EKCoM_x          EKCoM_y          EKCoM_z         
L5  EKComTot         VIRIAL_x         VIRIAL_y         VIRIAL_z        
L6  VIRIAL_tot       E_pot            E_vdw            E_el            
L7  E_hbon           E_bon            E_angle          E_dih           
L8  E_14vdw          E_14el           E_const          E_pol           
L9  AV_permMoment    AV_indMoment     AV_totMoment     Density          dV/dlambda      
L0     1000  0.2000000000E+01  -.7231236651E+04  0.1744884587E+04
L1 0.3029901880E+03  0.3029901880E+03  -.8976121238E+10  0.1000000000E+01
L2 0.1000000000E+01  0.3457418562E+02  0.3457418562E+02  0.3457418562E+02
L3 0.3181650923E+05  -.8758392772E+03  -.1278585716E+03  -.4271405688E+03
L4 -.4769461392E+03  0.2946244247E+03  0.2933767038E+03  0.2886512898E+03
L5 0.8766524184E+03  0.4951794398E+03  0.3226545387E+03  0.3864605403E+03
L6 0.1204294519E+04  -.8976121238E+04  0.1330988299E+04  -.1038159186E+05
L7 0.0000000000E+00  0.1184082123E+01  0.5617877100E+01  0.1457076581E+02
L8 0.3491859394E+01  0.4507155512E+02  0.4546183649E+01  0.0000000000E+00
L9 0.0000000000E+00  0.0000000000E+00  0.0000000000E+00  0.9073831717E+00  0.0000000000E+00
L0     2000  0.4000000000E+01  -.7348879331E+04  0.1794467789E+04
L1 0.3116000546E+03  0.3116000546E+03  -.9143347120E+10  0.1000000000E+01
L2 0.1000000000E+01  0.3411514600E+02  0.3411514600E+02  0.3411514600E+02
L3 0.3056541731E+05  -.1108050582E+04  0.1980495768E+03  0.1005416900E+03
L4 -.2698197717E+03  0.2881089753E+03  0.3109057915E+03  0.2981042173E+03
L5 0.8971189841E+03  0.5318600256E+03  0.2673384732E+03  0.2759868673E+03
L6 0.1075185366E+04  -.9143347120E+04  0.1383772998E+04  -.1060739439E+05
L7 0.0000000000E+00  0.5509018343E+01  0.1103328480E+02  0.1079535162E+02
L8 0.4891613667E+01  0.4460439530E+02  0.3440608700E+01  0.0000000000E+00
L9 0.0000000000E+00  0.0000000000E+00  0.0000000000E+00  0.9445238314E+00  0.0000000000E+00
L0     3000  0.6000000000E+01  -.7464969365E+04  0.1742072044E+04
L1 0.3025018044E+03  0.3025018044E+03  -.9207041409E+10  0.1000000000E+01
L2 0.1000000000E+01  0.3384638512E+02  0.3384638512E+02  0.3384638512E+02
L3 0.2984906955E+05  -.8299388085E+01  -.7458302232E+03  -.4654228112E+03
L4 -.4065174742E+03  0.2946880412E+03  0.2934253703E+03  0.2754951419E+03
L5 0.8636085535E+03  0.2964709678E+03  0.4536492915E+03  0.3754801861E+03
L6 0.1125600445E+04  -.9207041409E+04  0.1356779766E+04  -.1063397531E+05
L7 0.0000000000E+00  0.5693806495E+01  0.5749500083E+01  0.8998438644E+01
L8 0.4518166461E+01  0.4283709931E+02  0.2357128353E+01  0.0000000000E+00
L9 0.0000000000E+00  0.0000000000E+00  0.0000000000E+00  0.9671914570E+00  0.0000000000E+00
L0     4000  0.8000000000E+01  -.7505838799E+04  0.1723690094E+04
L1 0.2993098739E+03  0.2993098739E+03  -.9229528893E+10  0.1000000000E+01
L2 0.1000000000E+01  0.3368393175E+02  0.3368393175E+02  0.3368393175E+02
L3 0.2942108176E+05  -.6691933949E+03  -.3655690200E+03  0.9569602621E+02
L4 -.3130221295E+03  0.2507738122E+03  0.2829616186E+03  0.3105395963E+03
L5 0.8442750271E+03  0.3924728374E+03  0.3603693966E+03  0.2902763455E+03
L6 0.1043118580E+04  -.9229528893E+04  0.1346942496E+04  -.1065499122E+05
L7 0.0000000000E+00  0.4679422952E+01  0.8982176107E+01  0.1427226361E+02
L8 0.2113259193E+01  0.4625497618E+02  0.2217734229E+01  0.0000000000E+00
L9 0.0000000000E+00  0.0000000000E+00  0.0000000000E+00  0.9812611683E+00  0.0000000000E+00
L0     5000  0.1000000000E+02  -.7386504117E+04  0.1762729199E+04
L1 0.3060888126E+03  0.3060888126E+03  -.9149233316E+10  0.1000000000E+01
L2 0.1000000000E+01  0.3365163052E+02  0.3365163052E+02  0.3365163052E+02
L3 0.2933621604E+05  -.1190940794E+04  0.7320946576E+02  0.5303113484E+03
L4 -.1958066598E+03  0.3084537106E+03  0.2873495252E+03  0.3012073756E+03
L5 0.8970106114E+03  0.5599032513E+03  0.2718924289E+03  0.1892399749E+03
L6 0.1021035655E+04  -.9149233316E+04  0.1319445381E+04  -.1053669083E+05
L7 0.0000000000E+00  0.4335888810E+01  0.7860937364E+01  0.1023630662E+02
L8 0.2550802842E+01  0.4135379744E+02  0.1674397544E+01  0.0000000000E+00
L9 0.0000000000E+00  0.0000000000E+00  0.0000000000E+00  0.9840998247E+00  0.0000000000E+00
L0     6000  0.1200000000E+02  -.7491583364E+04  0.1647316188E+04
L1 0.2860479398E+03  0.2860479398E+03  -.9138899551E+10  0.1000000000E+01
L2 0.1000000000E+01  0.3370016261E+02  0.3370016261E+02  0.3370016261E+02
L3 0.2946391833E+05  0.6022002411E+03  -.9241161729E+03  -.9433182957E+03
L4 -.4217447425E+03  0.2735440155E+03  0.2776672096E+03  0.2909560880E+03
L5 0.8421673131E+03  0.1458448653E+03  0.4736300171E+03  0.4909907883E+03
L6 0.1110465671E+04  -.9138899551E+04  0.1303338249E+04  -.1051621467E+05
L7 0.0000000000E+00  0.5475851462E+01  0.6363341460E+01  0.1202640272E+02
L8 0.3919455904E+01  0.4493795932E+02  0.1253854830E+01  0.0000000000E+00
L9 0.0000000000E+00  0.0000000000E+00  0.0000000000E+00  0.9798345468E+00  0.0000000000E+00
L0     7000  0.1400000000E+02  -.7355333679E+04  0.1768156031E+04
L1 0.3070311539E+03  0.3070311539E+03  -.9123489710E+10  0.1000000000E+01
L2 0.1000000000E+01  0.3364819312E+02  0.3364819312E+02  0.3364819312E+02
L3 0.2932628603E+05  -.3783904318E+03  0.8569668680E+03  0.1334092390E+02
L4 0.1639724534E+03  0.3026250622E+03  0.2788906720E+03  0.2946619198E+03
L5 0.8761776540E+03  0.3824895650E+03  0.9801603282E+02  0.2918461344E+03
L6 0.7723517322E+03  -.9123489710E+04  0.1358045523E+04  -.1055686895E+05
L7 0.0000000000E+00  0.3677905696E+01  0.1165362365E+02  0.1015069207E+02
L8 0.3418208825E+01  0.4461615823E+02  0.1817129836E+01  0.0000000000E+00
L9 0.0000000000E+00  0.0000000000E+00  0.0000000000E+00  0.9844330451E+00  0.0000000000E+00
L0     8000  0.1600000000E+02  -.7400190573E+04  0.1732998002E+04
L1 0.3009261439E+03  0.3009261439E+03  -.9133188574E+10  0.1000000000E+01
L2 0.1000000000E+01  0.3373375787E+02  0.3373375787E+02  0.3373375787E+02
L3 0.2955121619E+05  -.2034651654E+03  0.1993373684E+03  -.2293171059E+03
L4 -.7781496766E+02  0.2933607161E+03  0.2833383125E+03  0.2791514109E+03
L5 0.8558504395E+03  0.3366342143E+03  0.2409427249E+03  0.3279231668E+03
L6 0.9055001060E+03  -.9133188574E+04  0.1346422274E+04  -.1055094934E+05
L7 0.0000000000E+00  0.1775850708E+01  0.6229689704E+01  0.1149025189E+02
L8 0.3032702415E+01  0.4681722646E+02  0.1992771391E+01  0.0000000000E+00
L9 0.0000000000E+00  0.0000000000E+00  0.0000000000E+00  0.9769399973E+00  0.0000000000E+00
L0     9000  0.1800000000E+02  -.7528390580E+04  0.1748663283E+04
L1 0.3036463389E+03  0.3036463389E+03  -.9277053862E+10  0.1000000000E+01
L2 0.1000000000E+01  0.3359255594E+02  0.3359255594E+02  0.3359255594E+02
L3 0.2918236709E+05  0.2139357892E+02  -.6513070175E+03  -.3918942976E+03
L4 -.3406025787E+03  0.2918499159E+03  0.2860466187E+03  0.2697537439E+03
L5 0.8476502785E+03  0.2873566664E+03  0.4228392973E+03  0.3520625004E+03
L6 0.1062258464E+04  -.9277053862E+04  0.1351331859E+04  -.1070101769E+05
L7 0.0000000000E+00  0.2501893374E+01  0.8811746385E+01  0.1172904463E+02
L8 0.2837649488E+01  0.4481065573E+02  0.1940978673E+01  0.0000000000E+00
L9 0.0000000000E+00  0.0000000000E+00  0.0000000000E+00  0.9892879823E+00  0.0000000000E+00
L0    10000  0.2000000000E+02  -.7522315030E+04  0.1683529149E+04
L1 0.2923361334E+03  0.2923361334E+03  -.9205844179E+10  0.1000000000E+01
L2 0.1000000000E+01  0.3355237710E+02  0.3355237710E+02  0.3355237710E+02
L3 0.2907715930E+05  0.2920747988E+03  -.3241089936E+03  -.2714357669E+03
L4 -.1011566539E+03  0.2651963268E+03  0.2754948389E+03  0.2881486389E+03
L5 0.8288398047E+03  0.2040736111E+03  0.3433213750E+03  0.3449522087E+03
L6 0.8923471948E+03  -.9205844179E+04  0.1349976493E+04  -.1063138258E+05
L7 0.0000000000E+00  0.5089603575E+01  0.6734202614E+01  0.1050191211E+02
L8 0.5051973351E+01  0.4451453346E+02  0.3669685746E+01  0.0000000000E+00
L9 0.0000000000E+00  0.0000000000E+00  0.0000000000E+00  0.9928674519E+00  0.0000000000E+00
