L0  Nsteps           time(ps)         Etot             EKinetic        
L1  Temp             T_solute         T_solv           Pres_scal_solu  
L2  Pres_scal_solv   BoxX             BoxY             BoxZ            
L3  volume           pres_X           pres_Y           pres_Z          
L4  Pressure         EKCoM_x          EKCoM_y          EKCoM_z         
L5  EKComTot         VIRIAL_x         VIRIAL_y         VIRIAL_z        
L6  VIRIAL_tot       E_pot            E_vdw            E_el            
L7  E_hbon           E_bon            E_angle          E_dih           
L8  E_14vdw          E_14el           E_const          E_pol           
L9  AV_permMoment    AV_indMoment     AV_totMoment     Density          dV/dlambda      
L0     1000  0.2000000000E+01  -.7415641273E+04  0.1669696658E+04
L1 0.2884412257E+03  0.2884412257E+03  -.9085337930E+10  0.1000000000E+01
L2 0.1000000000E+01  0.3464758354E+02  0.3464758354E+02  0.3464758354E+02
L3 0.3201946655E+05  -.8017657960E+03  -.2748413006E+03  -.2450074649E+03
L4 -.4405381871E+03  0.2970790521E+03  0.2782225733E+03  0.2632711648E+03
L5 0.8385727902E+03  0.4818434100E+03  0.3415588701E+03  0.3197323498E+03
L6 0.1143134630E+04  -.9085337930E+04  0.1387838343E+04  -.1055070796E+05
L7 0.0000000000E+00  0.3433449064E+01  0.1162394428E+02  0.9335499396E+01
L8 0.4212127602E+01  0.4607427771E+02  0.2852385113E+01  0.0000000000E+00
L9 0.0000000000E+00  0.0000000000E+00  0.0000000000E+00  0.9063033227E+00  0.0000000000E+00
L0     2000  0.4000000000E+01  -.7542602630E+04  0.1671335353E+04
L1 0.2887243115E+03  0.2887243115E+03  -.9213937983E+10  0.1000000000E+01
L2 0.1000000000E+01  0.3399857620E+02  0.3399857620E+02  0.3399857620E+02
L3 0.3025409001E+05  -.1256458692E+03  -.1033469863E+04  -.6785644951E+03
L4 -.6125600759E+03  0.2816706454E+03  0.2874502245E+03  0.2659635908E+03
L5 0.8350844607E+03  0.3090289317E+03  0.5124792252E+03  0.4137150596E+03
L6 0.1235223216E+04  -.9213937983E+04  0.1340212202E+04  -.1063072170E+05
L7 0.0000000000E+00  0.1752894906E+01  0.1019904382E+02  0.1203537643E+02
L8 0.3049850199E+01  0.4426125619E+02  0.5273093066E+01  0.0000000000E+00
L9 0.0000000000E+00  0.0000000000E+00  0.0000000000E+00  0.9591876309E+00  0.0000000000E+00
L0     3000  0.6000000000E+01  -.7469306247E+04  0.1725687757E+04
L1 0.2981137259E+03  0.2981137259E+03  -.9194994003E+10  0.1000000000E+01
L2 0.1000000000E+01  0.3377839707E+02  0.3377839707E+02  0.3377839707E+02
L3 0.2966724083E+05  0.5821597188E+03  0.3362704159E+03  0.4853608923E+03
L4 0.4679303423E+03  0.2874659325E+03  0.2895518020E+03  0.2918894445E+03
L5 0.8689071791E+03  0.1631645699E+03  0.2177521403E+03  0.1882563378E+03
L6 0.5691730481E+03  -.9194994003E+04  0.1428329249E+04  -.1070314464E+05
L7 0.0000000000E+00  0.4268091701E+01  0.1110679586E+02  0.1450095581E+02
L8 0.3864996312E+01  0.4354783557E+02  0.2532711608E+01  0.0000000000E+00
L9 0.0000000000E+00  0.0000000000E+00  0.0000000000E+00  0.9781613696E+00  0.0000000000E+00
L0     4000  0.8000000000E+01  -.7475816418E+04  0.1731347117E+04
L1 0.2990913842E+03  0.2990913842E+03  -.9207163535E+10  0.1000000000E+01
L2 0.1000000000E+01  0.3371492975E+02  0.3371492975E+02  0.3371492975E+02
L3 0.2950134407E+05  -.3806386495E+02  0.4532419873E+03  -.1713368876E+03
L4 0.8128041158E+02  0.2891722607E+03  0.2721617867E+03  0.2503572357E+03
L5 0.8116912832E+03  0.2972541197E+03  0.1759277912E+03  0.2867361100E+03
L6 0.7599180209E+03  -.9207163535E+04  0.1398893647E+04  -.1068808005E+05
L7 0.0000000000E+00  0.2342543826E+01  0.1036051430E+02  0.1255521547E+02
L8 0.5562307729E+01  0.4641983396E+02  0.4782454462E+01  0.0000000000E+00
L9 0.0000000000E+00  0.0000000000E+00  0.0000000000E+00  0.9836619260E+00  0.0000000000E+00
L0     5000  0.1000000000E+02  -.7506264906E+04  0.1668267638E+04
L1 0.2881943616E+03  0.2881943616E+03  -.9174532544E+10  0.1000000000E+01
L2 0.1000000000E+01  0.3368741621E+02  0.3368741621E+02  0.3368741621E+02
L3 0.2942984636E+05  -.5991870654E+03  0.2359331028E+03  -.1566624927E+03
L4 -.1733054851E+03  0.2754485278E+03  0.2635683002E+03  0.2733502902E+03
L5 0.8123671182E+03  0.4023617892E+03  0.2135955266E+03  0.3065328287E+03
L6 0.9224901445E+03  -.9174532544E+04  0.1336850240E+04  -.1059477031E+05
L7 0.0000000000E+00  0.4084927439E+01  0.1262557236E+02  0.1311587757E+02
L8 0.3773670973E+01  0.4605669539E+02  0.3730782127E+01  0.0000000000E+00
L9 0.0000000000E+00  0.0000000000E+00  0.0000000000E+00  0.9860516622E+00  0.0000000000E+00
L0     6000  0.1200000000E+02  -.7428622477E+04  0.1751512267E+04
L1 0.3025749276E+03  0.3025749276E+03  -.9180134745E+10  0.1000000000E+01
L2 0.1000000000E+01  0.3369581448E+02  0.3369581448E+02  0.3369581448E+02
L3 0.2945133520E+05  0.8259061490E+03  -.9590278355E+02  -.6478524761E+03
L4 0.2738362977E+02  0.2840587060E+03  0.3000306860E+03  0.2805108037E+03
L5 0.8646001956E+03  0.1089965518E+03  0.3203585984E+03  0.4178320359E+03
L6 0.8471871861E+03  -.9180134745E+04  0.1342826235E+04  -.1060010591E+05
L7 0.0000000000E+00  0.1557105726E+01  0.1360166238E+02  0.1121123594E+02
L8 0.2438192034E+01  0.4457533057E+02  0.3761401856E+01  0.0000000000E+00
L9 0.0000000000E+00  0.0000000000E+00  0.0000000000E+00  0.9853322005E+00  0.0000000000E+00
L0     7000  0.1400000000E+02  -.7501685334E+04  0.1730589183E+04
L1 0.2989604505E+03  0.2989604505E+03  -.9232274516E+10  0.1000000000E+01
L2 0.1000000000E+01  0.3375008212E+02  0.3375008212E+02  0.3375008212E+02
L3 0.2959428955E+05  -.7450629658E+03  -.7873865542E+02  0.4177932127E+03
L4 -.1353361362E+03  0.2721778844E+03  0.3055760496E+03  0.2880238152E+03
L5 0.8657777491E+03  0.4308707767E+03  0.3223467999E+03  0.1990369559E+03
L6 0.9522545324E+03  -.9232274516E+04  0.1367144058E+04  -.1067539326E+05
L7 0.0000000000E+00  0.3394996906E+01  0.7262250688E+01  0.1258931910E+02
L8 0.3891031594E+01  0.4665860073E+02  0.2178483841E+01  0.0000000000E+00
L9 0.0000000000E+00  0.0000000000E+00  0.0000000000E+00  0.9805725823E+00  0.0000000000E+00
L0     8000  0.1600000000E+02  -.7511887960E+04  0.1740262924E+04
L1 0.3006315960E+03  0.3006315960E+03  -.9252150884E+10  0.1000000000E+01
L2 0.1000000000E+01  0.3368585923E+02  0.3368585923E+02  0.3368585923E+02
L3 0.2942591076E+05  0.5213979815E+01  -.1743822012E+03  -.5162732214E+03
L4 -.2284804809E+03  0.2706779249E+03  0.2914916384E+03  0.2834080471E+03
L5 0.8455776105E+03  0.2695737044E+03  0.3284224328E+03  0.3927447801E+03
L6 0.9907409172E+03  -.9252150884E+04  0.1347385253E+04  -.1067536909E+05
L7 0.0000000000E+00  0.6174273169E+01  0.7276500283E+01  0.1163738601E+02
L8 0.2494188116E+01  0.4672874800E+02  0.1521857577E+01  0.0000000000E+00
L9 0.0000000000E+00  0.0000000000E+00  0.0000000000E+00  0.9861835427E+00  0.0000000000E+00
L0     9000  0.1800000000E+02  -.7541912172E+04  0.1707628425E+04
L1 0.2949939642E+03  0.2949939642E+03  -.9249540597E+10  0.1000000000E+01
L2 0.1000000000E+01  0.3374085967E+02  0.3374085967E+02  0.3374085967E+02
L3 0.2956973872E+05  0.5267015808E+03  -.2461400083E+03  -.3488630063E+03
L4 -.2276714461E+02  0.2921835173E+03  0.2769341391E+03  0.2723828266E+03
L5 0.8415004829E+03  0.1800930476E+03  0.3293166459E+03  0.3466264204E+03
L6 0.8560361139E+03  -.9249540597E+04  0.1394639065E+04  -.1072393692E+05
L7 0.0000000000E+00  0.1271062798E+01  0.7840057932E+01  0.1150733990E+02
L8 0.5447869847E+01  0.5047819611E+02  0.3212735442E+01  0.0000000000E+00
L9 0.0000000000E+00  0.0000000000E+00  0.0000000000E+00  0.9813867210E+00  0.0000000000E+00
L0    10000  0.2000000000E+02  -.7504912596E+04  0.1725735037E+04
L1 0.2981218936E+03  0.2981218936E+03  -.9230647632E+10  0.1000000000E+01
L2 0.1000000000E+01  0.3371133090E+02  0.3371133090E+02  0.3371133090E+02
L3 0.2949200883E+05  -.1317424358E+03  0.2816534290E+03  -.3263122124E+02
L4 0.3909325735E+02  0.2836821528E+03  0.2967972760E+03  0.2805009686E+03
L5 0.8609803974E+03  0.3116453370E+03  0.2370145137E+03  0.2874271564E+03
L6 0.8360870071E+03  -.9230647632E+04  0.1378220365E+04  -.1068523233E+05
L7 0.0000000000E+00  0.5066391443E+01  0.7801429349E+01  0.1110388871E+02
L8 0.3884042940E+01  0.4594126862E+02  0.2567308215E+01  0.0000000000E+00
L9 0.0000000000E+00  0.0000000000E+00  0.0000000000E+00  0.9839732889E+00  0.0000000000E+00
