L0  Nsteps           time(ps)         Etot             EKinetic        
L1  Temp             T_solute         T_solv           Pres_scal_solu  
L2  Pres_scal_solv   BoxX             BoxY             BoxZ            
L3  volume           pres_X           pres_Y           pres_Z          
L4  Pressure         EKCoM_x          EKCoM_y          EKCoM_z         
L5  EKComTot         VIRIAL_x         VIRIAL_y         VIRIAL_z        
L6  VIRIAL_tot       E_pot            E_vdw            E_el            
L7  E_hbon           E_bon            E_angle          E_dih           
L8  E_14vdw          E_14el           E_const          E_pol           
L9  AV_permMoment    AV_indMoment     AV_totMoment     Density          dV/dlambda      
L0     1000  0.2000000000E+01  -.7788787508E+04  0.1766598166E+04
L1 0.2931066043E+03  0.2931066043E+03  -.9555385674E+10  0.1000000000E+01
L2 0.1000000000E+01  0.3515472682E+02  0.3515472682E+02  0.3515472682E+02
L3 0.3344885608E+05  -.1774044181E+04  -.1301002408E+04  -.9449364809E+03
L4 -.1339994357E+04  0.2819401652E+03  0.2839784377E+03  0.2899437813E+03
L5 0.8558623842E+03  0.7090133280E+03  0.5971742527E+03  0.5174223390E+03
L6 0.1823609920E+04  -.9555385674E+04  0.1363634690E+04  -.1099605903E+05
L7 0.0000000000E+00  0.2024758226E+01  0.5116307694E+01  0.1073736292E+02
L8 0.4286003776E+01  0.4969662668E+02  0.5177602678E+01  0.0000000000E+00
L9 0.0000000000E+00  0.0000000000E+00  0.0000000000E+00  0.9033498708E+00  0.0000000000E+00
L0     2000  0.4000000000E+01  -.7695895131E+04  0.1770437943E+04
L1 0.2937436841E+03  0.2937436841E+03  -.9466333074E+10  0.1000000000E+01
L2 0.1000000000E+01  0.3461735480E+02  0.3461735480E+02  0.3461735480E+02
L3 0.3193464304E+05  0.4413151452E+03  -.6951125931E+02  -.5463645760E+03
L4 -.5818689670E+02  0.2714575018E+03  0.2951957083E+03  0.2993850459E+03
L5 0.8660382560E+03  0.1700272560E+03  0.3111719198E+03  0.4249594656E+03
L6 0.9061586414E+03  -.9466333074E+04  0.1441751778E+04  -.1097800586E+05
L7 0.0000000000E+00  0.2888342031E+01  0.7260294909E+01  0.1063092822E+02
L8 0.2658053637E+01  0.4415921561E+02  0.2324170167E+01  0.0000000000E+00
L9 0.0000000000E+00  0.0000000000E+00  0.0000000000E+00  0.9461831084E+00  0.0000000000E+00
L0     3000  0.6000000000E+01  -.7706485302E+04  0.1833902523E+04
L1 0.3042734628E+03  0.3042734628E+03  -.9540387826E+10  0.1000000000E+01
L2 0.1000000000E+01  0.3433758481E+02  0.3433758481E+02  0.3433758481E+02
L3 0.3116607690E+05  0.2771126590E+03  0.3707850148E+03  -.2396723598E+03
L4 0.1360751046E+03  0.3179311806E+03  0.3129371330E+03  0.2845449373E+03
L5 0.9154132509E+03  0.2557734595E+03  0.2297682456E+03  0.3383046167E+03
L6 0.8238463218E+03  -.9540387826E+04  0.1450725329E+04  -.1106897957E+05
L7 0.0000000000E+00  0.1932634518E+01  0.1279279799E+02  0.1143780698E+02
L8 0.4375261663E+01  0.4592307328E+02  0.1404844392E+01  0.0000000000E+00
L9 0.0000000000E+00  0.0000000000E+00  0.0000000000E+00  0.9695163082E+00  0.0000000000E+00
L0     4000  0.8000000000E+01  -.7877978743E+04  0.1808533208E+04
L1 0.3000642917E+03  0.3000642917E+03  -.9686511951E+10  0.1000000000E+01
L2 0.1000000000E+01  0.3418371626E+02  0.3418371626E+02  0.3418371626E+02
L3 0.3075017225E+05  -.3820629506E+03  -.6900600616E+03  0.1774180626E+03
L4 -.2982349832E+03  0.2799902098E+03  0.2899115497E+03  0.3058167280E+03
L5 0.8757184875E+03  0.3645451640E+03  0.4426298302E+03  0.2665520567E+03
L6 0.1073727051E+04  -.9686511951E+04  0.1425932073E+04  -.1118460500E+05
L7 0.0000000000E+00  0.1517992281E+01  0.8312333498E+01  0.1155596563E+02
L8 0.3901741789E+01  0.4577504764E+02  0.1097896931E+01  0.0000000000E+00
L9 0.0000000000E+00  0.0000000000E+00  0.0000000000E+00  0.9826292867E+00  0.0000000000E+00
L0     5000  0.1000000000E+02  -.7884203883E+04  0.1772742903E+04
L1 0.2941261135E+03  0.2941261135E+03  -.9656946786E+10  0.1000000000E+01
L2 0.1000000000E+01  0.3416447869E+02  0.3416447869E+02  0.3416447869E+02
L3 0.3069793559E+05  0.2591201676E+03  -.5400691952E+03  -.2302502669E+03
L4 -.1703997649E+03  0.2873106216E+03  0.3138471283E+03  0.2872174134E+03
L5 0.8883751633E+03  0.2300617453E+03  0.4331676537E+03  0.3380879002E+03
L6 0.1001317299E+04  -.9656946786E+04  0.1423286128E+04  -.1115311500E+05
L7 0.0000000000E+00  0.3098235784E+01  0.7342341812E+01  0.1433978173E+02
L8 0.2730262334E+01  0.4383018674E+02  0.1541278168E+01  0.0000000000E+00
L9 0.0000000000E+00  0.0000000000E+00  0.0000000000E+00  0.9843013624E+00  0.0000000000E+00
L0     6000  0.1200000000E+02  -.7898515325E+04  0.1764147232E+04
L1 0.2926999557E+03  0.2926999557E+03  -.9662662557E+10  0.1000000000E+01
L2 0.1000000000E+01  0.3405689754E+02  0.3405689754E+02  0.3405689754E+02
L3 0.3040908905E+05  -.2427706095E+03  -.1360668355E+03  -.3946399836E+03
L4 -.2578258095E+03  0.2919494769E+03  0.2722589961E+03  0.3003926882E+03
L5 0.8646011612E+03  0.3450814690E+03  0.3020381446E+03  0.3867623213E+03
L6 0.1033881935E+04  -.9662662557E+04  0.1404881084E+04  -.1113682134E+05
L7 0.0000000000E+00  0.3619645277E+01  0.5979989076E+01  0.9202637675E+01
L8 0.2896576295E+01  0.4507449337E+02  0.2504353395E+01  0.0000000000E+00
L9 0.0000000000E+00  0.0000000000E+00  0.0000000000E+00  0.9936509366E+00  0.0000000000E+00
L0     7000  0.1400000000E+02  -.7823665058E+04  0.1827266793E+04
L1 0.3031724900E+03  0.3031724900E+03  -.9650931851E+10  0.1000000000E+01
L2 0.1000000000E+01  0.3420862190E+02  0.3420862190E+02  0.3420862190E+02
L3 0.3081604443E+05  -.3486153615E+03  0.5001684959E+03  0.4694871061E+03
L4 0.2070134135E+03  0.3168220322E+03  0.2932973555E+03  0.3092703282E+03
L5 0.9193897159E+03  0.3941399219E+03  0.1823671532E+03  0.2051448183E+03
L6 0.7816518934E+03  -.9650931851E+04  0.1473745287E+04  -.1119418642E+05
L7 0.0000000000E+00  0.1883043556E+01  0.5547373807E+01  0.9525446170E+01
L8 0.3570595021E+01  0.4685334773E+02  0.2129471850E+01  0.0000000000E+00
L9 0.0000000000E+00  0.0000000000E+00  0.0000000000E+00  0.9805288245E+00  0.0000000000E+00
L0     8000  0.1600000000E+02  -.7862502118E+04  0.1753156928E+04
L1 0.2908764902E+03  0.2908764902E+03  -.9615659046E+10  0.1000000000E+01
L2 0.1000000000E+01  0.3413301201E+02  0.3413301201E+02  0.3413301201E+02
L3 0.3061359360E+05  -.4986943139E+03  0.7386846334E+03  -.1192316808E+04
L4 -.3174421627E+03  0.2774847387E+03  0.2993967122E+03  0.2694085263E+03
L5 0.8462899772E+03  0.3873613632E+03  0.1366433544E+03  0.5321100300E+03
L6 0.1056114748E+04  -.9615659046E+04  0.1385936636E+04  -.1107605816E+05
L7 0.0000000000E+00  0.2882134669E+01  0.1234386527E+02  0.9662604040E+01
L8 0.2165140457E+01  0.4245460885E+02  0.4954126730E+01  0.0000000000E+00
L9 0.0000000000E+00  0.0000000000E+00  0.0000000000E+00  0.9870131619E+00  0.0000000000E+00
L0     9000  0.1800000000E+02  -.7711173681E+04  0.1847408447E+04
L1 0.3065143094E+03  0.3065143094E+03  -.9558582129E+10  0.1000000000E+01
L2 0.1000000000E+01  0.3412316764E+02  0.3412316764E+02  0.3412316764E+02
L3 0.3058728270E+05  -.4398876508E+03  -.4698744986E+03  -.2288773806E+03
L4 -.3795465100E+03  0.3059331735E+03  0.3041206385E+03  0.3002000949E+03
L5 0.9102539069E+03  0.4027697098E+03  0.4075584570E+03  0.3505849892E+03
L6 0.1160913156E+04  -.9558582129E+04  0.1331579577E+04  -.1096534818E+05
L7 0.0000000000E+00  0.3515293696E+01  0.7029950309E+01  0.9851623369E+01
L8 0.4353438330E+01  0.4848159404E+02  0.1954571928E+01  0.0000000000E+00
L9 0.0000000000E+00  0.0000000000E+00  0.0000000000E+00  0.9878621817E+00  0.0000000000E+00
L0    10000  0.2000000000E+02  -.7889205888E+04  0.1757701475E+04
L1 0.2916305025E+03  0.2916305025E+03  -.9646907363E+10  0.1000000000E+01
L2 0.1000000000E+01  0.3417381471E+02  0.3417381471E+02  0.3417381471E+02
L3 0.3072228533E+05  0.5534457740E+02  0.6253799356E+03  -.2906503529E+03
L4 0.1300247200E+03  0.2753573254E+03  0.2988843719E+03  0.3042797945E+03
L5 0.8785214918E+03  0.2631200376E+03  0.1606060687E+03  0.3685457477E+03
L6 0.7922718539E+03  -.9646907363E+04  0.1470256608E+04  -.1119163708E+05
L7 0.0000000000E+00  0.3376927380E+01  0.6525331495E+01  0.9940378047E+01
L8 0.3747981948E+01  0.4936746459E+02  0.1515023446E+01  0.0000000000E+00
L9 0.0000000000E+00  0.0000000000E+00  0.0000000000E+00  0.9835212288E+00  0.0000000000E+00
