L0  Nsteps           time(ps)         Etot             EKinetic        
L1  Temp             T_solute         T_solv           Pres_scal_solu  
L2  Pres_scal_solv   BoxX             BoxY             BoxZ            
L3  volume           pres_X           pres_Y           pres_Z          
L4  Pressure         EKCoM_x          EKCoM_y          EKCoM_z         
L5  EKComTot         VIRIAL_x         VIRIAL_y         VIRIAL_z        
L6  VIRIAL_tot       E_pot            E_vdw            E_el            
L7  E_hbon           E_bon            E_angle          E_dih           
L8  E_14vdw          E_14el           E_const          E_pol           
L9  AV_permMoment    AV_indMoment     AV_totMoment     Density          dV/dlambda      
L0     1000  0.2000000000E+01  -.7618969240E+04  0.1809020490E+04
L1 0.3025391188E+03  0.3025391188E+03  -.9427989731E+10  0.1000000000E+01
L2 0.1000000000E+01  0.3494459686E+02  0.3494459686E+02  0.3494459686E+02
L3 0.3285201026E+05  -.8515797136E+03  -.1395599330E+04  -.1134637637E+04
L4 -.1127272227E+04  0.2978988484E+03  0.3119525304E+03  0.2962098640E+03
L5 0.9060612428E+03  0.4992452336E+03  0.6419261966E+03  0.5644820915E+03
L6 0.1705653522E+04  -.9427989731E+04  0.1343718741E+04  -.1085112963E+05
L7 0.0000000000E+00  0.3708499217E+01  0.9482463315E+01  0.1212157227E+02
L8 0.3725674073E+01  0.4658556382E+02  0.3797383677E+01  0.0000000000E+00
L9 0.0000000000E+00  0.0000000000E+00  0.0000000000E+00  0.9124764483E+00  0.0000000000E+00
L0     2000  0.4000000000E+01  -.7829069682E+04  0.1717627496E+04
L1 0.2872546285E+03  0.2872546285E+03  -.9546697178E+10  0.1000000000E+01
L2 0.1000000000E+01  0.3430724158E+02  0.3430724158E+02  0.3430724158E+02
L3 0.3108393672E+05  -.6184428309E+03  0.7149101162E+03  -.1305321259E+03
L4 -.1135494684E+02  0.2881267410E+03  0.2952170549E+03  0.2883483988E+03
L5 0.8716921947E+03  0.4264808798E+03  0.1352818620E+03  0.3175502247E+03
L6 0.8793129665E+03  -.9546697178E+04  0.1464338548E+04  -.1108430213E+05
L7 0.0000000000E+00  0.2791539834E+01  0.8058960296E+01  0.1218591581E+02
L8 0.2764508795E+01  0.4540744997E+02  0.2058031854E+01  0.0000000000E+00
L9 0.0000000000E+00  0.0000000000E+00  0.0000000000E+00  0.9643786730E+00  0.0000000000E+00
L0     3000  0.6000000000E+01  -.7784553655E+04  0.1755554862E+04
L1 0.2935975705E+03  0.2935975705E+03  -.9540108517E+10  0.1000000000E+01
L2 0.1000000000E+01  0.3414787086E+02  0.3414787086E+02  0.3414787086E+02
L3 0.3065336681E+05  -.3093714909E+03  0.1989853455E+03  -.5956201254E+03
L4 -.2353354236E+03  0.2934049525E+03  0.2910001323E+03  0.2872068904E+03
L5 0.8716119752E+03  0.3616569007E+03  0.2471010082E+03  0.4186095410E+03
L6 0.1027367450E+04  -.9540108517E+04  0.1406764459E+04  -.1101963512E+05
L7 0.0000000000E+00  0.1869002008E+01  0.5798679207E+01  0.1219211472E+02
L8 0.2475577388E+01  0.4779491641E+02  0.2631851508E+01  0.0000000000E+00
L9 0.0000000000E+00  0.0000000000E+00  0.0000000000E+00  0.9779247358E+00  0.0000000000E+00
L0     4000  0.8000000000E+01  -.7816762306E+04  0.1753206013E+04
L1 0.2932047509E+03  0.2932047509E+03  -.9569968319E+10  0.1000000000E+01
L2 0.1000000000E+01  0.3403651295E+02  0.3403651295E+02  0.3403651295E+02
L3 0.3035601705E+05  -.5438845277E+03  -.1217003813E+04  -.6732781408E+03
L4 -.8113888272E+03  0.2959043062E+03  0.2800539003E+03  0.2956648645E+03
L5 0.8716230710E+03  0.4147293745E+03  0.5459385758E+03  0.4427591776E+03
L6 0.1403427128E+04  -.9569968319E+04  0.1311448694E+04  -.1095663134E+05
L7 0.0000000000E+00  0.6009920639E+01  0.9178508610E+01  0.1069397842E+02
L8 0.2985351046E+01  0.4339816055E+02  0.2948408744E+01  0.0000000000E+00
L9 0.0000000000E+00  0.0000000000E+00  0.0000000000E+00  0.9875039137E+00  0.0000000000E+00
L0     5000  0.1000000000E+02  -.7751059469E+04  0.1664500743E+04
L1 0.2783697534E+03  0.2783697534E+03  -.9415560212E+10  0.1000000000E+01
L2 0.1000000000E+01  0.3403334975E+02  0.3403334975E+02  0.3403334975E+02
L3 0.3034369125E+05  0.8701097622E+03  0.8389956998E+03  0.1382426438E+03
L4 0.6157827019E+03  0.2872125026E+03  0.2639725903E+03  0.2676202108E+03
L5 0.8188053037E+03  0.9719262586E+02  0.8074759233E+02  0.2374299391E+03
L6 0.4153701573E+03  -.9415560212E+04  0.1447001834E+04  -.1093412352E+05
L7 0.0000000000E+00  0.4512897863E+01  0.4655392245E+01  0.9453771954E+01
L8 0.2998187096E+01  0.4721489153E+02  0.2726335965E+01  0.0000000000E+00
L9 0.0000000000E+00  0.0000000000E+00  0.0000000000E+00  0.9879050442E+00  0.0000000000E+00
L0     6000  0.1200000000E+02  -.7770321610E+04  0.1788051414E+04
L1 0.2990322675E+03  0.2990322675E+03  -.9558373024E+10  0.1000000000E+01
L2 0.1000000000E+01  0.3404856255E+02  0.3404856255E+02  0.3404856255E+02
L3 0.3038532631E+05  0.6183479397E+03  0.5124178293E+02  0.1524349367E+03
L4 0.2740082198E+03  0.2805502926E+03  0.3203011276E+03  0.2694095946E+03
L5 0.8702610148E+03  0.1453264096E+03  0.3090952799E+03  0.2360742461E+03
L6 0.6904959356E+03  -.9558373024E+04  0.1447871937E+04  -.1108162243E+05
L7 0.0000000000E+00  0.1880709700E+01  0.1016195084E+02  0.1170497054E+02
L8 0.2449627905E+01  0.4538796126E+02  0.3792253256E+01  0.0000000000E+00
L9 0.0000000000E+00  0.0000000000E+00  0.0000000000E+00  0.9865513812E+00  0.0000000000E+00
L0     7000  0.1400000000E+02  -.7724213160E+04  0.1810410177E+04
L1 0.3027715288E+03  0.3027715288E+03  -.9534623336E+10  0.1000000000E+01
L2 0.1000000000E+01  0.3404141394E+02  0.3404141394E+02  0.3404141394E+02
L3 0.3036800404E+05  0.1405958498E+02  -.1847593068E+03  -.1014307476E+04
L4 -.3950023991E+03  0.3057899365E+03  0.3030871436E+03  0.3135666202E+03
L5 0.9224437003E+03  0.3027170584E+03  0.3434683373E+03  0.5352547578E+03
L6 0.1181440154E+04  -.9534623336E+04  0.1355968031E+04  -.1096679442E+05
L7 0.0000000000E+00  0.4313268083E+01  0.8622866997E+01  0.1040743293E+02
L8 0.2268151094E+01  0.4620844156E+02  0.4382895523E+01  0.0000000000E+00
L9 0.0000000000E+00  0.0000000000E+00  0.0000000000E+00  0.9871141219E+00  0.0000000000E+00
L0     8000  0.1600000000E+02  -.7777658063E+04  0.1748921439E+04
L1 0.2924882021E+03  0.2924882021E+03  -.9526579502E+10  0.1000000000E+01
L2 0.1000000000E+01  0.3404642467E+02  0.3404642467E+02  0.3404642467E+02
L3 0.3038100603E+05  -.4598345874E+03  0.1813916894E+03  -.4526511092E+03
L4 -.2436980024E+03  0.2832567850E+03  0.2831715707E+03  0.3115476785E+03
L5 0.8779760342E+03  0.3838017589E+03  0.2435094331E+03  0.4105219514E+03
L6 0.1037833143E+04  -.9526579502E+04  0.1370062573E+04  -.1097758266E+05
L7 0.0000000000E+00  0.3685863983E+01  0.1155871964E+02  0.1263694234E+02
L8 0.3472938896E+01  0.4478111563E+02  0.4805004990E+01  0.0000000000E+00
L9 0.0000000000E+00  0.0000000000E+00  0.0000000000E+00  0.9866916722E+00  0.0000000000E+00
L0     9000  0.1800000000E+02  -.7703906491E+04  0.1795997220E+04
L1 0.3003611176E+03  0.3003611176E+03  -.9499903711E+10  0.1000000000E+01
L2 0.1000000000E+01  0.3412116406E+02  0.3412116406E+02  0.3412116406E+02
L3 0.3058197664E+05  0.2158863492E+02  -.7842799632E+03  -.4655936616E+03
L4 -.4094283300E+03  0.2668843459E+03  0.3253531679E+03  0.2855749471E+03
L5 0.8778124608E+03  0.2621326644E+03  0.4979740184E+03  0.3880526052E+03
L6 0.1148159288E+04  -.9499903711E+04  0.1352736809E+04  -.1092505668E+05
L7 0.0000000000E+00  0.3148903046E+01  0.6802795153E+01  0.1074361007E+02
L8 0.3059940695E+01  0.4456469868E+02  0.4096207658E+01  0.0000000000E+00
L9 0.0000000000E+00  0.0000000000E+00  0.0000000000E+00  0.9802075906E+00  0.0000000000E+00
L0    10000  0.2000000000E+02  -.7783464882E+04  0.1779688878E+04
L1 0.2976337237E+03  0.2976337237E+03  -.9563153760E+10  0.1000000000E+01
L2 0.1000000000E+01  0.3407750493E+02  0.3407750493E+02  0.3407750493E+02
L3 0.3046346755E+05  -.1926377366E+02  0.3970344899E+03  -.2069240103E+03
L4 0.5694890199E+02  0.2844757099E+03  0.3192618500E+03  0.2954048701E+03
L5 0.8991424300E+03  0.2886992564E+03  0.2322127769E+03  0.3407725743E+03
L6 0.8616846077E+03  -.9563153760E+04  0.1434564074E+04  -.1106801970E+05
L7 0.0000000000E+00  0.1068825452E+01  0.8911504262E+01  0.1091651390E+02
L8 0.3638586948E+01  0.4359179733E+02  0.2174643132E+01  0.0000000000E+00
L9 0.0000000000E+00  0.0000000000E+00  0.0000000000E+00  0.9840207979E+00  0.0000000000E+00
