L0  Nsteps           time(ps)         Etot             EKinetic        
L1  Temp             T_solute         T_solv           Pres_scal_solu  
L2  Pres_scal_solv   BoxX             BoxY             BoxZ            
L3  volume           pres_X           pres_Y           pres_Z          
L4  Pressure         EKCoM_x          EKCoM_y          EKCoM_z         
L5  EKComTot         VIRIAL_x         VIRIAL_y         VIRIAL_z        
L6  VIRIAL_tot       E_pot            E_vdw            E_el            
L7  E_hbon           E_bon            E_angle          E_dih           
L8  E_14vdw          E_14el           E_const          E_pol           
L9  AV_permMoment    AV_indMoment     AV_totMoment     Density          dV/dlambda      
L0     1000  0.2000000000E+01  -.7411600412E+04  0.1743244133E+04
L1 0.3017681633E+03  0.3017681633E+03  -.9154844544E+10  0.1000000000E+01
L2 0.1000000000E+01  0.3459884310E+02  0.3459884310E+02  0.3459884310E+02
L3 0.3188581610E+05  -.7775428267E+03  -.8583059018E+03  -.1045889909E+04
L4 -.8939128792E+03  0.3033456826E+03  0.3106954943E+03  0.2877485377E+03
L5 0.9017897145E+03  0.4817800215E+03  0.5076637395E+03  0.5277644803E+03
L6 0.1517208241E+04  -.9154844544E+04  0.1348896433E+04  -.1057849423E+05
L7 0.0000000000E+00  0.3323543584E+01  0.6435595136E+01  0.1104074576E+02
L8 0.2420229478E+01  0.4667886237E+02  0.4854281047E+01  0.0000000000E+00
L9 0.0000000000E+00  0.0000000000E+00  0.0000000000E+00  0.9082256289E+00  0.0000000000E+00
L0     2000  0.4000000000E+01  -.7393350363E+04  0.1760183940E+04
L1 0.3047005665E+03  0.3047005665E+03  -.9153534303E+10  0.1000000000E+01
L2 0.1000000000E+01  0.3406187012E+02  0.3406187012E+02  0.3406187012E+02
L3 0.3042378721E+05  -.1145691640E+04  -.9475174377E+03  -.2016621343E+03
L4 -.7649570708E+03  0.2958168657E+03  0.2763882778E+03  0.2754825888E+03
L5 0.8476877323E+03  0.5466804361E+03  0.4838591182E+03  0.3196390453E+03
L6 0.1350178600E+04  -.9153534303E+04  0.1297600585E+04  -.1052464018E+05
L7 0.0000000000E+00  0.2918645297E+01  0.8855363145E+01  0.9836749398E+01
L8 0.2695704094E+01  0.4630234278E+02  0.2896487729E+01  0.0000000000E+00
L9 0.0000000000E+00  0.0000000000E+00  0.0000000000E+00  0.9518708234E+00  0.0000000000E+00
L0     3000  0.6000000000E+01  -.7389056183E+04  0.1725354261E+04
L1 0.2986712972E+03  0.2986712972E+03  -.9114410444E+10  0.1000000000E+01
L2 0.1000000000E+01  0.3385500325E+02  0.3385500325E+02  0.3385500325E+02
L3 0.2987064920E+05  -.1039837406E+03  0.3326671808E+03  -.6665078155E+02
L4 0.5401088620E+02  0.2921365978E+03  0.2897218567E+03  0.2848584848E+03
L5 0.8667169393E+03  0.3144911862E+03  0.2182045420E+03  0.2991871748E+03
L6 0.8318829031E+03  -.9114410444E+04  0.1370551256E+04  -.1056062527E+05
L7 0.0000000000E+00  0.2839634214E+01  0.8702260001E+01  0.1146689062E+02
L8 0.2641962216E+01  0.4736858884E+02  0.2644233754E+01  0.0000000000E+00
L9 0.0000000000E+00  0.0000000000E+00  0.0000000000E+00  0.9694973547E+00  0.0000000000E+00
L0     4000  0.8000000000E+01  -.7466638922E+04  0.1720744961E+04
L1 0.2978733941E+03  0.2978733941E+03  -.9187383883E+10  0.1000000000E+01
L2 0.1000000000E+01  0.3369753715E+02  0.3369753715E+02  0.3369753715E+02
L3 0.2945559898E+05  0.1563924530E+03  0.9224238206E+03  -.7072315534E+03
L4 0.1238615734E+03  0.2853981214E+03  0.3043324289E+03  0.2775463712E+03
L5 0.8672769214E+03  0.2522437934E+03  0.1087837221E+03  0.4274755172E+03
L6 0.7885030326E+03  -.9187383883E+04  0.1377334268E+04  -.1063531312E+05
L7 0.0000000000E+00  0.1987843559E+01  0.5790658732E+01  0.1139279306E+02
L8 0.3638793319E+01  0.4478587500E+02  0.2999009695E+01  0.0000000000E+00
L9 0.0000000000E+00  0.0000000000E+00  0.0000000000E+00  0.9831582580E+00  0.0000000000E+00
L0     5000  0.1000000000E+02  -.7504121072E+04  0.1712155315E+04
L1 0.2963864643E+03  0.2963864643E+03  -.9216276387E+10  0.1000000000E+01
L2 0.1000000000E+01  0.3365063011E+02  0.3365063011E+02  0.3365063011E+02
L3 0.2933335735E+05  0.9313921425E+03  -.9796347393E+03  -.2612273567E+03
L4 -.1031566512E+03  0.2813905258E+03  0.2945427595E+03  0.2704999027E+03
L5 0.8464331879E+03  0.8476000804E+02  0.5013579958E+03  0.3256488223E+03
L6 0.9117668261E+03  -.9216276387E+04  0.1361879577E+04  -.1065589440E+05
L7 0.0000000000E+00  0.5951844629E+01  0.9057819029E+01  0.1157263629E+02
L8 0.2030687964E+01  0.4548975062E+02  0.3635696388E+01  0.0000000000E+00
L9 0.0000000000E+00  0.0000000000E+00  0.0000000000E+00  0.9872553978E+00  0.0000000000E+00
L0     6000  0.1200000000E+02  -.7617387857E+04  0.1658232233E+04
L1 0.2870519888E+03  0.2870519888E+03  -.9275620090E+10  0.1000000000E+01
L2 0.1000000000E+01  0.3368079125E+02  0.3368079125E+02  0.3368079125E+02
L3 0.2941325964E+05  -.1060632525E+04  0.1244494052E+03  -.4674220657E+03
L4 -.4678683953E+03  0.2832879687E+03  0.2774364608E+03  0.2667250010E+03
L5 0.8274494305E+03  0.5078129545E+03  0.2510918030E+03  0.3656734400E+03
L6 0.1124578198E+04  -.9275620090E+04  0.1329622892E+04  -.1067751550E+05
L7 0.0000000000E+00  0.4614394146E+01  0.3903161890E+01  0.9504710225E+01
L8 0.2843167126E+01  0.4707466479E+02  0.4332417428E+01  0.0000000000E+00
L9 0.0000000000E+00  0.0000000000E+00  0.0000000000E+00  0.9845734794E+00  0.0000000000E+00
L0     7000  0.1400000000E+02  -.7434594503E+04  0.1736436719E+04
L1 0.3005897508E+03  0.3005897508E+03  -.9171031222E+10  0.1000000000E+01
L2 0.1000000000E+01  0.3370871173E+02  0.3370871173E+02  0.3370871173E+02
L3 0.2948430140E+05  0.4434223572E+03  0.4470120126E+03  0.1780744921E+03
L4 0.3561696206E+03  0.2911394548E+03  0.2795219397E+03  0.2755254458E+03
L5 0.8461868404E+03  0.1970447881E+03  0.1846655445E+03  0.2377378609E+03
L6 0.6194481935E+03  -.9171031222E+04  0.1400158899E+04  -.1063758385E+05
L7 0.0000000000E+00  0.2593346120E+01  0.4884703830E+01  0.9054396752E+01
L8 0.2734371322E+01  0.4388106800E+02  0.3245846415E+01  0.0000000000E+00
L9 0.0000000000E+00  0.0000000000E+00  0.0000000000E+00  0.9822011715E+00  0.0000000000E+00
L0     8000  0.1600000000E+02  -.7532027166E+04  0.1693028284E+04
L1 0.2930754369E+03  0.2930754369E+03  -.9225055450E+10  0.1000000000E+01
L2 0.1000000000E+01  0.3356885823E+02  0.3356885823E+02  0.3356885823E+02
L3 0.2912069181E+05  -.6157455330E+03  -.2117989709E+03  -.2414463523E+03
L4 -.3563302854E+03  0.2974378005E+03  0.2671908977E+03  0.2926500237E+03
L5 0.8572787219E+03  0.4264882549E+03  0.3115805879E+03  0.3432533327E+03
L6 0.1081322175E+04  -.9225055450E+04  0.1310997626E+04  -.1061164556E+05
L7 0.0000000000E+00  0.4095390574E+01  0.6109230083E+01  0.1278173334E+02
L8 0.2544917077E+01  0.4659914614E+02  0.3462070388E+01  0.0000000000E+00
L9 0.0000000000E+00  0.0000000000E+00  0.0000000000E+00  0.9944652267E+00  0.0000000000E+00
L0     9000  0.1800000000E+02  -.7516599702E+04  0.1689138396E+04
L1 0.2924020692E+03  0.2924020692E+03  -.9205738098E+10  0.1000000000E+01
L2 0.1000000000E+01  0.3357487037E+02  0.3357487037E+02  0.3357487037E+02
L3 0.2913623885E+05  0.5127880430E+03  -.8786928164E+03  -.5851207163E+03
L4 -.3170084966E+03  0.2933982841E+03  0.3016322427E+03  0.2763913813E+03
L5 0.8714219081E+03  0.1858687018E+03  0.4858905787E+03  0.3990888332E+03
L6 0.1070848114E+04  -.9205738098E+04  0.1288143870E+04  -.1056261521E+05
L7 0.0000000000E+00  0.4215942880E+01  0.8900821459E+01  0.1142976011E+02
L8 0.2341544783E+01  0.4058989570E+02  0.1255273480E+01  0.0000000000E+00
L9 0.0000000000E+00  0.0000000000E+00  0.0000000000E+00  0.9939345818E+00  0.0000000000E+00
L0    10000  0.2000000000E+02  -.7503465185E+04  0.1727704363E+04
L1 0.2990781168E+03  0.2990781168E+03  -.9231169548E+10  0.1000000000E+01
L2 0.1000000000E+01  0.3354655349E+02  0.3354655349E+02  0.3354655349E+02
L3 0.2906166274E+05  -.1370596222E+03  0.6662883417E+03  -.4176797143E+03
L4 0.3718300174E+02  0.2987661975E+03  0.2936163728E+03  0.2908553342E+03
L5 0.8832379045E+03  0.3274334828E+03  0.1542560150E+03  0.3782169025E+03
L6 0.8599064002E+03  -.9231169548E+04  0.1356238599E+04  -.1066197926E+05
L7 0.0000000000E+00  0.1616019452E+01  0.6877004808E+01  0.1416664021E+02
L8 0.1706339005E+01  0.4499872929E+02  0.5206382611E+01  0.0000000000E+00
L9 0.0000000000E+00  0.0000000000E+00  0.0000000000E+00  0.9964851510E+00  0.0000000000E+00
