L0  Nsteps           time(ps)         Etot             EKinetic        
L1  Temp             T_solute         T_solv           Pres_scal_solu  
L2  Pres_scal_solv   BoxX             BoxY             BoxZ            
L3  volume           pres_X           pres_Y           pres_Z          
L4  Pressure         EKCoM_x          EKCoM_y          EKCoM_z         
L5  EKComTot         VIRIAL_x         VIRIAL_y         VIRIAL_z        
L6  VIRIAL_tot       E_pot            E_vdw            E_el            
L7  E_hbon           E_bon            E_angle          E_dih           
L8  E_14vdw          E_14el           E_const          E_pol           
L9  AV_permMoment    AV_indMoment     AV_totMoment     Density          dV/dlambda      
L0     1000  0.2000000000E+01  -.7403104930E+04  0.1744384867E+04
L1 0.3001073826E+03  0.3001073826E+03  -.9147489796E+10  0.1000000000E+01
L2 0.1000000000E+01  0.3468228521E+02  0.3468228521E+02  0.3468228521E+02
L3 0.3211632982E+05  -.4242403648E+03  -.7519527363E+03  -.7302822094E+03
L4 -.6354917702E+03  0.2876229796E+03  0.2759030841E+03  0.2850828706E+03
L5 0.8486089344E+03  0.3856835640E+03  0.4497123933E+03  0.4538831691E+03
L6 0.1289279126E+04  -.9147489796E+04  0.1386296070E+04  -.1060876741E+05
L7 0.0000000000E+00  0.2959368352E+01  0.5151331620E+01  0.1063475565E+02
L8 0.4206057113E+01  0.4807723773E+02  0.3952790160E+01  0.0000000000E+00
L9 0.0000000000E+00  0.0000000000E+00  0.0000000000E+00  0.9072959512E+00  0.0000000000E+00
L0     2000  0.4000000000E+01  -.7467754590E+04  0.1747603832E+04
L1 0.3006611796E+03  0.3006611796E+03  -.9215358421E+10  0.1000000000E+01
L2 0.1000000000E+01  0.3404401765E+02  0.3404401765E+02  0.3404401765E+02
L3 0.3037615577E+05  -.1415874701E+04  -.1016131811E+04  -.6274887222E+02
L4 -.8315851281E+03  0.3140614224E+03  0.2809091262E+03  0.2851958593E+03
L5 0.8801664079E+03  0.6235995941E+03  0.5030556076E+03  0.2989140020E+03
L6 0.1425569204E+04  -.9215358421E+04  0.1291603378E+04  -.1058523380E+05
L7 0.0000000000E+00  0.1706191575E+01  0.1004146506E+02  0.1056595658E+02
L8 0.3116737892E+01  0.4797166100E+02  0.4869991758E+01  0.0000000000E+00
L9 0.0000000000E+00  0.0000000000E+00  0.0000000000E+00  0.9592726688E+00  0.0000000000E+00
L0     3000  0.6000000000E+01  -.7503496566E+04  0.1782838752E+04
L1 0.3067230641E+03  0.3067230641E+03  -.9286335318E+10  0.1000000000E+01
L2 0.1000000000E+01  0.3386263158E+02  0.3386263158E+02  0.3386263158E+02
L3 0.2989271370E+05  -.4580160188E+03  -.7053249957E+03  -.7766248715E+03
L4 -.6466552953E+03  0.2891256289E+03  0.3005010439E+03  0.2938921002E+03
L5 0.8835187730E+03  0.3876633672E+03  0.4522449285E+03  0.4609754668E+03
L6 0.1300883763E+04  -.9286335318E+04  0.1308385651E+04  -.1067182325E+05
L7 0.0000000000E+00  0.4154251074E+01  0.5685325297E+01  0.1024279582E+02
L8 0.4817533749E+01  0.4954404067E+02  0.2658335368E+01  0.0000000000E+00
L9 0.0000000000E+00  0.0000000000E+00  0.0000000000E+00  0.9747865753E+00  0.0000000000E+00
L0     4000  0.8000000000E+01  -.7502147216E+04  0.1724146323E+04
L1 0.2966255040E+03  0.2966255040E+03  -.9226293539E+10  0.1000000000E+01
L2 0.1000000000E+01  0.3378794150E+02  0.3378794150E+02  0.3378794150E+02
L3 0.2969237388E+05  0.1050271931E+04  0.8570629508E+03  -.4781766494E+03
L4 0.4763860776E+03  0.2943669346E+03  0.2822364502E+03  0.2900595543E+03
L5 0.8666629391E+03  0.6992538440E+02  0.9908337194E+02  0.3922451933E+03
L6 0.5612539496E+03  -.9226293539E+04  0.1434071740E+04  -.1073299018E+05
L7 0.0000000000E+00  0.3195628900E+01  0.9431544529E+01  0.1111269579E+02
L8 0.1984793936E+01  0.4466241064E+02  0.2237823575E+01  0.0000000000E+00
L9 0.0000000000E+00  0.0000000000E+00  0.0000000000E+00  0.9813636366E+00  0.0000000000E+00
L0     5000  0.1000000000E+02  -.7542945119E+04  0.1697936058E+04
L1 0.2921162388E+03  0.2921162388E+03  -.9240881178E+10  0.1000000000E+01
L2 0.1000000000E+01  0.3380630157E+02  0.3380630157E+02  0.3380630157E+02
L3 0.2974396322E+05  -.9917258376E+03  -.6496046499E+03  -.5019446311E+03
L4 -.7144250395E+03  0.2979226055E+03  0.2732910923E+03  0.2976268777E+03
L5 0.8688405754E+03  0.5102211631E+03  0.4123518336E+03  0.4050780675E+03
L6 0.1327651064E+04  -.9240881178E+04  0.1262735372E+04  -.1057510458E+05
L7 0.0000000000E+00  0.5821201801E+01  0.8784868341E+01  0.1178959039E+02
L8 0.2026164932E+01  0.4218185684E+02  0.8843476758E+00  0.0000000000E+00
L9 0.0000000000E+00  0.0000000000E+00  0.0000000000E+00  0.9796615132E+00  0.0000000000E+00
L0     6000  0.1200000000E+02  -.7408743403E+04  0.1806268589E+04
L1 0.3107539792E+03  0.3107539792E+03  -.9215011992E+10  0.1000000000E+01
L2 0.1000000000E+01  0.3382200894E+02  0.3382200894E+02  0.3382200894E+02
L3 0.2978415401E+05  0.1017218793E+03  -.2005058442E+03  -.5900104839E+03
L4 -.2295981496E+03  0.2798960517E+03  0.3059250135E+03  0.2881356735E+03
L5 0.8739567388E+03  0.2580910451E+03  0.3489052583E+03  0.4146097677E+03
L6 0.1021606071E+04  -.9215011992E+04  0.1323021178E+04  -.1061572130E+05
L7 0.0000000000E+00  0.3542346067E+01  0.1079230487E+02  0.1050179627E+02
L8 0.2458249037E+01  0.4509613243E+02  0.5297300651E+01  0.0000000000E+00
L9 0.0000000000E+00  0.0000000000E+00  0.0000000000E+00  0.9783395562E+00  0.0000000000E+00
L0     7000  0.1400000000E+02  -.7544649653E+04  0.1728954655E+04
L1 0.2974527388E+03  0.2974527388E+03  -.9273604308E+10  0.1000000000E+01
L2 0.1000000000E+01  0.3373318946E+02  0.3373318946E+02  0.3373318946E+02
L3 0.2954980430E+05  -.1354515586E+03  0.1024709926E+03  -.2936713681E+03
L4 -.1088839781E+03  0.2841990324E+03  0.2770662963E+03  0.2930789530E+03
L5 0.8543442817E+03  0.3130058442E+03  0.2552735415E+03  0.3555347559E+03
L6 0.9238141416E+03  -.9273604308E+04  0.1354469411E+04  -.1069875752E+05
L7 0.0000000000E+00  0.4755608671E+01  0.6841524435E+01  0.9732175098E+01
L8 0.2642022812E+01  0.4521922971E+02  0.1493238505E+01  0.0000000000E+00
L9 0.0000000000E+00  0.0000000000E+00  0.0000000000E+00  0.9860984432E+00  0.0000000000E+00
L0     8000  0.1600000000E+02  -.7538889176E+04  0.1703096976E+04
L1 0.2930041332E+03  0.2930041332E+03  -.9241986152E+10  0.1000000000E+01
L2 0.1000000000E+01  0.3377413765E+02  0.3377413765E+02  0.3377413765E+02
L3 0.2965619548E+05  0.5191240727E+03  0.4320875221E+03  0.2526912107E+03
L4 0.4013009352E+03  0.2866634563E+03  0.2874553919E+03  0.2760749537E+03
L5 0.8501938019E+03  0.1758625828E+03  0.1952314374E+03  0.2221410132E+03
L6 0.5932350334E+03  -.9241986152E+04  0.1436349912E+04  -.1075772869E+05
L7 0.0000000000E+00  0.5209551491E+01  0.7548669682E+01  0.1174439496E+02
L8 0.3537856169E+01  0.4800844571E+02  0.3343706900E+01  0.0000000000E+00
L9 0.0000000000E+00  0.0000000000E+00  0.0000000000E+00  0.9825608289E+00  0.0000000000E+00
L0     9000  0.1800000000E+02  -.7602237363E+04  0.1703143075E+04
L1 0.2930120642E+03  0.2930120642E+03  -.9305380439E+10  0.1000000000E+01
L2 0.1000000000E+01  0.3374566616E+02  0.3374566616E+02  0.3374566616E+02
L3 0.2958171373E+05  -.2969161088E+03  0.4940707249E+03  0.4891029300E+03
L4 0.2287525154E+03  0.2688441044E+03  0.2866680961E+03  0.3026197288E+03
L5 0.8581319293E+03  0.3320581624E+03  0.1814794097E+03  0.1984886964E+03
L6 0.7120262684E+03  -.9305380439E+04  0.1423016850E+04  -.1080027812E+05
L7 0.0000000000E+00  0.3208421712E+01  0.8279696883E+01  0.9899758832E+01
L8 0.3580293732E+01  0.4552784171E+02  0.1384821640E+01  0.0000000000E+00
L9 0.0000000000E+00  0.0000000000E+00  0.0000000000E+00  0.9850347508E+00  0.0000000000E+00
L0    10000  0.2000000000E+02  -.7600546350E+04  0.1734233500E+04
L1 0.2983609217E+03  0.2983609217E+03  -.9334779850E+10  0.1000000000E+01
L2 0.1000000000E+01  0.3373421184E+02  0.3373421184E+02  0.3373421184E+02
L3 0.2955147666E+05  -.4583818854E+03  0.1199903218E+04  0.8639269450E+02
L4 0.2759713425E+03  0.2750579639E+03  0.2853518313E+03  0.3041650528E+03
L5 0.8645748479E+03  0.3725486695E+03  0.3015105842E+02  0.2857906689E+03
L6 0.6884903967E+03  -.9334779850E+04  0.1428854536E+04  -.1083730887E+05
L7 0.0000000000E+00  0.4026521239E+01  0.4560457774E+01  0.1016407545E+02
L8 0.3347327121E+01  0.4801530787E+02  0.3560794864E+01  0.0000000000E+00
L9 0.0000000000E+00  0.0000000000E+00  0.0000000000E+00  0.9860426385E+00  0.0000000000E+00
