L0  Nsteps           time(ps)         Etot             EKinetic        
L1  Temp             T_solute         T_solv           Pres_scal_solu  
L2  Pres_scal_solv   BoxX             BoxY             BoxZ            
L3  volume           pres_X           pres_Y           pres_Z          
L4  Pressure         EKCoM_x          EKCoM_y          EKCoM_z         
L5  EKComTot         VIRIAL_x         VIRIAL_y         VIRIAL_z        
L6  VIRIAL_tot       E_pot            E_vdw            E_el            
L7  E_hbon           E_bon            E_angle          E_dih           
L8  E_14vdw          E_14el           E_const          E_pol           
L9  AV_permMoment    AV_indMoment     AV_totMoment     Density          dV/dlambda      
L0     1000  0.2000000000E+01  -.7382089928E+04  0.1711156614E+04
L1 0.2962135818E+03  0.2962135818E+03  -.9093246541E+10  0.1000000000E+01
L2 0.1000000000E+01  0.3458458590E+02  0.3458458590E+02  0.3458458590E+02
L3 0.3184626260E+05  -.9803201562E+03  -.7325798270E+03  -.8082976277E+03
L4 -.8403992036E+03  0.2725889848E+03  0.2800713238E+03  0.2864218864E+03
L5 0.8390821950E+03  0.4972785915E+03  0.4479787897E+03  0.4716838898E+03
L6 0.1416941271E+04  -.9093246541E+04  0.1341954482E+04  -.1051044279E+05
L7 0.0000000000E+00  0.5235130752E+01  0.9878257162E+01  0.1164787322E+02
L8 0.3165949783E+01  0.4264972869E+02  0.2664825086E+01  0.0000000000E+00
L9 0.0000000000E+00  0.0000000000E+00  0.0000000000E+00  0.9093536579E+00  0.0000000000E+00
L0     2000  0.4000000000E+01  -.7388635133E+04  0.1763855990E+04
L1 0.3053362250E+03  0.3053362250E+03  -.9152491124E+10  0.1000000000E+01
L2 0.1000000000E+01  0.3403654475E+02  0.3403654475E+02  0.3403654475E+02
L3 0.3035410725E+05  0.2153373937E+03  -.1403644696E+03  -.2989586178E+03
L4 -.7466189789E+02  0.3125169380E+03  0.2879521429E+03  0.2964376125E+03
L5 0.8969066935E+03  0.2654741019E+03  0.3186163143E+03  0.3617484302E+03
L6 0.9458388464E+03  -.9152491124E+04  0.1385170442E+04  -.1062384212E+05
L7 0.0000000000E+00  0.2532436334E+01  0.1615460720E+02  0.9233666220E+01
L8 0.4003989980E+01  0.4887357514E+02  0.5382281676E+01  0.0000000000E+00
L9 0.0000000000E+00  0.0000000000E+00  0.0000000000E+00  0.9540559090E+00  0.0000000000E+00
L0     3000  0.6000000000E+01  -.7456172823E+04  0.1724305345E+04
L1 0.2984897224E+03  0.2984897224E+03  -.9180478168E+10  0.1000000000E+01
L2 0.1000000000E+01  0.3373454828E+02  0.3373454828E+02  0.3373454828E+02
L3 0.2955526374E+05  -.1001654807E+04  -.4987122361E+03  -.9751378487E+03
L4 -.8251682973E+03  0.2979119897E+03  0.2758271369E+03  0.2883861326E+03
L5 0.8621252592E+03  0.5109757065E+03  0.3819090744E+03  0.4958093816E+03
L6 0.1388694163E+04  -.9180478168E+04  0.1251777225E+04  -.1050378161E+05
L7 0.0000000000E+00  0.2505597343E+01  0.8377303356E+01  0.1027547009E+02
L8 0.2922990514E+01  0.4503035360E+02  0.2414498039E+01  0.0000000000E+00
L9 0.0000000000E+00  0.0000000000E+00  0.0000000000E+00  0.9798429016E+00  0.0000000000E+00
L0     4000  0.8000000000E+01  -.7431128929E+04  0.1749502771E+04
L1 0.3028515789E+03  0.3028515789E+03  -.9180631700E+10  0.1000000000E+01
L2 0.1000000000E+01  0.3378239855E+02  0.3378239855E+02  0.3378239855E+02
L3 0.2968013675E+05  -.6719277691E+03  -.5149446982E+02  -.5372718970E+03
L4 -.4202313787E+03  0.2886555264E+03  0.2950027751E+03  0.2887283079E+03
L5 0.8723866094E+03  0.4321863138E+03  0.3060025315E+03  0.4034951950E+03
L6 0.1141684040E+04  -.9180631700E+04  0.1319118499E+04  -.1057815481E+05
L7 0.0000000000E+00  0.5176668508E+01  0.7091928286E+01  0.1124102937E+02
L8 0.3730116731E+01  0.4451783116E+02  0.6647034580E+01  0.0000000000E+00
L9 0.0000000000E+00  0.0000000000E+00  0.0000000000E+00  0.9757204162E+00  0.0000000000E+00
L0     5000  0.1000000000E+02  -.7616114245E+04  0.1692939965E+04
L1 0.2930601482E+03  0.2930601482E+03  -.9309054210E+10  0.1000000000E+01
L2 0.1000000000E+01  0.3363873337E+02  0.3363873337E+02  0.3363873337E+02
L3 0.2930383160E+05  -.6908016970E+03  -.1295350602E+04  -.1303932028E+03
L4 -.7055151673E+03  0.2844284674E+03  0.2780751000E+03  0.2940836421E+03
L5 0.8565872095E+03  0.4301200248E+03  0.5512673162E+03  0.3215838478E+03
L6 0.1302971189E+04  -.9309054210E+04  0.1303153780E+04  -.1068483975E+05
L7 0.0000000000E+00  0.4373793616E+01  0.8400521052E+01  0.1158552049E+02
L8 0.3077934844E+01  0.4308502027E+02  0.2108964473E+01  0.0000000000E+00
L9 0.0000000000E+00  0.0000000000E+00  0.0000000000E+00  0.9882501297E+00  0.0000000000E+00
L0     6000  0.1200000000E+02  -.7441427635E+04  0.1729969829E+04
L1 0.2994702854E+03  0.2994702854E+03  -.9171397464E+10  0.1000000000E+01
L2 0.1000000000E+01  0.3368380799E+02  0.3368380799E+02  0.3368380799E+02
L3 0.2941892068E+05  0.3567550448E+02  0.7009214070E+03  0.4241111581E+03
L4 0.3869026898E+03  0.2859414877E+03  0.2959678305E+03  0.2655429988E+03
L5 0.8474523170E+03  0.2783878971E+03  0.1475614273E+03  0.1757457535E+03
L6 0.6016950780E+03  -.9171397464E+04  0.1396256891E+04  -.1063833284E+05
L7 0.0000000000E+00  0.3352030627E+01  0.8737227238E+01  0.8959432194E+01
L8 0.3767286482E+01  0.4424177997E+02  0.1620726115E+01  0.0000000000E+00
L9 0.0000000000E+00  0.0000000000E+00  0.0000000000E+00  0.9843840191E+00  0.0000000000E+00
L0     7000  0.1400000000E+02  -.7485617547E+04  0.1694340100E+04
L1 0.2933025218E+03  0.2933025218E+03  -.9179957648E+10  0.1000000000E+01
L2 0.1000000000E+01  0.3364333758E+02  0.3364333758E+02  0.3364333758E+02
L3 0.2931349947E+05  0.3153806681E+03  -.7260676616E+02  0.3555620802E+03
L4 0.1994453273E+03  0.2869597847E+03  0.2734105759E+03  0.2746567197E+03
L5 0.8350270803E+03  0.2204233820E+03  0.2887285504E+03  0.1996431753E+03
L6 0.7087951077E+03  -.9179957648E+04  0.1398281722E+04  -.1065490657E+05
L7 0.0000000000E+00  0.1874224622E+01  0.1308103664E+02  0.9791848644E+01
L8 0.3183656950E+01  0.4518106851E+02  0.3555369563E+01  0.0000000000E+00
L9 0.0000000000E+00  0.0000000000E+00  0.0000000000E+00  0.9879241953E+00  0.0000000000E+00
L0     8000  0.1600000000E+02  -.7474122073E+04  0.1754194718E+04
L1 0.3036637889E+03  0.3036637889E+03  -.9228316791E+10  0.1000000000E+01
L2 0.1000000000E+01  0.3365316872E+02  0.3365316872E+02  0.3365316872E+02
L3 0.2933794852E+05  0.5908853865E+03  0.4089198195E+03  0.1038566291E+04
L4 0.6794571658E+03  0.2959367081E+03  0.2913086223E+03  0.2793200060E+03
L5 0.8665653363E+03  0.1711726272E+03  0.2049661494E+03  0.6002913884E+02
L6 0.4361679154E+03  -.9228316791E+04  0.1454059245E+04  -.1075279704E+05
L7 0.0000000000E+00  0.2725253879E+01  0.5895329417E+01  0.1085600328E+02
L8 0.2505544415E+01  0.4286007343E+02  0.5578800343E+01  0.0000000000E+00
L9 0.0000000000E+00  0.0000000000E+00  0.0000000000E+00  0.9871008996E+00  0.0000000000E+00
L0     9000  0.1800000000E+02  -.7502865942E+04  0.1725685732E+04
L1 0.2987286773E+03  0.2987286773E+03  -.9228551675E+10  0.1000000000E+01
L2 0.1000000000E+01  0.3369772856E+02  0.3369772856E+02  0.3369772856E+02
L3 0.2945623335E+05  0.4038254169E+03  -.2480444408E+03  0.6457408635E+02
L4 0.7345168750E+02  0.2686652623E+03  0.2841190666E+03  0.3002304071E+03
L5 0.8530147360E+03  0.1830546818E+03  0.3367042375E+03  0.2865407660E+03
L6 0.8062996853E+03  -.9228551675E+04  0.1385962009E+04  -.1068628579E+05
L7 0.0000000000E+00  0.2828015871E+01  0.6935399930E+01  0.1087045589E+02
L8 0.3772533061E+01  0.4546503585E+02  0.1900668442E+01  0.0000000000E+00
L9 0.0000000000E+00  0.0000000000E+00  0.0000000000E+00  0.9831370845E+00  0.0000000000E+00
L0    10000  0.2000000000E+02  -.7406603403E+04  0.1748167778E+04
L1 0.3026204819E+03  0.3026204819E+03  -.9154771180E+10  0.1000000000E+01
L2 0.1000000000E+01  0.3375974839E+02  0.3375974839E+02  0.3375974839E+02
L3 0.2961795349E+05  0.2158199532E+03  0.1028581653E+04  0.3610634071E+03
L4 0.5351550043E+03  0.2869196117E+03  0.2927279922E+03  0.2884057834E+03
L5 0.8680533874E+03  0.2409148039E+03  0.7347254083E+02  0.2114404593E+03
L6 0.5258278040E+03  -.9154771180E+04  0.1415687580E+04  -.1063980542E+05
L7 0.0000000000E+00  0.1969802771E+01  0.5268080023E+01  0.1111488913E+02
L8 0.2942715735E+01  0.4531557992E+02  0.2735593138E+01  0.0000000000E+00
L9 0.0000000000E+00  0.0000000000E+00  0.0000000000E+00  0.9777689531E+00  0.0000000000E+00
