L0  Nsteps           time(ps)         Etot             EKinetic        
L1  Temp             T_solute         T_solv           Pres_scal_solu  
L2  Pres_scal_solv   BoxX             BoxY             BoxZ            
L3  volume           pres_X           pres_Y           pres_Z          
L4  Pressure         EKCoM_x          EKCoM_y          EKCoM_z         
L5  EKComTot         VIRIAL_x         VIRIAL_y         VIRIAL_z        
L6  VIRIAL_tot       E_pot            E_vdw            E_el            
L7  E_hbon           E_bon            E_angle          E_dih           
L8  E_14vdw          E_14el           E_const          E_pol           
L9  AV_permMoment    AV_indMoment     AV_totMoment     Density          dV/dlambda      
L0     1000  0.2000000000E+01  -.7064956548E+04  0.1663217835E+04
L1 0.2946036607E+03  0.2946036607E+03  -.8728174384E+10  0.1000000000E+01
L2 0.1000000000E+01  0.3443203196E+02  0.3443203196E+02  0.3443203196E+02
L3 0.3142631815E+05  -.5067053693E+03  -.9010583336E+03  -.7117669548E+03
L4 -.7065102193E+03  0.3040014309E+03  0.2847760098E+03  0.2660692719E+03
L5 0.8548467126E+03  0.4186069649E+03  0.4885754518E+03  0.4270551957E+03
L6 0.1334237612E+04  -.8728174384E+04  0.1255767992E+04  -.1005990475E+05
L7 0.0000000000E+00  0.3391901705E+01  0.8094615353E+01  0.1043134852E+02
L8 0.3097007188E+01  0.4785063314E+02  0.3096864927E+01  0.0000000000E+00
L9 0.0000000000E+00  0.0000000000E+00  0.0000000000E+00  0.9005619512E+00  0.0000000000E+00
L0     2000  0.4000000000E+01  -.7261408926E+04  0.1670339662E+04
L1 0.2958651408E+03  0.2958651408E+03  -.8931748588E+10  0.1000000000E+01
L2 0.1000000000E+01  0.3378660888E+02  0.3378660888E+02  0.3378660888E+02
L3 0.2969157414E+05  -.4559492133E+03  -.8692437855E+03  -.3192889922E+03
L4 -.5481606637E+03  0.2933847780E+03  0.2531168198E+03  0.2577084555E+03
L5 0.8042100533E+03  0.3908178226E+03  0.4388679212E+03  0.3259382007E+03
L6 0.1155623944E+04  -.8931748588E+04  0.1307451850E+04  -.1031215811E+05
L7 0.0000000000E+00  0.3607772578E+01  0.5620634042E+01  0.1083566057E+02
L8 0.3122195478E+01  0.4714770469E+02  0.2623701925E+01  0.0000000000E+00
L9 0.0000000000E+00  0.0000000000E+00  0.0000000000E+00  0.9531777012E+00  0.0000000000E+00
L0     3000  0.6000000000E+01  -.7228969598E+04  0.1719257406E+04
L1 0.3045298785E+03  0.3045298785E+03  -.8948227004E+10  0.1000000000E+01
L2 0.1000000000E+01  0.3352545788E+02  0.3352545788E+02  0.3352545788E+02
L3 0.2900564349E+05  -.4474356240E+02  0.1279647664E+04  0.3002925187E+03
L4 0.5117322067E+03  0.2718097173E+03  0.2976214021E+03  0.3018383151E+03
L5 0.8712694345E+03  0.2811502070E+03  0.3048720175E+02  0.2391504331E+03
L6 0.5507878418E+03  -.8948227004E+04  0.1393265748E+04  -.1041204432E+05
L7 0.0000000000E+00  0.2478221068E+01  0.6573300421E+01  0.1085899318E+02
L8 0.2189063060E+01  0.4592124588E+02  0.2530748614E+01  0.0000000000E+00
L9 0.0000000000E+00  0.0000000000E+00  0.0000000000E+00  0.9757186183E+00  0.0000000000E+00
L0     4000  0.8000000000E+01  -.7237273273E+04  0.1706237906E+04
L1 0.3022237511E+03  0.3022237511E+03  -.8943511179E+10  0.1000000000E+01
L2 0.1000000000E+01  0.3343272393E+02  0.3343272393E+02  0.3343272393E+02
L3 0.2876780827E+05  0.2666560650E+02  -.5374359836E+03  -.5203340854E+03
L4 -.3437014875E+03  0.2670647118E+03  0.2905571897E+03  0.2757512458E+03
L5 0.8333731474E+03  0.2615437490E+03  0.4018302664E+03  0.3834834714E+03
L6 0.1046857487E+04  -.8943511179E+04  0.1279319253E+04  -.1030377054E+05
L7 0.0000000000E+00  0.9106077004E+01  0.8237535681E+01  0.1168774435E+02
L8 0.2714279979E+01  0.4482456152E+02  0.4369904461E+01  0.0000000000E+00
L9 0.0000000000E+00  0.0000000000E+00  0.0000000000E+00  0.9837852827E+00  0.0000000000E+00
L0     5000  0.1000000000E+02  -.7241750093E+04  0.1737928867E+04
L1 0.3078371307E+03  0.3078371307E+03  -.8979678960E+10  0.1000000000E+01
L2 0.1000000000E+01  0.3343396566E+02  0.3343396566E+02  0.3343396566E+02
L3 0.2876947077E+05  0.3456638632E+03  0.4960684049E+03  -.6906557800E+02
L4 0.2575555634E+03  0.3042213442E+03  0.2758486246E+03  0.2853434747E+03
L5 0.8654134435E+03  0.2326494630E+03  0.1731345353E+03  0.2996439379E+03
L6 0.7054279361E+03  -.8979678960E+04  0.1357593132E+04  -.1041316961E+05
L7 0.0000000000E+00  0.4101933103E+01  0.7008202577E+01  0.1072138608E+02
L8 0.3157981797E+01  0.4637102532E+02  0.4536985108E+01  0.0000000000E+00
L9 0.0000000000E+00  0.0000000000E+00  0.0000000000E+00  0.9837284325E+00  0.0000000000E+00
L0     6000  0.1200000000E+02  -.7316026774E+04  0.1678268817E+04
L1 0.2972696219E+03  0.2972696219E+03  -.8994295591E+10  0.1000000000E+01
L2 0.1000000000E+01  0.3339942966E+02  0.3339942966E+02  0.3339942966E+02
L3 0.2868001909E+05  0.9556501697E+02  0.1141815911E+04  -.6794777769E+01
L4 0.4101953835E+03  0.2963706619E+03  0.2706798237E+03  0.2720496761E+03
L5 0.8391001618E+03  0.2766448468E+03  0.3499473488E+02  0.2734522033E+03
L6 0.5850917850E+03  -.8994295591E+04  0.1383693151E+04  -.1045606965E+05
L7 0.0000000000E+00  0.6069704992E+01  0.8744820897E+01  0.1105159618E+02
L8 0.2705943408E+01  0.4631416111E+02  0.3194676166E+01  0.0000000000E+00
L9 0.0000000000E+00  0.0000000000E+00  0.0000000000E+00  0.9867966369E+00  0.0000000000E+00
L0     7000  0.1400000000E+02  -.7382327701E+04  0.1660997553E+04
L1 0.2942103848E+03  0.2942103848E+03  -.9043325254E+10  0.1000000000E+01
L2 0.1000000000E+01  0.3345383038E+02  0.3345383038E+02  0.3345383038E+02
L3 0.2882120892E+05  -.2893389049E+03  0.6685842972E+03  -.1056831288E+03
L4 0.9118742117E+02  0.2661985582E+03  0.2718988364E+03  0.2569209576E+03
L5 0.7950183522E+03  0.3262157412E+03  0.1332152878E+03  0.2788426680E+03
L6 0.7382736969E+03  -.9043325254E+04  0.1373608297E+04  -.1048557536E+05
L7 0.0000000000E+00  0.2110559852E+01  0.1107921157E+02  0.1101077941E+02
L8 0.1915110615E+01  0.4159268159E+02  0.9334712863E+00  0.0000000000E+00
L9 0.0000000000E+00  0.0000000000E+00  0.0000000000E+00  0.9819625009E+00  0.0000000000E+00
L0     8000  0.1600000000E+02  -.7382727821E+04  0.1670767425E+04
L1 0.2959409099E+03  0.2959409099E+03  -.9053495246E+10  0.1000000000E+01
L2 0.1000000000E+01  0.3341869866E+02  0.3341869866E+02  0.3341869866E+02
L3 0.2873072184E+05  0.6860164925E+03  -.4751395362E+03  -.1923345216E+03
L4 0.6180811546E+01  0.2665085826E+03  0.2837915574E+03  0.2836185020E+03
L5 0.8339186420E+03  0.1246558605E+03  0.3820396860E+03  0.3233889386E+03
L6 0.8300844852E+03  -.9053495246E+04  0.1368494972E+04  -.1049573752E+05
L7 0.0000000000E+00  0.2748123255E+01  0.1103465948E+02  0.1092554634E+02
L8 0.3107275856E+01  0.4402406751E+02  0.1907626469E+01  0.0000000000E+00
L9 0.0000000000E+00  0.0000000000E+00  0.0000000000E+00  0.9850551806E+00  0.0000000000E+00
L0     9000  0.1800000000E+02  -.7337622635E+04  0.1621123067E+04
L1 0.2871474679E+03  0.2871474679E+03  -.8958745702E+10  0.1000000000E+01
L2 0.1000000000E+01  0.3341395053E+02  0.3341395053E+02  0.3341395053E+02
L3 0.2871917529E+05  -.4430779561E+02  -.1199161599E+04  0.4447253625E+03
L4 -.2662480107E+03  0.2855826283E+03  0.2669998205E+03  0.2809680874E+03
L5 0.8335505362E+03  0.2947407980E+03  0.5148597130E+03  0.1890458806E+03
L6 0.9986463915E+03  -.8958745702E+04  0.1282957041E+04  -.1031488346E+05
L7 0.0000000000E+00  0.1235680276E+01  0.7290448643E+01  0.1124312835E+02
L8 0.3810642345E+01  0.4870253294E+02  0.8982831626E+00  0.0000000000E+00
L9 0.0000000000E+00  0.0000000000E+00  0.0000000000E+00  0.9854512223E+00  0.0000000000E+00
L0    10000  0.2000000000E+02  -.7317859174E+04  0.1679282011E+04
L1 0.2974490876E+03  0.2974490876E+03  -.8997141185E+10  0.1000000000E+01
L2 0.1000000000E+01  0.3350797976E+02  0.3350797976E+02  0.3350797976E+02
L3 0.2896007154E+05  0.5130748511E+03  0.9632316972E+03  0.3263525504E+03
L4 0.6008863662E+03  0.2837842145E+03  0.2802251293E+03  0.2548031812E+03
L5 0.8188125250E+03  0.1768450127E+03  0.7946060416E+02  0.1867821484E+03
L6 0.4430877653E+03  -.8997141185E+04  0.1417737990E+04  -.1048374741E+05
L7 0.0000000000E+00  0.2139090866E+01  0.7903914286E+01  0.9337234361E+01
L8 0.2918728501E+01  0.4444806744E+02  0.2121194674E+01  0.0000000000E+00
L9 0.0000000000E+00  0.0000000000E+00  0.0000000000E+00  0.9772540218E+00  0.0000000000E+00
