L0  Nsteps           time(ps)         Etot             EKinetic        
L1  Temp             T_solute         T_solv           Pres_scal_solu  
L2  Pres_scal_solv   BoxX             BoxY             BoxZ            
L3  volume           pres_X           pres_Y           pres_Z          
L4  Pressure         EKCoM_x          EKCoM_y          EKCoM_z         
L5  EKComTot         VIRIAL_x         VIRIAL_y         VIRIAL_z        
L6  VIRIAL_tot       E_pot            E_vdw            E_el            
L7  E_hbon           E_bon            E_angle          E_dih           
L8  E_14vdw          E_14el           E_const          E_pol           
L9  AV_permMoment    AV_indMoment     AV_totMoment     Density          dV/dlambda      
L0     1000  0.2000000000E+01  -.7492194548E+04  0.1754560702E+04
L1 0.2997063155E+03  0.2997063155E+03  -.9246755249E+10  0.1000000000E+01
L2 0.1000000000E+01  0.3477921581E+02  0.3477921581E+02  0.3477921581E+02
L3 0.3238755547E+05  -.1376675552E+04  -.7676746323E+03  -.1002637938E+04
L4 -.1048996041E+04  0.3125591096E+03  0.2793623915E+03  0.2938571496E+03
L5 0.8857786506E+03  0.6334566216E+03  0.4583042483E+03  0.5275680042E+03
L6 0.1619328874E+04  -.9246755249E+04  0.1326879500E+04  -.1064383881E+05
L7 0.0000000000E+00  0.2473839267E+01  0.5915874733E+01  0.1020386097E+02
L8 0.3025944967E+01  0.4556451891E+02  0.3020025714E+01  0.0000000000E+00
L9 0.0000000000E+00  0.0000000000E+00  0.0000000000E+00  0.9061638952E+00  0.0000000000E+00
L0     2000  0.4000000000E+01  -.7596065156E+04  0.1729984142E+04
L1 0.2955082560E+03  0.2955082560E+03  -.9326049298E+10  0.1000000000E+01
L2 0.1000000000E+01  0.3420213910E+02  0.3420213910E+02  0.3420213910E+02
L3 0.3079975822E+05  0.2141525195E+03  -.2447536322E+03  -.6916284455E+03
L4 -.2407431861E+03  0.2817649604E+03  0.2756735289E+03  0.2949154482E+03
L5 0.8523539374E+03  0.2342941030E+03  0.3299276875E+03  0.4482276547E+03
L6 0.1012449445E+04  -.9326049298E+04  0.1422108059E+04  -.1082498158E+05
L7 0.0000000000E+00  0.4108750955E+01  0.6785701334E+01  0.1061565521E+02
L8 0.2930020641E+01  0.4806230321E+02  0.4321787801E+01  0.0000000000E+00
L9 0.0000000000E+00  0.0000000000E+00  0.0000000000E+00  0.9528786949E+00  0.0000000000E+00
L0     3000  0.6000000000E+01  -.7681837952E+04  0.1731629877E+04
L1 0.2957893733E+03  0.2957893733E+03  -.9413467830E+10  0.1000000000E+01
L2 0.1000000000E+01  0.3392402645E+02  0.3392402645E+02  0.3392402645E+02
L3 0.3005623105E+05  -.9801514878E+03  -.1174574131E+04  -.4910927644E+03
L4 -.8819394609E+03  0.2807298694E+03  0.2889336750E+03  0.2667464463E+03
L5 0.8364099907E+03  0.4927535182E+03  0.5430142901E+03  0.3729782698E+03
L6 0.1408746078E+04  -.9413467830E+04  0.1324217035E+04  -.1081068903E+05
L7 0.0000000000E+00  0.1488838634E+01  0.1085465785E+02  0.1041511292E+02
L8 0.3028668346E+01  0.4218745296E+02  0.5029437300E+01  0.0000000000E+00
L9 0.0000000000E+00  0.0000000000E+00  0.0000000000E+00  0.9764508853E+00  0.0000000000E+00
L0     4000  0.8000000000E+01  -.7586827325E+04  0.1768284943E+04
L1 0.3020506297E+03  0.3020506297E+03  -.9355112268E+10  0.1000000000E+01
L2 0.1000000000E+01  0.3383962568E+02  0.3383962568E+02  0.3383962568E+02
L3 0.2983050742E+05  -.5003294048E+03  0.3923440636E+03  -.3423674274E+03
L4 -.1501175895E+03  0.2963185131E+03  0.2831689887E+03  0.3016812118E+03
L5 0.8811687137E+03  0.4037355699E+03  0.1989355934E+03  0.3751849895E+03
L6 0.9778561528E+03  -.9355112268E+04  0.1382013585E+04  -.1081057710E+05
L7 0.0000000000E+00  0.2838371766E+01  0.6489418916E+01  0.1074906949E+02
L8 0.3210200516E+01  0.4713396080E+02  0.3030224392E+01  0.0000000000E+00
L9 0.0000000000E+00  0.0000000000E+00  0.0000000000E+00  0.9838395643E+00  0.0000000000E+00
L0     5000  0.1000000000E+02  -.7614312122E+04  0.1730001085E+04
L1 0.2955111502E+03  0.2955111502E+03  -.9344313208E+10  0.1000000000E+01
L2 0.1000000000E+01  0.3382762449E+02  0.3382762449E+02  0.3382762449E+02
L3 0.2979717165E+05  0.3678881763E+03  0.1375164929E+04  -.3774032737E+03
L4 0.4552166104E+03  0.3020529484E+03  0.2807280570E+03  0.2832817939E+03
L5 0.8660627993E+03  0.2231583167E+03  -.1417984569E+02  0.3642169644E+03
L6 0.5731954354E+03  -.9344313208E+04  0.1442243013E+04  -.1085839260E+05
L7 0.0000000000E+00  0.5096017440E+01  0.7836452878E+01  0.1001919801E+02
L8 0.3112790400E+01  0.4357878217E+02  0.2193142966E+01  0.0000000000E+00
L9 0.0000000000E+00  0.0000000000E+00  0.0000000000E+00  0.9849402409E+00  0.0000000000E+00
L0     6000  0.1200000000E+02  -.7508303741E+04  0.1733838869E+04
L1 0.2961667035E+03  0.2961667035E+03  -.9242142610E+10  0.1000000000E+01
L2 0.1000000000E+01  0.3386673268E+02  0.3386673268E+02  0.3386673268E+02
L3 0.2990123923E+05  -.6295825895E+03  0.1058720444E+04  0.2589914396E+03
L4 0.2293764314E+03  0.2894982456E+03  0.2867785173E+03  0.2655972257E+03
L5 0.8418739886E+03  0.4249855110E+03  0.5894004126E+02  0.2098618186E+03
L6 0.6937873708E+03  -.9242142610E+04  0.1398387133E+04  -.1071179493E+05
L7 0.0000000000E+00  0.3664205354E+01  0.6315320831E+01  0.1072877753E+02
L8 0.2496176955E+01  0.4564828686E+02  0.2412419135E+01  0.0000000000E+00
L9 0.0000000000E+00  0.0000000000E+00  0.0000000000E+00  0.9815122776E+00  0.0000000000E+00
L0     7000  0.1400000000E+02  -.7595070229E+04  0.1738662045E+04
L1 0.2969905771E+03  0.2969905771E+03  -.9333732273E+10  0.1000000000E+01
L2 0.1000000000E+01  0.3383282476E+02  0.3383282476E+02  0.3383282476E+02
L3 0.2981206456E+05  -.2099532650E+02  0.3000119270E+03  -.2093771289E+03
L4 0.2321315723E+02  0.3090965840E+03  0.2530352635E+03  0.3045188152E+03
L5 0.8666506627E+03  0.3136013399E+03  0.1886647233E+03  0.3494427588E+03
L6 0.8517088220E+03  -.9333732273E+04  0.1382238556E+04  -.1079613528E+05
L7 0.0000000000E+00  0.5471048772E+01  0.9283179220E+01  0.1152130040E+02
L8 0.2493835801E+01  0.4698098553E+02  0.4414102673E+01  0.0000000000E+00
L9 0.0000000000E+00  0.0000000000E+00  0.0000000000E+00  0.9844482043E+00  0.0000000000E+00
L0     8000  0.1600000000E+02  -.7614117790E+04  0.1764013300E+04
L1 0.3013209666E+03  0.3013209666E+03  -.9378131090E+10  0.1000000000E+01
L2 0.1000000000E+01  0.3380215538E+02  0.3380215538E+02  0.3380215538E+02
L3 0.2973139460E+05  -.1740574949E+03  0.1881263256E+03  -.3180555121E+03
L4 -.1013288938E+03  0.3125349386E+03  0.2761915929E+03  0.2909740398E+03
L5 0.8797005713E+03  0.3497796479E+03  0.2359364443E+03  0.3590313511E+03
L6 0.9447474434E+03  -.9378131090E+04  0.1392604813E+04  -.1084358208E+05
L7 0.0000000000E+00  0.2604476902E+01  0.9928362492E+01  0.1072154099E+02
L8 0.2917718817E+01  0.4395558811E+02  0.2718486578E+01  0.0000000000E+00
L9 0.0000000000E+00  0.0000000000E+00  0.0000000000E+00  0.9871192998E+00  0.0000000000E+00
L0     9000  0.1800000000E+02  -.7602297978E+04  0.1752437845E+04
L1 0.2993436985E+03  0.2993436985E+03  -.9354735823E+10  0.1000000000E+01
L2 0.1000000000E+01  0.3383224561E+02  0.3383224561E+02  0.3383224561E+02
L3 0.2980992257E+05  0.3131784408E+03  -.1943271025E+02  0.4652712359E+03
L4 0.2530056555E+03  0.2960726089E+03  0.3028577678E+03  0.2726031403E+03
L5 0.8715335171E+03  0.2288818904E+03  0.3070269493E+03  0.1727817459E+03
L6 0.7086905856E+03  -.9354735823E+04  0.1423136846E+04  -.1085075872E+05
L7 0.0000000000E+00  0.2592599446E+01  0.7386928628E+01  0.1208952653E+02
L8 0.3097351836E+01  0.4507467228E+02  0.2644972470E+01  0.0000000000E+00
L9 0.0000000000E+00  0.0000000000E+00  0.0000000000E+00  0.9845189419E+00  0.0000000000E+00
L0    10000  0.2000000000E+02  -.7553364615E+04  0.1738975456E+04
L1 0.2970441126E+03  0.2970441126E+03  -.9292340071E+10  0.1000000000E+01
L2 0.1000000000E+01  0.3383270033E+02  0.3383270033E+02  0.3383270033E+02
L3 0.2981210089E+05  -.2139405431E+03  -.4498347215E+03  0.3213444060E+03
L4 -.1141436195E+03  0.3045142760E+03  0.2715533026E+03  0.2773676765E+03
L5 0.8534352551E+03  0.3504174014E+03  0.3680699297E+03  0.2084199570E+03
L6 0.9269072881E+03  -.9292340071E+04  0.1353831384E+04  -.1071900817E+05
L7 0.0000000000E+00  0.8366428056E+00  0.8106910095E+01  0.1037495444E+02
L8 0.3404976408E+01  0.4804586183E+02  0.2067365075E+01  0.0000000000E+00
L9 0.0000000000E+00  0.0000000000E+00  0.0000000000E+00  0.9844470044E+00  0.0000000000E+00
