L0  Nsteps           time(ps)         Etot             EKinetic        
L1  Temp             T_solute         T_solv           Pres_scal_solu  
L2  Pres_scal_solv   BoxX             BoxY             BoxZ            
L3  volume           pres_X           pres_Y           pres_Z          
L4  Pressure         EKCoM_x          EKCoM_y          EKCoM_z         
L5  EKComTot         VIRIAL_x         VIRIAL_y         VIRIAL_z        
L6  VIRIAL_tot       E_pot            E_vdw            E_el            
L7  E_hbon           E_bon            E_angle          E_dih           
L8  E_14vdw          E_14el           E_const          E_pol           
L9  AV_permMoment    AV_indMoment     AV_totMoment     Density          dV/dlambda      
L0     1000  0.2000000000E+01  -.7395581787E+04  0.1728122812E+04
L1 0.2976148729E+03  0.2976148729E+03  -.9123704599E+10  0.1000000000E+01
L2 0.1000000000E+01  0.3470920832E+02  0.3470920832E+02  0.3470920832E+02
L3 0.3219155782E+05  -.8932114766E+03  -.8013936412E+03  -.6049659182E+03
L4 -.7665236787E+03  0.2880273980E+03  0.2839118655E+03  0.2803981849E+03
L5 0.8523374485E+03  0.4949714119E+03  0.4695830320E+03  0.4205599256E+03
L6 0.1385114369E+04  -.9123704599E+04  0.1355695963E+04  -.1055628518E+05
L7 0.0000000000E+00  0.2208163593E+01  0.9138662219E+01  0.1337394736E+02
L8 0.2628366346E+01  0.4749012240E+02  0.2045357132E+01  0.0000000000E+00
L9 0.0000000000E+00  0.0000000000E+00  0.0000000000E+00  0.9042463680E+00  0.0000000000E+00
L0     2000  0.4000000000E+01  -.7430131522E+04  0.1703868910E+04
L1 0.2934379002E+03  0.2934379002E+03  -.9134000432E+10  0.1000000000E+01
L2 0.1000000000E+01  0.3413687346E+02  0.3413687346E+02  0.3413687346E+02
L3 0.3062371958E+05  -.6300820920E+03  -.1887881411E+03  0.1576748131E+03
L4 -.2203984733E+03  0.2915866746E+03  0.2795828030E+03  0.2924959270E+03
L5 0.8636654046E+03  0.4304577043E+03  0.3211919899E+03  0.2577441638E+03
L6 0.1009393858E+04  -.9134000432E+04  0.1362668295E+04  -.1057360655E+05
L7 0.0000000000E+00  0.2792473048E+01  0.9728929670E+01  0.1050945581E+02
L8 0.3553112154E+01  0.4584509317E+02  0.4508761947E+01  0.0000000000E+00
L9 0.0000000000E+00  0.0000000000E+00  0.0000000000E+00  0.9505409416E+00  0.0000000000E+00
L0     3000  0.6000000000E+01  -.7518814188E+04  0.1699862998E+04
L1 0.2927480076E+03  0.2927480076E+03  -.9218677186E+10  0.1000000000E+01
L2 0.1000000000E+01  0.3386606905E+02  0.3386606905E+02  0.3386606905E+02
L3 0.2989952136E+05  -.1467724615E+03  0.2451182822E+03  0.5449358598E+03
L4 0.2144272268E+03  0.2831927305E+03  0.2861600986E+03  0.2808113430E+03
L5 0.8501641722E+03  0.3147766042E+03  0.2334132497E+03  0.1635469381E+03
L6 0.7117367920E+03  -.9218677186E+04  0.1406882844E+04  -.1070210800E+05
L7 0.0000000000E+00  0.7098305527E+01  0.5773881660E+01  0.1308981936E+02
L8 0.2637544901E+01  0.4526748738E+02  0.2680932681E+01  0.0000000000E+00
L9 0.0000000000E+00  0.0000000000E+00  0.0000000000E+00  0.9735640545E+00  0.0000000000E+00
L0     4000  0.8000000000E+01  -.7468755726E+04  0.1771240962E+04
L1 0.3050406199E+03  0.3050406199E+03  -.9239996688E+10  0.1000000000E+01
L2 0.1000000000E+01  0.3385625843E+02  0.3385625843E+02  0.3385625843E+02
L3 0.2987456599E+05  0.8678771700E+03  -.6375332371E+03  -.7373491699E+03
L4 -.1690017457E+03  0.3043912946E+03  0.3117160447E+03  0.2853715124E+03
L5 0.9014788517E+03  0.1177892281E+03  0.4487919163E+03  0.4439087842E+03
L6 0.1010489929E+04  -.9239996688E+04  0.1357925030E+04  -.1067344885E+05
L7 0.0000000000E+00  0.1789343311E+01  0.1368487859E+02  0.9705256021E+01
L8 0.2291767604E+01  0.4439802028E+02  0.3657861979E+01  0.0000000000E+00
L9 0.0000000000E+00  0.0000000000E+00  0.0000000000E+00  0.9743773099E+00  0.0000000000E+00
L0     5000  0.1000000000E+02  -.7565887463E+04  0.1748731349E+04
L1 0.3011640461E+03  0.3011640461E+03  -.9314618812E+10  0.1000000000E+01
L2 0.1000000000E+01  0.3377843742E+02  0.3377843742E+02  0.3377843742E+02
L3 0.2966849776E+05  -.3718117165E+03  0.3901498222E+03  0.8106574120E+02
L4 0.3313461562E+02  0.3030755970E+03  0.2969777986E+03  0.2811253478E+03
L5 0.8811787435E+03  0.3824673165E+03  0.2136704045E+03  0.2638156496E+03
L6 0.8599533706E+03  -.9314618812E+04  0.1402509911E+04  -.1079469125E+05
L7 0.0000000000E+00  0.3329720217E+01  0.1167114234E+02  0.1329837311E+02
L8 0.2374051828E+01  0.4577233713E+02  0.1116901922E+01  0.0000000000E+00
L9 0.0000000000E+00  0.0000000000E+00  0.0000000000E+00  0.9811450339E+00  0.0000000000E+00
L0     6000  0.1200000000E+02  -.7494369438E+04  0.1762885028E+04
L1 0.3036015727E+03  0.3036015727E+03  -.9257254466E+10  0.1000000000E+01
L2 0.1000000000E+01  0.3382021124E+02  0.3382021124E+02  0.3382021124E+02
L3 0.2977734163E+05  0.1324964226E+04  0.9077206369E+03  -.5910187732E+03
L4 0.5472220298E+03  0.3274971125E+03  0.2974165012E+03  0.2815365654E+03
L5 0.9064501791E+03  0.4354398530E+02  0.1028828614E+03  0.4081978183E+03
L6 0.5546246650E+03  -.9257254466E+04  0.1453651417E+04  -.1078457171E+05
L7 0.0000000000E+00  0.2988506644E+01  0.9672893980E+01  0.1433939024E+02
L8 0.2256248818E+01  0.4320727475E+02  0.1201514112E+01  0.0000000000E+00
L9 0.0000000000E+00  0.0000000000E+00  0.0000000000E+00  0.9775586956E+00  0.0000000000E+00
L0     7000  0.1400000000E+02  -.7489044029E+04  0.1767102733E+04
L1 0.3043279400E+03  0.3043279400E+03  -.9256146762E+10  0.1000000000E+01
L2 0.1000000000E+01  0.3376849661E+02  0.3376849661E+02  0.3376849661E+02
L3 0.2964228563E+05  -.2328868606E+03  0.1071865592E+03  0.2546210845E+03
L4 0.4297359436E+02  0.3131463706E+03  0.2962306023E+03  0.2810461269E+03
L5 0.8904230998E+03  0.3628299932E+03  0.2733636336E+03  0.2267257679E+03
L6 0.8629193947E+03  -.9256146762E+04  0.1368491021E+04  -.1070246576E+05
L7 0.0000000000E+00  0.5119850239E+01  0.1113427379E+02  0.1064129708E+02
L8 0.2964842500E+01  0.4499784176E+02  0.2969869827E+01  0.0000000000E+00
L9 0.0000000000E+00  0.0000000000E+00  0.0000000000E+00  0.9820126425E+00  0.0000000000E+00
L0     8000  0.1600000000E+02  -.7512550934E+04  0.1685606522E+04
L1 0.2902927775E+03  0.2902927775E+03  -.9198157456E+10  0.1000000000E+01
L2 0.1000000000E+01  0.3377830136E+02  0.3377830136E+02  0.3377830136E+02
L3 0.2966939087E+05  -.6074746419E+03  -.3213181034E+03  -.3906199450E+03
L4 -.4398042301E+03  0.2867164760E+03  0.2663614786E+03  0.2716972912E+03
L5 0.8247752458E+03  0.4164324210E+03  0.3349735301E+03  0.3551075800E+03
L6 0.1106513531E+04  -.9198157456E+04  0.1288487769E+04  -.1056025677E+05
L7 0.0000000000E+00  0.3957962546E+01  0.8409860818E+01  0.1163000549E+02
L8 0.3130704204E+01  0.4507881469E+02  0.1404202417E+01  0.0000000000E+00
L9 0.0000000000E+00  0.0000000000E+00  0.0000000000E+00  0.9811154994E+00  0.0000000000E+00
L0     9000  0.1800000000E+02  -.7460025710E+04  0.1771253958E+04
L1 0.3050428581E+03  0.3050428581E+03  -.9231279669E+10  0.1000000000E+01
L2 0.1000000000E+01  0.3380292533E+02  0.3380292533E+02  0.3380292533E+02
L3 0.2973425917E+05  -.6098900213E+03  -.9152351332E+02  -.5446086229E+03
L4 -.4153407192E+03  0.2988918655E+03  0.2638200962E+03  0.3182048266E+03
L5 0.8809167883E+03  0.4294083088E+03  0.2834061249E+03  0.4347510529E+03
L6 0.1147565487E+04  -.9231279669E+04  0.1316753775E+04  -.1062079873E+05
L7 0.0000000000E+00  0.3478822070E+01  0.9224421895E+01  0.1065915419E+02
L8 0.1801576043E+01  0.4516290440E+02  0.2438405225E+01  0.0000000000E+00
L9 0.0000000000E+00  0.0000000000E+00  0.0000000000E+00  0.9789750966E+00  0.0000000000E+00
L0    10000  0.2000000000E+02  -.7479836624E+04  0.1727352394E+04
L1 0.2974821927E+03  0.2974821927E+03  -.9207189018E+10  0.1000000000E+01
L2 0.1000000000E+01  0.3377584571E+02  0.3377584571E+02  0.3377584571E+02
L3 0.2966166011E+05  0.6637701509E+03  -.6088922662E+03  0.5480574853E+02
L4 0.3656121109E+02  0.2894022530E+03  0.2902848261E+03  0.2777583029E+03
L5 0.8574453819E+03  0.1477022848E+03  0.4202696026E+03  0.2660585107E+03
L6 0.8340303981E+03  -.9207189018E+04  0.1374590345E+04  -.1066391664E+05
L7 0.0000000000E+00  0.1392660455E+01  0.1044837932E+02  0.1256234805E+02
L8 0.4885287949E+01  0.5142251229E+02  0.1426084257E+01  0.0000000000E+00
L9 0.0000000000E+00  0.0000000000E+00  0.0000000000E+00  0.9813712091E+00  0.0000000000E+00
