L0  Nsteps           time(ps)         Etot             EKinetic        
L1  Temp             T_solute         T_solv           Pres_scal_solu  
L2  Pres_scal_solv   BoxX             BoxY             BoxZ            
L3  volume           pres_X           pres_Y           pres_Z          
L4  Pressure         EKCoM_x          EKCoM_y          EKCoM_z         
L5  EKComTot         VIRIAL_x         VIRIAL_y         VIRIAL_z        
L6  VIRIAL_tot       E_pot            E_vdw            E_el            
L7  E_hbon           E_bon            E_angle          E_dih           
L8  E_14vdw          E_14el           E_const          E_pol           
L9  AV_permMoment    AV_indMoment     AV_totMoment     Density          dV/dlambda      
L0     1000  0.2000000000E+01  -.7419873115E+04  0.1667953837E+04
L1 0.2902324562E+03  0.2902324562E+03  -.9087826952E+10  0.1000000000E+01
L2 0.1000000000E+01  0.3447650132E+02  0.3447650132E+02  0.3447650132E+02
L3 0.3154929103E+05  -.1341577538E+04  -.1062888780E+04  -.8377557251E+03
L4 -.1080740681E+04  0.2871909139E+03  0.2722411804E+03  0.2640006068E+03
L5 0.8234327011E+03  0.5918134033E+03  0.5135837915E+03  0.4542238530E+03
L6 0.1559621048E+04  -.9087826952E+04  0.1318876135E+04  -.1048213941E+05
L7 0.0000000000E+00  0.2719197625E+01  0.7680799791E+01  0.1076231721E+02
L8 0.3255317050E+01  0.4851254344E+02  0.2506148237E+01  0.0000000000E+00
L9 0.0000000000E+00  0.0000000000E+00  0.0000000000E+00  0.9131720737E+00  0.0000000000E+00
L0     2000  0.4000000000E+01  -.7351014902E+04  0.1743201401E+04
L1 0.3033259154E+03  0.3033259154E+03  -.9094216303E+10  0.1000000000E+01
L2 0.1000000000E+01  0.3395424887E+02  0.3395424887E+02  0.3395424887E+02
L3 0.3013684571E+05  -.6121977165E+03  -.1478772816E+04  -.7926541173E+03
L4 -.9612082167E+03  0.3020972400E+03  0.2641150827E+03  0.2866308380E+03
L5 0.8528431607E+03  0.4348813417E+03  0.5848570830E+03  0.4585554666E+03
L6 0.1478293891E+04  -.9094216303E+04  0.1269341226E+04  -.1044494727E+05
L7 0.0000000000E+00  0.2301315044E+01  0.8366394568E+01  0.1029871270E+02
L8 0.4185255884E+01  0.5073777281E+02  0.5500288470E+01  0.0000000000E+00
L9 0.0000000000E+00  0.0000000000E+00  0.0000000000E+00  0.9559703690E+00  0.0000000000E+00
L0     3000  0.6000000000E+01  -.7376759887E+04  0.1722328544E+04
L1 0.2996939320E+03  0.2996939320E+03  -.9099088431E+10  0.1000000000E+01
L2 0.1000000000E+01  0.3371966677E+02  0.3371966677E+02  0.3371966677E+02
L3 0.2951507529E+05  -.3884698297E+03  -.1015300657E+03  -.7412138046E+03
L4 -.4104045667E+03  0.2729705661E+03  0.2885060185E+03  0.2691958416E+03
L5 0.8306724261E+03  0.3554902909E+03  0.3100732869E+03  0.4266463164E+03
L6 0.1092209894E+04  -.9099088431E+04  0.1300806294E+04  -.1047372460E+05
L7 0.0000000000E+00  0.2367552927E+01  0.7430434505E+01  0.1221161830E+02
L8 0.2741524516E+01  0.4611711030E+02  0.2961635438E+01  0.0000000000E+00
L9 0.0000000000E+00  0.0000000000E+00  0.0000000000E+00  0.9761090302E+00  0.0000000000E+00
L0     4000  0.8000000000E+01  -.7370339652E+04  0.1791674628E+04
L1 0.3117605037E+03  0.3117605037E+03  -.9162014280E+10  0.1000000000E+01
L2 0.1000000000E+01  0.3370452492E+02  0.3370452492E+02  0.3370452492E+02
L3 0.2947579163E+05  -.5904954148E+03  -.3672301547E+03  -.7980891444E+03
L4 -.5852715713E+03  0.3194588670E+03  0.2847999988E+03  0.3087780059E+03
L5 0.9130368717E+03  0.4447264182E+03  0.3627041129E+03  0.4780844394E+03
L6 0.1285514971E+04  -.9162014280E+04  0.1295200218E+04  -.1053239813E+05
L7 0.0000000000E+00  0.5344418745E+00  0.7828118735E+01  0.1061384874E+02
L8 0.5772739306E+01  0.4666392211E+02  0.3770558944E+01  0.0000000000E+00
L9 0.0000000000E+00  0.0000000000E+00  0.0000000000E+00  0.9774099329E+00  0.0000000000E+00
L0     5000  0.1000000000E+02  -.7427912052E+04  0.1702138583E+04
L1 0.2961807761E+03  0.2961807761E+03  -.9130050635E+10  0.1000000000E+01
L2 0.1000000000E+01  0.3368415769E+02  0.3368415769E+02  0.3368415769E+02
L3 0.2942044744E+05  0.8436177778E+03  0.2877501254E+01  -.3836784116E+03
L4 0.1542722892E+03  0.2804373818E+03  0.2913074408E+03  0.2694739491E+03
L5 0.8412187717E+03  0.1018085423E+03  0.2906981546E+03  0.3507145668E+03
L6 0.7432212637E+03  -.9130050635E+04  0.1393573726E+04  -.1060138334E+05
L7 0.0000000000E+00  0.2746919363E+01  0.7032965569E+01  0.1130722254E+02
L8 0.3396074252E+01  0.4823604475E+02  0.5039750906E+01  0.0000000000E+00
L9 0.0000000000E+00  0.0000000000E+00  0.0000000000E+00  0.9792485849E+00  0.0000000000E+00
L0     6000  0.1200000000E+02  -.7446886574E+04  0.1712993687E+04
L1 0.2980696194E+03  0.2980696194E+03  -.9159880261E+10  0.1000000000E+01
L2 0.1000000000E+01  0.3357832408E+02  0.3357832408E+02  0.3357832408E+02
L3 0.2914547632E+05  -.6982288117E+03  -.4560009719E+03  -.7969881777E+02
L4 -.4113095338E+03  0.2994336320E+03  0.2949049670E+03  0.2640568021E+03
L5 0.8583954011E+03  0.4458958150E+03  0.3905568460E+03  0.2807746210E+03
L6 0.1117227282E+04  -.9159880261E+04  0.1287257582E+04  -.1052138091E+05
L7 0.0000000000E+00  0.3491377879E+01  0.1032682765E+02  0.9922923056E+01
L8 0.2817438547E+01  0.4290073750E+02  0.4783764644E+01  0.0000000000E+00
L9 0.0000000000E+00  0.0000000000E+00  0.0000000000E+00  0.9884872425E+00  0.0000000000E+00
L0     7000  0.1400000000E+02  -.7422516670E+04  0.1765253220E+04
L1 0.3071630440E+03  0.3071630440E+03  -.9187769890E+10  0.1000000000E+01
L2 0.1000000000E+01  0.3355933934E+02  0.3355933934E+02  0.3355933934E+02
L3 0.2909382823E+05  -.4207950803E+01  0.3710563162E+03  0.9893041697E+03
L4 0.4520508450E+03  0.2741715861E+03  0.3346358580E+03  0.2963898199E+03
L5 0.9051972641E+03  0.2750526920E+03  0.2569401052E+03  0.8923869787E+02
L6 0.6212314951E+03  -.9187769890E+04  0.1400195953E+04  -.1066564978E+05
L7 0.0000000000E+00  0.2785994153E+01  0.9071458510E+01  0.9800117469E+01
L8 0.3690686553E+01  0.4938334263E+02  0.2952333314E+01  0.0000000000E+00
L9 0.0000000000E+00  0.0000000000E+00  0.0000000000E+00  0.9902420297E+00  0.0000000000E+00
L0     8000  0.1600000000E+02  -.7522077027E+04  0.1706263977E+04
L1 0.2968986156E+03  0.2968986156E+03  -.9228341004E+10  0.1000000000E+01
L2 0.1000000000E+01  0.3356679633E+02  0.3356679633E+02  0.3356679633E+02
L3 0.2911499702E+05  -.4320139749E+03  -.2495868037E+03  -.7259772940E+01
L4 -.2296201839E+03  0.2893365658E+03  0.2736713120E+03  0.2968454895E+03
L5 0.8598533673E+03  0.3798621062E+03  0.3259705004E+03  0.2983667247E+03
L6 0.1004199331E+04  -.9228341004E+04  0.1348834232E+04  -.1065364699E+05
L7 0.0000000000E+00  0.6846004034E+01  0.8065815265E+01  0.1072593304E+02
L8 0.3606707706E+01  0.4463116113E+02  0.2596129663E+01  0.0000000000E+00
L9 0.0000000000E+00  0.0000000000E+00  0.0000000000E+00  0.9895220494E+00  0.0000000000E+00
L0     9000  0.1800000000E+02  -.7402060271E+04  0.1719335152E+04
L1 0.2991730667E+03  0.2991730667E+03  -.9121395423E+10  0.1000000000E+01
L2 0.1000000000E+01  0.3363753137E+02  0.3363753137E+02  0.3363753137E+02
L3 0.2929910549E+05  -.5634117268E+03  0.3835904044E+03  -.1175191350E+03
L4 -.9911348581E+02  0.2844020490E+03  0.2829653282E+03  0.2972035545E+03
L5 0.8645709318E+03  0.4032076248E+03  0.2020783380E+03  0.3219845945E+03
L6 0.9272705572E+03  -.9121395423E+04  0.1331147551E+04  -.1052292174E+05
L7 0.0000000000E+00  0.5270261572E+01  0.5878615486E+01  0.9822745040E+01
L8 0.2899808368E+01  0.4380029717E+02  0.2707041102E+01  0.0000000000E+00
L9 0.0000000000E+00  0.0000000000E+00  0.0000000000E+00  0.9833041329E+00  0.0000000000E+00
L0    10000  0.2000000000E+02  -.7487771084E+04  0.1692065582E+04
L1 0.2944280226E+03  0.2944280226E+03  -.9179836666E+10  0.1000000000E+01
L2 0.1000000000E+01  0.3360891096E+02  0.3360891096E+02  0.3360891096E+02
L3 0.2922518753E+05  0.7542235203E+02  -.9070648139E+03  -.3928387534E+03
L4 -.4081604051E+03  0.2758135306E+03  0.2751528766E+03  0.2882901225E+03
L5 0.8392565296E+03  0.2599494847E+03  0.4659413826E+03  0.3709183070E+03
L6 0.1096809174E+04  -.9179836666E+04  0.1326301844E+04  -.1057974239E+05
L7 0.0000000000E+00  0.3197935534E+01  0.5842805340E+01  0.1072730311E+02
L8 0.4062848997E+01  0.4709032101E+02  0.2682663504E+01  0.0000000000E+00
L9 0.0000000000E+00  0.0000000000E+00  0.0000000000E+00  0.9857911601E+00  0.0000000000E+00
