L0  Nsteps           time(ps)         Etot             EKinetic        
L1  Temp             T_solute         T_solv           Pres_scal_solu  
L2  Pres_scal_solv   BoxX             BoxY             BoxZ            
L3  volume           pres_X           pres_Y           pres_Z          
L4  Pressure         EKCoM_x          EKCoM_y          EKCoM_z         
L5  EKComTot         VIRIAL_x         VIRIAL_y         VIRIAL_z        
L6  VIRIAL_tot       E_pot            E_vdw            E_el            
L7  E_hbon           E_bon            E_angle          E_dih           
L8  E_14vdw          E_14el           E_const          E_pol           
L9  AV_permMoment    AV_indMoment     AV_totMoment     Density          dV/dlambda      
L0     1000  0.2000000000E+01  -.7235889965E+04  0.1680201288E+04
L1 0.2979265183E+03  0.2979265183E+03  -.8916091253E+10  0.1000000000E+01
L2 0.1000000000E+01  0.3443730220E+02  0.3443730220E+02  0.3443730220E+02
L3 0.3143912579E+05  0.1200415217E+03  0.8173590859E+00  -.5020216982E+03
L4 -.1270542725E+03  0.2943216996E+03  0.2775838273E+03  0.2671662950E+03
L5 0.8390718220E+03  0.2671599004E+03  0.2773988835E+03  0.3807587616E+03
L6 0.9253175455E+03  -.8916091253E+04  0.1417042703E+04  -.1041090814E+05
L7 0.0000000000E+00  0.2420035457E+01  0.5645847932E+01  0.1305370944E+02
L8 0.3942509854E+01  0.4937057418E+02  0.3341506636E+01  0.0000000000E+00
L9 0.0000000000E+00  0.0000000000E+00  0.0000000000E+00  0.8992435032E+00  0.0000000000E+00
L0     2000  0.4000000000E+01  -.7212917763E+04  0.1680026905E+04
L1 0.2978955975E+03  0.2978955975E+03  -.8892944668E+10  0.1000000000E+01
L2 0.1000000000E+01  0.3393866818E+02  0.3393866818E+02  0.3393866818E+02
L3 0.3009297939E+05  0.3925277049E+03  -.2137645662E+03  -.3821386181E+03
L4 -.6779182644E+02  0.2779887444E+03  0.2740621244E+03  0.2838574699E+03
L5 0.8359083387E+03  0.1929744249E+03  0.3203596186E+03  0.3666217032E+03
L6 0.8799557467E+03  -.8892944668E+04  0.1361488018E+04  -.1033303657E+05
L7 0.0000000000E+00  0.3654765003E+01  0.1252392390E+02  0.1242750619E+02
L8 0.2750794290E+01  0.4420646932E+02  0.3040423416E+01  0.0000000000E+00
L9 0.0000000000E+00  0.0000000000E+00  0.0000000000E+00  0.9394692779E+00  0.0000000000E+00
L0     3000  0.6000000000E+01  -.7288151018E+04  0.1693409675E+04
L1 0.3002685763E+03  0.3002685763E+03  -.8981560692E+10  0.1000000000E+01
L2 0.1000000000E+01  0.3350192507E+02  0.3350192507E+02  0.3350192507E+02
L3 0.2894645799E+05  -.1674347154E+03  -.2448748014E+03  -.2045760534E+03
L4 -.2056285234E+03  0.2749391993E+03  0.2993446962E+03  0.2836381171E+03
L5 0.8579220125E+03  0.3098208893E+03  0.3503594865E+03  0.3262574655E+03
L6 0.9864378412E+03  -.8981560692E+04  0.1312465838E+04  -.1036771484E+05
L7 0.0000000000E+00  0.1675501136E+01  0.8739008529E+01  0.1058084212E+02
L8 0.2647682348E+01  0.4673881652E+02  0.3306461006E+01  0.0000000000E+00
L9 0.0000000000E+00  0.0000000000E+00  0.0000000000E+00  0.9766801046E+00  0.0000000000E+00
L0     4000  0.8000000000E+01  -.7409932848E+04  0.1672132942E+04
L1 0.2964958718E+03  0.2964958718E+03  -.9082065790E+10  0.1000000000E+01
L2 0.1000000000E+01  0.3338028009E+02  0.3338028009E+02  0.3338028009E+02
L3 0.2863046544E+05  0.7217943311E+03  0.7430385743E+03  0.6041889713E+02
L4 0.5084172675E+03  0.3045644459E+03  0.2638022605E+03  0.2616576482E+03
L5 0.8300243546E+03  0.1558344880E+03  0.1106948015E+03  0.2492079798E+03
L6 0.5157372693E+03  -.9082065790E+04  0.1431729083E+04  -.1059133559E+05
L7 0.0000000000E+00  0.3731322110E+01  0.9319269383E+01  0.1002710496E+02
L8 0.3417137969E+01  0.4633517514E+02  0.4710709030E+01  0.0000000000E+00
L9 0.0000000000E+00  0.0000000000E+00  0.0000000000E+00  0.9874596581E+00  0.0000000000E+00
L0     5000  0.1000000000E+02  -.7293583597E+04  0.1681637452E+04
L1 0.2981811731E+03  0.2981811731E+03  -.8975221049E+10  0.1000000000E+01
L2 0.1000000000E+01  0.3344349952E+02  0.3344349952E+02  0.3344349952E+02
L3 0.2879429763E+05  0.1160063682E+03  -.1543545583E+03  0.5674011212E+03
L4 0.1763509770E+03  0.2812528193E+03  0.2990691002E+03  0.2816301585E+03
L5 0.8619520780E+03  0.2572122416E+03  0.3310567644E+03  0.1640447969E+03
L6 0.7523138029E+03  -.8975221049E+04  0.1342142696E+04  -.1038995034E+05
L7 0.0000000000E+00  0.4451600874E+01  0.7108613273E+01  0.9884684848E+01
L8 0.3434197072E+01  0.4464056576E+02  0.3066937858E+01  0.0000000000E+00
L9 0.0000000000E+00  0.0000000000E+00  0.0000000000E+00  0.9818412653E+00  0.0000000000E+00
L0     6000  0.1200000000E+02  -.7288315500E+04  0.1647293060E+04
L1 0.2920913642E+03  0.2920913642E+03  -.8935608560E+10  0.1000000000E+01
L2 0.1000000000E+01  0.3343823140E+02  0.3343823140E+02  0.3343823140E+02
L3 0.2878069698E+05  0.2687730224E+03  -.4176472401E+03  0.6726872197E+03
L4 0.1746043340E+03  0.2707830304E+03  0.2647274094E+03  0.2780747795E+03
L5 0.8135852193E+03  0.2151101665E+03  0.3512376466E+03  0.1387363011E+03
L6 0.7050841143E+03  -.8935608560E+04  0.1347316697E+04  -.1035756081E+05
L7 0.0000000000E+00  0.2279050583E+01  0.6603713136E+01  0.1455360477E+02
L8 0.2975529987E+01  0.4525969691E+02  0.2963952884E+01  0.0000000000E+00
L9 0.0000000000E+00  0.0000000000E+00  0.0000000000E+00  0.9823052456E+00  0.0000000000E+00
L0     7000  0.1400000000E+02  -.7401159779E+04  0.1638341436E+04
L1 0.2905040982E+03  0.2905040982E+03  -.9039501215E+10  0.1000000000E+01
L2 0.1000000000E+01  0.3343618595E+02  0.3343618595E+02  0.3343618595E+02
L3 0.2877668870E+05  -.5939971081E+03  0.1412375141E+03  -.5112825220E+03
L4 -.3213473720E+03  0.2778740729E+03  0.2772595604E+03  0.2653790757E+03
L5 0.8205127089E+03  0.4008957744E+03  0.2480081060E+03  0.3712699040E+03
L6 0.1020173784E+04  -.9039501215E+04  0.1315264934E+04  -.1043072028E+05
L7 0.0000000000E+00  0.7115689626E+01  0.5956523204E+01  0.9839026567E+01
L8 0.3327854992E+01  0.4627771195E+02  0.3437326684E+01  0.0000000000E+00
L9 0.0000000000E+00  0.0000000000E+00  0.0000000000E+00  0.9824420700E+00  0.0000000000E+00
L0     8000  0.1600000000E+02  -.7286906718E+04  0.1647682004E+04
L1 0.2921603300E+03  0.2921603300E+03  -.8934588722E+10  0.1000000000E+01
L2 0.1000000000E+01  0.3347915367E+02  0.3347915367E+02  0.3347915367E+02
L3 0.2888717783E+05  -.4465973840E+03  0.3042228188E+03  -.1308516533E+03
L4 -.9107540618E+02  0.2689596234E+03  0.2694968013E+03  0.2647516248E+03
L5 0.8032080495E+03  0.3618087601E+03  0.2062478279E+03  0.2919561349E+03
L6 0.8600127228E+03  -.8934588722E+04  0.1309270966E+04  -.1031991422E+05
L7 0.0000000000E+00  0.3615790066E+01  0.8698775477E+01  0.1118969758E+02
L8 0.4174026802E+01  0.4526018771E+02  0.3116052218E+01  0.0000000000E+00
L9 0.0000000000E+00  0.0000000000E+00  0.0000000000E+00  0.9786843762E+00  0.0000000000E+00
L0     9000  0.1800000000E+02  -.7399275456E+04  0.1652681058E+04
L1 0.2930467421E+03  0.2930467421E+03  -.9051956514E+10  0.1000000000E+01
L2 0.1000000000E+01  0.3344864860E+02  0.3344864860E+02  0.3344864860E+02
L3 0.2880918355E+05  -.3966511730E+03  -.4806749905E+03  -.4428897566E+03
L4 -.4400719734E+03  0.2765047412E+03  0.2550179846E+03  0.2870648095E+03
L5 0.8185875353E+03  0.3587472356E+03  0.3546821552E+03  0.3788945097E+03
L6 0.1092323900E+04  -.9051956514E+04  0.1302557654E+04  -.1043125826E+05
L7 0.0000000000E+00  0.4280841508E+01  0.5529325023E+01  0.1343735388E+02
L8 0.3496014438E+01  0.4768577699E+02  0.2314783321E+01  0.0000000000E+00
L9 0.0000000000E+00  0.0000000000E+00  0.0000000000E+00  0.9813339404E+00  0.0000000000E+00
L0    10000  0.2000000000E+02  -.7203107103E+04  0.1682187193E+04
L1 0.2982786510E+03  0.2982786510E+03  -.8885294296E+10  0.1000000000E+01
L2 0.1000000000E+01  0.3334134318E+02  0.3334134318E+02  0.3334134318E+02
L3 0.2853189496E+05  -.5062649287E+02  0.3197612185E+03  -.5143852974E+03
L4 -.8175019059E+02  0.2658244615E+03  0.2766857207E+03  0.2834464735E+03
L5 0.8259566557E+03  0.2762204321E+03  0.2110238900E+03  0.3890736676E+03
L6 0.8763179897E+03  -.8885294296E+04  0.1272573954E+04  -.1023294409E+05
L7 0.0000000000E+00  0.3216406976E+01  0.8996531120E+01  0.1119216244E+02
L8 0.3707990984E+01  0.4553912773E+02  0.2423621789E+01  0.0000000000E+00
L9 0.0000000000E+00  0.0000000000E+00  0.0000000000E+00  0.9908710816E+00  0.0000000000E+00
