L0  Nsteps           time(ps)         Etot             EKinetic        
L1  Temp             T_solute         T_solv           Pres_scal_solu  
L2  Pres_scal_solv   BoxX             BoxY             BoxZ            
L3  volume           pres_X           pres_Y           pres_Z          
L4  Pressure         EKCoM_x          EKCoM_y          EKCoM_z         
L5  EKComTot         VIRIAL_x         VIRIAL_y         VIRIAL_z        
L6  VIRIAL_tot       E_pot            E_vdw            E_el            
L7  E_hbon           E_bon            E_angle          E_dih           
L8  E_14vdw          E_14el           E_const          E_pol           
L9  AV_permMoment    AV_indMoment     AV_totMoment     Density          dV/dlambda      
L0     1000  0.2000000000E+01  -.7214707385E+04  0.1690463758E+04
L1 0.2981702654E+03  0.2981702654E+03  -.8905171143E+10  0.1000000000E+01
L2 0.1000000000E+01  0.3429821436E+02  0.3429821436E+02  0.3429821436E+02
L3 0.3106147640E+05  -.3383566327E+03  -.1176133684E+04  -.7613713864E+03
L4 -.7586205676E+03  0.2837849081E+03  0.2872388079E+03  0.2838018534E+03
L5 0.8548255694E+03  0.3594252301E+03  0.5501659148E+03  0.4540079946E+03
L6 0.1363599140E+04  -.8905171143E+04  0.1315018158E+04  -.1030147797E+05
L7 0.0000000000E+00  0.3343558801E+01  0.1502443990E+02  0.1175886389E+02
L8 0.3068129150E+01  0.4475629216E+02  0.3337381020E+01  0.0000000000E+00
L9 0.0000000000E+00  0.0000000000E+00  0.0000000000E+00  0.9149923561E+00  0.0000000000E+00
L0     2000  0.4000000000E+01  -.7358132730E+04  0.1649343455E+04
L1 0.2909173139E+03  0.2909173139E+03  -.9007476185E+10  0.1000000000E+01
L2 0.1000000000E+01  0.3380353949E+02  0.3380353949E+02  0.3380353949E+02
L3 0.2973641351E+05  -.9895836828E+03  -.5158317584E+03  -.3440856261E+03
L4 -.6165003558E+03  0.2679982512E+03  0.2891116965E+03  0.2494729395E+03
L5 0.8065828872E+03  0.4797844682E+03  0.3995076728E+03  0.3231125865E+03
L6 0.1202404728E+04  -.9007476185E+04  0.1318333440E+04  -.1039678080E+05
L7 0.0000000000E+00  0.2711078948E+01  0.1042750287E+02  0.1007015052E+02
L8 0.2397863190E+01  0.4329304886E+02  0.2071534366E+01  0.0000000000E+00
L9 0.0000000000E+00  0.0000000000E+00  0.0000000000E+00  0.9557646710E+00  0.0000000000E+00
L0     3000  0.6000000000E+01  -.7347549579E+04  0.1695098119E+04
L1 0.2989876911E+03  0.2989876911E+03  -.9042647698E+10  0.1000000000E+01
L2 0.1000000000E+01  0.3355620805E+02  0.3355620805E+02  0.3355620805E+02
L3 0.2908700752E+05  0.8693647884E+02  -.4327445415E+03  0.1728156357E+03
L4 -.5766414233E+02  0.2755186140E+03  0.2717107047E+03  0.2849527435E+03
L5 0.8321820622E+03  0.2573191889E+03  0.3623021570E+03  0.2487752348E+03
L6 0.8683965806E+03  -.9042647698E+04  0.1363577827E+04  -.1048437721E+05
L7 0.0000000000E+00  0.1577725156E+01  0.8063377866E+01  0.9847025430E+01
L8 0.4078320400E+01  0.5009680277E+02  0.4488434596E+01  0.0000000000E+00
L9 0.0000000000E+00  0.0000000000E+00  0.0000000000E+00  0.9771033841E+00  0.0000000000E+00
L0     4000  0.8000000000E+01  -.7366739340E+04  0.1609682347E+04
L1 0.2839217406E+03  0.2839217406E+03  -.8976421687E+10  0.1000000000E+01
L2 0.1000000000E+01  0.3349955112E+02  0.3349955112E+02  0.3349955112E+02
L3 0.2893836332E+05  0.2250838518E+03  0.1010047560E+04  0.4045363207E+03
L4 0.5465559108E+03  0.2614104508E+03  0.2613161096E+03  0.2636679705E+03
L5 0.7863945309E+03  0.2145318238E+03  0.5095165007E+02  0.1794144484E+03
L6 0.4448979222E+03  -.8976421687E+04  0.1392565552E+04  -.1044580041E+05
L7 0.0000000000E+00  0.4585086038E+01  0.7810244460E+01  0.1182290313E+02
L8 0.2317278930E+01  0.4504062263E+02  0.5237035763E+01  0.0000000000E+00
L9 0.0000000000E+00  0.0000000000E+00  0.0000000000E+00  0.9821223531E+00  0.0000000000E+00
L0     5000  0.1000000000E+02  -.7315587870E+04  0.1723664591E+04
L1 0.3040263515E+03  0.3040263515E+03  -.9039252461E+10  0.1000000000E+01
L2 0.1000000000E+01  0.3351304791E+02  0.3351304791E+02  0.3351304791E+02
L3 0.2897531376E+05  0.5921501517E+02  0.6769465520E+02  -.7612309340E+03
L4 -.2114404212E+03  0.2860947634E+03  0.2948470728E+03  0.2699223282E+03
L5 0.8508641644E+03  0.2737461961E+03  0.2807301803E+03  0.4286677305E+03
L6 0.9831441069E+03  -.9039252461E+04  0.1325803525E+04  -.1044035303E+05
L7 0.0000000000E+00  0.2814683812E+01  0.9138691679E+01  0.1202451344E+02
L8 0.1941030390E+01  0.4689846281E+02  0.2479659136E+01  0.0000000000E+00
L9 0.0000000000E+00  0.0000000000E+00  0.0000000000E+00  0.9808699128E+00  0.0000000000E+00
L0     6000  0.1200000000E+02  -.7332675260E+04  0.1710333397E+04
L1 0.3016749461E+03  0.3016749461E+03  -.9043008657E+10  0.1000000000E+01
L2 0.1000000000E+01  0.3349057965E+02  0.3349057965E+02  0.3349057965E+02
L3 0.2891522698E+05  0.3685665579E+03  0.3297457573E+03  0.8165911724E+03
L4 0.5049678292E+03  0.3018763509E+03  0.2655113338E+03  0.2903706703E+03
L5 0.8577583549E+03  0.2251756889E+03  0.1968894869E+03  0.1204337018E+03
L6 0.5424988776E+03  -.9043008657E+04  0.1416392207E+04  -.1054099730E+05
L7 0.0000000000E+00  0.2548870290E+01  0.9896894794E+01  0.1731923129E+02
L8 0.2744903134E+01  0.4568596174E+02  0.3400579006E+01  0.0000000000E+00
L9 0.0000000000E+00  0.0000000000E+00  0.0000000000E+00  0.9829081923E+00  0.0000000000E+00
L0     7000  0.1400000000E+02  -.7311865071E+04  0.1673027491E+04
L1 0.2950947920E+03  0.2950947920E+03  -.8984892562E+10  0.1000000000E+01
L2 0.1000000000E+01  0.3341422578E+02  0.3341422578E+02  0.3341422578E+02
L3 0.2871906821E+05  -.4775733059E+02  -.9339527741E+02  0.2989408533E+03
L4 0.5259608178E+02  0.2672048443E+03  0.2928056698E+03  0.2759582998E+03
L5 0.8359688139E+03  0.2770759765E+03  0.3121098713E+03  0.2141691535E+03
L6 0.8033550013E+03  -.8984892562E+04  0.1322299507E+04  -.1039164734E+05
L7 0.0000000000E+00  0.5352785406E+01  0.1636892560E+02  0.1260022774E+02
L8 0.2401032641E+01  0.4438902473E+02  0.3343278411E+01  0.0000000000E+00
L9 0.0000000000E+00  0.0000000000E+00  0.0000000000E+00  0.9896217129E+00  0.0000000000E+00
L0     8000  0.1600000000E+02  -.7365539323E+04  0.1651817861E+04
L1 0.2913537589E+03  0.2913537589E+03  -.9017357185E+10  0.1000000000E+01
L2 0.1000000000E+01  0.3340150774E+02  0.3340150774E+02  0.3340150774E+02
L3 0.2868501843E+05  0.9357190112E+03  0.3851560434E+03  0.3251612345E+03
L4 0.5486787630E+03  0.2887887702E+03  0.2854295349E+03  0.2771344708E+03
L5 0.8513527759E+03  0.9561099216E+02  0.2059146509E+03  0.2100054245E+03
L6 0.5115310675E+03  -.9017357185E+04  0.1382836924E+04  -.1047445042E+05
L7 0.0000000000E+00  0.4360759108E+01  0.1027821606E+02  0.9448353022E+01
L8 0.2201081360E+01  0.4462869454E+02  0.3339210243E+01  0.0000000000E+00
L9 0.0000000000E+00  0.0000000000E+00  0.0000000000E+00  0.9907964170E+00  0.0000000000E+00
L0     9000  0.1800000000E+02  -.7395124834E+04  0.1698558224E+04
L1 0.2995979974E+03  0.2995979974E+03  -.9093683058E+10  0.1000000000E+01
L2 0.1000000000E+01  0.3343557356E+02  0.3343557356E+02  0.3343557356E+02
L3 0.2877393959E+05  0.7547353339E+03  0.6146365532E+02  -.4150876510E+03
L4 0.1337037794E+03  0.2849523878E+03  0.2688920610E+03  0.2934251992E+03
L5 0.8472696480E+03  0.1286554065E+03  0.2561636470E+03  0.3793850635E+03
L6 0.7642041170E+03  -.9093683058E+04  0.1379946394E+04  -.1055090198E+05
L7 0.0000000000E+00  0.4016980370E+01  0.7071625476E+01  0.9714537626E+01
L8 0.3383131859E+01  0.4911615701E+02  0.3970090939E+01  0.0000000000E+00
L9 0.0000000000E+00  0.0000000000E+00  0.0000000000E+00  0.9877345222E+00  0.0000000000E+00
L0    10000  0.2000000000E+02  -.7379181572E+04  0.1674839460E+04
L1 0.2954143939E+03  0.2954143939E+03  -.9054021032E+10  0.1000000000E+01
L2 0.1000000000E+01  0.3342608332E+02  0.3342608332E+02  0.3342608332E+02
L3 0.2875071341E+05  -.2361965246E+03  -.6903880720E+03  -.1558098966E+03
L4 -.3607981644E+03  0.2876380053E+03  0.2689900346E+03  0.2953240533E+03
L5 0.8519520932E+03  0.3365120980E+03  0.4118460344E+03  0.3275644402E+03
L6 0.1075922573E+04  -.9054021032E+04  0.1284960534E+04  -.1040662388E+05
L7 0.0000000000E+00  0.2549246701E+01  0.7285597836E+01  0.9479511536E+01
L8 0.2171198959E+01  0.4408426775E+02  0.2072491750E+01  0.0000000000E+00
L9 0.0000000000E+00  0.0000000000E+00  0.0000000000E+00  0.9885324607E+00  0.0000000000E+00
