L0  Nsteps           time(ps)         Etot             EKinetic        
L1  Temp             T_solute         T_solv           Pres_scal_solu  
L2  Pres_scal_solv   BoxX             BoxY             BoxZ            
L3  volume           pres_X           pres_Y           pres_Z          
L4  Pressure         EKCoM_x          EKCoM_y          EKCoM_z         
L5  EKComTot         VIRIAL_x         VIRIAL_y         VIRIAL_z        
L6  VIRIAL_tot       E_pot            E_vdw            E_el            
L7  E_hbon           E_bon            E_angle          E_dih           
L8  E_14vdw          E_14el           E_const          E_pol           
L9  AV_permMoment    AV_indMoment     AV_totMoment     Density          dV/dlambda      
L0     1000  0.2000000000E+01  -.6982948897E+04  0.1589570407E+04
L1 0.2904531376E+03  0.2904531376E+03  -.8572519304E+10  0.1000000000E+01
L2 0.1000000000E+01  0.3403856409E+02  0.3403856409E+02  0.3403856409E+02
L3 0.3036278468E+05  -.1808884986E+04  -.9930594173E+03  -.1049129028E+04
L4 -.1283691144E+04  0.2735969617E+03  0.2685572126E+03  0.2626853168E+03
L5 0.8048394911E+03  0.6688808690E+03  0.4855640482E+03  0.4919446807E+03
L6 0.1646389598E+04  -.8572519304E+04  0.1210255292E+04  -.9860693637E+04
L7 0.0000000000E+00  0.3650644581E+01  0.1247709794E+02  0.1023074809E+02
L8 0.3323381985E+01  0.4586885952E+02  0.2368309353E+01  0.0000000000E+00
L9 0.0000000000E+00  0.0000000000E+00  0.0000000000E+00  0.9035324092E+00  0.0000000000E+00
L0     2000  0.4000000000E+01  -.6944162657E+04  0.1636792143E+04
L1 0.2990816962E+03  0.2990816962E+03  -.8580954801E+10  0.1000000000E+01
L2 0.1000000000E+01  0.3348619983E+02  0.3348619983E+02  0.3348619983E+02
L3 0.2890563212E+05  -.1227426888E+03  -.5508345371E+03  0.1544817169E+03
L4 -.1730318363E+03  0.2616455749E+03  0.2746427606E+03  0.2666941712E+03
L5 0.8029825067E+03  0.2871805056E+03  0.3892363211E+03  0.2345563716E+03
L6 0.9109731983E+03  -.8580954801E+04  0.1272946896E+04  -.9925306099E+04
L7 0.0000000000E+00  0.2737622536E+01  0.8156388076E+01  0.8880632272E+01
L8 0.4091607800E+01  0.4547180811E+02  0.2066343799E+01  0.0000000000E+00
L9 0.0000000000E+00  0.0000000000E+00  0.0000000000E+00  0.9490800920E+00  0.0000000000E+00
L0     3000  0.6000000000E+01  -.6979326246E+04  0.1671257684E+04
L1 0.3053793880E+03  0.3053793880E+03  -.8650583930E+10  0.1000000000E+01
L2 0.1000000000E+01  0.3325932958E+02  0.3325932958E+02  0.3325932958E+02
L3 0.2832119315E+05  0.3085619311E+02  0.2068445791E+03  0.3121912988E+03
L4 0.1832973570E+03  0.2747648421E+03  0.2761514699E+03  0.2871303200E+03
L5 0.8380466320E+03  0.2684754240E+03  0.2339903372E+03  0.2234963645E+03
L6 0.7259621257E+03  -.8650583930E+04  0.1310172000E+04  -.1003547711E+05
L7 0.0000000000E+00  0.7655666472E+00  0.9205142680E+01  0.1174878282E+02
L8 0.3602517302E+01  0.4731649558E+02  0.2082673759E+01  0.0000000000E+00
L9 0.0000000000E+00  0.0000000000E+00  0.0000000000E+00  0.9686654036E+00  0.0000000000E+00
L0     4000  0.8000000000E+01  -.7131402141E+04  0.1648781815E+04
L1 0.3012725005E+03  0.3012725005E+03  -.8780183956E+10  0.1000000000E+01
L2 0.1000000000E+01  0.3307142713E+02  0.3307142713E+02  0.3307142713E+02
L3 0.2784530054E+05  -.2858705877E+03  -.5109898049E+03  -.3590264448E+03
L4 -.3852956125E+03  0.2389281208E+03  0.2897139180E+03  0.2694144781E+03
L5 0.7980565169E+03  0.2962180076E+03  0.3921188150E+03  0.3413651623E+03
L6 0.1029701985E+04  -.8780183956E+04  0.1265154271E+04  -.1012256640E+05
L7 0.0000000000E+00  0.3111093910E+01  0.9938060927E+01  0.1154600819E+02
L8 0.3528232684E+01  0.4692190055E+02  0.2182876950E+01  0.0000000000E+00
L9 0.0000000000E+00  0.0000000000E+00  0.0000000000E+00  0.9852204664E+00  0.0000000000E+00
L0     5000  0.1000000000E+02  -.7123599577E+04  0.1622538766E+04
L1 0.2964772579E+03  0.2964772579E+03  -.8746138343E+10  0.1000000000E+01
L2 0.1000000000E+01  0.3307694579E+02  0.3307694579E+02  0.3307694579E+02
L3 0.2785830146E+05  0.2099247125E+03  0.2159385576E+03  -.4456032837E+03
L4 -.6580004529E+01  0.2532425349E+03  0.2952313897E+03  0.2442047009E+03
L5 0.7926786256E+03  0.2111529366E+03  0.2519360243E+03  0.3335475085E+03
L6 0.7966364695E+03  -.8746138343E+04  0.1310668466E+04  -.1013482067E+05
L7 0.0000000000E+00  0.3400718205E+01  0.1159967443E+02  0.9811868980E+01
L8 0.3416922293E+01  0.4595339590E+02  0.3831278601E+01  0.0000000000E+00
L9 0.0000000000E+00  0.0000000000E+00  0.0000000000E+00  0.9847606836E+00  0.0000000000E+00
L0     6000  0.1200000000E+02  -.7109178575E+04  0.1645345334E+04
L1 0.3006445720E+03  0.3006445720E+03  -.8754523909E+10  0.1000000000E+01
L2 0.1000000000E+01  0.3301503646E+02  0.3301503646E+02  0.3301503646E+02
L3 0.2770267663E+05  0.7661982474E+02  -.4318472503E+03  -.2809098755E+03
L4 -.2120457670E+03  0.2898730118E+03  0.2917395803E+03  0.2592402138E+03
L5 0.8408528059E+03  0.2745966665E+03  0.3778406350E+03  0.3152476020E+03
L6 0.9676849034E+03  -.8754523909E+04  0.1264707038E+04  -.1008911920E+05
L7 0.0000000000E+00  0.2320724497E+01  0.1267889174E+02  0.9030735034E+01
L8 0.2527541478E+01  0.3956535286E+02  0.3765006259E+01  0.0000000000E+00
L9 0.0000000000E+00  0.0000000000E+00  0.0000000000E+00  0.9902927559E+00  0.0000000000E+00
L0     7000  0.1400000000E+02  -.7102864976E+04  0.1641281918E+04
L1 0.2999020871E+03  0.2999020871E+03  -.8744146893E+10  0.1000000000E+01
L2 0.1000000000E+01  0.3296495931E+02  0.3296495931E+02  0.3296495931E+02
L3 0.2757593866E+05  -.2491220706E+01  0.3232997544E+03  0.1052739320E+03
L4 0.1420274886E+03  0.2774974190E+03  0.2587079385E+03  0.2692444612E+03
L5 0.8054498187E+03  0.2779918425E+03  0.1945438161E+03  0.2483511281E+03
L6 0.7208867866E+03  -.8744146893E+04  0.1304227378E+04  -.1012132716E+05
L7 0.0000000000E+00  0.2680221747E+01  0.1474385837E+02  0.8633941326E+01
L8 0.2737534627E+01  0.4219726425E+02  0.1960073180E+01  0.0000000000E+00
L9 0.0000000000E+00  0.0000000000E+00  0.0000000000E+00  0.9948441041E+00  0.0000000000E+00
L0     8000  0.1600000000E+02  -.7067372106E+04  0.1643244634E+04
L1 0.3002607231E+03  0.3002607231E+03  -.8710616740E+10  0.1000000000E+01
L2 0.1000000000E+01  0.3307616412E+02  0.3307616412E+02  0.3307616412E+02
L3 0.2785684845E+05  -.5699603683E+03  -.2002576876E+03  0.1202733674E+03
L4 -.2166482295E+03  0.2667680904E+03  0.2586572237E+03  0.2636759273E+03
L5 0.7891012414E+03  0.3810383516E+03  0.2988065034E+03  0.2395625506E+03
L6 0.9194074055E+03  -.8710616740E+04  0.1260753194E+04  -.1004217118E+05
L7 0.0000000000E+00  0.1911155102E+01  0.8623243301E+01  0.9456990898E+01
L8 0.2956790594E+01  0.4524470570E+02  0.2608361027E+01  0.0000000000E+00
L9 0.0000000000E+00  0.0000000000E+00  0.0000000000E+00  0.9848120485E+00  0.0000000000E+00
L0     9000  0.1800000000E+02  -.7201138811E+04  0.1590491884E+04
L1 0.2906215139E+03  0.2906215139E+03  -.8791630695E+10  0.1000000000E+01
L2 0.1000000000E+01  0.3305269331E+02  0.3305269331E+02  0.3305269331E+02
L3 0.2779860506E+05  -.7305516965E+03  -.1002972368E+04  -.1457279355E+03
L4 -.6264173334E+03  0.2547531929E+03  0.2597062115E+03  0.2584308294E+03
L5 0.7728902338E+03  0.4009138669E+03  0.4603697895E+03  0.2875864571E+03
L6 0.1148870114E+04  -.8791630695E+04  0.1251092930E+04  -.1011533708E+05
L7 0.0000000000E+00  0.2847250003E+01  0.1120557027E+02  0.1035746206E+02
L8 0.2635627355E+01  0.4189682857E+02  0.3670714852E+01  0.0000000000E+00
L9 0.0000000000E+00  0.0000000000E+00  0.0000000000E+00  0.9868754181E+00  0.0000000000E+00
L0    10000  0.2000000000E+02  -.7031964068E+04  0.1706990375E+04
L1 0.3119086188E+03  0.3119086188E+03  -.8738954443E+10  0.1000000000E+01
L2 0.1000000000E+01  0.3304958699E+02  0.3304958699E+02  0.3304958699E+02
L3 0.2778896286E+05  0.4078015089E+03  -.5473520114E+03  0.4451210711E+03
L4 0.1018568562E+03  0.2824098749E+03  0.2851980218E+03  0.2868248010E+03
L5 0.8544326977E+03  0.2008497754E+03  0.3946681526E+03  0.1978008076E+03
L6 0.7933187356E+03  -.8738954443E+04  0.1303739410E+04  -.1012080560E+05
L7 0.0000000000E+00  0.3416259728E+01  0.9623217746E+01  0.1058561811E+02
L8 0.3897575629E+01  0.4818547882E+02  0.2403594308E+01  0.0000000000E+00
L9 0.0000000000E+00  0.0000000000E+00  0.0000000000E+00  0.9872178435E+00  0.0000000000E+00
