50.578239
19.621181
17.796317
16.268194
13.608448
13.697374
14.577889
12.287752
12.792624
12.841598
11.060992
10.800053
10.268058
10.121499
8.637315
8.841006
7.685339
7.420554
7.219321
7.056502
6.708589
6.709387
6.707077
6.790572
6.723937
7.127989
7.215350
7.631776
7.277127
8.034405
9.043149
9.695359
9.883169
11.445192
13.012258
15.862620
22.605525
41.287908
32.731542
25.015148
19.207098
19.375794
16.983681
16.538948
14.361041
14.524161
13.241392
12.856940
12.390838
10.787640
11.338635
10.246173
9.962221
9.593153
8.772951
9.018250
8.329445
8.547878
7.916460
8.315832
8.207657
7.990038
7.511771
7.681405
7.608976
7.328875
7.749689
16.819067
15.481445
13.968178
11.936496
11.711879
12.470654
10.608744
10.836592
9.843933
8.958834
8.923209
8.270904
8.589671
7.229476
7.479962
6.396825
6.644647
6.642392
6.641020
6.420629
6.329193
6.854956
6.964540
7.041061
7.126089
7.729022
8.552083
8.223123
9.313806
9.747415
11.013379
10.701921
12.900209
15.412885
20.862931
27.950030
37.728270
28.705471
21.421613
17.846585
17.967242
15.734772
15.284215
13.991881
13.392620
12.160630
12.033829
11.174071
9.863883
10.471679
9.800309
9.270268
8.942685
8.738178
8.509612
8.055415
8.495205
8.357353
8.810350
8.545142
8.498756
8.163263
8.604514
8.959705
7.973505
9.124760
7.660047
12.517666
12.916010
11.161243
9.928453
10.958653
9.171677
8.645788
8.890532
7.180407
6.898166
7.321138
7.025179
6.122213
5.428408
5.690307
5.531779
5.772750
5.228639
5.974670
5.741570
6.505235
6.116395
7.252928
7.358793
7.931134
8.707241
8.567550
9.329213
10.246727
11.937636
11.639490
13.254419
16.877136
21.634926
30.536697
32.507674
25.206149
19.147390
18.392859
16.895987
14.313216
14.191891
12.944126
12.209860
11.133612
10.799218
10.223892
8.939248
9.488777
8.194535
8.450477
8.132263
7.983492
7.492970
7.914433
7.456605
8.131727
8.060315
8.332503
8.426262
9.521228
9.619582
9.231291
9.513426
9.756489
9.109877
9.788907
11.550481
9.807660
8.560574
8.808461
7.515411
7.161945
7.489928
6.056079
5.558902
5.215533
5.008482
5.134160
4.124579
4.464950
4.551313
4.564788
4.846421
4.962077
5.433900
5.317157
6.321378
6.887119
7.107700
7.675821
8.395840
9.564669
9.876750
11.252621
11.758903
13.986803
13.941358
16.390441
21.486988
27.148147
26.416123
21.563740
18.952839
17.973476
15.368498
14.065776
12.531746
11.176028
10.657597
10.474921
9.395758
8.386446
8.907701
8.004242
7.714113
7.395473
7.616017
7.067293
6.968747
7.091529
7.147695
7.321670
7.450710
8.488407
8.316721
9.140690
9.280513
9.931914
11.767038
10.863528
12.575382
11.984408
13.372760
9.062900
7.332320
7.178703
7.041221
6.016642
5.727150
5.072717
4.370843
4.097672
3.348459
3.198417
3.204222
2.965311
3.154648
3.379030
3.739621
3.798832
4.104722
5.035632
4.943644
6.063125
6.851881
7.271491
8.460737
8.583709
9.558314
11.084748
12.367787
13.005787
15.592510
18.841963
22.163853
23.093304
24.648447
22.426489
19.105684
16.512825
13.951492
13.048604
11.522753
11.130675
10.146356
8.829130
8.967681
7.498833
7.643666
7.084731
6.706899
5.998140
6.332934
6.112143
5.692253
5.656169
6.160449
6.415655
6.706217
7.031605
7.524784
7.981468
9.748498
10.364082
10.722243
13.225367
12.970978
13.036827
16.214811
21.210501
7.895030
6.146020
5.801236
5.542692
4.195527
3.844167
3.263569
2.776192
3.070141
2.448386
1.851963
2.170610
2.299440
2.017231
2.812024
3.230755
3.672493
4.097382
4.713520
5.100130
5.944808
6.768823
6.700583
8.637873
9.091733
10.823574
11.453099
13.518386
13.828877
16.452674
18.122769
19.818737
19.738688
18.510570
16.457577
15.668070
13.762425
11.775316
11.648608
9.867330
8.924226
8.125618
7.362960
7.286098
6.533485
6.340047
5.983470
5.828560
5.471705
5.322130
5.210555
5.154603
5.259696
4.907073
5.636953
6.040710
6.559268
6.704569
7.727347
9.879745
10.940973
11.731416
14.562529
17.048519
20.502909
25.807679
21.252157
5.968740
4.822989
4.002579
3.624558
3.300194
2.608380
2.006529
1.491764
1.103735
1.451895
1.213677
1.037734
1.129725
1.922726
2.335792
2.712427
3.176062
3.699217
3.984408
5.196167
5.986204
6.680491
7.603189
8.277689
9.264231
11.253475
11.528204
13.727180
15.954888
17.618128
18.356022
18.567268
17.921690
16.640873
14.605114
12.221931
12.194886
10.133170
9.302177
8.769734
7.294541
6.940344
5.930683
5.987126
5.435844
5.298232
4.836752
4.379040
4.105284
4.122367
3.858027
4.309995
3.915901
4.387665
4.381554
5.359046
5.904746
6.245450
7.207790
9.435351
10.691748
11.612227
15.294030
17.643046
19.323405
12.410467
9.618324
4.752831
3.748895
2.726214
2.237802
1.642414
1.398905
0.975029
0.962591
0.611309
0.728078
0.835756
0.984157
1.258486
1.660831
2.143053
2.680502
3.284990
3.787221
4.486128
5.272744
5.469119
6.800523
7.993414
8.153379
10.006015
10.512079
12.559021
14.012285
14.081445
15.129542
14.748098
14.536759
15.161384
14.191468
12.368850
11.548245
9.835133
8.582100
7.205296
6.469718
5.614467
5.883134
5.443262
4.896897
4.629210
4.477670
4.233366
4.055299
3.925793
3.802735
3.596598
3.440385
3.283088
3.768673
3.725615
4.460588
5.098933
5.966198
7.265543
7.860735
8.938551
10.443606
12.503077
11.583327
9.806722
7.916902
6.862453
2.829158
2.426198
1.789049
1.513352
0.899499
0.632579
0.335070
0.490583
0.369920
-0.072215
0.339732
0.484606
0.840082
1.307870
1.626109
2.642330
3.365311
3.987130
4.371332
4.918348
6.182248
6.973860
7.442775
8.797836
9.038345
10.921733
11.792966
12.366073
13.202365
13.792832
13.484423
12.789891
12.715226
11.835622
10.323387
9.452997
8.204889
7.389154
5.973653
5.985641
4.748724
4.616727
4.572404
4.325537
4.097807
3.858719
3.704465
3.568454
3.463008
3.384752
3.316499
3.153682
2.907570
3.310220
3.421551
3.619120
4.454921
5.173781
6.000207
6.537375
7.404045
9.049708
7.488216
7.509961
6.394035
6.176381
5.697661
2.249361
1.612281
1.016043
0.637820
0.493287
0.433019
-0.009777
0.124545
0.255786
0.348901
0.447207
0.826256
1.201974
1.768367
2.467160
2.908338
2.926794
4.234213
4.909588
5.184997
5.789217
7.138799
7.844482
9.162983
9.195022
10.631431
11.373376
11.168788
11.715202
11.753450
11.651095
12.079739
10.871476
9.524322
9.334404
7.964794
6.682173
5.801421
5.697921
5.159287
4.764857
4.298665
3.929978
3.675393
3.478041
3.314633
3.183662
3.087074
3.027230
2.999544
2.994267
3.001359
2.698844
2.582451
3.311549
3.399035
3.586525
4.483007
5.132447
5.669746
5.895170
6.350449
5.855999
5.538713
5.526202
5.193475
4.483359
1.175457
0.844745
0.742087
0.546267
0.244394
0.146418
0.118632
-0.034582
-0.247080
0.378854
0.693777
1.056454
1.539955
1.713231
2.503560
3.256231
4.040275
4.313425
5.208830
5.831700
5.964980
6.652363
7.877457
8.703672
9.093842
10.035708
10.974895
11.391593
11.124864
11.104743
10.836743
10.268671
9.532324
8.407505
7.409438
6.900483
5.963176
5.600007
5.034111
4.530745
4.151211
3.570832
3.319808
3.042085
2.991124
2.936602
2.841920
2.767731
2.751027
2.792717
2.768288
2.861511
2.883679
2.678935
2.786296
3.261001
3.323734
3.519478
4.144022
4.454483
5.008450
4.661631
4.968654
4.592552
4.155899
3.738550
4.034104
0.646705
0.602847
0.504315
0.059859
0.038025
0.154621
0.062554
-0.219755
0.181296
0.510829
0.911954
1.351561
1.851153
2.365321
2.679277
3.762865
4.516159
4.876606
5.334821
6.210547
6.853325
7.285928
8.144550
8.091741
9.077334
9.555227
9.892906
10.033708
10.332408
10.032030
9.266169
8.353174
8.466801
7.217811
6.810311
6.199485
5.370085
4.762742
4.617162
4.195074
3.370106
3.177688
2.938708
3.016088
2.994216
2.916168
2.859463
2.766014
2.749422
2.751728
2.826037
2.790914
2.887802
2.917694
2.692701
2.838811
3.006343
3.269607
3.387199
3.613677
4.152189
3.921235
4.000587
3.363484
3.167317
3.196453
3.236487
0.719802
0.549576
0.153507
0.226298
0.260830
0.258667
0.298843
0.482179
0.755698
1.082876
1.425842
1.839889
2.453280
3.072712
3.701140
4.347155
4.743294
5.510200
5.869419
6.465317
7.180417
7.837802
8.143531
8.178660
8.435329
9.209585
9.338096
9.098479
9.149202
8.610524
7.796908
7.597548
7.449162
6.583412
5.928543
5.367284
5.040919
4.448445
4.187983
3.771835
3.146269
3.282723
3.205575
3.064406
2.990261
2.857123
2.829867
2.693455
2.790937
2.814312
2.811602
2.716170
2.980518
3.013337
3.015069
2.958786
2.821333
3.194579
2.726643
3.351194
3.339697
3.338347
3.188014
2.873495
2.666763
2.452041
2.104079
0.826021
0.698613
0.543353
0.486284
0.526893
0.637139
0.783855
1.001743
1.288641
1.685698
2.149152
2.670376
3.269167
3.852159
4.442417
5.026152
5.573964
6.139352
6.709007
7.234177
7.692530
8.168750
8.515660
8.720510
8.792379
8.806900
8.777641
8.548752
8.657470
8.266763
7.850968
7.366298
6.872220
6.310743
5.760703
5.223926
4.769697
4.339660
3.988407
3.747814
3.475062
3.251423
2.822087
2.936876
2.860729
2.730652
2.740649
2.785593
2.841265
3.055408
3.103783
3.046575
3.094668
3.053582
2.672783
2.787753
2.866642
2.877106
2.931289
3.029069
2.901807
2.898283
2.371756
1.872124
2.037119
1.392108
0.968789
0.781618
0.828263
0.497709
0.562332
0.836277
0.970799
1.289056
1.601615
1.964819
2.362207
2.778439
3.221226
3.462943
4.284992
4.633233
5.333083
5.844658
6.675489
7.311504
7.821466
8.256560
8.560760
8.814743
8.977048
9.037734
8.979443
8.809533
8.498009
8.130818
7.687283
7.144534
6.664055
6.158278
5.639153
5.164058
4.753562
4.357357
4.107442
3.833990
3.315306
3.321048
3.350033
3.280678
3.122972
3.227133
3.267411
3.322586
3.385238
3.446510
3.509313
3.450444
3.370225
3.574608
3.534807
3.452448
3.165373
3.333787
3.269628
3.153690
2.978078
2.857613
2.116504
2.390333
2.108560
1.574898
1.357934
0.802292
1.411146
1.277411
1.343670
1.411208
1.483532
1.643764
1.884355
2.195772
2.574391
3.101390
3.613232
4.163199
4.746548
5.322249
5.878481
6.448864
7.034862
7.563834
7.945634
8.520936
8.881817
9.070203
9.189323
9.009806
8.802168
8.781845
8.387078
8.138357
7.890440
7.284784
6.781842
6.461294
5.893255
5.685707
5.307609
4.907743
4.625470
4.093302
3.789553
3.616887
3.716472
3.695164
3.670341
3.663036
3.426970
3.570684
3.656990
3.736008
3.801471
3.804946
4.118768
4.176515
4.190267
4.152827
4.046337
3.790573
3.697022
3.626652
3.379931
3.170599
2.628200
2.336981
2.168340
2.239481
1.977472
1.763316
1.519494
2.020690
2.090244
2.185675
2.317770
2.491457
2.726617
3.032063
3.401536
4.128474
4.597156
5.109537
5.662902
6.329133
6.908146
7.540927
8.090928
8.511500
8.900492
9.290941
9.583377
9.814031
9.910664
9.898189
9.800863
9.629887
9.319564
8.948052
8.385750
8.038451
7.500771
7.380625
6.944102
6.485764
6.066097
5.606214
5.125811
4.682969
4.457544
4.241467
4.112924
4.005659
3.988056
4.043448
4.094361
4.160291
4.251601
4.362638
4.479729
4.591292
4.686283
4.755943
4.791344
4.776078
4.704173
4.544129
4.397042
4.446377
4.262147
3.744743
3.611423
3.384176
3.059911
2.808683
2.467583
2.081786
1.830503
1.734886
3.645550
3.753035
3.886982
4.059979
4.280803
4.635712
4.970018
5.352053
6.024162
6.404748
6.951634
7.504676
7.617413
8.132672
8.552868
9.072190
9.596900
10.337307
10.605934
10.839219
10.980524
10.721530
10.594724
10.444038
10.211001
9.906081
9.539868
9.124377
8.673865
8.203053
7.725096
7.249118
6.781041
6.316070
5.853932
5.616081
5.363564
5.155708
5.013005
4.986163
5.000939
5.096545
5.234313
5.326624
5.428754
5.548244
5.683080
5.818842
5.942201
6.042824
6.106933
6.114922
6.047752
5.892051
5.706545
5.578899
5.352771
5.110063
4.819056
4.541240
4.193185
3.932406
3.622560
3.285973
3.367435
3.311136
3.262584
5.000045
5.123894
5.288173
5.498476
5.523441
6.395097
6.764836
7.185400
7.650169
8.147884
8.666060
9.200110
9.725994
10.238552
10.723331
11.163804
11.524294
11.403850
11.683468
11.791035
11.714811
11.702336
11.491476
11.282121
11.002253
10.643254
10.223923
9.752789
9.172942
8.614170
8.046624
7.938904
7.513194
7.141406
6.830428
6.590439
6.344767
6.401264
6.275908
6.329449
6.238144
6.381513
6.393259
6.425004
6.521332
6.628181
6.801811
6.988675
7.160031
7.290177
7.436776
7.237495
7.404203
7.421813
7.301770
7.164666
6.920897
6.668736
6.389878
6.083621
5.767557
5.459586
5.179896
5.001825
4.829219
4.720856
4.669177
6.116470
6.232267
6.388684
6.592510
7.189073
7.508858
7.881392
8.301170
8.760138
9.247256
9.770737
10.274897
10.746321
11.221058
11.674639
11.772946
12.097278
12.338745
12.489923
12.546399
12.785784
12.669677
12.476376
12.192766
11.846041
11.448684
11.013478
10.554417
10.085554
9.621348
9.175146
8.758304
8.382692
8.055892
7.784135
7.572325
7.428642
7.344865
7.305996
6.981415
7.003635
7.305825
6.898659
7.495959
7.738586
7.902405
8.107261
8.288774
8.408165
8.467414
8.478405
8.489726
8.255135
8.433340
8.394724
8.266616
8.360639
8.148304
7.902749
7.637458
7.038123
6.756781
6.503370
6.292982
6.134958
6.029980
5.968453
7.718927
7.835059
7.996403
8.209406
8.818902
9.151989
9.537637
9.968106
10.433608
10.921378
11.417428
11.909040
12.385099
12.841404
12.946838
13.278074
13.539204
13.720691
13.812371
13.803761
14.012909
13.834699
13.577314
13.252004
12.871656
12.449479
11.998363
11.531984
11.063939
10.607993
10.176906
9.781643
9.435219
9.144993
8.908167
8.744882
8.621579
8.247124
8.224648
8.222671
8.204129
8.135329
8.796294
8.382627
9.262206
9.354994
9.757909
9.371504
9.307717
10.004820
10.138038
10.241217
10.128979
9.697292
9.869917
9.835206
9.699362
9.511643
9.596903
9.320020
9.032380
8.774670
8.241604
8.037897
7.873769
7.760323
7.702837
9.232477
9.384186
9.567261
9.783111
10.055910
10.387844
10.775459
11.210213
12.025106
12.537801
12.701612
13.142026
13.599763
14.405964
14.374451
14.685222
14.924952
15.081500
15.140722
15.389292
15.250077
15.025893
14.728742
14.371421
13.966640
13.527865
13.066915
12.597069
12.130845
11.681328
11.260763
10.878482
10.544336
10.264785
10.062939
9.887228
9.561459
9.529062
9.525532
9.536265
9.550648
9.711285
10.141251
10.304837
10.625982
11.165850
11.335593
11.528557
11.738664
11.522748
11.502646
11.418765
11.764285
11.600367
11.214607
11.625583
11.292718
11.460002
11.268313
11.000169
10.726241
10.441361
10.242977
10.040423
9.888295
9.686235
9.605266
11.075512
10.846048
11.293902
11.232074
11.472538
11.830002
12.293275
12.725771
13.334857
13.863673
14.795194
14.926362
15.356276
15.722916
16.351834
16.003889
16.435376
16.758284
16.796575
16.636379
16.418853
16.136425
15.795719
15.158080
14.759374
14.326873
13.878868
13.426400
12.973241
12.342474
11.919102
11.568549
11.667709
11.306480
11.140819
11.050374
11.052620
11.022815
11.175777
11.039995
10.948757
10.901360
11.277265
11.692537
12.010163
12.235293
12.765404
12.964806
12.828687
12.987285
13.107182
13.085978
13.081087
13.040539
12.676652
12.867516
12.928916
12.864457
12.695493
12.477880
12.237831
11.994178
11.760635
11.548210
11.361960
11.204263
11.074684
11.465161
11.650108
11.950305
12.302238
12.624716
12.816988
13.475785
13.614301
14.509425
15.052196
15.647388
15.969386
16.350366
16.717969
17.018087
17.243171
17.383783
17.433187
17.388912
17.254577
17.055170
16.770526
16.430454
16.046001
15.490919
15.068583
14.733421
14.281270
13.841247
13.423340
13.038641
12.695501
12.399610
12.152627
11.939257
11.631714
11.481001
11.504549
11.456362
11.834376
11.964633
12.353960
12.620305
12.909350
13.097370
13.303609
13.512600
13.719454
13.916146
14.093623
14.240604
14.295479
14.354864
14.336176
14.304849
14.096049
13.487303
13.380911
13.189491
13.052792
12.829997
12.611651
12.385785
12.152919
11.966099
11.783379
11.615212
12.677166
12.901383
13.167869
13.468363
13.627736
14.019463
14.259126
14.505734
15.024435
15.679319
16.071211
16.269617
16.710095
17.018563
17.477193
17.708699
17.853592
17.889437
17.830842
17.683446
17.455048
17.137111
16.788641
16.395619
15.969657
15.523066
15.067868
14.613538
14.168112
13.734385
13.337490
12.809609
12.547794
12.269526
12.150825
12.043405
11.901162
11.951335
12.225706
12.253599
12.879810
13.098028
13.342412
13.541226
13.743381
13.939705
14.137257
14.336762
14.530762
14.707483
14.853552
14.963050
15.055144
15.080424
15.040983
14.907726
14.672628
14.179359
14.016404
13.821298
13.567421
13.350941
12.836395
12.608762
12.576203
12.482913
12.173938
12.565150
12.742712
13.029416
13.365045
13.749472
14.210155
14.881028
15.104118
15.670961
16.196029
16.614495
16.975041
17.293147
17.565247
17.803440
17.954806
18.028384
18.017304
17.857189
17.653378
17.384759
17.062096
16.695197
16.293243
15.868596
15.428086
14.987995
14.555188
14.141150
13.827206
13.470792
13.159115
12.898419
12.589709
12.416285
12.447836
12.269787
12.237053
12.387729
12.495966
12.824660
12.950218
13.630944
13.926687
14.165879
14.414537
14.641798
14.847936
15.028137
15.177355
15.314365
15.397494
15.414231
15.370877
15.226151
15.008487
14.479959
14.294695
14.104879
13.880642
13.611141
13.383497
13.152897
12.923754
12.695460
12.529514
12.343348
12.924433
13.186443
13.500046
13.866662
14.275574
14.701033
15.115989
15.506375
15.869495
16.206467
16.516562
16.790774
16.953008
17.025677
17.178252
17.529493
17.522193
17.471780
17.281721
17.222765
16.959788
16.627232
16.242093
15.820736
15.376723
14.919163
14.463297
13.861384
13.442537
13.062445
12.768307
12.502549
12.289455
12.156622
11.822328
11.807708
12.049233
12.268152
12.463677
12.672006
12.923607
13.156487
13.236692
13.379776
13.516946
13.768905
14.026034
14.231419
14.436775
14.895428
14.556498
14.942387
14.754524
14.583521
14.790591
14.528177
14.628718
14.476424
14.262652
13.984850
13.695464
13.411553
13.145961
12.929995
12.736132
12.586647
12.484475
12.351917
12.666668
13.031273
13.421440
13.820816
14.210350
14.580392
14.919970
15.204526
15.496846
15.796661
16.145873
16.414751
16.613776
16.771365
16.903101
16.574189
16.518460
16.396575
16.181187
15.895378
15.548259
15.152497
14.721357
14.268804
13.807341
13.348073
12.901160
12.475421
12.079539
11.721711
11.409907
11.152642
10.962233
10.850929
10.815906
11.167897
11.340104
11.522887
11.778234
12.060778
12.430376
12.801166
13.132256
13.417495
13.708663
13.622608
13.809406
13.992208
13.925540
14.099860
14.304165
14.201050
14.067081
14.095568
13.921994
13.776903
13.547714
13.317040
12.963288
12.624213
12.370418
12.028132
11.816703
11.656878
11.511957
11.376210
11.405891
11.708894
12.076785
12.455182
12.861344
13.212538
13.534481
13.836410
14.114032
14.410662
14.715785
15.010781
15.244596
15.467765
15.633059
15.727164
15.740071
15.666690
15.507070
14.952102
14.636332
14.260224
13.838021
13.383764
12.911139
12.432782
11.958797
11.498872
11.061700
10.970039
10.602076
10.282769
10.022262
9.829227
9.711777
9.676148
9.725806
9.860640
9.801893
10.098064
10.458567
10.816504
11.565002
11.654605
12.009671
12.626501
12.931019
13.208828
13.411717
13.542265
13.620631
13.335893
13.322996
13.272123
13.175524
12.995776
12.768901
12.489586
12.206561
11.844264
11.510211
11.224140
11.002330
10.763554
10.569964
10.694605
10.607880
10.268695
10.591919
10.649927
11.012632
11.361890
11.642007
11.926014
12.201142
12.483771
12.781028
13.090781
13.403431
13.692505
13.856431
14.341896
14.444672
14.448991
14.360557
14.129739
13.867302
13.529293
13.128668
12.681043
12.201394
11.704109
11.202430
10.706807
10.227248
9.771545
9.347896
8.965760
8.634012
8.090425
7.894595
7.782826
7.750771
7.824292
7.964907
8.242878
8.531644
8.899089
9.329663
9.788306
10.217890
10.646443
11.022011
11.358449
11.654643
12.201583
12.416054
12.541525
12.599590
12.593308
12.523468
12.069476
11.814272
11.613269
11.354428
11.342892
11.029156
10.677210
10.363912
10.078480
9.832062
9.633217
9.488602
9.403397
9.102742
9.422472
9.751817
10.061988
10.330115
10.834061
11.134101
11.444219
11.074213
11.904573
12.305551
12.634138
12.925121
12.846630
13.014816
13.099501
13.092521
12.931389
12.737209
12.456832
12.100577
11.681422
11.214210
10.714059
10.195254
9.670441
9.151481
8.648423
8.170547
7.726843
7.387032
7.040759
6.757561
6.546954
6.416127
6.684996
6.702225
6.693881
7.155866
7.481393
7.842007
8.289459
8.782483
9.272864
9.747416
10.185202
10.573890
10.574720
10.849406
11.039020
11.260460
11.338440
11.314556
11.256292
11.148610
10.965201
10.725112
10.438556
10.106086
9.735316
9.449262
9.136709
8.841941
8.587052
8.383849
8.238658
8.149547
7.579774
7.875039
8.157287
8.402969
8.651581
8.843180
8.707314
8.893196
9.233534
9.606012
9.943518
10.261773
10.822962
10.987705
11.079846
11.198596
11.212680
11.126918
10.944064
10.670310
10.313223
9.885660
9.399908
8.871068
8.307758
7.909731
7.358875
6.820772
6.309334
5.836276
5.410619
5.038875
4.733695
4.500075
4.340101
4.255261
4.317406
4.144566
4.430439
4.770789
5.184726
5.658360
6.182742
6.732619
7.271289
7.774771
8.535476
8.937971
9.277893
9.551544
9.752601
9.878206
9.617374
9.528385
9.430996
9.282958
9.061699
8.809231
8.511000
8.190078
7.802356
7.510187
7.187056
6.924382
6.732770
6.561155
6.789656
6.197101
6.422903
6.633616
6.872850
7.090906
7.348865
7.615725
7.628190
7.889985
8.100388
8.373211
8.512052
8.762494
8.947598
9.095981
9.390105
9.435113
9.074313
9.102661
8.898281
8.157441
7.704965
7.296975
7.112959
6.073236
5.972186
5.574387
5.123943
4.620832
4.170317
3.727012
3.380566
2.977469
2.993516
2.720360
2.656853
2.545202
2.767043
3.089218
3.278132
3.648008
4.100383
5.065834
5.213411
5.793181
6.352428
6.867906
7.304406
7.698604
8.028088
8.010267
8.164710
8.642164
8.612118
8.547053
8.128249
8.106204
7.479369
7.758907
7.245855
6.945424
6.624423
6.321113
6.054184
5.830877
5.634760
5.314069
4.717126
5.055828
5.461460
5.279920
5.158946
5.216210
5.486145
5.728322
6.015519
6.372466
7.097892
6.979579
7.263336
7.041375
7.235620
7.413166
7.575723
7.544031
7.376284
7.144169
6.792452
6.293305
5.762049
5.208632
4.723366
4.113988
3.575590
3.406103
2.970332
2.524057
2.155635
1.741562
1.333503
1.064859
0.910208
0.764486
0.841625
0.942722
1.210301
1.761746
2.203835
2.704069
3.240649
3.818685
4.541389
5.094944
5.620184
5.831255
6.196509
6.561268
6.847684
7.046953
7.139981
7.171414
7.115261
6.977091
7.079147
6.346860
6.051236
5.818150
5.478678
5.164523
4.862610
4.566408
4.346010
4.166363
4.054541
4.131198
4.244891
4.304610
4.302470
4.312875
4.354796
4.112669
4.103042
4.227688
4.510168
5.186240
5.386758
5.385329
5.855431
6.254314
6.283885
6.329327
6.287357
6.449900
5.886274
5.565839
5.151178
4.709261
4.180597
3.707751
3.089816
2.508700
2.010964
1.569532
1.086654
0.682576
0.327473
0.024076
-0.267879
-0.529451
-0.372606
-0.399408
-0.008551
0.308055
0.658027
1.058409
1.612100
2.170356
2.768029
3.360820
3.921177
4.426187
4.869944
5.242464
5.365398
5.723158
5.938410
6.073368
6.113447
6.045783
5.900173
5.644403
5.423185
5.128710
4.822390
4.511975
4.149412
3.838683
3.618145
3.423310
3.283463
3.267029
3.314060
3.368065
3.350929
3.280138
3.188905
3.284604
3.374108
3.496738
3.668770
3.890405
4.141134
4.371568
4.374696
4.569543
4.825769
5.200844
5.370944
5.361600
5.080571
4.861781
4.714005
4.326829
3.643390
3.112598
2.591429
2.170481
1.641399
1.131573
0.654854
0.176340
-0.220364
-0.611142
-1.015432
-1.315216
-1.341207
-0.974181
-0.852911
-0.683600
-0.438674
-0.091071
0.256829
0.641284
1.173123
1.751664
2.333981
2.894489
3.443183
3.957969
4.423205
4.827951
5.143173
5.406359
5.584643
5.657137
5.596847
5.424144
5.265954
4.990496
4.530341
4.432790
4.103282
3.782509
3.490486
3.239749
3.040009
2.901659
2.827303
2.599456
2.598268
2.560930
2.374752
2.472130
2.489822
2.342422
2.435288
2.859914
3.135599
3.413128
3.669272
3.977970
4.269280
4.486286
4.641044
4.722545
4.694250
4.578956
4.362152
4.052960
3.662984
3.210918
2.710720
2.181744
1.642250
1.105170
0.582338
0.087146
-0.272840
-0.660552
-0.989300
-1.249504
-1.485290
-1.560141
-1.695695
-1.528091
-1.456956
-1.268994
-1.057350
-0.924425
-0.706110
0.280994
0.792196
1.387959
2.006995
2.508811
2.816300
3.119397
3.386675
4.016401
4.112989
4.500714
4.638140
4.985356
4.605079
4.780464
4.383381
4.241269
3.995643
3.706129
3.389076
3.061905
2.799659
2.584550
2.418013
2.272020
2.023758
1.958055
1.898253
1.829241
1.763823
1.772403
1.786774
1.877190
2.031919
2.278323
2.530262
2.806107
3.071801
3.236786
3.552903
3.533209
3.569359
3.513682
3.418189
3.230784
3.009773
2.619037
2.176533
1.691892
1.143558
0.622176
0.082850
-0.454769
-0.906079
-1.321347
-1.675400
-1.979255
-2.006852
-2.094549
-2.208773
-2.214727
-2.166642
-2.053426
-1.812988
-1.483796
-1.235492
-1.062388
-0.701720
-0.261515
0.300016
0.921244
1.587247
2.113839
2.803767
3.409422
3.822715
3.864425
4.315405
4.456618
4.192547
4.383050
4.352762
4.103160
3.787123
3.492666
3.123447
2.699260
2.604926
2.349396
2.134381
1.899402
1.810446
1.550216
1.387396
1.262969
1.212648
1.115085
1.063030
1.067924
1.187457
1.364241
1.582989
1.825316
2.049377
2.324586
2.370604
2.569699
2.749466
2.915715
3.181160
3.144625
2.524701
2.276838
1.987581
1.562696
1.046571
0.585778
0.242252
-0.206120
-0.607188
-1.044120
-1.504608
-2.123869
-2.338318
-2.767509
-2.945393
-2.720719
-2.706831
-2.701063
-2.496298
-2.361049
-1.980453
-1.674968
-1.209362
-0.771229
-0.668461
-0.103413
0.408744
1.264144
1.994935
2.511909
2.753694
3.336208
3.710965
3.897547
3.569773
4.115322
4.083014
3.901467
3.692728
3.365724
2.944195
2.550917
2.471883
2.205037
1.974783
1.781991
1.639046
1.541366
1.030293
0.861714
0.828284
0.705902
0.618010
0.546523
0.540745
0.702812
0.830969
1.033888
1.270707
1.496444
1.772469
1.786271
1.982310
2.228438
2.608865
2.220684
2.320061
2.413783
2.166335
1.820846
1.406247
0.945941
0.455551
-0.073170
-0.582270
-1.113833
-1.726719
-2.165238
-2.272812
-2.750315
-3.016559
-3.240007
-3.102818
-3.214951
-3.038881
-2.894986
-2.617676
-2.438321
-2.008396
-1.596155
-1.132919
-0.800455
-0.481879
0.281957
0.949673
1.608109
1.877041
2.424798
3.054282
3.319211
3.335733
3.728849
3.829675
3.773977
3.605365
3.326604
3.167240
2.657446
2.350092
2.115079
1.854309
1.653770
1.510835
1.395398
1.304952
0.717831
0.550537
0.383485
0.169918
0.161624
0.144743
0.172337
0.265245
0.413804
0.612337
0.799488
1.062015
1.309707
1.456364
1.560405
1.811035
2.199955
1.878688
2.140348
2.005657
1.745768
1.400587
0.976584
0.539913
0.074220
-0.424727
-0.900571
-1.375581
-1.879994
-2.483637
-2.595339
-2.946895
-3.282529
-3.483709
-3.373403
-3.440148
-3.280783
-3.085962
-2.909411
-2.590850
-2.259250
-1.810156
-1.353624
-1.048935
-0.728956
-0.040857
0.721534
1.388899
1.669603
2.216654
2.859118
3.160908
3.043353
3.512975
3.636205
3.548170
3.432000
3.271280
2.998770
2.487866
2.194646
1.948638
1.676424
1.509234
1.375942
1.234275
1.130160
0.391920
0.201113
-0.019976
-0.132691
-0.194459
-0.205770
-0.170613
-0.107943
0.042564
0.254205
0.454248
0.744688
0.879895
1.170292
1.176324
1.453223
1.843039
1.556495
1.808186
1.673308
1.418465
1.062340
0.674472
0.235526
-0.208911
-0.674331
-1.141412
-1.602655
-2.116167
-2.651123
-2.774932
-3.233216
-3.466270
-3.548457
-3.506988
-3.547101
-3.425146
-3.202604
-2.970351
-2.654923
-2.367912
-1.885121
-1.452590
-1.262526
-0.721739
-0.007575
0.609503
1.266407
1.833450
2.273113
2.738321
3.075099
3.056452
3.403248
3.540099
3.469552
3.350493
3.193072
2.923093
2.430054
2.131505
1.857400
1.618342
1.443108
1.315183
1.176789
1.067105
0.135507
-0.132806
-0.266938
-0.392694
-0.461455
-0.666157
-0.482907
-0.349102
-0.237820
0.022489
0.247666
0.247562
0.718528
0.958088
0.904348
1.138502
1.588408
1.243601
1.550863
1.429830
1.146041
0.853059
0.479962
0.053999
-0.384542
-0.839420
-1.297190
-1.762611
-2.365592
-2.647670
-2.856312
-3.386892
-3.552845
-3.524970
-3.546462
-3.586482
-3.416247
-3.217990
-3.023686
-2.649451
-2.683525
-1.923886
-1.455374
-1.262614
-0.666442
-0.104253
0.542298
1.227799
1.815273
2.096431
2.638271
3.086443
3.234785
3.360940
3.525376
3.465683
3.362042
3.023356
2.719701
2.450541
2.110112
1.843280
1.640061
1.450083
1.327097
1.173705
1.042378
-0.080853
-0.324463
-0.476507
-0.613466
-0.703896
-0.753060
-0.652250
-0.538742
-0.424298
-0.158047
0.076548
0.290193
0.553872
0.782410
0.713527
1.126900
1.375719
1.326677
1.355728
1.257845
1.012948
0.718185
0.360170
-0.055494
-0.485176
-0.930457
-1.391073
-1.953087
-2.309563
-2.575095
-3.130219
-3.322380
-3.501491
-3.464282
-3.500940
-3.454098
-3.339192
-3.149537
-2.954583
-2.588942
-2.597251
-1.921015
-1.429902
-1.114828
-0.548176
0.031757
0.528660
1.278049
1.877132
2.382950
2.562133
3.129542
3.331404
3.156373
3.597180
3.556319
3.433733
3.185458
2.824836
2.502487
2.212133
1.941908
1.723392
1.537401
1.389463
1.214006
1.053446
-0.318163
-0.496836
-0.657215
-0.811217
-1.107785
-0.925395
-0.809615
-0.690959
-0.570708
-0.286289
-0.044054
0.190686
0.422634
0.485217
0.755581
0.956707
1.179080
1.254674
0.971257
1.133249
0.913169
0.635210
0.291374
-0.112118
-0.531951
-0.978935
-1.534181
-2.061561
-2.205133
-2.678004
-2.990619
-3.272158
-3.298644
-3.348898
-3.385785
-3.321012
-3.183432
-3.085655
-2.807552
-2.443625
-2.090012
-1.640233
-1.508576
-0.953453
-0.389340
0.206840
0.761833
1.340959
1.973464
2.507934
2.656310
3.137123
3.478849
3.260794
3.670687
3.684166
3.442674
3.346145
2.964932
2.652026
2.346889
2.069519
1.856450
1.673615
1.478326
1.274157
1.077787
-0.468801
-0.656138
-0.820242
-0.946226
-1.085771
-1.042284
-0.951010
-0.821099
-0.628622
-0.396189
-0.146397
0.103442
0.290092
0.540251
0.689838
0.825120
0.934286
1.210594
0.864492
0.993843
0.843109
0.584276
0.236713
-0.137808
-0.559097
-1.105237
-1.616866
-1.777255
-2.218415
-2.694405
-2.918283
-3.100477
-3.124052
-3.189157
-3.240215
-3.140064
-2.999192
-2.838803
-2.511691
-2.282237
-1.825910
-1.412675
-1.268507
-0.767106
-0.188735
0.401362
0.978674
1.484116
2.109716
2.624866
3.093892
3.126779
3.679703
3.434547
3.809912
3.838849
3.711367
3.516088
3.129858
2.806466
2.504048
2.280496
2.007449
1.807746
1.570299
1.331965
1.095224
-0.623609
-0.816799
-0.981262
-1.119672
-1.182879
-1.216527
-1.097018
-0.945713
-0.738556
-0.496006
-0.238013
0.029207
0.253714
0.487313
0.630929
0.598059
0.779516
1.153320
1.001738
0.742279
0.783153
0.542492
0.208725
-0.163434
-0.698538
-1.171944
-1.328220
-1.720620
-2.254007
-2.512814
-2.767734
-2.841240
-2.944007
-3.014633
-3.043224
-2.934694
-2.795383
-2.612735
-2.284933
-2.414985
-1.619389
-1.190568
-1.009596
-0.546405
0.036869
0.621667
1.187935
1.691478
2.210075
2.787860
3.249422
3.333117
3.829060
3.909879
3.971619
4.003904
3.864476
3.686515
3.317483
2.962939
2.660641
2.440289
2.161127
1.918990
1.644387
1.368108
1.088836
-0.794235
-0.989663
-1.155794
-1.280851
-1.313097
-1.292500
-1.239640
-1.078356
-0.855633
-0.602624
-0.336733
-0.089473
0.183087
0.415549
0.546354
0.504785
0.929448
1.051600
0.964853
0.715112
0.709040
0.495768
0.165730
-0.341312
-0.770779
-0.896122
-1.235697
-1.818863
-2.082384
-2.398795
-2.542344
-2.661189
-2.766456
-2.828642
-2.804908
-2.729032
-2.665682
-2.383959
-2.152277
-1.980039
-1.557466
-0.990113
-0.784971
-0.328336
0.255146
0.830201
1.391110
1.918276
2.258845
2.936543
3.415086
3.748643
3.958447
4.124785
3.984390
4.165421
4.052511
3.846964
3.486168
3.109112
2.927875
2.578678
2.285087
1.995351
1.682268
1.367787
1.045921
-0.990315
-1.190777
-1.353600
-1.469590
-1.486031
-1.466404
-1.411768
-1.228375
-0.991521
-0.730169
-0.458270
-0.206702
0.049121
0.284414
0.424366
0.552214
0.822116
0.941861
0.923360
0.534937
0.458343
0.420635
-0.003148
-0.382590
-0.746152
-0.843290
-1.314181
-1.776068
-2.011526
-2.247059
-2.369473
-2.510465
-2.608011
-2.659724
-2.625164
-2.544586
-2.441528
-2.194883
-1.970362
-1.574375
-1.344580
-0.834284
-0.645676
-0.136876
0.472131
1.027229
1.579980
2.111005
2.520123
3.102169
3.556473
3.894091
4.016983
4.303724
4.073496
4.316099
4.212260
3.989611
3.630128
3.233354
3.048857
2.677773
2.354395
2.023420
1.676385
1.320796
0.958969
-1.214741
-1.417894
-1.574138
-1.680888
-1.677128
-1.652139
-1.596074
-1.399756
-1.153325
-0.888458
-0.641465
-0.362812
-0.100387
-0.047934
0.331068
0.436040
0.669206
0.809647
0.790738
0.422373
0.348540
0.313403
-0.137300
-0.457676
-0.519667
-0.825028
-1.404731
-1.635607
-1.950630
-2.134416
-2.260076
-2.395920
-2.482798
-2.524411
-2.480542
-2.396437
-2.271532
-2.016469
-1.783982
-1.463519
-1.281671
-0.733740
-0.474893
0.046297
0.647516
1.197967
1.717587
2.278993
2.693610
3.242718
3.703711
4.055897
4.098574
4.465433
4.212026
4.464225
4.350149
4.118089
3.728979
3.520869
3.119397
2.720566
2.367455
2.005746
1.622189
1.227288
0.825003
-1.461371
-1.661836
-1.804918
-1.900733
-1.881877
-1.853272
-1.777637
-1.593126
-1.337168
-1.082214
-0.838872
-0.566326
-0.310033
-0.161525
-0.118368
0.236777
0.214047
0.632573
0.519085
0.350175
0.370683
0.235600
-0.198808
-0.498816
-0.559556
-0.850728
-1.264022
-1.634619
-1.917646
-2.057110
-2.196048
-2.322583
-2.398245
-2.430908
-2.378245
-2.290709
-2.146428
-1.898078
-1.669388
-1.253136
-0.903206
-0.799486
-0.339915
0.188477
0.786203
1.343670
1.902588
2.430944
2.844469
3.421018
3.865765
4.212206
4.295933
4.615272
4.392434
4.613228
4.465158
4.227916
3.753319
3.582485
3.138432
2.717531
2.326089
1.941153
1.523254
1.090320
0.591523
-1.722592
-1.903099
-2.024278
-2.113917
-2.084554
-2.053379
-2.010181
-1.803595
-1.557012
-1.310042
-1.051368
-0.819093
-0.574645
-0.390776
-0.177210
-0.016646
0.096833
0.398881
0.326471
0.127725
0.288592
0.111372
-0.207938
-0.634052
-0.642126
-0.909900
-1.422407
-1.664852
-1.920761
-2.038332
-2.172391
-2.288528
-2.353239
-2.377922
-2.316006
-2.223962
-2.078776
-1.822510
-1.732695
-1.177294
-0.805526
-0.695932
-0.223094
0.292703
0.902805
1.478324
2.051894
2.576543
2.991076
3.594592
4.049930
4.371579
4.628107
4.712996
4.693734
4.759129
4.577545
4.314387
4.020457
3.614986
3.132671
2.677180
2.240727
1.835129
1.388658
0.918850
0.418957
-1.978898
-2.128172
-2.217481
-2.245563
-2.282627
-2.257969
-2.195223
-2.024517
-1.795236
-1.564429
-1.326145
-1.114883
-0.887117
-0.696399
-0.514374
-0.334245
-0.357136
0.099379
-0.208230
0.143657
0.108475
-0.070280
-0.269470
-0.704021
-0.759285
-0.994167
-1.507912
-1.721300
-1.954647
-2.059268
-2.179831
-2.285180
-2.339080
-2.356291
-2.283957
-2.185664
-2.046670
-1.775654
-1.663572
-1.108588
-0.729350
-0.596610
-0.122935
0.436555
1.016244
1.621747
2.204396
2.734476
3.201758
3.794290
4.273676
4.384118
4.859136
4.870162
4.940219
4.909622
4.445279
4.346812
4.088135
3.622044
3.110328
2.625090
2.140034
1.698626
1.230255
0.556025
0.210507
-2.213557
-2.433082
-2.343389
-2.390185
-2.447420
-2.462028
-2.408062
-2.223472
-2.028837
-1.829279
-1.640900
-1.429420
-1.225413
-1.062757
-0.886354
-0.668210
-0.462459
-0.240234
-0.241157
-0.073728
-0.092786
-0.202390
-0.413009
-0.881199
-0.918639
-1.091371
-1.546787
-1.786020
-2.007457
-2.107168
-2.205015
-2.298912
-2.351676
-2.370053
-2.267120
-2.160539
-2.011076
-1.783900
-1.494927
-1.069468
-0.949583
-0.296217
0.007675
0.563010
1.146259
1.793421
2.396558
2.906348
3.525999
4.063593
4.530677
4.626520
5.106279
4.830539
5.192550
5.074191
4.841929
4.561822
4.159938
3.621779
3.092784
2.567816
2.042045
1.535485
1.059977
0.416471
-0.171042
-2.264206
-2.384319
-2.411700
-2.541197
-2.625163
-2.636944
-2.623921
-2.441235
-2.249314
-2.086351
-1.949335
-1.762099
-1.558612
-1.391319
-1.224093
-0.989996
-0.722225
-0.775872
-0.691824
-0.295311
-0.287040
-0.368421
-0.574040
-0.913559
-1.082478
-1.183986
-1.658781
-1.844527
-2.067271
-2.162679
-2.232791
-2.518590
-2.357111
-2.322256
-2.248428
-2.132845
-1.967853
-1.632347
-1.415710
-0.983982
-0.789272
-0.140416
0.173705
0.726931
1.326797
2.012683
2.647483
3.123642
3.848985
4.448711
4.661433
5.182588
5.375307
5.357910
5.455950
5.258898
4.958925
4.702763
4.242408
3.642422
3.084296
2.522028
1.948532
1.388097
0.883602
0.272479
-0.234146
-2.298356
-2.384392
-2.490292
-2.663708
-2.803624
-2.790306
-2.713633
-2.615043
-2.411046
-2.243917
-2.160352
-1.974180
-1.783528
-1.608407
-1.503018
-1.238984
-0.949246
-0.833670
-0.643064
-0.487576
-0.444821
-0.502594
-0.642566
-0.898521
-1.305967
-1.262323
-1.678565
-1.889141
-2.100519
-2.196814
-2.249707
-2.310790
-2.346418
-2.296280
-2.210700
-2.070999
-1.876562
-1.559133
-1.338308
-0.854487
-0.619739
0.060994
0.371291
0.908230
1.568734
2.322013
2.980388
3.564606
4.295993
4.854768
5.100456
5.628890
5.564814
5.834208
5.780190
5.559342
5.287385
4.875659
4.324931
3.693404
3.102080
2.500955
1.878877
1.266712
0.709696
0.073858
-0.396341
-2.325054
-2.394608
-2.549635
-2.715102
-2.935091
-2.919135
-2.792097
-2.672524
-2.505226
-2.310586
-2.139281
-1.983413
-1.789561
-1.689424
-1.555361
-1.299671
-1.018895
-0.925446
-0.793180
-0.636327
-0.532244
-0.576385
-0.698746
-0.938787
-1.355719
-1.313932
-1.635169
-1.965244
-2.095201
-2.232537
-2.253792
-2.289454
-2.321919
-2.237052
-2.140249
-2.058143
-1.799198
-1.459970
-1.374374
-0.647698
-0.477732
0.005444
0.640566
1.145241
1.850226
2.647138
3.446175
4.040688
4.848057
5.241778
5.876518
6.118578
6.177971
6.328101
6.146744
5.914947
5.570671
5.085052
4.418201
3.774867
3.159047
2.514712
1.840702
1.172232
0.552697
-0.059342
-0.555201
-2.276349
-2.376296
-2.584224
-2.802019
-3.189734
-2.873208
-2.801490
-2.964433
-2.498179
-2.284647
-2.128519
-1.877760
-1.670415
-1.500566
-1.378767
-1.389111
-1.031173
-0.833210
-0.893514
-0.638693
-0.538143
-0.566071
-0.683643
-0.869170
-1.283107
-1.415688
-1.483529
-1.944176
-2.059434
-2.199344
-2.221084
-2.242032
-2.190102
-2.132263
-2.013621
-1.922306
-1.605242
-1.292682
-1.113298
-0.425707
0.080395
0.455845
1.015282
1.778193
2.546618
2.987013
3.838095
4.553483
5.539585
5.970558
6.586578
6.646023
6.858512
6.844425
6.637596
6.323791
5.902137
5.319615
4.560441
3.909694
3.258191
2.501105
1.793668
1.115703
0.447439
-0.244014
-0.671190
-2.233148
-2.654347
-2.749820
-2.695141
-2.719634
-2.641036
-2.520458
-2.416478
-2.365014
-2.086124
-1.875630
-1.636133
-1.406212
-1.181421
-0.972575
-0.874446
-0.856191
-0.643078
-0.508458
-0.558952
-0.470596
-0.464610
-0.583550
-0.768482
-1.039613
-1.457493
-1.394976
-1.780867
-1.944038
-2.121481
-2.163423
-2.093300
-2.048467
-1.961811
-1.911182
-1.680315
-1.387450
-1.327859
-0.600884
-0.176616
0.131290
0.496346
1.576394
2.337154
3.184152
3.994055
4.750062
5.385488
6.037971
6.879488
7.219448
7.453424
7.604005
7.536747
7.212982
6.806433
6.259873
5.516990
4.766440
4.105574
3.317917
2.616096
1.841090
1.051598
0.386389
-0.225731
-0.729221
-2.364898
-2.301866
-2.383893
-2.549930
-2.799460
-2.445113
-2.697133
-2.546808
-1.964584
-1.812798
-1.282042
-1.017487
-0.782453
-0.875715
-0.787833
-0.391652
-0.236105
-0.254223
-0.380317
-0.132365
-0.291214
-0.275516
-0.398561
-0.595946
-0.856055
-1.309349
-1.257006
-1.583549
-1.885846
-1.961442
-2.037076
-1.986839
-1.833278
-1.866019
-1.654264
-1.392216
-1.513184
-0.805652
-0.727612
-0.500128
0.621622
1.421395
2.183936
2.931181
3.826503
4.837249
5.527413
6.382833
7.191422
7.149716
7.911838
8.460818
8.177537
8.239120
7.834568
7.310399
6.648763
5.725008
5.057466
4.209823
3.575394
2.869666
2.073490
1.070269
0.380103
-0.206320
-0.720851
-2.263596
-2.545236
-2.194296
-2.416545
-2.121575
-2.371541
-2.127604
-1.682695
-1.533238
-1.191965
-0.667283
-0.207190
-0.054036
0.361369
0.451768
0.422555
0.402168
0.442583
0.362525
0.056801
0.144446
-0.252689
-0.214187
-0.388506
-0.851999
-1.093504
-1.004082
-1.403392
-1.558164
-1.753049
-1.860183
-1.833901
-1.635216
-1.458989
-1.306922
-1.095773
-0.827031
-0.932255
-0.293481
0.467890
0.582960
1.807795
2.570572
3.441246
4.571724
5.954142
6.747944
7.721721
8.276760
9.108478
9.319814
9.009030
9.203840
8.915866
8.492341
7.818428
6.908262
6.032019
5.363231
4.538286
3.846656
2.999835
2.176961
1.163108
0.446245
-0.138008
-0.614448
-1.917994
-1.886632
-2.247303
-1.904284
-1.787517
-1.883542
-1.349214
-0.907917
-0.717410
-0.015921
0.501408
1.033964
1.626663
1.551626
1.575906
1.116763
1.052113
1.131356
1.113882
0.892233
0.463516
0.196610
0.185525
-0.065149
-0.288646
-0.475347
-0.824466
-1.157654
-1.339931
-1.474113
-1.414296
-1.259175
-1.169272
-1.223348
-0.973002
-0.958667
-0.896145
-0.206580
0.456528
0.479434
1.588132
1.864089
3.175921
3.992098
6.001565
7.020501
8.216301
9.525148
9.440704
10.190453
10.737165
10.703507
10.196347
9.729212
9.100047
8.369305
7.407986
6.410366
5.591273
4.721284
3.940091
3.156723
2.171559
1.322962
0.606352
-0.066032
-0.479921
-1.786678
-1.716363
-1.739646
-1.271838
-1.500207
-1.217355
-0.490875
-0.211687
0.330759
1.060087
1.889212
2.587839
3.266947
3.647840
3.119069
2.734597
2.068934
1.972043
1.698821
1.627895
1.243934
0.710706
0.311214
0.165291
-0.170452
-0.342214
-0.639895
-0.838574
-0.963892
-0.793503
-0.827467
-0.816803
-0.856536
-1.147846
-0.607576
-0.849447
0.044765
0.026742
0.992893
1.664075
3.035501
4.054080
4.779732
5.712387
7.198744
8.232338
10.448008
11.707458
11.791839
12.364205
12.201114
12.062600
11.025989
10.601431
9.672151
8.855496
7.945600
6.779677
5.776280
4.933128
4.055509
3.160612
2.293202
1.502616
0.865886
0.315243
-0.204057
-1.197017
-0.860271
-1.218105
-1.197679
-0.911164
-0.013122
0.121701
0.986115
2.056337
2.839792
3.700665
4.870738
5.450593
5.279049
4.965631
3.986054
3.824763
3.005068
2.450338
2.404478
1.941546
1.533539
1.014850
0.654496
0.304976
0.084435
-0.061865
-0.108821
-0.206084
-0.267853
-0.355001
-0.863716
-0.327103
-0.283269
-0.036257
0.305813
0.652224
1.004685
1.765423
2.929737
4.096644
4.490547
5.913557
7.470359
8.732407
10.532875
12.957309
14.125667
14.161259
14.636588
13.961150
13.123442
12.309709
10.740653
10.278841
8.988762
8.318511
7.313942
6.131445
5.263799
4.310049
3.458387
2.701539
1.779850
1.264804
0.558728
-0.225939
-0.506101
-0.699926
0.126171
0.202422
0.182530
0.564864
1.200080
2.442734
3.769616
5.265133
6.983232
8.551383
8.362348
6.961906
6.684738
6.323241
5.456400
4.564703
3.866886
3.194575
2.355959
1.793029
1.715450
1.430274
1.117604
0.874851
0.625845
0.456707
0.250082
0.012412
0.005411
0.035850
0.283384
0.366018
0.342981
0.789507
1.653868
2.554458
3.274432
4.551666
4.379104
5.554374
8.058519
9.337461
10.721339
14.110394
16.123653
16.602608
17.441100
16.096507
15.871104
13.779677
13.001156
11.865066
10.681695
9.649922
8.274399
7.618055
6.633417
5.686265
4.788655
3.904720
3.016187
2.150210
1.270905
0.969871
0.032379
0.533357
0.065903
0.193711
1.440236
1.605844
1.554052
2.601832
4.219007
7.263908
10.706913
12.751163
11.223045
10.534753
9.731380
9.361406
7.937026
6.921819
5.641855
4.302926
3.988237
3.386997
2.651652
2.022743
1.792263
1.571674
1.164071
0.829390
1.029467
0.839854
0.571393
0.750848
0.935184
0.953143
1.011252
1.385019
1.525955
2.735239
2.670644
4.634210
5.604613
5.847321
7.307635
9.068357
10.703223
15.275509
18.202514
19.244770
19.970242
19.400563
17.908190
16.109405
14.889453
13.517993
11.779142
11.034235
9.864229
8.822976
7.579818
6.745183
5.772319
4.593204
3.838109
3.042384
2.558953
1.549952
1.208241
0.639354
1.580170
1.166581
1.082005
1.285605
2.508614
3.185680
5.569693
11.016875
15.875392
18.898527
18.432997
15.108181
14.293922
12.824155
10.495688
9.055244
7.592004
6.959317
5.527577
4.936883
3.690745
3.575130
3.121549
2.756005
2.446416
2.126214
1.833448
1.213523
1.636665
1.493827
1.436111
1.223532
1.557205
2.124706
3.065253
2.651311
4.237438
4.342657
4.857662
7.279215
8.931635
10.813305
11.034879
16.619487
20.509431
21.958659
23.717292
21.235285
19.034244
17.791763
16.526958
14.922698
13.122428
12.345064
11.119205
9.969844
9.087124
8.150639
7.205985
6.226178
5.338229
4.497559
3.282791
3.059531
2.419255
1.712859
1.247944
