L0  Nsteps           time(ps)         Etot             EKinetic        
L1  Temp             T_solute         T_solv           Pres_scal_solu  
L2  Pres_scal_solv   BoxX             BoxY             BoxZ            
L3  volume           pres_X           pres_Y           pres_Z          
L4  Pressure         EKCoM_x          EKCoM_y          EKCoM_z         
L5  EKComTot         VIRIAL_x         VIRIAL_y         VIRIAL_z        
L6  VIRIAL_tot       E_pot            E_vdw            E_el            
L7  E_hbon           E_bon            E_angle          E_dih           
L8  E_14vdw          E_14el           E_const          E_pol           
L9  AV_permMoment    AV_indMoment     AV_totMoment     Density          dV/dlambda      
L0     1000  0.2000000000E+01  -.7231469861E+04  0.1717548239E+04
L1 0.3013630730E+03  0.3013630730E+03  -.8949018100E+10  0.1000000000E+01
L2 0.1000000000E+01  0.3444663359E+02  0.3444663359E+02  0.3444663359E+02
L3 0.3146682986E+05  -.9798565910E+03  -.1649492995E+04  -.3927316182E+02
L4 -.8895409159E+03  0.2946907946E+03  0.2685651419E+03  0.2887796196E+03
L5 0.8520355560E+03  0.5165983506E+03  0.6421248673E+03  0.2976737899E+03
L6 0.1456397008E+04  -.8949018100E+04  0.1289955753E+04  -.1031580986E+05
L7 0.0000000000E+00  0.4855554605E+01  0.1107016679E+02  0.1210077761E+02
L8 0.2480250413E+01  0.4326315205E+02  0.3066100644E+01  0.0000000000E+00
L9 0.0000000000E+00  0.0000000000E+00  0.0000000000E+00  0.9079591895E+00  0.0000000000E+00
L0     2000  0.4000000000E+01  -.7356295277E+04  0.1664939930E+04
L1 0.2921323560E+03  0.2921323560E+03  -.9021235207E+10  0.1000000000E+01
L2 0.1000000000E+01  0.3397446614E+02  0.3397446614E+02  0.3397446614E+02
L3 0.3018812797E+05  -.4142509114E+03  0.4684455028E+03  -.6075532102E+02
L4 -.2186909861E+01  0.2876841795E+03  0.2969641308E+03  0.2735181260E+03
L5 0.8581664364E+03  0.3776870239E+03  0.1951866174E+03  0.2867182218E+03
L6 0.8595918631E+03  -.9021235207E+04  0.1391483705E+04  -.1048858531E+05
L7 0.0000000000E+00  0.4547643185E+01  0.6445915091E+01  0.1305146699E+02
L8 0.2609509296E+01  0.4447814150E+02  0.4733722976E+01  0.0000000000E+00
L9 0.0000000000E+00  0.0000000000E+00  0.0000000000E+00  0.9464183194E+00  0.0000000000E+00
L0     3000  0.6000000000E+01  -.7369864209E+04  0.1665319714E+04
L1 0.2921989934E+03  0.2921989934E+03  -.9035183923E+10  0.1000000000E+01
L2 0.1000000000E+01  0.3375418013E+02  0.3375418013E+02  0.3375418013E+02
L3 0.2960468017E+05  -.6170465756E+03  0.7869681025E+03  -.1318469032E+03
L4 0.1269154125E+02  0.2766206061E+03  0.2837148780E+03  0.2730323208E+03
L5 0.8333678049E+03  0.4080930996E+03  0.1160376509E+03  0.3011245942E+03
L6 0.8252553448E+03  -.9035183923E+04  0.1352985061E+04  -.1046136592E+05
L7 0.0000000000E+00  0.1915304748E+01  0.6688521002E+01  0.9641737503E+01
L8 0.5258519505E+01  0.4706380466E+02  0.2629045023E+01  0.0000000000E+00
L9 0.0000000000E+00  0.0000000000E+00  0.0000000000E+00  0.9650702922E+00  0.0000000000E+00
L0     4000  0.8000000000E+01  -.7341654782E+04  0.1687666930E+04
L1 0.2961200628E+03  0.2961200628E+03  -.9029321712E+10  0.1000000000E+01
L2 0.1000000000E+01  0.3359535264E+02  0.3359535264E+02  0.3359535264E+02
L3 0.2918852976E+05  0.7909090643E+03  -.7043822231E+03  0.1896768898E+03
L4 0.9206791032E+02  0.2842450289E+03  0.2877888876E+03  0.2728902269E+03
L5 0.8449241435E+03  0.1180969391E+03  0.4357600846E+03  0.2330443655E+03
L6 0.7869013891E+03  -.9029321712E+04  0.1349138039E+04  -.1045197688E+05
L7 0.0000000000E+00  0.3877781859E+01  0.6728310892E+01  0.1404862493E+02
L8 0.3645291465E+01  0.4250122579E+02  0.2715897228E+01  0.0000000000E+00
L9 0.0000000000E+00  0.0000000000E+00  0.0000000000E+00  0.9788296147E+00  0.0000000000E+00
L0     5000  0.1000000000E+02  -.7382395761E+04  0.1734629995E+04
L1 0.3043602585E+03  0.3043602585E+03  -.9117025757E+10  0.1000000000E+01
L2 0.1000000000E+01  0.3347420594E+02  0.3347420594E+02  0.3347420594E+02
L3 0.2887486222E+05  -.3804841929E+01  -.7216442197E+03  -.1182980102E+03
L4 -.2812490240E+03  0.2719863939E+03  0.3029515757E+03  0.2866010035E+03
L5 0.8615389732E+03  0.2727770964E+03  0.4529199343E+03  0.3111850824E+03
L6 0.1036882113E+04  -.9117025757E+04  0.1334832979E+04  -.1052997380E+05
L7 0.0000000000E+00  0.3433003209E+01  0.1132096332E+02  0.1105489392E+02
L8 0.3408659033E+01  0.4416393493E+02  0.4733613349E+01  0.0000000000E+00
L9 0.0000000000E+00  0.0000000000E+00  0.0000000000E+00  0.9894626377E+00  0.0000000000E+00
L0     6000  0.1200000000E+02  -.7304358008E+04  0.1748330223E+04
L1 0.3067641167E+03  0.3067641167E+03  -.9052688230E+10  0.1000000000E+01
L2 0.1000000000E+01  0.3358396665E+02  0.3358396665E+02  0.3358396665E+02
L3 0.2915892767E+05  -.4141073234E+03  0.4804910144E+03  0.1346211489E+03
L4 0.6700161330E+02  0.2788812620E+03  0.2867761193E+03  0.2990673375E+03
L5 0.8647247188E+03  0.3657855167E+03  0.1859406326E+03  0.2708158434E+03
L6 0.8225419927E+03  -.9052688230E+04  0.1346759393E+04  -.1047764980E+05
L7 0.0000000000E+00  0.3782149529E+01  0.1169492411E+02  0.1212533750E+02
L8 0.3027225273E+01  0.4512105068E+02  0.2451492435E+01  0.0000000000E+00
L9 0.0000000000E+00  0.0000000000E+00  0.0000000000E+00  0.9798233209E+00  0.0000000000E+00
L0     7000  0.1400000000E+02  -.7433482533E+04  0.1712678754E+04
L1 0.3005086673E+03  0.3005086673E+03  -.9146161287E+10  0.1000000000E+01
L2 0.1000000000E+01  0.3355579864E+02  0.3355579864E+02  0.3355579864E+02
L3 0.2908565096E+05  -.4821748587E+03  0.1463736716E+03  0.5003746005E+03
L4 0.5485780449E+02  0.2729296211E+03  0.2824729731E+03  0.2797305775E+03
L5 0.8351331718E+03  0.3738641894E+03  0.2518322977E+03  0.1749862231E+03
L6 0.8006827102E+03  -.9146161287E+04  0.1385245054E+04  -.1060650526E+05
L7 0.0000000000E+00  0.4468926928E+01  0.6292053178E+01  0.1286645505E+02
L8 0.4572744769E+01  0.4495445537E+02  0.1944282703E+01  0.0000000000E+00
L9 0.0000000000E+00  0.0000000000E+00  0.0000000000E+00  0.9822918310E+00  0.0000000000E+00
L0     8000  0.1600000000E+02  -.7480496824E+04  0.1671711553E+04
L1 0.2933205131E+03  0.2933205131E+03  -.9152208376E+10  0.1000000000E+01
L2 0.1000000000E+01  0.3356990045E+02  0.3356990045E+02  0.3356990045E+02
L3 0.2912141024E+05  0.4950788123E+03  0.4043731860E+03  0.3343560823E+03
L4 0.4112693602E+03  0.2763727827E+03  0.2807842207E+03  0.2595197007E+03
L5 0.8166767041E+03  0.1726095908E+03  0.1960319520E+03  0.1894422636E+03
L6 0.5580838064E+03  -.9152208376E+04  0.1438453519E+04  -.1066121030E+05
L7 0.0000000000E+00  0.1589390637E+01  0.4517982072E+01  0.9778570893E+01
L8 0.5335625460E+01  0.4721821779E+02  0.2108617951E+01  0.0000000000E+00
L9 0.0000000000E+00  0.0000000000E+00  0.0000000000E+00  0.9810856377E+00  0.0000000000E+00
L0     9000  0.1800000000E+02  -.7388389115E+04  0.1726379584E+04
L1 0.3029126314E+03  0.3029126314E+03  -.9114768699E+10  0.1000000000E+01
L2 0.1000000000E+01  0.3355806965E+02  0.3355806965E+02  0.3355806965E+02
L3 0.2909162441E+05  -.5145545564E+03  0.8970953502E+03  -.2961530477E+03
L4 0.2879591535E+02  0.2956729723E+03  0.2884059418E+03  0.2819160388E+03
L5 0.8659949529E+03  0.4034077650E+03  0.1005767207E+03  0.3439230442E+03
L6 0.8479075299E+03  -.9114768699E+04  0.1366201413E+04  -.1055137732E+05
L7 0.0000000000E+00  0.1442682787E+01  0.5506106388E+01  0.1071352415E+02
L8 0.2958082592E+01  0.4349691910E+02  0.6289894809E+01  0.0000000000E+00
L9 0.0000000000E+00  0.0000000000E+00  0.0000000000E+00  0.9820901349E+00  0.0000000000E+00
L0    10000  0.2000000000E+02  -.7375441641E+04  0.1685425249E+04
L1 0.2957267346E+03  0.2957267346E+03  -.9060866889E+10  0.1000000000E+01
L2 0.1000000000E+01  0.3350457619E+02  0.3350457619E+02  0.3350457619E+02
L3 0.2895270735E+05  -.5961753426E+01  -.6798422509E+03  0.7926775238E+03
L4 0.3562450650E+02  0.2886440985E+03  0.2579631795E+03  0.2918117575E+03
L5 0.8384190356E+03  0.2898863793E+03  0.3996253568E+03  0.1266375222E+03
L6 0.8161492584E+03  -.9060866889E+04  0.1350907324E+04  -.1048004578E+05
L7 0.0000000000E+00  0.3156474804E+01  0.7911011838E+01  0.9725089137E+01
L8 0.2684070253E+01  0.4194143907E+02  0.2853476953E+01  0.0000000000E+00
L9 0.0000000000E+00  0.0000000000E+00  0.0000000000E+00  0.9868022700E+00  0.0000000000E+00
