L0  Nsteps           time(ps)         Etot             EKinetic        
L1  Temp             T_solute         T_solv           Pres_scal_solu  
L2  Pres_scal_solv   BoxX             BoxY             BoxZ            
L3  volume           pres_X           pres_Y           pres_Z          
L4  Pressure         EKCoM_x          EKCoM_y          EKCoM_z         
L5  EKComTot         VIRIAL_x         VIRIAL_y         VIRIAL_z        
L6  VIRIAL_tot       E_pot            E_vdw            E_el            
L7  E_hbon           E_bon            E_angle          E_dih           
L8  E_14vdw          E_14el           E_const          E_pol           
L9  AV_permMoment    AV_indMoment     AV_totMoment     Density          dV/dlambda      
L0     1000  0.2000000000E+01  -.7378521750E+04  0.1670697893E+04
L1 0.2892098847E+03  0.2892098847E+03  -.9049219643E+10  0.1000000000E+01
L2 0.1000000000E+01  0.3455883046E+02  0.3455883046E+02  0.3455883046E+02
L3 0.3177535563E+05  -.7613795872E+03  -.9309077512E+03  -.1028550734E+04
L4 -.9069460240E+03  0.2683583299E+03  0.2909189305E+03  0.2676802484E+03
L5 0.8269575088E+03  0.4424781577E+03  0.5038081386E+03  0.5028994211E+03
L6 0.1449185717E+04  -.9049219643E+04  0.1304154208E+04  -.1042457842E+05
L7 0.0000000000E+00  0.9211241071E+00  0.7900642517E+01  0.1097865820E+02
L8 0.4675316730E+01  0.4383616471E+02  0.2892662312E+01  0.0000000000E+00
L9 0.0000000000E+00  0.0000000000E+00  0.0000000000E+00  0.9113828879E+00  0.0000000000E+00
L0     2000  0.4000000000E+01  -.7405347308E+04  0.1716570106E+04
L1 0.2971506965E+03  0.2971506965E+03  -.9121917415E+10  0.1000000000E+01
L2 0.1000000000E+01  0.3407657184E+02  0.3407657184E+02  0.3407657184E+02
L3 0.3046163592E+05  -.3573056653E+03  -.8384396439E+02  -.1285225225E+03
L4 -.1898907174E+03  0.2749504783E+03  0.2978311634E+03  0.2980191687E+03
L5 0.8708008104E+03  0.3532843704E+03  0.3162126913E+03  0.3261957984E+03
L6 0.9956928601E+03  -.9121917415E+04  0.1376950191E+04  -.1057207438E+05
L7 0.0000000000E+00  0.2274097165E+01  0.9796856018E+01  0.9418621739E+01
L8 0.4063457422E+01  0.4356159848E+02  0.4092141809E+01  0.0000000000E+00
L9 0.0000000000E+00  0.0000000000E+00  0.0000000000E+00  0.9506881198E+00  0.0000000000E+00
L0     3000  0.6000000000E+01  -.7446718671E+04  0.1708822555E+04
L1 0.2958095394E+03  0.2958095394E+03  -.9155541226E+10  0.1000000000E+01
L2 0.1000000000E+01  0.3378272768E+02  0.3378272768E+02  0.3378272768E+02
L3 0.2968091462E+05  -.7947374277E+03  -.2463613617E+03  -.1180268457E+03
L4 -.3863752117E+03  0.2765908901E+03  0.2880940899E+03  0.2908138445E+03
L5 0.8554988245E+03  0.4463595522E+03  0.3407208284E+03  0.3160262718E+03
L6 0.1103106652E+04  -.9155541226E+04  0.1318814331E+04  -.1054043927E+05
L7 0.0000000000E+00  0.2284937870E+01  0.5934663716E+01  0.9739675174E+01
L8 0.3182848793E+01  0.4302134313E+02  0.1920240313E+01  0.0000000000E+00
L9 0.0000000000E+00  0.0000000000E+00  0.0000000000E+00  0.9756948445E+00  0.0000000000E+00
L0     4000  0.8000000000E+01  -.7404532794E+04  0.1776198553E+04
L1 0.3074728117E+03  0.3074728117E+03  -.9180731347E+10  0.1000000000E+01
L2 0.1000000000E+01  0.3381571954E+02  0.3381571954E+02  0.3381571954E+02
L3 0.2976587555E+05  0.2542633969E+03  0.2108260037E+03  0.7284094696E+03
L4 0.3978329567E+03  0.2807618265E+03  0.3027670797E+03  0.3150960028E+03
L5 0.8986249090E+03  0.2262916119E+03  0.2576023497E+03  0.1590506553E+03
L6 0.6429446169E+03  -.9180731347E+04  0.1426626354E+04  -.1068283077E+05
L7 0.0000000000E+00  0.5963562560E+01  0.9302863088E+01  0.1339632015E+02
L8 0.3084903136E+01  0.4188121262E+02  0.1844208423E+01  0.0000000000E+00
L9 0.0000000000E+00  0.0000000000E+00  0.0000000000E+00  0.9729099128E+00  0.0000000000E+00
L0     5000  0.1000000000E+02  -.7427849855E+04  0.1685179426E+04
L1 0.2917167427E+03  0.2917167427E+03  -.9113029281E+10  0.1000000000E+01
L2 0.1000000000E+01  0.3380518663E+02  0.3380518663E+02  0.3380518663E+02
L3 0.2973821730E+05  0.6838493946E+03  0.1488809090E+03  0.1939669184E+03
L4 0.3422324073E+03  0.2626170893E+03  0.2636237688E+03  0.2827355540E+03
L5 0.8089764122E+03  0.1162538619E+03  0.2317590183E+03  0.2412211147E+03
L6 0.5892339949E+03  -.9113029281E+04  0.1398032567E+04  -.1058211917E+05
L7 0.0000000000E+00  0.2163825299E+01  0.7651776217E+01  0.9577398073E+01
L8 0.4128409955E+01  0.4446680784E+02  0.3069105794E+01  0.0000000000E+00
L9 0.0000000000E+00  0.0000000000E+00  0.0000000000E+00  0.9738147746E+00  0.0000000000E+00
L0     6000  0.1200000000E+02  -.7481570104E+04  0.1728881389E+04
L1 0.2992818686E+03  0.2992818686E+03  -.9210451493E+10  0.1000000000E+01
L2 0.1000000000E+01  0.3372459503E+02  0.3372459503E+02  0.3372459503E+02
L3 0.2952652705E+05  0.3778537452E+03  0.3188225646E+03  -.2291992621E+03
L4 0.1558256826E+03  0.2872420298E+03  0.2808329076E+03  0.2951329324E+03
L5 0.8632078697E+03  0.2069462576E+03  0.2130815505E+03  0.3438388986E+03
L6 0.7638667067E+03  -.9210451493E+04  0.1405218922E+04  -.1068723632E+05
L7 0.0000000000E+00  0.6337332745E+01  0.7669870527E+01  0.1130995247E+02
L8 0.2463619702E+01  0.4034931122E+02  0.3435815193E+01  0.0000000000E+00
L9 0.0000000000E+00  0.0000000000E+00  0.0000000000E+00  0.9807965337E+00  0.0000000000E+00
L0     7000  0.1400000000E+02  -.7444133455E+04  0.1698887551E+04
L1 0.2940897183E+03  0.2940897183E+03  -.9143021006E+10  0.1000000000E+01
L2 0.1000000000E+01  0.3380668972E+02  0.3380668972E+02  0.3380668972E+02
L3 0.2974298812E+05  -.3035237647E+03  0.5212119230E+03  -.1000090595E+03
L4 0.3922636626E+02  0.2763312289E+03  0.2712979924E+03  0.2939891755E+03
L5 0.8416183967E+03  0.3413043722E+03  0.1597259149E+03  0.3153973936E+03
L6 0.8164276807E+03  -.9143021006E+04  0.1381322240E+04  -.1059317465E+05
L7 0.0000000000E+00  0.2346976993E+01  0.7168624340E+01  0.1055106304E+02
L8 0.4178060681E+01  0.4398372035E+02  0.6029578458E+00  0.0000000000E+00
L9 0.0000000000E+00  0.0000000000E+00  0.0000000000E+00  0.9736585733E+00  0.0000000000E+00
L0     8000  0.1600000000E+02  -.7476358486E+04  0.1727577587E+04
L1 0.2990561710E+03  0.2990561710E+03  -.9203936073E+10  0.1000000000E+01
L2 0.1000000000E+01  0.3376683605E+02  0.3376683605E+02  0.3376683605E+02
L3 0.2963716356E+05  0.8727013563E+03  0.1022152408E+03  0.4320738669E+01
L4 0.3264124452E+03  0.2701339029E+03  0.3006295673E+03  0.2795187902E+03
L5 0.8502822604E+03  0.8398569137E+02  0.2788269379E+03  0.2785971717E+03
L6 0.6414098009E+03  -.9203936073E+04  0.1432866559E+04  -.1071724407E+05
L7 0.0000000000E+00  0.2779765086E+01  0.1012056379E+02  0.1113832574E+02
L8 0.6314378189E+01  0.4735459203E+02  0.2733810117E+01  0.0000000000E+00
L9 0.0000000000E+00  0.0000000000E+00  0.0000000000E+00  0.9771351877E+00  0.0000000000E+00
L0     9000  0.1800000000E+02  -.7555276885E+04  0.1684204779E+04
L1 0.2915480243E+03  0.2915480243E+03  -.9239481663E+10  0.1000000000E+01
L2 0.1000000000E+01  0.3373387674E+02  0.3373387674E+02  0.3373387674E+02
L3 0.2955243756E+05  -.1727308844E+03  -.4110134374E+03  -.6841843531E+03
L4 -.4226428916E+03  0.2857977015E+03  0.3129380717E+03  0.2631765064E+03
L5 0.8619122796E+03  0.3225360716E+03  0.4003570868E+03  0.4086966204E+03
L6 0.1131589779E+04  -.9239481663E+04  0.1339757699E+04  -.1065173273E+05
L7 0.0000000000E+00  0.2742611706E+01  0.1003159149E+02  0.9660051290E+01
L8 0.3830297204E+01  0.4452591939E+02  0.1702896205E+01  0.0000000000E+00
L9 0.0000000000E+00  0.0000000000E+00  0.0000000000E+00  0.9799366066E+00  0.0000000000E+00
L0    10000  0.2000000000E+02  -.7633786954E+04  0.1684883037E+04
L1 0.2916654358E+03  0.2916654358E+03  -.9318669991E+10  0.1000000000E+01
L2 0.1000000000E+01  0.3364424397E+02  0.3364424397E+02  0.3364424397E+02
L3 0.2931848380E+05  -.9044473055E+03  -.6736448550E+03  -.8234320534E+03
L4 -.8005080713E+03  0.2811009704E+03  0.2576326506E+03  0.2750453744E+03
L5 0.8137789953E+03  0.4719462209E+03  0.3997768312E+03  0.4487957914E+03
L6 0.1320518843E+04  -.9318669991E+04  0.1317208629E+04  -.1070627791E+05
L7 0.0000000000E+00  0.4777422164E+01  0.7724324742E+01  0.1098043494E+02
L8 0.2466952379E+01  0.4338983642E+02  0.1060322438E+01  0.0000000000E+00
L9 0.0000000000E+00  0.0000000000E+00  0.0000000000E+00  0.9877562422E+00  0.0000000000E+00
