L0  Nsteps           time(ps)         Etot             EKinetic        
L1  Temp             T_solute         T_solv           Pres_scal_solu  
L2  Pres_scal_solv   BoxX             BoxY             BoxZ            
L3  volume           pres_X           pres_Y           pres_Z          
L4  Pressure         EKCoM_x          EKCoM_y          EKCoM_z         
L5  EKComTot         VIRIAL_x         VIRIAL_y         VIRIAL_z        
L6  VIRIAL_tot       E_pot            E_vdw            E_el            
L7  E_hbon           E_bon            E_angle          E_dih           
L8  E_14vdw          E_14el           E_const          E_pol           
L9  AV_permMoment    AV_indMoment     AV_totMoment     Density          dV/dlambda      
L0     1000  0.2000000000E+01  -.7646640512E+04  0.1793056118E+04
L1 0.2986781111E+03  0.2986781111E+03  -.9439696630E+10  0.1000000000E+01
L2 0.1000000000E+01  0.3504394741E+02  0.3504394741E+02  0.3504394741E+02
L3 0.3313253589E+05  -.1300976573E+04  -.6571153265E+03  -.9414183106E+03
L4 -.9665034033E+03  0.2914610623E+03  0.3032464645E+03  0.2935906168E+03
L5 0.8882981435E+03  0.6016888767E+03  0.4599406401E+03  0.5180790135E+03
L6 0.1579708530E+04  -.9439696630E+04  0.1370397702E+04  -.1088732460E+05
L7 0.0000000000E+00  0.6592154261E+01  0.9183839496E+01  0.1295623654E+02
L8 0.2645519966E+01  0.4216013746E+02  0.3692379465E+01  0.0000000000E+00
L9 0.0000000000E+00  0.0000000000E+00  0.0000000000E+00  0.9083624879E+00  0.0000000000E+00
L0     2000  0.4000000000E+01  -.7668962157E+04  0.1799274882E+04
L1 0.2997140009E+03  0.2997140009E+03  -.9468237039E+10  0.1000000000E+01
L2 0.1000000000E+01  0.3454112228E+02  0.3454112228E+02  0.3454112228E+02
L3 0.3172572093E+05  -.5497672024E+03  -.4792464180E+03  -.8289859950E+03
L4 -.6193332051E+03  0.2977167096E+03  0.3136967274E+03  0.2948227503E+03
L5 0.9062361874E+03  0.4232465300E+03  0.4231243478E+03  0.4841073467E+03
L6 0.1330478225E+04  -.9468237039E+04  0.1364224280E+04  -.1090958542E+05
L7 0.0000000000E+00  0.3237175023E+01  0.1176128663E+02  0.1013798813E+02
L8 0.2153974770E+01  0.4413818568E+02  0.5695490142E+01  0.0000000000E+00
L9 0.0000000000E+00  0.0000000000E+00  0.0000000000E+00  0.9486420433E+00  0.0000000000E+00
L0     3000  0.6000000000E+01  -.7818057755E+04  0.1768941304E+04
L1 0.2946611887E+03  0.2946611887E+03  -.9586999059E+10  0.1000000000E+01
L2 0.1000000000E+01  0.3416997406E+02  0.3416997406E+02  0.3416997406E+02
L3 0.3071403960E+05  -.5790025677E+03  0.2136309818E+03  -.1556518054E+04
L4 -.6406298801E+03  0.2685216627E+03  0.3132947690E+03  0.2744835461E+03
L5 0.8562999779E+03  0.3965110646E+03  0.2660713142E+03  0.6185542393E+03
L6 0.1281136618E+04  -.9586999059E+04  0.1362470945E+04  -.1102362409E+05
L7 0.0000000000E+00  0.2698717281E+01  0.6949364398E+01  0.1248707623E+02
L8 0.3209533475E+01  0.4564152515E+02  0.3167865342E+01  0.0000000000E+00
L9 0.0000000000E+00  0.0000000000E+00  0.0000000000E+00  0.9798891036E+00  0.0000000000E+00
L0     4000  0.8000000000E+01  -.7725537706E+04  0.1839875872E+04
L1 0.3064771061E+03  0.3064771061E+03  -.9565413578E+10  0.1000000000E+01
L2 0.1000000000E+01  0.3415057118E+02  0.3415057118E+02  0.3415057118E+02
L3 0.3065953219E+05  0.2566257028E+03  0.2404684463E+03  0.1136540267E+02
L4 0.1694865172E+03  0.2979232334E+03  0.3112084557E+03  0.2994825291E+03
L5 0.9086142181E+03  0.2412964026E+03  0.2581468728E+03  0.2969746481E+03
L6 0.7964179235E+03  -.9565413578E+04  0.1445758687E+04  -.1108485689E+05
L7 0.0000000000E+00  0.3283800233E+01  0.8552268258E+01  0.1040902451E+02
L8 0.3396141132E+01  0.4561272857E+02  0.2430662217E+01  0.0000000000E+00
L9 0.0000000000E+00  0.0000000000E+00  0.0000000000E+00  0.9816311789E+00  0.0000000000E+00
L0     5000  0.1000000000E+02  -.7851890176E+04  0.1730514328E+04
L1 0.2882602198E+03  0.2882602198E+03  -.9582404504E+10  0.1000000000E+01
L2 0.1000000000E+01  0.3416723034E+02  0.3416723034E+02  0.3416723034E+02
L3 0.3070544636E+05  -.5317475751E+03  0.5915901902E+02  -.1402855678E+03
L4 -.2042913746E+03  0.2871612935E+03  0.2760893854E+03  0.2828065831E+03
L5 0.8460572620E+03  0.4046720206E+03  0.2630158526E+03  0.3138082459E+03
L6 0.9814961191E+03  -.9582404504E+04  0.1401562945E+04  -.1105987331E+05
L7 0.0000000000E+00  0.2110483647E+01  0.9234740106E+01  0.9829521137E+01
L8 0.3168940433E+01  0.4728010234E+02  0.4282070912E+01  0.0000000000E+00
L9 0.0000000000E+00  0.0000000000E+00  0.0000000000E+00  0.9801633358E+00  0.0000000000E+00
L0     6000  0.1200000000E+02  -.7753891970E+04  0.1788976944E+04
L1 0.2979986231E+03  0.2979986231E+03  -.9542868913E+10  0.1000000000E+01
L2 0.1000000000E+01  0.3427525403E+02  0.3427525403E+02  0.3427525403E+02
L3 0.3099644502E+05  0.2022889702E+03  0.1804638277E+03  0.2625982787E+03
L4 0.2151170255E+03  0.3117739862E+03  0.2991407887E+03  0.3021440919E+03
L5 0.9130588668E+03  0.2666465489E+03  0.2588821920E+03  0.2435626115E+03
L6 0.7690913524E+03  -.9542868913E+04  0.1458569106E+04  -.1107647211E+05
L7 0.0000000000E+00  0.3133345968E+01  0.5961889589E+01  0.1305339225E+02
L8 0.3268757445E+01  0.4706832360E+02  0.2548385406E+01  0.0000000000E+00
L9 0.0000000000E+00  0.0000000000E+00  0.0000000000E+00  0.9709614347E+00  0.0000000000E+00
L0     7000  0.1400000000E+02  -.7841798096E+04  0.1769067936E+04
L1 0.2946822824E+03  0.2946822824E+03  -.9610866032E+10  0.1000000000E+01
L2 0.1000000000E+01  0.3413935635E+02  0.3413935635E+02  0.3413935635E+02
L3 0.3062891445E+05  -.5512117070E+02  0.6224666601E+03  0.4050082810E+03
L4 0.3241179235E+03  0.2939357970E+03  0.2970088179E+03  0.3218087686E+03
L5 0.9127533835E+03  0.3060866458E+03  0.1597929680E+03  0.2325291989E+03
L6 0.6984088128E+03  -.9610866032E+04  0.1475951068E+04  -.1116681103E+05
L7 0.0000000000E+00  0.2109853421E+01  0.1669339369E+02  0.1268889444E+02
L8 0.2458483096E+01  0.4219985891E+02  0.3843450299E+01  0.0000000000E+00
L9 0.0000000000E+00  0.0000000000E+00  0.0000000000E+00  0.9826124519E+00  0.0000000000E+00
L0     8000  0.1600000000E+02  -.7804530279E+04  0.1812556398E+04
L1 0.3019263679E+03  0.3019263679E+03  -.9617086677E+10  0.1000000000E+01
L2 0.1000000000E+01  0.3410274250E+02  0.3410274250E+02  0.3410274250E+02
L3 0.3053121389E+05  -.1933432983E+03  0.6475167095E+03  -.2977504424E+03
L4 0.5214098962E+02  0.2948162433E+03  0.2784776731E+03  0.2985195759E+03
L5 0.8718134922E+03  0.3373006712E+03  0.1361951258E+03  0.3639459823E+03
L6 0.8374417793E+03  -.9617086677E+04  0.1457260151E+04  -.1114851333E+05
L7 0.0000000000E+00  0.2303073083E+01  0.6475276592E+01  0.1031323272E+02
L8 0.3745019263E+01  0.4745492334E+02  0.3874979438E+01  0.0000000000E+00
L9 0.0000000000E+00  0.0000000000E+00  0.0000000000E+00  0.9857568338E+00  0.0000000000E+00
L0     9000  0.1800000000E+02  -.7875183402E+04  0.1788223023E+04
L1 0.2978730389E+03  0.2978730389E+03  -.9663406426E+10  0.1000000000E+01
L2 0.1000000000E+01  0.3411373111E+02  0.3411373111E+02  0.3411373111E+02
L3 0.3056090752E+05  0.3336673786E+03  -.4397061284E+02  -.3211934239E+03
L4 -.1049888604E+02  0.2998084205E+03  0.2827376919E+03  0.2961118061E+03
L5 0.8786579186E+03  0.2264184732E+03  0.2924090028E+03  0.3667581143E+03
L6 0.8855855903E+03  -.9663406426E+04  0.1456867688E+04  -.1119306212E+05
L7 0.0000000000E+00  0.2417042703E+01  0.6485156699E+01  0.1041810790E+02
L8 0.3254087111E+01  0.4678931934E+02  0.3424294230E+01  0.0000000000E+00
L9 0.0000000000E+00  0.0000000000E+00  0.0000000000E+00  0.9847990513E+00  0.0000000000E+00
L0    10000  0.2000000000E+02  -.7893737470E+04  0.1758570751E+04
L1 0.2929337151E+03  0.2929337151E+03  -.9652308221E+10  0.1000000000E+01
L2 0.1000000000E+01  0.3412928209E+02  0.3412928209E+02  0.3412928209E+02
L3 0.3060277075E+05  -.1173514739E+03  0.7291448036E+00  0.3022198102E+02
L4 -.2880011603E+02  0.2892493611E+03  0.2767505506E+03  0.3023459696E+03
L5 0.8683458813E+03  0.3150961073E+03  0.2765899559E+03  0.2956895567E+03
L6 0.8873756198E+03  -.9652308221E+04  0.1467029071E+04  -.1120722649E+05
L7 0.0000000000E+00  0.1964636019E+01  0.1468695140E+02  0.1122013921E+02
L8 0.4571411918E+01  0.5038598825E+02  0.5060072039E+01  0.0000000000E+00
L9 0.0000000000E+00  0.0000000000E+00  0.0000000000E+00  0.9834518899E+00  0.0000000000E+00
