L0  Nsteps           time(ps)         Etot             EKinetic        
L1  Temp             T_solute         T_solv           Pres_scal_solu  
L2  Pres_scal_solv   BoxX             BoxY             BoxZ            
L3  volume           pres_X           pres_Y           pres_Z          
L4  Pressure         EKCoM_x          EKCoM_y          EKCoM_z         
L5  EKComTot         VIRIAL_x         VIRIAL_y         VIRIAL_z        
L6  VIRIAL_tot       E_pot            E_vdw            E_el            
L7  E_hbon           E_bon            E_angle          E_dih           
L8  E_14vdw          E_14el           E_const          E_pol           
L9  AV_permMoment    AV_indMoment     AV_totMoment     Density          dV/dlambda      
L0     1000  0.2000000000E+01  -.7600444142E+04  0.1702821736E+04
L1 0.2896884998E+03  0.2896884998E+03  -.9303265878E+10  0.1000000000E+01
L2 0.1000000000E+01  0.3484211998E+02  0.3484211998E+02  0.3484211998E+02
L3 0.3256209813E+05  -.3745293829E+03  -.2332258200E+03  -.9790464864E+03
L4 -.5289338964E+03  0.2931429742E+03  0.2851675248E+03  0.2852936503E+03
L5 0.8636041493E+03  0.3809147441E+03  0.3398244995E+03  0.5147353091E+03
L6 0.1235474553E+04  -.9303265878E+04  0.1425689900E+04  -.1080396394E+05
L7 0.0000000000E+00  0.1454941106E+01  0.5051713725E+01  0.1106616193E+02
L8 0.2393454570E+01  0.4868697245E+02  0.6354918261E+01  0.0000000000E+00
L9 0.0000000000E+00  0.0000000000E+00  0.0000000000E+00  0.9049816259E+00  0.0000000000E+00
L0     2000  0.4000000000E+01  -.7551588076E+04  0.1794335321E+04
L1 0.3052570309E+03  0.3052570309E+03  -.9345923397E+10  0.1000000000E+01
L2 0.1000000000E+01  0.3431368623E+02  0.3431368623E+02  0.3431368623E+02
L3 0.3110356349E+05  -.5093440708E+03  -.1345122623E+04  -.4568546731E+03
L4 -.7704404556E+03  0.2993790123E+03  0.2951767900E+03  0.2971411454E+03
L5 0.8916969477E+03  0.4133982107E+03  0.5962891657E+03  0.3994103315E+03
L6 0.1409097708E+04  -.9345923397E+04  0.1350529958E+04  -.1077075892E+05
L7 0.0000000000E+00  0.3319439174E+01  0.9088508062E+01  0.1067926170E+02
L8 0.1958097215E+01  0.4675566740E+02  0.2504594449E+01  0.0000000000E+00
L9 0.0000000000E+00  0.0000000000E+00  0.0000000000E+00  0.9474187908E+00  0.0000000000E+00
L0     3000  0.6000000000E+01  -.7679452970E+04  0.1697188077E+04
L1 0.2887300870E+03  0.2887300870E+03  -.9376641047E+10  0.1000000000E+01
L2 0.1000000000E+01  0.3405423680E+02  0.3405423680E+02  0.3405423680E+02
L3 0.3040205303E+05  -.3433066225E+03  0.2399641134E+03  -.7704164508E+03
L4 -.2912529866E+03  0.2764871219E+03  0.2807112892E+03  0.2943927537E+03
L5 0.8515911648E+03  0.3516047167E+03  0.2282056693E+03  0.4629645986E+03
L6 0.1042774985E+04  -.9376641047E+04  0.1401529638E+04  -.1085572850E+05
L7 0.0000000000E+00  0.2716239245E+01  0.1019302841E+02  0.1134339886E+02
L8 0.3272910484E+01  0.4784435889E+02  0.2187882806E+01  0.0000000000E+00
L9 0.0000000000E+00  0.0000000000E+00  0.0000000000E+00  0.9692799524E+00  0.0000000000E+00
L0     4000  0.8000000000E+01  -.7594917377E+04  0.1800389143E+04
L1 0.3062869230E+03  0.3062869230E+03  -.9395306520E+10  0.1000000000E+01
L2 0.1000000000E+01  0.3387876812E+02  0.3387876812E+02  0.3387876812E+02
L3 0.2993233906E+05  -.6990845198E+02  0.3308717546E+03  0.1314962557E+04
L4 0.5253086198E+03  0.2813942970E+03  0.2779489875E+03  0.2932517394E+03
L5 0.8525950239E+03  0.2964543646E+03  0.2066707536E+03  0.9975190623E+01
L6 0.5131003088E+03  -.9395306520E+04  0.1470323078E+04  -.1094254133E+05
L7 0.0000000000E+00  0.1986016766E+01  0.9718456452E+01  0.1240708312E+02
L8 0.2115279130E+01  0.4794613384E+02  0.2738762321E+01  0.0000000000E+00
L9 0.0000000000E+00  0.0000000000E+00  0.0000000000E+00  0.9844904018E+00  0.0000000000E+00
L0     5000  0.1000000000E+02  -.7585221963E+04  0.1805309198E+04
L1 0.3071239357E+03  0.3071239357E+03  -.9390531161E+10  0.1000000000E+01
L2 0.1000000000E+01  0.3388585527E+02  0.3388585527E+02  0.3388585527E+02
L3 0.2995351168E+05  -.9416044713E+03  -.1713274356E+03  0.1201789226E+02
L4 -.3669713382E+03  0.2944885434E+03  0.2930496376E+03  0.3109150715E+03
L5 0.8984532525E+03  0.4974776992E+03  0.3299840539E+03  0.3083242790E+03
L6 0.1135786032E+04  -.9390531161E+04  0.1336672769E+04  -.1079956483E+05
L7 0.0000000000E+00  0.4011812092E+01  0.6468000388E+01  0.1101883219E+02
L8 0.2520482799E+01  0.4461126696E+02  0.3730507932E+01  0.0000000000E+00
L9 0.0000000000E+00  0.0000000000E+00  0.0000000000E+00  0.9837945156E+00  0.0000000000E+00
L0     6000  0.1200000000E+02  -.7609155894E+04  0.1705406832E+04
L1 0.2901282831E+03  0.2901282831E+03  -.9314562726E+10  0.1000000000E+01
L2 0.1000000000E+01  0.3387548061E+02  0.3387548061E+02  0.3387548061E+02
L3 0.2992373561E+05  0.9182035655E+03  0.2525416824E+03  0.2822360614E+03
L4 0.4843271031E+03  0.2934242667E+03  0.2774916794E+03  0.2663528892E+03
L5 0.8372688353E+03  0.9567660184E+02  0.2231033827E+03  0.2055695028E+03
L6 0.5243494873E+03  -.9314562726E+04  0.1447488760E+04  -.1083655014E+05
L7 0.0000000000E+00  0.2075400405E+01  0.4873595616E+01  0.1026438741E+02
L8 0.3711094312E+01  0.5060549306E+02  0.2968679410E+01  0.0000000000E+00
L9 0.0000000000E+00  0.0000000000E+00  0.0000000000E+00  0.9847734553E+00  0.0000000000E+00
L0     7000  0.1400000000E+02  -.7521856514E+04  0.1780130423E+04
L1 0.3028404564E+03  0.3028404564E+03  -.9301986936E+10  0.1000000000E+01
L2 0.1000000000E+01  0.3391984746E+02  0.3391984746E+02  0.3391984746E+02
L3 0.3004173064E+05  0.5486814038E+03  0.8058322549E+03  -.2007684285E+03
L4 0.3845817434E+03  0.2751764959E+03  0.2957219352E+03  0.3243210394E+03
L5 0.8952194706E+03  0.1565445186E+03  0.1214906362E+03  0.3677297562E+03
L6 0.6457649110E+03  -.9301986936E+04  0.1409622319E+04  -.1078644246E+05
L7 0.0000000000E+00  0.1948122591E+01  0.7215341943E+01  0.1038979156E+02
L8 0.4082498816E+01  0.4959331112E+02  0.1604139803E+01  0.0000000000E+00
L9 0.0000000000E+00  0.0000000000E+00  0.0000000000E+00  0.9809055564E+00  0.0000000000E+00
L0     8000  0.1600000000E+02  -.7541995167E+04  0.1784940165E+04
L1 0.3036587024E+03  0.3036587024E+03  -.9326935332E+10  0.1000000000E+01
L2 0.1000000000E+01  0.3397020390E+02  0.3397020390E+02  0.3397020390E+02
L3 0.3017692643E+05  -.2898957822E+03  -.4440453685E+03  0.5505037156E+03
L4 -.6114581170E+02  0.2984602430E+03  0.2975060266E+03  0.2984145991E+03
L5 0.8943808687E+03  0.3614215132E+03  0.3939464101E+03  0.1788529659E+03
L6 0.9342208892E+03  -.9326935332E+04  0.1380126960E+04  -.1078708182E+05
L7 0.0000000000E+00  0.4112943523E+01  0.8212465830E+01  0.1088823477E+02
L8 0.2606167382E+01  0.4687145321E+02  0.7328258896E+01  0.0000000000E+00
L9 0.0000000000E+00  0.0000000000E+00  0.0000000000E+00  0.9765109970E+00  0.0000000000E+00
L0     9000  0.1800000000E+02  -.7529952607E+04  0.1822793781E+04
L1 0.3100984587E+03  0.3100984587E+03  -.9352746388E+10  0.1000000000E+01
L2 0.1000000000E+01  0.3390330855E+02  0.3390330855E+02  0.3390330855E+02
L3 0.2999955424E+05  -.6065962971E+03  -.2575375118E+03  0.6022168285E+02
L4 -.2679707087E+03  0.3064495143E+03  0.2946624089E+03  0.2947387092E+03
L5 0.8958506324E+03  0.4374193059E+03  0.3502671569E+03  0.2817362868E+03
L6 0.1069422750E+04  -.9352746388E+04  0.1339473467E+04  -.1076368303E+05
L7 0.0000000000E+00  0.2197361448E+01  0.8878031561E+01  0.1143606565E+02
L8 0.1934657838E+01  0.4494913225E+02  0.2067926817E+01  0.0000000000E+00
L9 0.0000000000E+00  0.0000000000E+00  0.0000000000E+00  0.9822846125E+00  0.0000000000E+00
L0    10000  0.2000000000E+02  -.7653990893E+04  0.1700522148E+04
L1 0.2892972879E+03  0.2892972879E+03  -.9354513041E+10  0.1000000000E+01
L2 0.1000000000E+01  0.3375294281E+02  0.3375294281E+02  0.3375294281E+02
L3 0.2960096668E+05  0.2950058394E+03  -.8812481125E+01  0.2722185021E+03
L4 0.1861372868E+03  0.2884643741E+03  0.2646617570E+03  0.2795018126E+03
L5 0.8326279437E+03  0.2256161389E+03  0.2665391737E+03  0.2215082066E+03
L6 0.7136635192E+03  -.9354513041E+04  0.1404079069E+04  -.1083384110E+05
L7 0.0000000000E+00  0.1454814148E+01  0.4187996543E+01  0.1217423176E+02
L8 0.3398226227E+01  0.4870313415E+02  0.5330585757E+01  0.0000000000E+00
L9 0.0000000000E+00  0.0000000000E+00  0.0000000000E+00  0.9955114245E+00  0.0000000000E+00
