L0  Nsteps           time(ps)         Etot             EKinetic        
L1  Temp             T_solute         T_solv           Pres_scal_solu  
L2  Pres_scal_solv   BoxX             BoxY             BoxZ            
L3  volume           pres_X           pres_Y           pres_Z          
L4  Pressure         EKCoM_x          EKCoM_y          EKCoM_z         
L5  EKComTot         VIRIAL_x         VIRIAL_y         VIRIAL_z        
L6  VIRIAL_tot       E_pot            E_vdw            E_el            
L7  E_hbon           E_bon            E_angle          E_dih           
L8  E_14vdw          E_14el           E_const          E_pol           
L9  AV_permMoment    AV_indMoment     AV_totMoment     Density          dV/dlambda      
L0     1000  0.2000000000E+01  -.7476476125E+04  0.1660927739E+04
L1 0.2860426322E+03  0.2860426322E+03  -.9137403863E+10  0.1000000000E+01
L2 0.1000000000E+01  0.3469387798E+02  0.3469387798E+02  0.3469387798E+02
L3 0.3214967100E+05  -.1056124757E+04  -.8443916087E+03  -.1182945505E+04
L4 -.1027820624E+04  0.2718774869E+03  0.2880981015E+03  0.2591608766E+03
L5 0.8191364651E+03  0.5162477386E+03  0.4834767144E+03  0.5328754062E+03
L6 0.1532599859E+04  -.9137403863E+04  0.1341548157E+04  -.1056020421E+05
L7 0.0000000000E+00  0.4260644366E+01  0.1374601421E+02  0.1192812289E+02
L8 0.2560083614E+01  0.4366314153E+02  0.5094187927E+01  0.0000000000E+00
L9 0.0000000000E+00  0.0000000000E+00  0.0000000000E+00  0.9054244828E+00  0.0000000000E+00
L0     2000  0.4000000000E+01  -.7513989359E+04  0.1706775497E+04
L1 0.2939384686E+03  0.2939384686E+03  -.9220764857E+10  0.1000000000E+01
L2 0.1000000000E+01  0.3414743369E+02  0.3414743369E+02  0.3414743369E+02
L3 0.3065332481E+05  -.7502647354E+03  -.8878880061E+03  -.3134400624E+03
L4 -.6505309346E+03  0.2998010185E+03  0.2724738215E+03  0.3020271201E+03
L5 0.8743019602E+03  0.4653203414E+03  0.4683548415E+03  0.3711765609E+03
L6 0.1304851744E+04  -.9220764857E+04  0.1330063061E+04  -.1062458248E+05
L7 0.0000000000E+00  0.3728501856E+01  0.6861058121E+01  0.1159496194E+02
L8 0.2116355915E+01  0.4387301338E+02  0.5580670451E+01  0.0000000000E+00
L9 0.0000000000E+00  0.0000000000E+00  0.0000000000E+00  0.9496229012E+00  0.0000000000E+00
L0     3000  0.6000000000E+01  -.7460792299E+04  0.1768310279E+04
L1 0.3045359018E+03  0.3045359018E+03  -.9229102577E+10  0.1000000000E+01
L2 0.1000000000E+01  0.3387464178E+02  0.3387464178E+02  0.3387464178E+02
L3 0.2992326038E+05  0.2691520138E+03  -.3700161482E+03  -.4105268387E+03
L4 -.1704636577E+03  0.2968813373E+03  0.2963668653E+03  0.2997538412E+03
L5 0.8930020439E+03  0.2389166997E+03  0.3760536254E+03  0.3881649927E+03
L6 0.1003135318E+04  -.9229102577E+04  0.1359018178E+04  -.1067014219E+05
L7 0.0000000000E+00  0.2771331894E+01  0.1479187149E+02  0.1239563140E+02
L8 0.3236454327E+01  0.4659012661E+02  0.2236020544E+01  0.0000000000E+00
L9 0.0000000000E+00  0.0000000000E+00  0.0000000000E+00  0.9727916969E+00  0.0000000000E+00
L0     4000  0.8000000000E+01  -.7553417982E+04  0.1717880920E+04
L1 0.2958510288E+03  0.2958510288E+03  -.9271298902E+10  0.1000000000E+01
L2 0.1000000000E+01  0.3379957671E+02  0.3379957671E+02  0.3379957671E+02
L3 0.2972525347E+05  -.2898648271E+03  -.8708908181E+03  0.1069306732E+03
L4 -.3512749906E+03  0.2934493199E+03  0.2756968605E+03  0.2764082320E+03
L5 0.8455544124E+03  0.3554615952E+03  0.4620110186E+03  0.2535320024E+03
L6 0.1071004616E+04  -.9271298902E+04  0.1335969021E+04  -.1067992172E+05
L7 0.0000000000E+00  0.4299658138E+01  0.7164716209E+01  0.1039723705E+02
L8 0.4086853880E+01  0.4411473150E+02  0.2590605189E+01  0.0000000000E+00
L9 0.0000000000E+00  0.0000000000E+00  0.0000000000E+00  0.9792716913E+00  0.0000000000E+00
L0     5000  0.1000000000E+02  -.7576897552E+04  0.1710725025E+04
L1 0.2946186506E+03  0.2946186506E+03  -.9287622577E+10  0.1000000000E+01
L2 0.1000000000E+01  0.3372754471E+02  0.3372754471E+02  0.3372754471E+02
L3 0.2953384806E+05  -.2532632946E+03  0.7646875763E+03  0.4424990899E+03
L4 0.3179744572E+03  0.2808597379E+03  0.2707207908E+03  0.2836951771E+03
L5 0.8352757058E+03  0.3346927733E+03  0.1081806429E+03  0.1896386372E+03
L6 0.6325120533E+03  -.9287622577E+04  0.1423039899E+04  -.1078644742E+05
L7 0.0000000000E+00  0.3948549274E+01  0.6334156718E+01  0.1189555446E+02
L8 0.2745640084E+01  0.4612328784E+02  0.4737751577E+01  0.0000000000E+00
L9 0.0000000000E+00  0.0000000000E+00  0.0000000000E+00  0.9856182365E+00  0.0000000000E+00
L0     6000  0.1200000000E+02  -.7603158372E+04  0.1709926045E+04
L1 0.2944810513E+03  0.2944810513E+03  -.9313084416E+10  0.1000000000E+01
L2 0.1000000000E+01  0.3368088040E+02  0.3368088040E+02  0.3368088040E+02
L3 0.2940947261E+05  0.4550803063E+03  0.1451722857E+04  0.1287282405E+04
L4 0.1064695189E+04  0.2792366417E+03  0.2775390377E+03  0.2756887933E+03
L5 0.8324644728E+03  0.1829132296E+03  -.2973617719E+02  0.3219447092E+01
L6 0.1563964995E+03  -.9313084416E+04  0.1526153600E+04  -.1090655999E+05
L7 0.0000000000E+00  0.2747138527E+01  0.6331410691E+01  0.1063504537E+02
L8 0.2274808527E+01  0.4308392655E+02  0.2249648643E+01  0.0000000000E+00
L9 0.0000000000E+00  0.0000000000E+00  0.0000000000E+00  0.9897865096E+00  0.0000000000E+00
L0     7000  0.1400000000E+02  -.7468163600E+04  0.1730149480E+04
L1 0.2979639029E+03  0.2979639029E+03  -.9198313080E+10  0.1000000000E+01
L2 0.1000000000E+01  0.3370839279E+02  0.3370839279E+02  0.3370839279E+02
L3 0.2948392118E+05  -.2697181421E+03  0.3229366932E+03  0.4943495684E+03
L4 0.1825227065E+03  0.2771791021E+03  0.3024770217E+03  0.2863682474E+03
L5 0.8660243713E+03  0.3344128230E+03  0.2339504169E+03  0.1814681284E+03
L6 0.7498313682E+03  -.9198313080E+04  0.1373591651E+04  -.1064414886E+05
L7 0.0000000000E+00  0.1899190437E+01  0.8102856774E+01  0.9447380849E+01
L8 0.3470704284E+01  0.4551279237E+02  0.3811200686E+01  0.0000000000E+00
L9 0.0000000000E+00  0.0000000000E+00  0.0000000000E+00  0.9872872427E+00  0.0000000000E+00
L0     8000  0.1600000000E+02  -.7498291147E+04  0.1737726662E+04
L1 0.2992688345E+03  0.2992688345E+03  -.9236017809E+10  0.1000000000E+01
L2 0.1000000000E+01  0.3370570172E+02  0.3370570172E+02  0.3370570172E+02
L3 0.2947722540E+05  -.4477350238E+03  -.7268216119E+02  0.6514122886E+03
L4 0.4366503454E+02  0.2872873896E+03  0.2939943064E+03  0.3012111758E+03
L5 0.8824928718E+03  0.3822744069E+03  0.3094138321E+03  0.1630140122E+03
L6 0.8547022512E+03  -.9236017809E+04  0.1354516924E+04  -.1066716626E+05
L7 0.0000000000E+00  0.2559758863E+01  0.7589373887E+01  0.9973901710E+01
L8 0.4059609552E+01  0.4694799553E+02  0.5500890916E+01  0.0000000000E+00
L9 0.0000000000E+00  0.0000000000E+00  0.0000000000E+00  0.9875115057E+00  0.0000000000E+00
L0     9000  0.1800000000E+02  -.7485184973E+04  0.1700271722E+04
L1 0.2928183976E+03  0.2928183976E+03  -.9185456695E+10  0.1000000000E+01
L2 0.1000000000E+01  0.3371912512E+02  0.3371912512E+02  0.3371912512E+02
L3 0.2951133864E+05  0.4382004318E+03  0.2016591972E+03  0.7663699568E+03
L4 0.4687431953E+03  0.2846696432E+03  0.2814978519E+03  0.2763806888E+03
L5 0.8425481839E+03  0.1915978052E+03  0.2386663283E+03  0.1136070918E+03
L6 0.5438712252E+03  -.9185456695E+04  0.1409713086E+04  -.1067218467E+05
L7 0.0000000000E+00  0.4037539582E+01  0.6973397048E+01  0.1075165961E+02
L8 0.3563537111E+01  0.4797609136E+02  0.3712660273E+01  0.0000000000E+00
L9 0.0000000000E+00  0.0000000000E+00  0.0000000000E+00  0.9863700050E+00  0.0000000000E+00
L0    10000  0.2000000000E+02  -.7545899368E+04  0.1755722848E+04
L1 0.3023681122E+03  0.3023681122E+03  -.9301622216E+10  0.1000000000E+01
L2 0.1000000000E+01  0.3371367697E+02  0.3371367697E+02  0.3371367697E+02
L3 0.2949940608E+05  -.3746786043E+03  -.1146061642E+04  0.2248543284E+03
L4 -.4319619728E+03  0.2842269533E+03  0.3018018558E+03  0.2851080981E+03
L5 0.8711369072E+03  0.3637748583E+03  0.5451218680E+03  0.2373693414E+03
L6 0.1146266068E+04  -.9301622216E+04  0.1317679384E+04  -.1070141470E+05
L7 0.0000000000E+00  0.1482687743E+01  0.8822335828E+01  0.1044733235E+02
L8 0.4555708997E+01  0.5242757481E+02  0.4377460394E+01  0.0000000000E+00
L9 0.0000000000E+00  0.0000000000E+00  0.0000000000E+00  0.9867689934E+00  0.0000000000E+00
