L0  Nsteps           time(ps)         Etot             EKinetic        
L1  Temp             T_solute         T_solv           Pres_scal_solu  
L2  Pres_scal_solv   BoxX             BoxY             BoxZ            
L3  volume           pres_X           pres_Y           pres_Z          
L4  Pressure         EKCoM_x          EKCoM_y          EKCoM_z         
L5  EKComTot         VIRIAL_x         VIRIAL_y         VIRIAL_z        
L6  VIRIAL_tot       E_pot            E_vdw            E_el            
L7  E_hbon           E_bon            E_angle          E_dih           
L8  E_14vdw          E_14el           E_const          E_pol           
L9  AV_permMoment    AV_indMoment     AV_totMoment     Density          dV/dlambda      
L0     1000  0.2000000000E+01  -.7666202021E+04  0.1756379611E+04
L1 0.2946167073E+03  0.2946167073E+03  -.9422581632E+10  0.1000000000E+01
L2 0.1000000000E+01  0.3495386123E+02  0.3495386123E+02  0.3495386123E+02
L3 0.3287545974E+05  -.2461506432E+03  -.2178934731E+03  -.1699875279E+03
L4 -.2113438814E+03  0.2704730360E+03  0.2963331087E+03  0.3058275995E+03
L5 0.8726337442E+03  0.3287141120E+03  0.3478883277E+03  0.3460479150E+03
L6 0.1022650355E+04  -.9422581632E+04  0.1484212215E+04  -.1098136579E+05
L7 0.0000000000E+00  0.4692618175E+01  0.7686560483E+01  0.1092729881E+02
L8 0.3070353678E+01  0.4595311936E+02  0.2241989405E+01  0.0000000000E+00
L9 0.0000000000E+00  0.0000000000E+00  0.0000000000E+00  0.9090955855E+00  0.0000000000E+00
L0     2000  0.4000000000E+01  -.7742896669E+04  0.1735089280E+04
L1 0.2910454479E+03  0.2910454479E+03  -.9477985949E+10  0.1000000000E+01
L2 0.1000000000E+01  0.3434694909E+02  0.3434694909E+02  0.3434694909E+02
L3 0.3119275453E+05  -.3109878726E+03  -.3984718926E+03  -.1465796110E+03
L4 -.2853464587E+03  0.2948438536E+03  0.2922836490E+03  0.2787449035E+03
L5 0.8658724061E+03  0.3646596603E+03  0.3817393452E+03  0.3116515687E+03
L6 0.1058050574E+04  -.9477985949E+04  0.1413173637E+04  -.1096534219E+05
L7 0.0000000000E+00  0.3412911960E+01  0.7764381750E+01  0.9287013514E+01
L8 0.4131638040E+01  0.4714808752E+02  0.2438572224E+01  0.0000000000E+00
L9 0.0000000000E+00  0.0000000000E+00  0.0000000000E+00  0.9581370988E+00  0.0000000000E+00
L0     3000  0.6000000000E+01  -.7732652160E+04  0.1756101520E+04
L1 0.2945700602E+03  0.2945700602E+03  -.9488753680E+10  0.1000000000E+01
L2 0.1000000000E+01  0.3419967238E+02  0.3419967238E+02  0.3419967238E+02
L3 0.3079258053E+05  -.6648584070E+03  0.2944627938E+03  0.2097455849E+03
L4 -.5355000943E+02  0.2840346283E+03  0.2744943699E+03  0.3095323395E+03
L5 0.8680613376E+03  0.4313784162E+03  0.2092364699E+03  0.2630491956E+03
L6 0.9036640817E+03  -.9488753680E+04  0.1431784989E+04  -.1098968175E+05
L7 0.0000000000E+00  0.3422521940E+01  0.7342294211E+01  0.1041916998E+02
L8 0.2159388252E+01  0.4209515939E+02  0.3704551174E+01  0.0000000000E+00
L9 0.0000000000E+00  0.0000000000E+00  0.0000000000E+00  0.9705888499E+00  0.0000000000E+00
L0     4000  0.8000000000E+01  -.7777446519E+04  0.1743057881E+04
L1 0.2923821083E+03  0.2923821083E+03  -.9520504400E+10  0.1000000000E+01
L2 0.1000000000E+01  0.3405802063E+02  0.3405802063E+02  0.3405802063E+02
L3 0.3041058660E+05  0.4323707414E+02  0.3817993292E+03  0.4724904981E+03
L4 0.2991756338E+03  0.2949779868E+03  0.2920114198E+03  0.2896359061E+03
L5 0.8766253128E+03  0.2855147943E+03  0.2084479359E+03  0.1862230682E+03
L6 0.6801857983E+03  -.9520504400E+04  0.1467993632E+04  -.1106941704E+05
L7 0.0000000000E+00  0.2082815031E+01  0.1293050706E+02  0.1029991114E+02
L8 0.3715875447E+01  0.4961609678E+02  0.2273805778E+01  0.0000000000E+00
L9 0.0000000000E+00  0.0000000000E+00  0.0000000000E+00  0.9827806257E+00  0.0000000000E+00
L0     5000  0.1000000000E+02  -.7700310224E+04  0.1794268604E+04
L1 0.3009722413E+03  0.3009722413E+03  -.9494578827E+10  0.1000000000E+01
L2 0.1000000000E+01  0.3397609895E+02  0.3397609895E+02  0.3397609895E+02
L3 0.3019254184E+05  -.4635856927E+03  -.2527116670E+03  0.6416356052E+03
L4 -.2488725149E+02  0.2997350922E+03  0.3051445760E+03  0.3149888800E+03
L5 0.9198685482E+03  0.4004714584E+03  0.3600583826E+03  0.1755625769E+03
L6 0.9360924178E+03  -.9494578827E+04  0.1372276642E+04  -.1094630547E+05
L7 0.0000000000E+00  0.2518817290E+01  0.1272344432E+02  0.1115175100E+02
L8 0.2403015771E+01  0.4503188150E+02  0.5621090205E+01  0.0000000000E+00
L9 0.0000000000E+00  0.0000000000E+00  0.0000000000E+00  0.9898780794E+00  0.0000000000E+00
L0     6000  0.1200000000E+02  -.7741293376E+04  0.1786961390E+04
L1 0.2997465227E+03  0.2997465227E+03  -.9528254766E+10  0.1000000000E+01
L2 0.1000000000E+01  0.3391279843E+02  0.3391279843E+02  0.3391279843E+02
L3 0.3002346310E+05  -.3878923755E+03  0.9336052927E+03  0.9510341882E+02
L4 0.2136054453E+03  0.3228540374E+03  0.3205253605E+03  0.2842806285E+03
L5 0.9276600263E+03  0.4066703611E+03  0.1187906310E+03  0.2637305495E+03
L6 0.7891915416E+03  -.9528254766E+04  0.1423245230E+04  -.1102260986E+05
L7 0.0000000000E+00  0.3541089780E+01  0.9066708908E+01  0.1014366908E+02
L8 0.2764593532E+01  0.4357344258E+02  0.2020355638E+01  0.0000000000E+00
L9 0.0000000000E+00  0.0000000000E+00  0.0000000000E+00  0.9954526305E+00  0.0000000000E+00
L0     7000  0.1400000000E+02  -.7711862318E+04  0.1805235996E+04
L1 0.3028119217E+03  0.3028119217E+03  -.9517098315E+10  0.1000000000E+01
L2 0.1000000000E+01  0.3401397056E+02  0.3401397056E+02  0.3401397056E+02
L3 0.3029380727E+05  -.1034876862E+03  -.1270713902E+01  -.1809446065E+03
L4 -.9523433552E+02  0.3001482098E+03  0.3039342290E+03  0.3071991430E+03
L5 0.9112815818E+03  0.3227113278E+03  0.3042112791E+03  0.3466499672E+03
L6 0.9735725741E+03  -.9517098315E+04  0.1379616636E+04  -.1096879345E+05
L7 0.0000000000E+00  0.1483186047E+01  0.7375465827E+01  0.1049887512E+02
L8 0.2800991137E+01  0.4614791920E+02  0.3772061693E+01  0.0000000000E+00
L9 0.0000000000E+00  0.0000000000E+00  0.0000000000E+00  0.9865691380E+00  0.0000000000E+00
L0     8000  0.1600000000E+02  -.7717072360E+04  0.1749974804E+04
L1 0.2935423592E+03  0.2935423592E+03  -.9467047164E+10  0.1000000000E+01
L2 0.1000000000E+01  0.3397298138E+02  0.3397298138E+02  0.3397298138E+02
L3 0.3018433254E+05  0.1274085161E+03  -.3570712983E+03  0.4231486696E+02
L4 -.6244930509E+02  0.2838171495E+03  0.2944560877E+03  0.2870719508E+03
L5 0.8653451880E+03  0.2561390278E+03  0.3720259641E+03  0.2778795038E+03
L6 0.9060444957E+03  -.9467047164E+04  0.1382351581E+04  -.1092788996E+05
L7 0.0000000000E+00  0.2260448246E+01  0.1316457805E+02  0.1188642359E+02
L8 0.2179308828E+01  0.4696416614E+02  0.2036295428E+01  0.0000000000E+00
L9 0.0000000000E+00  0.0000000000E+00  0.0000000000E+00  0.9901472985E+00  0.0000000000E+00
L0     9000  0.1800000000E+02  -.7815160527E+04  0.1734814670E+04
L1 0.2909993846E+03  0.2909993846E+03  -.9549975197E+10  0.1000000000E+01
L2 0.1000000000E+01  0.3392462640E+02  0.3392462640E+02  0.3392462640E+02
L3 0.3005742165E+05  0.1577463960E+03  -.1142700945E+04  -.1208761024E+04
L4 -.7312385244E+03  0.2785639560E+03  0.2801627780E+03  0.2954692442E+03
L5 0.8541959782E+03  0.2444393418E+03  0.5273584657E+03  0.5569554309E+03
L6 0.1328753239E+04  -.9549975197E+04  0.1322688559E+04  -.1095261285E+05
L7 0.0000000000E+00  0.2834199379E+01  0.1041215961E+02  0.1135772319E+02
L8 0.3024176253E+01  0.4995016776E+02  0.2370669894E+01  0.0000000000E+00
L9 0.0000000000E+00  0.0000000000E+00  0.0000000000E+00  0.9943279790E+00  0.0000000000E+00
L0    10000  0.2000000000E+02  -.7630558381E+04  0.1867419667E+04
L1 0.3132426670E+03  0.3132426670E+03  -.9497978049E+10  0.1000000000E+01
L2 0.1000000000E+01  0.3397021236E+02  0.3397021236E+02  0.3397021236E+02
L3 0.3017573695E+05  0.9900481865E+03  -.7183234850E+02  0.2491902956E+03
L4 0.3891353779E+03  0.3147948729E+03  0.3082308511E+03  0.2977508735E+03
L5 0.9207765975E+03  0.9977886321E+02  0.3238312079E+03  0.2436323935E+03
L6 0.6672424646E+03  -.9497978049E+04  0.1441387602E+04  -.1101649078E+05
L7 0.0000000000E+00  0.5856561323E+01  0.5169813463E+01  0.1013035957E+02
L8 0.3093714690E+01  0.5033457016E+02  0.2540107911E+01  0.0000000000E+00
L9 0.0000000000E+00  0.0000000000E+00  0.0000000000E+00  0.9904293432E+00  0.0000000000E+00
