L0  Nsteps           time(ps)         Etot             EKinetic        
L1  Temp             T_solute         T_solv           Pres_scal_solu  
L2  Pres_scal_solv   BoxX             BoxY             BoxZ            
L3  volume           pres_X           pres_Y           pres_Z          
L4  Pressure         EKCoM_x          EKCoM_y          EKCoM_z         
L5  EKComTot         VIRIAL_x         VIRIAL_y         VIRIAL_z        
L6  VIRIAL_tot       E_pot            E_vdw            E_el            
L7  E_hbon           E_bon            E_angle          E_dih           
L8  E_14vdw          E_14el           E_const          E_pol           
L9  AV_permMoment    AV_indMoment     AV_totMoment     Density          dV/dlambda      
L0     1000  0.2000000000E+01  -.7438334221E+04  0.1764659082E+04
L1 0.3008186111E+03  0.3008186111E+03  -.9202993303E+10  0.1000000000E+01
L2 0.1000000000E+01  0.3488485404E+02  0.3488485404E+02  0.3488485404E+02
L3 0.3268328165E+05  -.1533717688E+04  -.3577811420E+03  -.9544733551E+03
L4 -.9486573949E+03  0.2706835209E+03  0.2982709785E+03  0.2843337944E+03
L5 0.8532882938E+03  0.6314512334E+03  0.3824298072E+03  0.5088491480E+03
L6 0.1522730189E+04  -.9202993303E+04  0.1342692377E+04  -.1062561335E+05
L7 0.0000000000E+00  0.3654236127E+01  0.6780138096E+01  0.1082734705E+02
L8 0.2593274113E+01  0.4937981614E+02  0.6692856868E+01  0.0000000000E+00
L9 0.0000000000E+00  0.0000000000E+00  0.0000000000E+00  0.8997954148E+00  0.0000000000E+00
L0     2000  0.4000000000E+01  -.7482523539E+04  0.1773792742E+04
L1 0.3023756115E+03  0.3023756115E+03  -.9256316282E+10  0.1000000000E+01
L2 0.1000000000E+01  0.3436803314E+02  0.3436803314E+02  0.3436803314E+02
L3 0.3124965027E+05  0.4704353267E+02  -.9350092556E+02  -.1821236705E+03
L4 -.7619368780E+02  0.3072254085E+03  0.2968901123E+03  0.2854730608E+03
L5 0.8895885816E+03  0.2966450187E+03  0.3179190654E+03  0.3264338330E+03
L6 0.9409979171E+03  -.9256316282E+04  0.1425854083E+04  -.1076092970E+05
L7 0.0000000000E+00  0.5929457725E+01  0.6864959837E+01  0.1192728232E+02
L8 0.3930377370E+01  0.4903661583E+02  0.1070644550E+01  0.0000000000E+00
L9 0.0000000000E+00  0.0000000000E+00  0.0000000000E+00  0.9410750748E+00  0.0000000000E+00
L0     3000  0.6000000000E+01  -.7566625804E+04  0.1691870052E+04
L1 0.2884103815E+03  0.2884103815E+03  -.9258495856E+10  0.1000000000E+01
L2 0.1000000000E+01  0.3407224167E+02  0.3407224167E+02  0.3407224167E+02
L3 0.3044995326E+05  -.3874330987E+03  -.2728312759E+03  0.1697920129E+03
L4 -.1634907872E+03  0.2707618055E+03  0.2961683064E+03  0.2916523455E+03
L5 0.8585824574E+03  0.3556681084E+03  0.3559595194E+03  0.2544422772E+03
L6 0.9660699050E+03  -.9258495856E+04  0.1363795378E+04  -.1069796262E+05
L7 0.0000000000E+00  0.3563703607E+01  0.9952101890E+01  0.1075878895E+02
L8 0.3312280300E+01  0.4571916456E+02  0.2365343083E+01  0.0000000000E+00
L9 0.0000000000E+00  0.0000000000E+00  0.0000000000E+00  0.9657902169E+00  0.0000000000E+00
L0     4000  0.8000000000E+01  -.7600516480E+04  0.1743306567E+04
L1 0.2971786820E+03  0.2971786820E+03  -.9343823047E+10  0.1000000000E+01
L2 0.1000000000E+01  0.3390229800E+02  0.3390229800E+02  0.3390229800E+02
L3 0.2999762039E+05  -.1745570730E+03  -.5033628370E+03  -.9653063712E+03
L4 -.5477420938E+03  0.2988988826E+03  0.2974552698E+03  0.2854503281E+03
L5 0.8818044805E+03  0.3365849514E+03  0.4061289898E+03  0.4938555312E+03
L6 0.1236569472E+04  -.9343823047E+04  0.1319539671E+04  -.1073475480E+05
L7 0.0000000000E+00  0.2333172932E+01  0.7759592998E+01  0.1179709903E+02
L8 0.2363396278E+01  0.4419806072E+02  0.2940762560E+01  0.0000000000E+00
L9 0.0000000000E+00  0.0000000000E+00  0.0000000000E+00  0.9803533275E+00  0.0000000000E+00
L0     5000  0.1000000000E+02  -.7613313645E+04  0.1721034513E+04
L1 0.2933820006E+03  0.2933820006E+03  -.9334348158E+10  0.1000000000E+01
L2 0.1000000000E+01  0.3393031574E+02  0.3393031574E+02  0.3393031574E+02
L3 0.3006940754E+05  0.7035798691E+03  0.3994072260E+03  0.2140109701E+03
L4 0.4389993551E+03  0.3004929200E+03  0.2859972233E+03  0.2949586183E+03
L5 0.8814487615E+03  0.1482297538E+03  0.1995606843E+03  0.2486440642E+03
L6 0.5964345023E+03  -.9334348158E+04  0.1449939396E+04  -.1086193075E+05
L7 0.0000000000E+00  0.2988635584E+01  0.1191893244E+02  0.1237041795E+02
L8 0.2490800844E+01  0.4616079988E+02  0.1713614249E+01  0.0000000000E+00
L9 0.0000000000E+00  0.0000000000E+00  0.0000000000E+00  0.9780128499E+00  0.0000000000E+00
L0     6000  0.1200000000E+02  -.7617571572E+04  0.1769040344E+04
L1 0.3015654777E+03  0.3015654777E+03  -.9386611916E+10  0.1000000000E+01
L2 0.1000000000E+01  0.3391460681E+02  0.3391460681E+02  0.3391460681E+02
L3 0.3003055103E+05  -.8966513354E+03  -.9492806771E+03  -.7203311828E+02
L4 -.6393217103E+03  0.2858025098E+03  0.2947059909E+03  0.2948932592E+03
L5 0.8754017599E+03  0.4795979171E+03  0.4998763043E+03  0.3104619501E+03
L6 0.1289936172E+04  -.9386611916E+04  0.1328858532E+04  -.1079182527E+05
L7 0.0000000000E+00  0.1832508543E+01  0.7980593141E+01  0.1047029545E+02
L8 0.3202675089E+01  0.4873423954E+02  0.4134509168E+01  0.0000000000E+00
L9 0.0000000000E+00  0.0000000000E+00  0.0000000000E+00  0.9792783003E+00  0.0000000000E+00
L0     7000  0.1400000000E+02  -.7659128942E+04  0.1743759308E+04
L1 0.2972558600E+03  0.2972558600E+03  -.9402888250E+10  0.1000000000E+01
L2 0.1000000000E+01  0.3385526953E+02  0.3385526953E+02  0.3385526953E+02
L3 0.2987134203E+05  0.4590252790E+03  -.7580994543E+02  -.2076901261E+03
L4 0.5850840249E+02  0.2895532918E+03  0.2930449130E+03  0.2863796553E+03
L5 0.8689778602E+03  0.1908690252E+03  0.3093430326E+03  0.3310302415E+03
L6 0.8312422993E+03  -.9402888250E+04  0.1429989098E+04  -.1091068356E+05
L7 0.0000000000E+00  0.1421851975E+01  0.1015516643E+02  0.1168126869E+02
L8 0.2102018001E+01  0.4987005762E+02  0.2575844931E+01  0.0000000000E+00
L9 0.0000000000E+00  0.0000000000E+00  0.0000000000E+00  0.9844976813E+00  0.0000000000E+00
L0     8000  0.1600000000E+02  -.7557923554E+04  0.1752721543E+04
L1 0.2987836378E+03  0.2987836378E+03  -.9310645096E+10  0.1000000000E+01
L2 0.1000000000E+01  0.3381173631E+02  0.3381173631E+02  0.3381173631E+02
L3 0.2975650565E+05  -.5188935003E+03  -.4526337205E+03  0.8680937169E+03
L4 -.3447783465E+02  0.2801910717E+03  0.2947699017E+03  0.2847839099E+03
L5 0.8597448833E+03  0.3913173426E+03  0.3917059732E+03  0.9887289449E+02
L6 0.8818962103E+03  -.9310645096E+04  0.1362525795E+04  -.1074441609E+05
L7 0.0000000000E+00  0.1405052693E+01  0.5468527103E+01  0.1016970429E+02
L8 0.3102819789E+01  0.4976171896E+02  0.1337377048E+01  0.0000000000E+00
L9 0.0000000000E+00  0.0000000000E+00  0.0000000000E+00  0.9882970571E+00  0.0000000000E+00
L0     9000  0.1800000000E+02  -.7609929674E+04  0.1790231350E+04
L1 0.3051778746E+03  0.3051778746E+03  -.9400161024E+10  0.1000000000E+01
L2 0.1000000000E+01  0.3383462594E+02  0.3383462594E+02  0.3383462594E+02
L3 0.2981690019E+05  0.4662205388E+03  0.1448034978E+03  -.6248668630E+03
L4 -.4614275489E+01  0.3026776719E+03  0.3012255604E+03  0.2814377802E+03
L5 0.8853410125E+03  0.2026291968E+03  0.2701514915E+03  0.4155309218E+03
L6 0.8883116102E+03  -.9400161024E+04  0.1403762914E+04  -.1088360626E+05
L7 0.0000000000E+00  0.3348846577E+01  0.8640987141E+01  0.1322667744E+02
L8 0.3327904285E+01  0.4838194927E+02  0.2755956396E+01  0.0000000000E+00
L9 0.0000000000E+00  0.0000000000E+00  0.0000000000E+00  0.9862952481E+00  0.0000000000E+00
L0    10000  0.2000000000E+02  -.7576123995E+04  0.1764206939E+04
L1 0.3007415349E+03  0.3007415349E+03  -.9340330934E+10  0.1000000000E+01
L2 0.1000000000E+01  0.3383515493E+02  0.3383515493E+02  0.3383515493E+02
L3 0.2981746917E+05  0.6626602237E+03  -.8282996485E+02  0.3420276964E+03
L4 0.3072859851E+03  0.2958251331E+03  0.2844424778E+03  0.2782751388E+03
L5 0.8585427497E+03  0.1536190214E+03  0.3022176917E+03  0.2048763938E+03
L6 0.6607131069E+03  -.9340330934E+04  0.1423877148E+04  -.1084383675E+05
L7 0.0000000000E+00  0.8764207153E+00  0.9944093044E+01  0.1247569494E+02
L8 0.3017350508E+01  0.4656629817E+02  0.6748809510E+01  0.0000000000E+00
L9 0.0000000000E+00  0.0000000000E+00  0.0000000000E+00  0.9862764272E+00  0.0000000000E+00
