L0  Nsteps           time(ps)         Etot             EKinetic        
L1  Temp             T_solute         T_solv           Pres_scal_solu  
L2  Pres_scal_solv   BoxX             BoxY             BoxZ            
L3  volume           pres_X           pres_Y           pres_Z          
L4  Pressure         EKCoM_x          EKCoM_y          EKCoM_z         
L5  EKComTot         VIRIAL_x         VIRIAL_y         VIRIAL_z        
L6  VIRIAL_tot       E_pot            E_vdw            E_el            
L7  E_hbon           E_bon            E_angle          E_dih           
L8  E_14vdw          E_14el           E_const          E_pol           
L9  AV_permMoment    AV_indMoment     AV_totMoment     Density          dV/dlambda      
L0     1000  0.2000000000E+01  -.7620975050E+04  0.1808309972E+04
L1 0.3009201917E+03  0.3009201917E+03  -.9429285022E+10  0.1000000000E+01
L2 0.1000000000E+01  0.3520206516E+02  0.3520206516E+02  0.3520206516E+02
L3 0.3358043869E+05  -.3469736742E+02  0.8717661821E+03  -.1128528096E+04
L4 -.9715309363E+02  0.3290621091E+03  0.3066315136E+03  0.2858080238E+03
L5 0.9215016466E+03  0.3374478120E+03  0.9594197940E+02  0.5585520964E+03
L6 0.9919418878E+03  -.9429285022E+04  0.1497714053E+04  -.1099780093E+05
L7 0.0000000000E+00  0.2539832934E+01  0.7886704357E+01  0.9969802927E+01
L8 0.3439607874E+01  0.4527263425E+02  0.1693274222E+01  0.0000000000E+00
L9 0.0000000000E+00  0.0000000000E+00  0.0000000000E+00  0.8971374610E+00  0.0000000000E+00
L0     2000  0.4000000000E+01  -.7644864656E+04  0.1835477646E+04
L1 0.3054411541E+03  0.3054411541E+03  -.9480342302E+10  0.1000000000E+01
L2 0.1000000000E+01  0.3463708382E+02  0.3463708382E+02  0.3463708382E+02
L3 0.3199057609E+05  -.6392891781E+03  -.1150956194E+04  0.2472592235E+03
L4 -.5143287162E+03  0.3148001685E+03  0.3109471158E+03  0.3054558726E+03
L5 0.9312031569E+03  0.4619893851E+03  0.5759419669E+03  0.2485271889E+03
L6 0.1286458541E+04  -.9480342302E+04  0.1388696283E+04  -.1094488730E+05
L7 0.0000000000E+00  0.1956454980E+01  0.1522923271E+02  0.1029629044E+02
L8 0.2070207823E+01  0.4290730575E+02  0.3389221058E+01  0.0000000000E+00
L9 0.0000000000E+00  0.0000000000E+00  0.0000000000E+00  0.9417232568E+00  0.0000000000E+00
L0     3000  0.6000000000E+01  -.7716643032E+04  0.1828349843E+04
L1 0.3042550192E+03  0.3042550192E+03  -.9544992876E+10  0.1000000000E+01
L2 0.1000000000E+01  0.3427940626E+02  0.3427940626E+02  0.3427940626E+02
L3 0.3101012576E+05  -.7538792698E+03  -.2744096850E+03  -.9448516158E+03
L4 -.6577135235E+03  0.3011495329E+03  0.2936144841E+03  0.3030295457E+03
L5 0.8977935627E+03  0.4694021812E+03  0.3548579193E+03  0.5139038765E+03
L6 0.1338163977E+04  -.9544992876E+04  0.1340256170E+04  -.1095308310E+05
L7 0.0000000000E+00  0.3647203125E+01  0.7234482768E+01  0.9969957721E+01
L8 0.2411082649E+01  0.4314004242E+02  0.1431280997E+01  0.0000000000E+00
L9 0.0000000000E+00  0.0000000000E+00  0.0000000000E+00  0.9714978179E+00  0.0000000000E+00
L0     4000  0.8000000000E+01  -.7743891554E+04  0.1824966536E+04
L1 0.3036920043E+03  0.3036920043E+03  -.9568858090E+10  0.1000000000E+01
L2 0.1000000000E+01  0.3425933226E+02  0.3425933226E+02  0.3425933226E+02
L3 0.3095474436E+05  -.3878078745E+03  -.6545462733E+03  0.8476084673E+02
L4 -.3191977671E+03  0.2969444827E+03  0.2889316900E+03  0.3170291714E+03
L5 0.9029053441E+03  0.3833418334E+03  0.4347540613E+03  0.2981458195E+03
L6 0.1116241714E+04  -.9568858090E+04  0.1384977561E+04  -.1102990263E+05
L7 0.0000000000E+00  0.5264330071E+01  0.1187446090E+02  0.9934506926E+01
L8 0.2479545842E+01  0.4237111880E+02  0.4143012865E+01  0.0000000000E+00
L9 0.0000000000E+00  0.0000000000E+00  0.0000000000E+00  0.9732359328E+00  0.0000000000E+00
L0     5000  0.1000000000E+02  -.7692755989E+04  0.1767413832E+04
L1 0.2941146802E+03  0.2941146802E+03  -.9460169821E+10  0.1000000000E+01
L2 0.1000000000E+01  0.3416415129E+02  0.3416415129E+02  0.3416415129E+02
L3 0.3069710724E+05  -.4404959008E+02  -.2461370768E+03  -.2803997169E+03
L4 -.1901954612E+03  0.2993751461E+03  0.2934568415E+03  0.2985907865E+03
L5 0.8914227741E+03  0.3091070072E+03  0.3478358231E+03  0.3605394016E+03
L6 0.1017482232E+04  -.9460169821E+04  0.1354432294E+04  -.1088512759E+05
L7 0.0000000000E+00  0.1376063303E+01  0.8365626579E+01  0.1102509924E+02
L8 0.2152463784E+01  0.4394577604E+02  0.3660444509E+01  0.0000000000E+00
L9 0.0000000000E+00  0.0000000000E+00  0.0000000000E+00  0.9814041847E+00  0.0000000000E+00
L0     6000  0.1200000000E+02  -.7774088560E+04  0.1807427516E+04
L1 0.3007733424E+03  0.3007733424E+03  -.9581516076E+10  0.1000000000E+01
L2 0.1000000000E+01  0.3410264932E+02  0.3410264932E+02  0.3410264932E+02
L3 0.3053110776E+05  0.1500438514E+03  -.9620649190E+01  -.1427553538E+03
L4 -.7773838815E+00  0.3156344945E+03  0.2917981720E+03  0.2836475515E+03
L5 0.8910802180E+03  0.2826646161E+03  0.2939121649E+03  0.3150158923E+03
L6 0.8915926732E+03  -.9581516076E+04  0.1420971045E+04  -.1107707527E+05
L7 0.0000000000E+00  0.2906805079E+01  0.8590975720E+01  0.1162721135E+02
L8 0.3787331941E+01  0.4535492328E+02  0.2320905374E+01  0.0000000000E+00
L9 0.0000000000E+00  0.0000000000E+00  0.0000000000E+00  0.9867401388E+00  0.0000000000E+00
L0     7000  0.1400000000E+02  -.7832298386E+04  0.1781879819E+04
L1 0.2965219596E+03  0.2965219596E+03  -.9614178205E+10  0.1000000000E+01
L2 0.1000000000E+01  0.3397759530E+02  0.3397759530E+02  0.3397759530E+02
L3 0.3019643462E+05  -.2275806790E+03  -.4595506422E+02  0.3064108033E+03
L4 0.1095835338E+02  0.2867881851E+03  0.2866215034E+03  0.3065317392E+03
L5 0.8799414277E+03  0.3362474476E+03  0.2966087466E+03  0.2399406190E+03
L6 0.8727968132E+03  -.9614178205E+04  0.1408311997E+04  -.1109941439E+05
L7 0.0000000000E+00  0.3567544302E+01  0.1118742225E+02  0.1286110007E+02
L8 0.1822702941E+01  0.4341135455E+02  0.4074063259E+01  0.0000000000E+00
L9 0.0000000000E+00  0.0000000000E+00  0.0000000000E+00  0.9976763776E+00  0.0000000000E+00
L0     8000  0.1600000000E+02  -.7735641870E+04  0.1782544749E+04
L1 0.2966326104E+03  0.2966326104E+03  -.9518186619E+10  0.1000000000E+01
L2 0.1000000000E+01  0.3410964304E+02  0.3410964304E+02  0.3410964304E+02
L3 0.3055007290E+05  -.5130248715E+02  0.3633181700E+03  -.5097514106E+03
L4 -.6591190925E+02  0.3074030392E+03  0.2907045751E+03  0.3022831645E+03
L5 0.9003907788E+03  0.3186829912E+03  0.2108212840E+03  0.4143629438E+03
L6 0.9438672190E+03  -.9518186619E+04  0.1395538520E+04  -.1098845040E+05
L7 0.0000000000E+00  0.1309743910E+01  0.1141161380E+02  0.9891931995E+01
L8 0.4255668610E+01  0.4531101889E+02  0.2545286339E+01  0.0000000000E+00
L9 0.0000000000E+00  0.0000000000E+00  0.0000000000E+00  0.9861275813E+00  0.0000000000E+00
L0     9000  0.1800000000E+02  -.7804725549E+04  0.1756482468E+04
L1 0.2922955958E+03  0.2922955958E+03  -.9561208017E+10  0.1000000000E+01
L2 0.1000000000E+01  0.3406313411E+02  0.3406313411E+02  0.3406313411E+02
L3 0.3042608829E+05  -.6126893382E+03  -.3828865620E+03  -.9893339907E+02
L4 -.3648364331E+03  0.2789254051E+03  0.2862948429E+03  0.2729884229E+03
L5 0.8382086708E+03  0.4130915757E+03  0.3701390043E+03  0.2946527713E+03
L6 0.1077883351E+04  -.9561208017E+04  0.1374204347E+04  -.1100796439E+05
L7 0.0000000000E+00  0.1311592955E+01  0.1240715871E+02  0.8702636026E+01
L8 0.3730957301E+01  0.4519637667E+02  0.1203308766E+01  0.0000000000E+00
L9 0.0000000000E+00  0.0000000000E+00  0.0000000000E+00  0.9901459964E+00  0.0000000000E+00
L0    10000  0.2000000000E+02  -.7872206481E+04  0.1736203034E+04
L1 0.2889209028E+03  0.2889209028E+03  -.9608409516E+10  0.1000000000E+01
L2 0.1000000000E+01  0.3410088784E+02  0.3410088784E+02  0.3410088784E+02
L3 0.3052705465E+05  0.3771534429E+03  -.7980271644E+03  -.3280442150E+03
L4 -.2496393122E+03  0.2988040842E+03  0.2826329752E+03  0.2757704465E+03
L5 0.8572075059E+03  0.2159412925E+03  0.4579641565E+03  0.3478436570E+03
L6 0.1021749106E+04  -.9608409516E+04  0.1413502418E+04  -.1110117486E+05
L7 0.0000000000E+00  0.3360515408E+01  0.1772005705E+02  0.1116297222E+02
L8 0.2116442759E+01  0.4303019694E+02  0.1872737732E+01  0.0000000000E+00
L9 0.0000000000E+00  0.0000000000E+00  0.0000000000E+00  0.9868711491E+00  0.0000000000E+00
