L0  Nsteps           time(ps)         Etot             EKinetic        
L1  Temp             T_solute         T_solv           Pres_scal_solu  
L2  Pres_scal_solv   BoxX             BoxY             BoxZ            
L3  volume           pres_X           pres_Y           pres_Z          
L4  Pressure         EKCoM_x          EKCoM_y          EKCoM_z         
L5  EKComTot         VIRIAL_x         VIRIAL_y         VIRIAL_z        
L6  VIRIAL_tot       E_pot            E_vdw            E_el            
L7  E_hbon           E_bon            E_angle          E_dih           
L8  E_14vdw          E_14el           E_const          E_pol           
L9  AV_permMoment    AV_indMoment     AV_totMoment     Density          dV/dlambda      
L0     1000  0.2000000000E+01  -.7644242307E+04  0.1713449368E+04
L1 0.2888598486E+03  0.2888598486E+03  -.9357691674E+10  0.1000000000E+01
L2 0.1000000000E+01  0.3495567553E+02  0.3495567553E+02  0.3495567553E+02
L3 0.3288114425E+05  0.7459081485E+02  -.4256274133E+03  -.8608790818E+03
L4 -.4039718934E+03  0.2844388899E+03  0.2911738494E+03  0.2768485347E+03
L5 0.8524612739E+03  0.2667870957E+03  0.3918978795E+03  0.4805741591E+03
L6 0.1139259134E+04  -.9357691674E+04  0.1468553155E+04  -.1089956919E+05
L7 0.0000000000E+00  0.2639391142E+01  0.6043091992E+01  0.1081281144E+02
L8 0.3519800088E+01  0.4725569833E+02  0.3053569897E+01  0.0000000000E+00
L9 0.0000000000E+00  0.0000000000E+00  0.0000000000E+00  0.9043891915E+00  0.0000000000E+00
L0     2000  0.4000000000E+01  -.7521222615E+04  0.1811594156E+04
L1 0.3054054725E+03  0.3054054725E+03  -.9332816771E+10  0.1000000000E+01
L2 0.1000000000E+01  0.3443673683E+02  0.3443673683E+02  0.3443673683E+02
L3 0.3143752560E+05  -.4057500345E+03  -.2328073354E+03  0.3127834437E+03
L4 -.1085913088E+03  0.2909946344E+03  0.3016834112E+03  0.3096851473E+03
L5 0.9023631929E+03  0.3827990355E+03  0.3543580536E+03  0.2389152292E+03
L6 0.9760723183E+03  -.9332816771E+04  0.1401647503E+04  -.1080961386E+05
L7 0.0000000000E+00  0.3655010459E+01  0.8548313636E+01  0.1296122529E+02
L8 0.3615582563E+01  0.4415039980E+02  0.2219054436E+01  0.0000000000E+00
L9 0.0000000000E+00  0.0000000000E+00  0.0000000000E+00  0.9459189580E+00  0.0000000000E+00
L0     3000  0.6000000000E+01  -.7664292644E+04  0.1796573668E+04
L1 0.3028732612E+03  0.3028732612E+03  -.9460866313E+10  0.1000000000E+01
L2 0.1000000000E+01  0.3421671224E+02  0.3421671224E+02  0.3421671224E+02
L3 0.3083810119E+05  0.7568178764E+02  0.3551563251E+03  -.1439975917E+02
L4 0.1388127845E+03  0.2875191647E+03  0.3107491748E+03  0.2867273057E+03
L5 0.8849956452E+03  0.2707220151E+03  0.2319242141E+03  0.2899232517E+03
L6 0.7925694809E+03  -.9460866313E+04  0.1469886161E+04  -.1100208947E+05
L7 0.0000000000E+00  0.1615428691E+01  0.7679730881E+01  0.1044393984E+02
L8 0.4157752200E+01  0.4470680958E+02  0.2733331134E+01  0.0000000000E+00
L9 0.0000000000E+00  0.0000000000E+00  0.0000000000E+00  0.9643055285E+00  0.0000000000E+00
L0     4000  0.8000000000E+01  -.7592161348E+04  0.1788788480E+04
L1 0.3015608044E+03  0.3015608044E+03  -.9380949828E+10  0.1000000000E+01
L2 0.1000000000E+01  0.3406373205E+02  0.3406373205E+02  0.3406373205E+02
L3 0.3042717975E+05  -.9622826277E+03  0.1072445165E+03  0.3251590362E+03
L4 -.1766263583E+03  0.2984464718E+03  0.2914449596E+03  0.3077839016E+03
L5 0.8976753330E+03  0.5091738315E+03  0.2679598075E+03  0.2365783086E+03
L6 0.1013711948E+04  -.9380949828E+04  0.1361280998E+04  -.1081821270E+05
L7 0.0000000000E+00  0.4086574121E+01  0.1254524227E+02  0.1019048288E+02
L8 0.4413060499E+01  0.4230074753E+02  0.2445761613E+01  0.0000000000E+00
L9 0.0000000000E+00  0.0000000000E+00  0.0000000000E+00  0.9773285498E+00  0.0000000000E+00
L0     5000  0.1000000000E+02  -.7663655986E+04  0.1782376834E+04
L1 0.3004799046E+03  0.3004799046E+03  -.9446032820E+10  0.1000000000E+01
L2 0.1000000000E+01  0.3402136016E+02  0.3402136016E+02  0.3402136016E+02
L3 0.3031332278E+05  0.1780517978E+03  -.3080045770E+03  0.1026878600E+03
L4 -.9088306425E+01  0.3059580715E+03  0.2914053377E+03  0.3000046320E+03
L5 0.8973680412E+03  0.2671129497E+03  0.3586019370E+03  0.2776014748E+03
L6 0.9033163614E+03  -.9446032820E+04  0.1399572134E+04  -.1092206589E+05
L7 0.0000000000E+00  0.3619676750E+01  0.1030032104E+02  0.1238639102E+02
L8 0.2466023320E+01  0.4404282124E+02  0.3645698854E+01  0.0000000000E+00
L9 0.0000000000E+00  0.0000000000E+00  0.0000000000E+00  0.9809994000E+00  0.0000000000E+00
L0     6000  0.1200000000E+02  -.7726848189E+04  0.1776452513E+04
L1 0.2994811599E+03  0.2994811599E+03  -.9503300702E+10  0.1000000000E+01
L2 0.1000000000E+01  0.3389362492E+02  0.3389362492E+02  0.3389362492E+02
L3 0.2997290924E+05  0.3960939572E+03  -.1077684274E+02  -.1272108349E+03
L4 0.8603542653E+02  0.3078831538E+03  0.2884553392E+03  0.3124730475E+03
L5 0.9088115405E+03  0.2224387358E+03  0.2907800933E+03  0.3399146571E+03
L6 0.8531334863E+03  -.9503300702E+04  0.1410575362E+04  -.1098257178E+05
L7 0.0000000000E+00  0.1065739032E+01  0.8862917760E+01  0.1066967116E+02
L8 0.3364843365E+01  0.4316856814E+02  0.1563973603E+01  0.0000000000E+00
L9 0.0000000000E+00  0.0000000000E+00  0.0000000000E+00  0.9921409771E+00  0.0000000000E+00
L0     7000  0.1400000000E+02  -.7639043001E+04  0.1747757437E+04
L1 0.2946436342E+03  0.2946436342E+03  -.9386800438E+10  0.1000000000E+01
L2 0.1000000000E+01  0.3390351454E+02  0.3390351454E+02  0.3390351454E+02
L3 0.2999930571E+05  0.5007561118E+03  -.2577992386E+03  -.1552098278E+03
L4 0.2924901513E+02  0.2894537168E+03  0.2996987723E+03  0.2570794344E+03
L5 0.8462319236E+03  0.1813367029E+03  0.3553595685E+03  0.2905904045E+03
L6 0.8272866759E+03  -.9386800438E+04  0.1370035709E+04  -.1082965230E+05
L7 0.0000000000E+00  0.3157812819E+01  0.1031806768E+02  0.1034856033E+02
L8 0.2861262157E+01  0.4305457424E+02  0.3075876659E+01  0.0000000000E+00
L9 0.0000000000E+00  0.0000000000E+00  0.0000000000E+00  0.9912679896E+00  0.0000000000E+00
L0     8000  0.1600000000E+02  -.7745811088E+04  0.1711882804E+04
L1 0.2885957513E+03  0.2885957513E+03  -.9457693892E+10  0.1000000000E+01
L2 0.1000000000E+01  0.3393977426E+02  0.3393977426E+02  0.3393977426E+02
L3 0.3009581684E+05  -.1896644988E+02  -.3612069602E+03  0.2940104900E+03
L4 -.2872097336E+02  0.2627635304E+03  0.2677848523E+03  0.2974887339E+03
L5 0.8280371166E+03  0.2668717038E+03  0.3460230478E+03  0.2338054367E+03
L6 0.8467001883E+03  -.9457693892E+04  0.1398310455E+04  -.1093012620E+05
L7 0.0000000000E+00  0.2557057335E+01  0.5543962103E+01  0.1258600615E+02
L8 0.3999168409E+01  0.4671607054E+02  0.2719587466E+01  0.0000000000E+00
L9 0.0000000000E+00  0.0000000000E+00  0.0000000000E+00  0.9880891959E+00  0.0000000000E+00
L0     9000  0.1800000000E+02  -.7671392587E+04  0.1776735581E+04
L1 0.2995288806E+03  0.2995288806E+03  -.9448128168E+10  0.1000000000E+01
L2 0.1000000000E+01  0.3389378192E+02  0.3389378192E+02  0.3389378192E+02
L3 0.2997292059E+05  0.1153603150E+03  0.1671559049E+03  0.4302376293E+03
L4 0.2375846164E+03  0.2896634935E+03  0.2868463343E+03  0.3175939848E+03
L5 0.8941038126E+03  0.2647782396E+03  0.2507878585E+03  0.2247841424E+03
L6 0.7403502405E+03  -.9448128168E+04  0.1416000942E+04  -.1093793380E+05
L7 0.0000000000E+00  0.5275795239E+00  0.9765035752E+01  0.1291011116E+02
L8 0.3125266111E+01  0.4568679296E+02  0.1789909531E+01  0.0000000000E+00
L9 0.0000000000E+00  0.0000000000E+00  0.0000000000E+00  0.9921406016E+00  0.0000000000E+00
L0    10000  0.2000000000E+02  -.7686229656E+04  0.1802456593E+04
L1 0.3038650271E+03  0.3038650271E+03  -.9488686248E+10  0.1000000000E+01
L2 0.1000000000E+01  0.3393052719E+02  0.3393052719E+02  0.3393052719E+02
L3 0.3007003546E+05  0.4552920248E+03  0.1902533359E+03  0.5979136671E+03
L4 0.4144863426E+03  0.3066121034E+03  0.2936598346E+03  0.3027011731E+03
L5 0.9029731111E+03  0.2080793627E+03  0.2524858592E+03  0.1733027449E+03
L6 0.6338679667E+03  -.9488686248E+04  0.1470225941E+04  -.1103371183E+05
L7 0.0000000000E+00  0.8236519512E+00  0.8591504283E+01  0.1104177454E+02
L8 0.3847949626E+01  0.4831604465E+02  0.2178719764E+01  0.0000000000E+00
L9 0.0000000000E+00  0.0000000000E+00  0.0000000000E+00  0.9889363616E+00  0.0000000000E+00
