L0  Nsteps           time(ps)         Etot             EKinetic        
L1  Temp             T_solute         T_solv           Pres_scal_solu  
L2  Pres_scal_solv   BoxX             BoxY             BoxZ            
L3  volume           pres_X           pres_Y           pres_Z          
L4  Pressure         EKCoM_x          EKCoM_y          EKCoM_z         
L5  EKComTot         VIRIAL_x         VIRIAL_y         VIRIAL_z        
L6  VIRIAL_tot       E_pot            E_vdw            E_el            
L7  E_hbon           E_bon            E_angle          E_dih           
L8  E_14vdw          E_14el           E_const          E_pol           
L9  AV_permMoment    AV_indMoment     AV_totMoment     Density          dV/dlambda      
L0     1000  0.2000000000E+01  -.7134491022E+04  0.1607189019E+04
L1 0.2901952015E+03  0.2901952015E+03  -.8741680041E+10  0.1000000000E+01
L2 0.1000000000E+01  0.3425173604E+02  0.3425173604E+02  0.3425173604E+02
L3 0.3093614182E+05  -.1095798599E+04  -.9351310906E+03  -.1082860325E+04
L4 -.1037930005E+04  0.2633457384E+03  0.2621892710E+03  0.2819620601E+03
L5 0.8074970695E+03  0.5073253136E+03  0.4703962229E+03  0.5230609285E+03
L6 0.1500782465E+04  -.8741680041E+04  0.1289841257E+04  -.1010979364E+05
L7 0.0000000000E+00  0.2365287243E+01  0.1087226069E+02  0.1346969144E+02
L8 0.3437997602E+01  0.4464934283E+02  0.3477763640E+01  0.0000000000E+00
L9 0.0000000000E+00  0.0000000000E+00  0.0000000000E+00  0.8974242699E+00  0.0000000000E+00
L0     2000  0.4000000000E+01  -.7130557324E+04  0.1629920929E+04
L1 0.2942996915E+03  0.2942996915E+03  -.8760478253E+10  0.1000000000E+01
L2 0.1000000000E+01  0.3363222116E+02  0.3363222116E+02  0.3363222116E+02
L3 0.2928566173E+05  -.5420821806E+03  -.2427734395E+03  -.6314347448E+01
L4 -.2637233225E+03  0.2879874168E+03  0.2797919850E+03  0.2602823107E+03
L5 0.8280617125E+03  0.4022428215E+03  0.3309616758E+03  0.2616131944E+03
L6 0.9948176917E+03  -.8760478253E+04  0.1322278673E+04  -.1015413887E+05
L7 0.0000000000E+00  0.1770710186E+01  0.8193933877E+01  0.1253071594E+02
L8 0.3441214061E+01  0.4399357556E+02  0.1451791338E+01  0.0000000000E+00
L9 0.0000000000E+00  0.0000000000E+00  0.0000000000E+00  0.9480012692E+00  0.0000000000E+00
L0     3000  0.6000000000E+01  -.7124519630E+04  0.1674142988E+04
L1 0.3022844581E+03  0.3022844581E+03  -.8798662618E+10  0.1000000000E+01
L2 0.1000000000E+01  0.3332364325E+02  0.3332364325E+02  0.3332364325E+02
L3 0.2848621187E+05  0.3113782230E+03  0.2977100450E+03  -.5391092300E+03
L4 0.2332634601E+02  0.2740651423E+03  0.2878210916E+03  0.2668047407E+03
L5 0.8286909746E+03  0.2102271065E+03  0.2267852738E+03  0.3773316555E+03
L6 0.8143440357E+03  -.8798662618E+04  0.1327155516E+04  -.1020867840E+05
L7 0.0000000000E+00  0.1716889563E+01  0.1099082103E+02  0.1408667996E+02
L8 0.3907811118E+01  0.4782782844E+02  0.4330238609E+01  0.0000000000E+00
L9 0.0000000000E+00  0.0000000000E+00  0.0000000000E+00  0.9746064030E+00  0.0000000000E+00
L0     4000  0.8000000000E+01  -.7172650901E+04  0.1670245894E+04
L1 0.3015807961E+03  0.3015807961E+03  -.8842896795E+10  0.1000000000E+01
L2 0.1000000000E+01  0.3330968927E+02  0.3330968927E+02  0.3330968927E+02
L3 0.2845127603E+05  0.2010157869E+03  -.7042212063E+03  -.4129793163E+03
L4 -.3053949119E+03  0.2650012374E+03  0.2900680100E+03  0.2938659128E+03
L5 0.8489351602E+03  0.2238399930E+03  0.4342687297E+03  0.3784301295E+03
L6 0.1036538852E+04  -.8842896795E+04  0.1294295272E+04  -.1021467965E+05
L7 0.0000000000E+00  0.2279107069E+01  0.8298903482E+01  0.1296732705E+02
L8 0.4050295830E+01  0.4766921801E+02  0.2222733391E+01  0.0000000000E+00
L9 0.0000000000E+00  0.0000000000E+00  0.0000000000E+00  0.9758031398E+00  0.0000000000E+00
L0     5000  0.1000000000E+02  -.7153174579E+04  0.1633446253E+04
L1 0.2949362265E+03  0.2949362265E+03  -.8786620832E+10  0.1000000000E+01
L2 0.1000000000E+01  0.3323639261E+02  0.3323639261E+02  0.3323639261E+02
L3 0.2826262350E+05  -.5299588561E+03  0.9115557932E+03  0.1870342508E+03
L4 0.1895437293E+03  0.2748923519E+03  0.2778186973E+03  0.2640226099E+03
L5 0.8167336591E+03  0.3826904769E+03  0.9240051957E+02  0.2259782574E+03
L6 0.7010692539E+03  -.8786620832E+04  0.1327057028E+04  -.1019003735E+05
L7 0.0000000000E+00  0.2500709025E+01  0.1009712561E+02  0.1222914904E+02
L8 0.4181950302E+01  0.4309504520E+02  0.4255516487E+01  0.0000000000E+00
L9 0.0000000000E+00  0.0000000000E+00  0.0000000000E+00  0.9823166093E+00  0.0000000000E+00
L0     6000  0.1200000000E+02  -.7200045402E+04  0.1626719886E+04
L1 0.2937217089E+03  0.2937217089E+03  -.8826765288E+10  0.1000000000E+01
L2 0.1000000000E+01  0.3314301198E+02  0.3314301198E+02  0.3314301198E+02
L3 0.2802404781E+05  0.3519494804E+03  0.4325184262E+03  0.1014588355E+04
L4 0.5996854204E+03  0.2631895062E+03  0.2860591379E+03  0.2513111470E+03
L5 0.8005597911E+03  0.1922043122E+03  0.1988238780E+03  0.4667737082E+02
L6 0.4377055610E+03  -.8826765288E+04  0.1375211555E+04  -.1027609794E+05
L7 0.0000000000E+00  0.4483140479E+01  0.6367665954E+01  0.1200261544E+02
L8 0.3520575556E+01  0.4558648350E+02  0.2160611706E+01  0.0000000000E+00
L9 0.0000000000E+00  0.0000000000E+00  0.0000000000E+00  0.9906793149E+00  0.0000000000E+00
L0     7000  0.1400000000E+02  -.7171912058E+04  0.1676348366E+04
L1 0.3026826629E+03  0.3026826629E+03  -.8848260424E+10  0.1000000000E+01
L2 0.1000000000E+01  0.3313297307E+02  0.3313297307E+02  0.3313297307E+02
L3 0.2800031581E+05  0.2279644521E+03  -.3638495082E+03  -.1377082759E+03
L4 -.9119777731E+02  0.2491562247E+03  0.2820409193E+03  0.2594360874E+03
L5 0.7906332315E+03  0.2032166850E+03  0.3553641010E+03  0.2871871458E+03
L6 0.8457679318E+03  -.8848260424E+04  0.1294529070E+04  -.1021779807E+05
L7 0.0000000000E+00  0.2430788481E+01  0.9955191523E+01  0.1357009133E+02
L8 0.2747842157E+01  0.4423668753E+02  0.2067972959E+01  0.0000000000E+00
L9 0.0000000000E+00  0.0000000000E+00  0.0000000000E+00  0.9915189771E+00  0.0000000000E+00
L0     8000  0.1600000000E+02  -.7157781247E+04  0.1653237118E+04
L1 0.2985096793E+03  0.2985096793E+03  -.8811018365E+10  0.1000000000E+01
L2 0.1000000000E+01  0.3325696335E+02  0.3325696335E+02  0.3325696335E+02
L3 0.2831678136E+05  -.6708987545E+03  -.1116939755E+02  -.7070363020E+03
L4 -.4630348180E+03  0.2589851713E+03  0.2709843852E+03  0.2739003449E+03
L5 0.8038699015E+03  0.3957131688E+03  0.2732606890E+03  0.4179931116E+03
L6 0.1086966969E+04  -.8811018365E+04  0.1263171053E+04  -.1014353263E+05
L7 0.0000000000E+00  0.3935273029E+01  0.4832699513E+01  0.1072160042E+02
L8 0.2590142290E+01  0.4446226974E+02  0.2801227267E+01  0.0000000000E+00
L9 0.0000000000E+00  0.0000000000E+00  0.0000000000E+00  0.9804378588E+00  0.0000000000E+00
L0     9000  0.1800000000E+02  -.7154097734E+04  0.1696910239E+04
L1 0.3063953294E+03  0.3063953294E+03  -.8851007973E+10  0.1000000000E+01
L2 0.1000000000E+01  0.3323928508E+02  0.3323928508E+02  0.3323928508E+02
L3 0.2827075241E+05  -.1045788909E+04  -.6728383407E+02  0.7901535523E+03
L4 -.1076397303E+03  0.2668859116E+03  0.2723362791E+03  0.2922089640E+03
L5 0.8314311547E+03  0.4796694266E+03  0.2860263179E+03  0.1314388040E+03
L6 0.8971345485E+03  -.8851007973E+04  0.1317263467E+04  -.1024597184E+05
L7 0.0000000000E+00  0.4268912138E+01  0.7753663144E+01  0.1276435597E+02
L8 0.4647996391E+01  0.4551062879E+02  0.2754843258E+01  0.0000000000E+00
L9 0.0000000000E+00  0.0000000000E+00  0.0000000000E+00  0.9820341562E+00  0.0000000000E+00
L0    10000  0.2000000000E+02  -.7260971533E+04  0.1609742512E+04
L1 0.2906562621E+03  0.2906562621E+03  -.8870714045E+10  0.1000000000E+01
L2 0.1000000000E+01  0.3314526412E+02  0.3314526412E+02  0.3314526412E+02
L3 0.2803096745E+05  -.3595132343E+02  -.4868063709E+03  0.8742861114E+03
L4 0.1171761390E+03  0.2410605282E+03  0.2730901190E+03  0.2759199428E+03
L5 0.7900705900E+03  0.2483133925E+03  0.3712990357E+03  0.9954038615E+02
L6 0.7191528143E+03  -.8870714045E+04  0.1331159635E+04  -.1027390236E+05
L7 0.0000000000E+00  0.2124041701E+01  0.1168238305E+02  0.1055132538E+02
L8 0.2532397147E+01  0.4305096090E+02  0.2087571281E+01  0.0000000000E+00
L9 0.0000000000E+00  0.0000000000E+00  0.0000000000E+00  0.9904347587E+00  0.0000000000E+00
