L0  Nsteps           time(ps)         Etot             EKinetic        
L1  Temp             T_solute         T_solv           Pres_scal_solu  
L2  Pres_scal_solv   BoxX             BoxY             BoxZ            
L3  volume           pres_X           pres_Y           pres_Z          
L4  Pressure         EKCoM_x          EKCoM_y          EKCoM_z         
L5  EKComTot         VIRIAL_x         VIRIAL_y         VIRIAL_z        
L6  VIRIAL_tot       E_pot            E_vdw            E_el            
L7  E_hbon           E_bon            E_angle          E_dih           
L8  E_14vdw          E_14el           E_const          E_pol           
L9  AV_permMoment    AV_indMoment     AV_totMoment     Density          dV/dlambda      
L0     1000  0.2000000000E+01  -.7794474643E+04  0.1800259903E+04
L1 0.2943247829E+03  0.2943247829E+03  -.9594734547E+10  0.1000000000E+01
L2 0.1000000000E+01  0.3534163755E+02  0.3534163755E+02  0.3534163755E+02
L3 0.3398262051E+05  -.1058736351E+04  -.2982921309E+03  -.8997823801E+02
L4 -.4823355731E+03  0.3195275597E+03  0.3060460507E+03  0.2941342091E+03
L5 0.9197078195E+03  0.5784688275E+03  0.3790010810E+03  0.3161407068E+03
L6 0.1273610615E+04  -.9594734547E+04  0.1453622421E+04  -.1112358545E+05
L7 0.0000000000E+00  0.2140563545E+01  0.7795175584E+01  0.9537556727E+01
L8 0.4230908017E+01  0.4868353595E+02  0.2840738873E+01  0.0000000000E+00
L9 0.0000000000E+00  0.0000000000E+00  0.0000000000E+00  0.9023662962E+00  0.0000000000E+00
L0     2000  0.4000000000E+01  -.7848843728E+04  0.1842605490E+04
L1 0.3012478698E+03  0.3012478698E+03  -.9691449219E+10  0.1000000000E+01
L2 0.1000000000E+01  0.3478544593E+02  0.3478544593E+02  0.3478544593E+02
L3 0.3240325945E+05  -.4545217256E+03  -.2954830961E+03  -.6283129629E+03
L4 -.4594392615E+03  0.3009749478E+03  0.3210219303E+03  0.3050103001E+03
L5 0.9270071781E+03  0.4069734979E+03  0.3899312431E+03  0.4515385283E+03
L6 0.1248443269E+04  -.9691449219E+04  0.1433322041E+04  -.1119943989E+05
L7 0.0000000000E+00  0.2654277215E+01  0.7311052559E+01  0.9513115668E+01
L8 0.3273933210E+01  0.4718261370E+02  0.4733635444E+01  0.0000000000E+00
L9 0.0000000000E+00  0.0000000000E+00  0.0000000000E+00  0.9463483589E+00  0.0000000000E+00
L0     3000  0.6000000000E+01  -.7839048770E+04  0.1864234676E+04
L1 0.3047840288E+03  0.3047840288E+03  -.9703283446E+10  0.1000000000E+01
L2 0.1000000000E+01  0.3447743645E+02  0.3447743645E+02  0.3447743645E+02
L3 0.3155041231E+05  -.6585413489E+03  -.9882614812E+02  -.9435782866E+03
L4 -.5669819279E+03  0.3121780998E+03  0.3071626742E+03  0.3025963514E+03
L5 0.9219371254E+03  0.4617137240E+03  0.3296032237E+03  0.5168555902E+03
L6 0.1308172538E+04  -.9703283446E+04  0.1361804020E+04  -.1113868265E+05
L7 0.0000000000E+00  0.3587864826E+01  0.1093322373E+02  0.1025621616E+02
L8 0.2978168841E+01  0.4375981922E+02  0.2079888628E+01  0.0000000000E+00
L9 0.0000000000E+00  0.0000000000E+00  0.0000000000E+00  0.9719293398E+00  0.0000000000E+00
L0     4000  0.8000000000E+01  -.8025897399E+04  0.1802576037E+04
L1 0.2947034481E+03  0.2947034481E+03  -.9828473436E+10  0.1000000000E+01
L2 0.1000000000E+01  0.3430548507E+02  0.3430548507E+02  0.3430548507E+02
L3 0.3107993299E+05  -.1839593109E+03  -.5152221514E+03  -.1686018325E+03
L4 -.2892610983E+03  0.2915106613E+03  0.3086817261E+03  0.2949079776E+03
L5 0.8951003649E+03  0.3326595800E+03  0.4239291378E+03  0.3326216604E+03
L6 0.1089210378E+04  -.9828473436E+04  0.1445124274E+04  -.1134593601E+05
L7 0.0000000000E+00  0.3087766728E+01  0.7762935988E+01  0.1418661297E+02
L8 0.3727010687E+01  0.4152027625E+02  0.2053694631E+01  0.0000000000E+00
L9 0.0000000000E+00  0.0000000000E+00  0.0000000000E+00  0.9866421340E+00  0.0000000000E+00
L0     5000  0.1000000000E+02  -.7956886839E+04  0.1813557507E+04
L1 0.2964988104E+03  0.2964988104E+03  -.9770444346E+10  0.1000000000E+01
L2 0.1000000000E+01  0.3432121103E+02  0.3432121103E+02  0.3432121103E+02
L3 0.3112316445E+05  -.6163341217E+03  -.2593968674E+03  -.4997917150E+03
L4 -.4585075680E+03  0.3095440769E+03  0.2986630870E+03  0.2695526606E+03
L5 0.8777598245E+03  0.4476004753E+03  0.3567669564E+03  0.3815040222E+03
L6 0.1185871454E+04  -.9770444346E+04  0.1406405619E+04  -.1125303081E+05
L7 0.0000000000E+00  0.4955584166E+01  0.4588959008E+01  0.1118014777E+02
L8 0.4159187591E+01  0.4690580489E+02  0.4391160619E+01  0.0000000000E+00
L9 0.0000000000E+00  0.0000000000E+00  0.0000000000E+00  0.9852716442E+00  0.0000000000E+00
L0     6000  0.1200000000E+02  -.7899415563E+04  0.1832964020E+04
L1 0.2996715842E+03  0.2996715842E+03  -.9732379583E+10  0.1000000000E+01
L2 0.1000000000E+01  0.3435204485E+02  0.3435204485E+02  0.3435204485E+02
L3 0.3120551986E+05  -.5863546898E+02  0.4146479290E+03  -.4837186572E+01
L4 0.1170584245E+03  0.3197969562E+03  0.3103195354E+03  0.3167260145E+03
L5 0.9468425061E+03  0.3329658230E+03  0.2171942744E+03  0.3178123922E+03
L6 0.8679724897E+03  -.9732379583E+04  0.1443293911E+04  -.1125087223E+05
L7 0.0000000000E+00  0.3185458150E+01  0.6889699276E+01  0.1259289055E+02
L8 0.4284483490E+01  0.4669429038E+02  0.1551918271E+01  0.0000000000E+00
L9 0.0000000000E+00  0.0000000000E+00  0.0000000000E+00  0.9826713844E+00  0.0000000000E+00
L0     7000  0.1400000000E+02  -.7995107741E+04  0.1810179464E+04
L1 0.2959465335E+03  0.2959465335E+03  -.9805287205E+10  0.1000000000E+01
L2 0.1000000000E+01  0.3427805082E+02  0.3427805082E+02  0.3427805082E+02
L3 0.3100343705E+05  0.4277674381E+03  0.8459898964E+03  0.1850665104E+02
L4 0.4307546619E+03  0.2953992000E+03  0.3066914076E+03  0.3111617386E+03
L5 0.9132523463E+03  0.1999495928E+03  0.1179220061E+03  0.3070322692E+03
L6 0.6249038681E+03  -.9805287205E+04  0.1521398649E+04  -.1139935246E+05
L7 0.0000000000E+00  0.2189479256E+01  0.4334205431E+01  0.1393857872E+02
L8 0.4172764727E+01  0.4498494336E+02  0.3046638927E+01  0.0000000000E+00
L9 0.0000000000E+00  0.0000000000E+00  0.0000000000E+00  0.9890765129E+00  0.0000000000E+00
L0     8000  0.1600000000E+02  -.8013195643E+04  0.1791659719E+04
L1 0.2929187375E+03  0.2929187375E+03  -.9804855362E+10  0.1000000000E+01
L2 0.1000000000E+01  0.3435921772E+02  0.3435921772E+02  0.3435921772E+02
L3 0.3122612512E+05  -.2001930179E+03  -.2184089995E+03  -.3650352122E+03
L4 -.2612124099E+03  0.2824431276E+03  0.2868511871E+03  0.2981356913E+03
L5 0.8674300060E+03  0.3274339158E+03  0.3359357813E+03  0.3801726280E+03
L6 0.1043542325E+04  -.9804855362E+04  0.1435905415E+04  -.1131678816E+05
L7 0.0000000000E+00  0.1537449799E+01  0.8660350688E+01  0.1188805407E+02
L8 0.2896886727E+01  0.4674626719E+02  0.4298372291E+01  0.0000000000E+00
L9 0.0000000000E+00  0.0000000000E+00  0.0000000000E+00  0.9820229469E+00  0.0000000000E+00
L0     9000  0.1800000000E+02  -.7960216109E+04  0.1743040400E+04
L1 0.2849699571E+03  0.2849699571E+03  -.9703256509E+10  0.1000000000E+01
L2 0.1000000000E+01  0.3429648897E+02  0.3429648897E+02  0.3429648897E+02
L3 0.3105409600E+05  0.7516128761E+03  0.6725251644E+03  -.7836853909E+03
L4 0.2134842165E+03  0.2886416489E+03  0.2861935164E+03  0.2797104103E+03
L5 0.8545455756E+03  0.1206569664E+03  0.1358848538E+03  0.4548632659E+03
L6 0.7114050861E+03  -.9703256509E+04  0.1464543141E+04  -.1124074277E+05
L7 0.0000000000E+00  0.2053106038E+01  0.7764445158E+01  0.1155233101E+02
L8 0.2751161377E+01  0.4643286848E+02  0.2389210427E+01  0.0000000000E+00
L9 0.0000000000E+00  0.0000000000E+00  0.0000000000E+00  0.9874630196E+00  0.0000000000E+00
L0    10000  0.2000000000E+02  -.7910057309E+04  0.1796769166E+04
L1 0.2937540817E+03  0.2937540817E+03  -.9706826475E+10  0.1000000000E+01
L2 0.1000000000E+01  0.3429027692E+02  0.3429027692E+02  0.3429027692E+02
L3 0.3103622765E+05  0.4238469461E+03  0.2114010511E+03  0.1085738065E+04
L4 0.5736620208E+03  0.3016557474E+03  0.3037638760E+03  0.2951877643E+03
L5 0.9006073876E+03  0.2069809102E+03  0.2565431509E+03  0.5266608157E+02
L6 0.5161901427E+03  -.9706826475E+04  0.1509832346E+04  -.1128914094E+05
L7 0.0000000000E+00  0.3920299227E+01  0.8129974447E+01  0.8919697337E+01
L8 0.3344871666E+01  0.4606346947E+02  0.2103804336E+01  0.0000000000E+00
L9 0.0000000000E+00  0.0000000000E+00  0.0000000000E+00  0.9880315274E+00  0.0000000000E+00
