L0  Nsteps           time(ps)         Etot             EKinetic        
L1  Temp             T_solute         T_solv           Pres_scal_solu  
L2  Pres_scal_solv   BoxX             BoxY             BoxZ            
L3  volume           pres_X           pres_Y           pres_Z          
L4  Pressure         EKCoM_x          EKCoM_y          EKCoM_z         
L5  EKComTot         VIRIAL_x         VIRIAL_y         VIRIAL_z        
L6  VIRIAL_tot       E_pot            E_vdw            E_el            
L7  E_hbon           E_bon            E_angle          E_dih           
L8  E_14vdw          E_14el           E_const          E_pol           
L9  AV_permMoment    AV_indMoment     AV_totMoment     Density          dV/dlambda      
L0     1000  0.2000000000E+01  -.7371465519E+04  0.1714163328E+04
L1 0.2958182200E+03  0.2958182200E+03  -.9085628848E+10  0.1000000000E+01
L2 0.1000000000E+01  0.3462718631E+02  0.3462718631E+02  0.3462718631E+02
L3 0.3196228309E+05  -.4227248644E+03  0.1951500784E+03  -.3926114320E+03
L4 -.2067287393E+03  0.2637890480E+03  0.2840422962E+03  0.2898914556E+03
L5 0.8377227997E+03  0.3610306640E+03  0.2391509009E+03  0.3802059208E+03
L6 0.9803874857E+03  -.9085628848E+04  0.1427850492E+04  -.1059404904E+05
L7 0.0000000000E+00  0.2997947940E+01  0.1238619499E+02  0.1199284124E+02
L8 0.3384065873E+01  0.4513979785E+02  0.4668847819E+01  0.0000000000E+00
L9 0.0000000000E+00  0.0000000000E+00  0.0000000000E+00  0.9088607849E+00  0.0000000000E+00
L0     2000  0.4000000000E+01  -.7433073934E+04  0.1726640793E+04
L1 0.2979714928E+03  0.2979714928E+03  -.9159714727E+10  0.1000000000E+01
L2 0.1000000000E+01  0.3400139226E+02  0.3400139226E+02  0.3400139226E+02
L3 0.3026126831E+05  -.7670905146E+03  -.6564696569E+03  -.3621898529E+02
L4 -.4865930522E+03  0.2783940448E+03  0.2969470146E+03  0.2741881725E+03
L5 0.8495292320E+03  0.4454609082E+03  0.4399214412E+03  0.2820764101E+03
L6 0.1167458759E+04  -.9159714727E+04  0.1324697239E+04  -.1055864316E+05
L7 0.0000000000E+00  0.3121903786E+01  0.1246162044E+02  0.1104652734E+02
L8 0.2822563479E+01  0.4212377926E+02  0.2654795688E+01  0.0000000000E+00
L9 0.0000000000E+00  0.0000000000E+00  0.0000000000E+00  0.9599487172E+00  0.0000000000E+00
L0     3000  0.6000000000E+01  -.7465737077E+04  0.1672332232E+04
L1 0.2885993042E+03  0.2885993042E+03  -.9138069309E+10  0.1000000000E+01
L2 0.1000000000E+01  0.3374674277E+02  0.3374674277E+02  0.3374674277E+02
L3 0.2958583729E+05  0.2872387860E+02  -.4658391322E+03  -.3455491599E+03
L4 -.2608881379E+03  0.2903254456E+03  0.2815966936E+03  0.2848736195E+03
L5 0.8567957586E+03  0.2842092195E+03  0.3807886400E+03  0.3584520104E+03
L6 0.1023449870E+04  -.9138069309E+04  0.1312837168E+04  -.1052804759E+05
L7 0.0000000000E+00  0.3258233340E+01  0.1020995549E+02  0.1069369453E+02
L8 0.2714672591E+01  0.4670706979E+02  0.3557489233E+01  0.0000000000E+00
L9 0.0000000000E+00  0.0000000000E+00  0.0000000000E+00  0.9818639038E+00  0.0000000000E+00
L0     4000  0.8000000000E+01  -.7403991179E+04  0.1735625061E+04
L1 0.2995219345E+03  0.2995219345E+03  -.9139616241E+10  0.1000000000E+01
L2 0.1000000000E+01  0.3377805839E+02  0.3377805839E+02  0.3377805839E+02
L3 0.2966794121E+05  0.3630961287E+03  -.6597598016E+02  -.6989652225E+03
L4 -.1339483580E+03  0.3025973343E+03  0.3045623061E+03  0.2910859939E+03
L5 0.8982456343E+03  0.2250680797E+03  0.3186496735E+03  0.4403309139E+03
L6 0.9840486671E+03  -.9139616241E+04  0.1328993883E+04  -.1054828120E+05
L7 0.0000000000E+00  0.5606932772E+01  0.9128238350E+01  0.1166538229E+02
L8 0.4004013629E+01  0.4588122072E+02  0.3385288535E+01  0.0000000000E+00
L9 0.0000000000E+00  0.0000000000E+00  0.0000000000E+00  0.9791466651E+00  0.0000000000E+00
L0     5000  0.1000000000E+02  -.7396152042E+04  0.1720013704E+04
L1 0.2968278365E+03  0.2968278365E+03  -.9116165746E+10  0.1000000000E+01
L2 0.1000000000E+01  0.3376847029E+02  0.3376847029E+02  0.3376847029E+02
L3 0.2964020215E+05  0.1092501970E+04  0.8716069318E+03  0.4502417297E+03
L4 0.8047835437E+03  0.2808670589E+03  0.2798957706E+03  0.3010673066E+03
L5 0.8618301361E+03  0.4781122972E+02  0.9396193997E+02  0.2050203771E+03
L6 0.3467935468E+03  -.9116165746E+04  0.1438564379E+04  -.1063243098E+05
L7 0.0000000000E+00  0.3191282899E+01  0.1268235876E+02  0.1165701019E+02
L8 0.4322507011E+01  0.4382935986E+02  0.2018331691E+01  0.0000000000E+00
L9 0.0000000000E+00  0.0000000000E+00  0.0000000000E+00  0.9800630085E+00  0.0000000000E+00
L0     6000  0.1200000000E+02  -.7489634343E+04  0.1754426293E+04
L1 0.3027665186E+03  0.3027665186E+03  -.9244060637E+10  0.1000000000E+01
L2 0.1000000000E+01  0.3377111141E+02  0.3377111141E+02  0.3377111141E+02
L3 0.2964919920E+05  0.4374806611E+03  0.3669137967E+02  -.3760577918E+03
L4 0.3270474967E+02  0.3113978509E+03  0.2886082829E+03  0.2915949297E+03
L5 0.8916010635E+03  0.2180448233E+03  0.2807787908E+03  0.3718410676E+03
L6 0.8706646816E+03  -.9244060637E+04  0.1381077099E+04  -.1070779623E+05
L7 0.0000000000E+00  0.7181852210E+01  0.1112990463E+02  0.1216948713E+02
L8 0.1848311982E+01  0.4479133534E+02  0.5537604551E+01  0.0000000000E+00
L9 0.0000000000E+00  0.0000000000E+00  0.0000000000E+00  0.9797656086E+00  0.0000000000E+00
L0     7000  0.1400000000E+02  -.7556547038E+04  0.1731834796E+04
L1 0.2988678373E+03  0.2988678373E+03  -.9288381834E+10  0.1000000000E+01
L2 0.1000000000E+01  0.3374573158E+02  0.3374573158E+02  0.3374573158E+02
L3 0.2958199451E+05  0.6384435372E+03  -.8365048281E+03  0.7606957643E+03
L4 0.1875448245E+03  0.2630445832E+03  0.2936846201E+03  0.2935748594E+03
L5 0.8503040627E+03  0.1271173343E+03  0.4717799306E+03  0.1316196096E+03
L6 0.7305168745E+03  -.9288381834E+04  0.1430340667E+04  -.1079618319E+05
L7 0.0000000000E+00  0.6088259910E+01  0.1267341533E+02  0.1157609540E+02
L8 0.2604662067E+01  0.4214898278E+02  0.2369272621E+01  0.0000000000E+00
L9 0.0000000000E+00  0.0000000000E+00  0.0000000000E+00  0.9819914505E+00  0.0000000000E+00
L0     8000  0.1600000000E+02  -.7490390412E+04  0.1735826911E+04
L1 0.2995567683E+03  0.2995567683E+03  -.9226217323E+10  0.1000000000E+01
L2 0.1000000000E+01  0.3378139022E+02  0.3378139022E+02  0.3378139022E+02
L3 0.2967563645E+05  0.3624177154E+02  0.5273352275E+02  0.7386570870E+03
L4 0.2758774604E+03  0.2869838586E+03  0.2858559540E+03  0.2940333056E+03
L5 0.8668731182E+03  0.2792434116E+03  0.2745932309E+03  0.1362723636E+03
L6 0.6901090061E+03  -.9226217323E+04  0.1414565344E+04  -.1072125978E+05
L7 0.0000000000E+00  0.3164266849E+01  0.9255173142E+01  0.1263143574E+02
L8 0.3864071908E+01  0.4763925467E+02  0.3922910006E+01  0.0000000000E+00
L9 0.0000000000E+00  0.0000000000E+00  0.0000000000E+00  0.9788927610E+00  0.0000000000E+00
L0     9000  0.1800000000E+02  -.7591590040E+04  0.1673797171E+04
L1 0.2888521132E+03  0.2888521132E+03  -.9265387212E+10  0.1000000000E+01
L2 0.1000000000E+01  0.3374629757E+02  0.3374629757E+02  0.3374629757E+02
L3 0.2958462878E+05  0.5339232901E+02  -.4953784707E+03  -.2979427686E+03
L4 -.2466429701E+03  0.2592305881E+03  0.2655608131E+03  0.2924943072E+03
L5 0.8172857084E+03  0.2478621299E+03  0.3710383142E+03  0.3559331939E+03
L6 0.9748336381E+03  -.9265387212E+04  0.1363636896E+04  -.1070867982E+05
L7 0.0000000000E+00  0.2994133031E+01  0.1230322202E+02  0.1522172561E+02
L8 0.3332643474E+01  0.4374646976E+02  0.2057515279E+01  0.0000000000E+00
L9 0.0000000000E+00  0.0000000000E+00  0.0000000000E+00  0.9819040123E+00  0.0000000000E+00
L0    10000  0.2000000000E+02  -.7471225670E+04  0.1727579615E+04
L1 0.2981335081E+03  0.2981335081E+03  -.9198805286E+10  0.1000000000E+01
L2 0.1000000000E+01  0.3374032174E+02  0.3374032174E+02  0.3374032174E+02
L3 0.2956862429E+05  -.4502440566E+03  -.3793989556E+03  0.4203121974E+03
L4 -.1364436049E+03  0.2797410729E+03  0.2761298380E+03  0.2724184909E+03
L5 0.8282894019E+03  0.3755565547E+03  0.3568689243E+03  0.1829727446E+03
L6 0.9153982235E+03  -.9198805286E+04  0.1350507870E+04  -.1062525627E+05
L7 0.0000000000E+00  0.1568614180E+01  0.5201300880E+01  0.1194061325E+02
L8 0.4831547560E+01  0.4758744118E+02  0.4813601861E+01  0.0000000000E+00
L9 0.0000000000E+00  0.0000000000E+00  0.0000000000E+00  0.9824354835E+00  0.0000000000E+00
