L0  Nsteps           time(ps)         Etot             EKinetic        
L1  Temp             T_solute         T_solv           Pres_scal_solu  
L2  Pres_scal_solv   BoxX             BoxY             BoxZ            
L3  volume           pres_X           pres_Y           pres_Z          
L4  Pressure         EKCoM_x          EKCoM_y          EKCoM_z         
L5  EKComTot         VIRIAL_x         VIRIAL_y         VIRIAL_z        
L6  VIRIAL_tot       E_pot            E_vdw            E_el            
L7  E_hbon           E_bon            E_angle          E_dih           
L8  E_14vdw          E_14el           E_const          E_pol           
L9  AV_permMoment    AV_indMoment     AV_totMoment     Density          dV/dlambda      
L0     1000  0.2000000000E+01  -.7552351989E+04  0.1707378832E+04
L1 0.2907586520E+03  0.2907586520E+03  -.9259730821E+10  0.1000000000E+01
L2 0.1000000000E+01  0.3474735921E+02  0.3474735921E+02  0.3474735921E+02
L3 0.3229745353E+05  -.1122507881E+04  0.1232505055E+02  -.8022364523E+03
L4 -.6374730943E+03  0.2949534607E+03  0.2734068368E+03  0.2595132725E+03
L5 0.8278735700E+03  0.5558776008E+03  0.2705419097E+03  0.4459911227E+03
L6 0.1272410633E+04  -.9259730821E+04  0.1409306899E+04  -.1074026781E+05
L7 0.0000000000E+00  0.2302819937E+01  0.1020900112E+02  0.1052194053E+02
L8 0.3242130917E+01  0.4246054198E+02  0.2493651338E+01  0.0000000000E+00
L9 0.0000000000E+00  0.0000000000E+00  0.0000000000E+00  0.9114707361E+00  0.0000000000E+00
L0     2000  0.4000000000E+01  -.7515273989E+04  0.1767704014E+04
L1 0.3010317492E+03  0.3010317492E+03  -.9282978003E+10  0.1000000000E+01
L2 0.1000000000E+01  0.3423068471E+02  0.3423068471E+02  0.3423068471E+02
L3 0.3087821847E+05  -.5851266624E+03  -.8624416962E+03  -.6667044122E+03
L4 -.7047575903E+03  0.2987221203E+03  0.3002057270E+03  0.2819927364E+03
L5 0.8809205837E+03  0.4287566537E+03  0.4918688501E+03  0.4301565490E+03
L6 0.1350782053E+04  -.9282978003E+04  0.1330453150E+04  -.1069075944E+05
L7 0.0000000000E+00  0.5090850688E+01  0.1215442551E+02  0.1014587814E+02
L8 0.2632932874E+01  0.4359264824E+02  0.3711552070E+01  0.0000000000E+00
L9 0.0000000000E+00  0.0000000000E+00  0.0000000000E+00  0.9533640603E+00  0.0000000000E+00
L0     3000  0.6000000000E+01  -.7537601719E+04  0.1751215012E+04
L1 0.2982237490E+03  0.2982237490E+03  -.9288816731E+10  0.1000000000E+01
L2 0.1000000000E+01  0.3402886981E+02  0.3402886981E+02  0.3402886981E+02
L3 0.3033293583E+05  -.2454479835E+03  0.9197038587E+03  -.1860864743E+03
L4 0.1627231336E+03  0.2651056841E+03  0.2905902609E+03  0.3044293972E+03
L5 0.8601253422E+03  0.3186891122E+03  0.8981091500E+02  0.3450536919E+03
L6 0.7535537191E+03  -.9288816731E+04  0.1411443541E+04  -.1077121451E+05
L7 0.0000000000E+00  0.3614378197E+01  0.8508485616E+01  0.9674942535E+01
L8 0.2632668579E+01  0.4438953204E+02  0.2134226865E+01  0.0000000000E+00
L9 0.0000000000E+00  0.0000000000E+00  0.0000000000E+00  0.9705022916E+00  0.0000000000E+00
L0     4000  0.8000000000E+01  -.7581094628E+04  0.1749724614E+04
L1 0.2979699412E+03  0.2979699412E+03  -.9330819241E+10  0.1000000000E+01
L2 0.1000000000E+01  0.3392276658E+02  0.3392276658E+02  0.3392276658E+02
L3 0.3005174409E+05  -.3287080306E+03  0.2239122604E+03  -.1267083888E+04
L4 -.4572932194E+03  0.2947971729E+03  0.2769152555E+03  0.2795483401E+03
L5 0.8512607685E+03  0.3658917666E+03  0.2284864078E+03  0.5535994911E+03
L6 0.1147977665E+04  -.9330819241E+04  0.1333171164E+04  -.1074182026E+05
L7 0.0000000000E+00  0.5371417895E+01  0.9895313455E+01  0.1126735177E+02
L8 0.3297561275E+01  0.4375732361E+02  0.4240882145E+01  0.0000000000E+00
L9 0.0000000000E+00  0.0000000000E+00  0.0000000000E+00  0.9795832033E+00  0.0000000000E+00
L0     5000  0.1000000000E+02  -.7607620649E+04  0.1796275353E+04
L1 0.3058973149E+03  0.3058973149E+03  -.9403896002E+10  0.1000000000E+01
L2 0.1000000000E+01  0.3392863085E+02  0.3392863085E+02  0.3392863085E+02
L3 0.3006657649E+05  -.3969093125E+03  -.8200085609E+03  0.6901360541E+03
L4 -.1755939398E+03  0.3131130919E+03  0.2931728446E+03  0.2805849652E+03
L5 0.8868709017E+03  0.3990009651E+03  0.4706158754E+03  0.1312452645E+03
L6 0.1000862105E+04  -.9403896002E+04  0.1382476888E+04  -.1085944998E+05
L7 0.0000000000E+00  0.1566989894E+01  0.1132443905E+02  0.1015266899E+02
L8 0.3071619227E+01  0.4350359977E+02  0.3457770917E+01  0.0000000000E+00
L9 0.0000000000E+00  0.0000000000E+00  0.0000000000E+00  0.9790999567E+00  0.0000000000E+00
L0     6000  0.1200000000E+02  -.7630053194E+04  0.1758084317E+04
L1 0.2993935597E+03  0.2993935597E+03  -.9388137512E+10  0.1000000000E+01
L2 0.1000000000E+01  0.3388457619E+02  0.3388457619E+02  0.3388457619E+02
L3 0.2994913279E+05  0.3438112203E+03  -.2712857626E+02  -.3091736743E+03
L4 0.2502989909E+01  0.2962003954E+03  0.2962051071E+03  0.2947409398E+03
L5 0.8871464422E+03  0.2220931147E+03  0.3020525748E+03  0.3613822211E+03
L6 0.8855279106E+03  -.9388137512E+04  0.1412427575E+04  -.1087335455E+05
L7 0.0000000000E+00  0.3550323855E+01  0.1163550020E+02  0.9400581855E+01
L8 0.3207584860E+01  0.4339696140E+02  0.1598510706E+01  0.0000000000E+00
L9 0.0000000000E+00  0.0000000000E+00  0.0000000000E+00  0.9829394374E+00  0.0000000000E+00
L0     7000  0.1400000000E+02  -.7566379728E+04  0.1747874464E+04
L1 0.2976548694E+03  0.2976548694E+03  -.9314254193E+10  0.1000000000E+01
L2 0.1000000000E+01  0.3393657994E+02  0.3393657994E+02  0.3393657994E+02
L3 0.3008557707E+05  0.5163926547E+03  0.4273011582E+03  0.9185572176E+03
L4 0.6207503435E+03  0.2857281782E+03  0.3072924778E+03  0.3111612575E+03
L5 0.9041819136E+03  0.1739144877E+03  0.2147696291E+03  0.1122675056E+03
L6 0.5009516224E+03  -.9314254193E+04  0.1454876626E+04  -.1084142083E+05
L7 0.0000000000E+00  0.2193128510E+01  0.1266580431E+02  0.8973424154E+01
L8 0.2946900420E+01  0.4334485054E+02  0.2165904637E+01  0.0000000000E+00
L9 0.0000000000E+00  0.0000000000E+00  0.0000000000E+00  0.9784816049E+00  0.0000000000E+00
L0     8000  0.1600000000E+02  -.7588735389E+04  0.1781872375E+04
L1 0.3034445549E+03  0.3034445549E+03  -.9370607764E+10  0.1000000000E+01
L2 0.1000000000E+01  0.3389011176E+02  0.3389011176E+02  0.3389011176E+02
L3 0.2996275065E+05  0.2056227403E+03  0.1757406154E+03  0.8187793640E+03
L4 0.4000475732E+03  0.2975582453E+03  0.2872284494E+03  0.3102569966E+03
L5 0.8950436913E+03  0.2532168451E+03  0.2493309633E+03  0.1336917812E+03
L6 0.6362395896E+03  -.9370607764E+04  0.1449198702E+04  -.1089749979E+05
L7 0.0000000000E+00  0.3582577554E+01  0.7326352655E+01  0.1303320190E+02
L8 0.3041379907E+01  0.4807656226E+02  0.2633252890E+01  0.0000000000E+00
L9 0.0000000000E+00  0.0000000000E+00  0.0000000000E+00  0.9824926984E+00  0.0000000000E+00
L0     9000  0.1800000000E+02  -.7633525480E+04  0.1711588989E+04
L1 0.2914756221E+03  0.2914756221E+03  -.9345114468E+10  0.1000000000E+01
L2 0.1000000000E+01  0.3382244976E+02  0.3382244976E+02  0.3382244976E+02
L3 0.2978514113E+05  -.2205705886E+03  0.3537100581E+03  -.6215509372E+03
L4 -.1628038226E+03  0.2830382735E+03  0.2765470687E+03  0.2861822601E+03
L5 0.8457676023E+03  0.3303211451E+03  0.2007235994E+03  0.4194217520E+03
L6 0.9504664965E+03  -.9345114468E+04  0.1364390424E+04  -.1078606840E+05
L7 0.0000000000E+00  0.4657161945E+01  0.6519660021E+01  0.1094850272E+02
L8 0.4589215531E+01  0.4875296392E+02  0.1096006457E+01  0.0000000000E+00
L9 0.0000000000E+00  0.0000000000E+00  0.0000000000E+00  0.9883513261E+00  0.0000000000E+00
L0    10000  0.2000000000E+02  -.7563843676E+04  0.1748062704E+04
L1 0.2976869257E+03  0.2976869257E+03  -.9311906380E+10  0.1000000000E+01
L2 0.1000000000E+01  0.3382062022E+02  0.3382062022E+02  0.3382062022E+02
L3 0.2977854160E+05  0.4825992972E+03  0.3627806881E+03  0.6611011204E+03
L4 0.5021603685E+03  0.2784676402E+03  0.2859838456E+03  0.3017609528E+03
L5 0.8662124387E+03  0.1750376010E+03  0.2082331712E+03  0.1600746403E+03
L6 0.5433454125E+03  -.9311906380E+04  0.1438371106E+04  -.1082116000E+05
L7 0.0000000000E+00  0.3352030518E+01  0.9013012370E+01  0.1056793397E+02
L8 0.3289371859E+01  0.4293366616E+02  0.1726499766E+01  0.0000000000E+00
L9 0.0000000000E+00  0.0000000000E+00  0.0000000000E+00  0.9885703650E+00  0.0000000000E+00
