L0  Nsteps           time(ps)         Etot             EKinetic        
L1  Temp             T_solute         T_solv           Pres_scal_solu  
L2  Pres_scal_solv   BoxX             BoxY             BoxZ            
L3  volume           pres_X           pres_Y           pres_Z          
L4  Pressure         EKCoM_x          EKCoM_y          EKCoM_z         
L5  EKComTot         VIRIAL_x         VIRIAL_y         VIRIAL_z        
L6  VIRIAL_tot       E_pot            E_vdw            E_el            
L7  E_hbon           E_bon            E_angle          E_dih           
L8  E_14vdw          E_14el           E_const          E_pol           
L9  AV_permMoment    AV_indMoment     AV_totMoment     Density          dV/dlambda      
L0     1000  0.2000000000E+01  -.7311240325E+04  0.1653342921E+04
L1 0.2897943987E+03  0.2897943987E+03  -.8964583246E+10  0.1000000000E+01
L2 0.1000000000E+01  0.3452680517E+02  0.3452680517E+02  0.3452680517E+02
L3 0.3168437100E+05  0.2299597113E+02  0.4211747645E+03  -.2686312153E+03
L4 0.5851317346E+02  0.2771384252E+03  0.2682792548E+03  0.2827506286E+03
L5 0.8281683085E+03  0.2718945370E+03  0.1722366319E+03  0.3440079703E+03
L6 0.7881391392E+03  -.8964583246E+04  0.1440125194E+04  -.1048130224E+05
L7 0.0000000000E+00  0.3658187335E+01  0.7604074584E+01  0.9822491960E+01
L8 0.4140752024E+01  0.4904799137E+02  0.2320304964E+01  0.0000000000E+00
L9 0.0000000000E+00  0.0000000000E+00  0.0000000000E+00  0.9026694615E+00  0.0000000000E+00
L0     2000  0.4000000000E+01  -.7351669144E+04  0.1657317367E+04
L1 0.2904910310E+03  0.2904910310E+03  -.9008986510E+10  0.1000000000E+01
L2 0.1000000000E+01  0.3394407895E+02  0.3394407895E+02  0.3394407895E+02
L3 0.3010695527E+05  0.7000241262E+02  0.6592396317E+03  -.4641294728E+03
L4 0.8837085718E+02  0.2794708885E+03  0.2819981866E+03  0.2629841347E+03
L5 0.8244532097E+03  0.2643026054E+03  0.1391526333E+03  0.3635527718E+03
L6 0.7670080105E+03  -.9008986510E+04  0.1385690986E+04  -.1047022517E+05
L7 0.0000000000E+00  0.4096290170E+01  0.7891621765E+01  0.1142083030E+02
L8 0.1959006691E+01  0.4664314106E+02  0.3536788028E+01  0.0000000000E+00
L9 0.0000000000E+00  0.0000000000E+00  0.0000000000E+00  0.9499636829E+00  0.0000000000E+00
L0     3000  0.6000000000E+01  -.7447476826E+04  0.1694677254E+04
L1 0.2970393918E+03  0.2970393918E+03  -.9142154080E+10  0.1000000000E+01
L2 0.1000000000E+01  0.3369852559E+02  0.3369852559E+02  0.3369852559E+02
L3 0.2945901959E+05  -.1029862085E+03  0.3755305505E+03  -.8468616193E+03
L4 -.1914390925E+03  0.2857558033E+03  0.2835811491E+03  0.2563597526E+03
L5 0.8256967050E+03  0.3075908407E+03  0.2039615212E+03  0.4359105425E+03
L6 0.9474629044E+03  -.9142154080E+04  0.1370949410E+04  -.1058768117E+05
L7 0.0000000000E+00  0.3416247652E+01  0.8060138783E+01  0.1007653253E+02
L8 0.2918825854E+01  0.4762223217E+02  0.2483700958E+01  0.0000000000E+00
L9 0.0000000000E+00  0.0000000000E+00  0.0000000000E+00  0.9708576357E+00  0.0000000000E+00
L0     4000  0.8000000000E+01  -.7400210782E+04  0.1752766386E+04
L1 0.3072211303E+03  0.3072211303E+03  -.9152977168E+10  0.1000000000E+01
L2 0.1000000000E+01  0.3355603753E+02  0.3355603753E+02  0.3355603753E+02
L3 0.2908753605E+05  -.7694752048E+02  -.6305640069E+03  -.5892932897E+03
L4 -.4322682724E+03  0.3061604607E+03  0.2914829981E+03  0.2855162241E+03
L5 0.8831596829E+03  0.3222690736E+03  0.4234887003E+03  0.4088820897E+03
L6 0.1154639864E+04  -.9152977168E+04  0.1329077970E+04  -.1055835421E+05
L7 0.0000000000E+00  0.3459586985E+01  0.7092110358E+01  0.1151787036E+02
L8 0.2402020824E+01  0.4645580856E+02  0.5371679530E+01  0.0000000000E+00
L9 0.0000000000E+00  0.0000000000E+00  0.0000000000E+00  0.9832566796E+00  0.0000000000E+00
L0     5000  0.1000000000E+02  -.7516040314E+04  0.1684149932E+04
L1 0.2951941855E+03  0.2951941855E+03  -.9200190246E+10  0.1000000000E+01
L2 0.1000000000E+01  0.3355651734E+02  0.3355651734E+02  0.3355651734E+02
L3 0.2908870306E+05  -.9066655793E+03  -.8826828686E+01  -.2879280871E+03
L4 -.4011401650E+03  0.3076338157E+03  0.2850927873E+03  0.2693174850E+03
L5 0.8620440880E+03  0.4974477395E+03  0.2869407178E+03  0.3295963367E+03
L6 0.1113984794E+04  -.9200190246E+04  0.1341777706E+04  -.1061745093E+05
L7 0.0000000000E+00  0.5347369023E+01  0.8017340041E+01  0.1151867771E+02
L8 0.1995431002E+01  0.4437615006E+02  0.4228006841E+01  0.0000000000E+00
L9 0.0000000000E+00  0.0000000000E+00  0.0000000000E+00  0.9832172324E+00  0.0000000000E+00
L0     6000  0.1200000000E+02  -.7444810917E+04  0.1732202803E+04
L1 0.3036167896E+03  0.3036167896E+03  -.9177013720E+10  0.1000000000E+01
L2 0.1000000000E+01  0.3360678301E+02  0.3360678301E+02  0.3360678301E+02
L3 0.2921883687E+05  -.1585369848E+03  -.1415965374E+03  -.3739196575E+01
L4 -.1012909063E+03  0.2870154960E+03  0.3148874457E+03  0.2785730202E+03
L5 0.8804759619E+03  0.3203543064E+03  0.3446638421E+03  0.2793593374E+03
L6 0.9443774858E+03  -.9177013720E+04  0.1362396514E+04  -.1061194682E+05
L7 0.0000000000E+00  0.2614814272E+01  0.7853655611E+01  0.9418929712E+01
L8 0.3139543565E+01  0.4615106737E+02  0.3358575563E+01  0.0000000000E+00
L9 0.0000000000E+00  0.0000000000E+00  0.0000000000E+00  0.9788382145E+00  0.0000000000E+00
L0     7000  0.1400000000E+02  -.7406927536E+04  0.1701768145E+04
L1 0.2982822680E+03  0.2982822680E+03  -.9108695680E+10  0.1000000000E+01
L2 0.1000000000E+01  0.3357503057E+02  0.3357503057E+02  0.3357503057E+02
L3 0.2913639486E+05  0.9396824245E+03  -.7533931336E+03  -.8359676225E+03
L4 -.2165594439E+03  0.2677270742E+03  0.2772837914E+03  0.2918961591E+03
L5 0.8369070247E+03  0.7067840860E+02  0.4352681357E+03  0.4671961330E+03
L6 0.9731426772E+03  -.9108695680E+04  0.1342811802E+04  -.1053285256E+05
L7 0.0000000000E+00  0.6232908920E+01  0.1370391952E+02  0.9685486412E+01
L8 0.5590142380E+01  0.4322562729E+02  0.2906991020E+01  0.0000000000E+00
L9 0.0000000000E+00  0.0000000000E+00  0.0000000000E+00  0.9816078567E+00  0.0000000000E+00
L0     8000  0.1600000000E+02  -.7433209068E+04  0.1677486887E+04
L1 0.2940263013E+03  0.2940263013E+03  -.9110695955E+10  0.1000000000E+01
L2 0.1000000000E+01  0.3354182999E+02  0.3354182999E+02  0.3354182999E+02
L3 0.2905097836E+05  -.5367018373E+03  -.9983646980E+03  -.1940362715E+03
L4 -.5763676022E+03  0.2841875961E+03  0.2739155741E+03  0.2761026070E+03
L5 0.8342057773E+03  0.3964024698E+03  0.4826559970E+03  0.3166721638E+03
L6 0.1195730631E+04  -.9110695955E+04  0.1285114387E+04  -.1046758946E+05
L7 0.0000000000E+00  0.4092035382E+01  0.6027909174E+01  0.1070539562E+02
L8 0.4357208622E+01  0.4448032970E+02  0.2116241533E+01  0.0000000000E+00
L9 0.0000000000E+00  0.0000000000E+00  0.0000000000E+00  0.9844940078E+00  0.0000000000E+00
L0     9000  0.1800000000E+02  -.7411230560E+04  0.1676042281E+04
L1 0.2937730938E+03  0.2937730938E+03  -.9087272841E+10  0.1000000000E+01
L2 0.1000000000E+01  0.3354009703E+02  0.3354009703E+02  0.3354009703E+02
L3 0.2904517739E+05  0.2600495900E+03  -.2529655875E+03  -.2328295234E+03
L4 -.7524850700E+02  0.3010753201E+03  0.2782974511E+03  0.2676448168E+03
L5 0.8470175881E+03  0.2467144016E+03  0.3311775257E+03  0.3163156367E+03
L6 0.8942075640E+03  -.9087272841E+04  0.1334262106E+04  -.1049391134E+05
L7 0.0000000000E+00  0.1869291760E+01  0.6788025991E+01  0.1380837501E+02
L8 0.2707005518E+01  0.4457511598E+02  0.2628574091E+01  0.0000000000E+00
L9 0.0000000000E+00  0.0000000000E+00  0.0000000000E+00  0.9846906331E+00  0.0000000000E+00
L0    10000  0.2000000000E+02  -.7368516912E+04  0.1722592852E+04
L1 0.3019323780E+03  0.3019323780E+03  -.9091109764E+10  0.1000000000E+01
L2 0.1000000000E+01  0.3344653184E+02  0.3344653184E+02  0.3344653184E+02
L3 0.2880175942E+05  -.3778019973E+03  0.9506569728E+03  0.3897368225E+03
L4 0.3208639327E+03  0.2781674206E+03  0.2901551442E+03  0.2921885000E+03
L5 0.8605110648E+03  0.3564815002E+03  0.9309470956E+02  0.2114004662E+03
L6 0.6609766759E+03  -.9091109764E+04  0.1376330661E+04  -.1054349054E+05
L7 0.0000000000E+00  0.5295528616E+01  0.8511499588E+01  0.1046136591E+02
L8 0.3478244716E+01  0.4488796030E+02  0.3415518639E+01  0.0000000000E+00
L9 0.0000000000E+00  0.0000000000E+00  0.0000000000E+00  0.9930127427E+00  0.0000000000E+00
