L0  Nsteps           time(ps)         Etot             EKinetic        
L1  Temp             T_solute         T_solv           Pres_scal_solu  
L2  Pres_scal_solv   BoxX             BoxY             BoxZ            
L3  volume           pres_X           pres_Y           pres_Z          
L4  Pressure         EKCoM_x          EKCoM_y          EKCoM_z         
L5  EKComTot         VIRIAL_x         VIRIAL_y         VIRIAL_z        
L6  VIRIAL_tot       E_pot            E_vdw            E_el            
L7  E_hbon           E_bon            E_angle          E_dih           
L8  E_14vdw          E_14el           E_const          E_pol           
L9  AV_permMoment    AV_indMoment     AV_totMoment     Density          dV/dlambda      
L0     1000  0.2000000000E+01  -.7286436744E+04  0.1644298953E+04
L1 0.2909453547E+03  0.2909453547E+03  -.8930735697E+10  0.1000000000E+01
L2 0.1000000000E+01  0.3439264496E+02  0.3439264496E+02  0.3439264496E+02
L3 0.3131756509E+05  -.3833139161E+03  -.4285092453E+03  -.2014823009E+03
L4 -.3377684874E+03  0.2609657809E+03  0.2695622350E+03  0.2886941911E+03
L5 0.8192222069E+03  0.3473628789E+03  0.3661461410E+03  0.3341073247E+03
L6 0.1047616345E+04  -.8930735697E+04  0.1376178425E+04  -.1038332171E+05
L7 0.0000000000E+00  0.1956328634E+01  0.1132976370E+02  0.1332817697E+02
L8 0.2200137665E+01  0.4578004985E+02  0.1813129776E+01  0.0000000000E+00
L9 0.0000000000E+00  0.0000000000E+00  0.0000000000E+00  0.9046445048E+00  0.0000000000E+00
L0     2000  0.4000000000E+01  -.7175850322E+04  0.1734553090E+04
L1 0.3069150917E+03  0.3069150917E+03  -.8910403412E+10  0.1000000000E+01
L2 0.1000000000E+01  0.3383675444E+02  0.3383675444E+02  0.3383675444E+02
L3 0.2982348479E+05  -.2708813964E+03  -.8871814324E+03  0.6499317301E+02
L4 -.3643565519E+03  0.2957961793E+03  0.2891340612E+03  0.2853426442E+03
L5 0.8702728847E+03  0.3539387390E+03  0.4795605731E+03  0.2713923712E+03
L6 0.1104891683E+04  -.8910403412E+04  0.1306947526E+04  -.1029434189E+05
L7 0.0000000000E+00  0.2425210350E+01  0.1490084676E+02  0.1156651016E+02
L8 0.2699021810E+01  0.4150799900E+02  0.3891366696E+01  0.0000000000E+00
L9 0.0000000000E+00  0.0000000000E+00  0.0000000000E+00  0.9499648802E+00  0.0000000000E+00
L0     3000  0.6000000000E+01  -.7300445736E+04  0.1728554645E+04
L1 0.3058537155E+03  0.3058537155E+03  -.9029000381E+10  0.1000000000E+01
L2 0.1000000000E+01  0.3359517165E+02  0.3359517165E+02  0.3359517165E+02
L3 0.2918825067E+05  0.3234293370E+03  -.8403023086E+03  0.5710972262E+03
L4 0.1807475152E+02  0.2665790378E+03  0.2950143803E+03  0.2979762039E+03
L5 0.8595696220E+03  0.1986361412E+03  0.4715369350E+03  0.1780056406E+03
L6 0.8481787168E+03  -.9029000381E+04  0.1375657021E+04  -.1048334665E+05
L7 0.0000000000E+00  0.3105389147E+01  0.1137638999E+02  0.9908904729E+01
L8 0.5260385420E+01  0.4541650992E+02  0.3621663754E+01  0.0000000000E+00
L9 0.0000000000E+00  0.0000000000E+00  0.0000000000E+00  0.9706392987E+00  0.0000000000E+00
L0     4000  0.8000000000E+01  -.7312746830E+04  0.1709819922E+04
L1 0.3025387583E+03  0.3025387583E+03  -.9022566752E+10  0.1000000000E+01
L2 0.1000000000E+01  0.3340953105E+02  0.3340953105E+02  0.3340953105E+02
L3 0.2870703179E+05  -.7516960706E+02  -.3147110458E+03  0.4691176939E+03
L4 0.2641234703E+02  0.2628479882E+03  0.2887987395E+03  0.3034567054E+03
L5 0.8551034331E+03  0.2783785494E+03  0.3538202204E+03  0.2065337420E+03
L6 0.8387325119E+03  -.9022566752E+04  0.1336578208E+04  -.1043685476E+05
L7 0.0000000000E+00  0.2940890050E+01  0.1252497493E+02  0.1413752907E+02
L8 0.3382098323E+01  0.4300931917E+02  0.1714991176E+01  0.0000000000E+00
L9 0.0000000000E+00  0.0000000000E+00  0.0000000000E+00  0.9869102235E+00  0.0000000000E+00
L0     5000  0.1000000000E+02  -.7331577276E+04  0.1700829971E+04
L1 0.3009480594E+03  0.3009480594E+03  -.9032407247E+10  0.1000000000E+01
L2 0.1000000000E+01  0.3339960788E+02  0.3339960788E+02  0.3339960788E+02
L3 0.2868109842E+05  0.2300675102E+03  0.3646477228E+03  -.9144734194E+02
L4 0.1677559637E+03  0.2666993261E+03  0.2692013356E+03  0.2872233204E+03
L5 0.8231239821E+03  0.2192087266E+03  0.1939306510E+03  0.3060999062E+03
L6 0.7192392838E+03  -.9032407247E+04  0.1365538808E+04  -.1048154188E+05
L7 0.0000000000E+00  0.2494051921E+01  0.1031399365E+02  0.1308741574E+02
L8 0.3962189253E+01  0.4721492922E+02  0.6523242748E+01  0.0000000000E+00
L9 0.0000000000E+00  0.0000000000E+00  0.0000000000E+00  0.9878025849E+00  0.0000000000E+00
L0     6000  0.1200000000E+02  -.7289304262E+04  0.1699445761E+04
L1 0.3007031347E+03  0.3007031347E+03  -.8988750023E+10  0.1000000000E+01
L2 0.1000000000E+01  0.3336271463E+02  0.3336271463E+02  0.3336271463E+02
L3 0.2858692280E+05  -.9966935530E+03  -.8788399994E+02  0.6902210049E+03
L4 -.1314521827E+03  0.2739425896E+03  0.2926568114E+03  0.2736827606E+03
L5 0.8402821616E+03  0.4790048017E+03  0.3107382842E+03  0.1316749733E+03
L6 0.9214180593E+03  -.8988750023E+04  0.1311479471E+04  -.1037263913E+05
L7 0.0000000000E+00  0.2745355096E+01  0.1060415618E+02  0.1049163043E+02
L8 0.2395838775E+01  0.4083740851E+02  0.5335246008E+01  0.0000000000E+00
L9 0.0000000000E+00  0.0000000000E+00  0.0000000000E+00  0.9910567625E+00  0.0000000000E+00
L0     7000  0.1400000000E+02  -.7359631730E+04  0.1655695491E+04
L1 0.2929618795E+03  0.2929618795E+03  -.9015327221E+10  0.1000000000E+01
L2 0.1000000000E+01  0.3337463440E+02  0.3337463440E+02  0.3337463440E+02
L3 0.2861728266E+05  -.2662491459E+03  0.8739044994E+03  -.6593919162E+03
L4 -.1724552090E+02  0.2690686933E+03  0.2899923463E+03  0.2657708958E+03
L5 0.8248319355E+03  0.3239056313E+03  0.1100021094E+03  0.4015799085E+03
L6 0.8354876492E+03  -.9015327221E+04  0.1336323935E+04  -.1043065114E+05
L7 0.0000000000E+00  0.3999885865E+01  0.1333337696E+02  0.1239462910E+02
L8 0.2636846208E+01  0.4341056816E+02  0.3224672323E+01  0.0000000000E+00
L9 0.0000000000E+00  0.0000000000E+00  0.0000000000E+00  0.9900053577E+00  0.0000000000E+00
L0     8000  0.1600000000E+02  -.7294185497E+04  0.1675764672E+04
L1 0.2965129582E+03  0.2965129582E+03  -.8969950169E+10  0.1000000000E+01
L2 0.1000000000E+01  0.3342539726E+02  0.3342539726E+02  0.3342539726E+02
L3 0.2874710213E+05  0.2609239787E+03  0.9959590859E+03  -.1854511923E+03
L4 0.3571439575E+03  0.2800201182E+03  0.2662878798E+03  0.2764395507E+03
L5 0.8227475488E+03  0.2260361700E+03  0.6022861322E+02  0.3148085332E+03
L6 0.6010733164E+03  -.8969950169E+04  0.1379529199E+04  -.1043232126E+05
L7 0.0000000000E+00  0.3645344361E+01  0.1575562898E+02  0.1254939387E+02
L8 0.4031878714E+01  0.4272314918E+02  0.4136492035E+01  0.0000000000E+00
L9 0.0000000000E+00  0.0000000000E+00  0.0000000000E+00  0.9855345779E+00  0.0000000000E+00
L0     9000  0.1800000000E+02  -.7262088857E+04  0.1750318623E+04
L1 0.3097046748E+03  0.3097046748E+03  -.9012407480E+10  0.1000000000E+01
L2 0.1000000000E+01  0.3342447332E+02  0.3342447332E+02  0.3342447332E+02
L3 0.2874750243E+05  -.9810631583E+03  -.1705005476E+03  -.1034296226E+04
L4 -.7286199774E+03  0.3049764153E+03  0.2814845099E+03  0.2720909989E+03
L5 0.8585519241E+03  0.5079566108E+03  0.3167607653E+03  0.4860850201E+03
L6 0.1310802396E+04  -.9012407480E+04  0.1240464308E+04  -.1032585812E+05
L7 0.0000000000E+00  0.5788354796E+01  0.7432981337E+01  0.9414620279E+01
L8 0.3912043850E+01  0.4410844135E+02  0.2329887538E+01  0.0000000000E+00
L9 0.0000000000E+00  0.0000000000E+00  0.0000000000E+00  0.9855208544E+00  0.0000000000E+00
L0    10000  0.2000000000E+02  -.7289127604E+04  0.1693528460E+04
L1 0.2996561164E+03  0.2996561164E+03  -.8982656064E+10  0.1000000000E+01
L2 0.1000000000E+01  0.3346848719E+02  0.3346848719E+02  0.3346848719E+02
L3 0.2885985164E+05  -.4394003685E+03  -.3148418814E+03  0.1600199207E+03
L4 -.1980741097E+03  0.2834662958E+03  0.2648192307E+03  0.2839903951E+03
L5 0.8322759216E+03  0.3747327317E+03  0.3302140242E+03  0.2507531726E+03
L6 0.9556999285E+03  -.8982656064E+04  0.1304439328E+04  -.1036305746E+05
L7 0.0000000000E+00  0.4685098656E+01  0.5871964756E+01  0.1020517466E+02
L8 0.3775228712E+01  0.4744858774E+02  0.3976010604E+01  0.0000000000E+00
L9 0.0000000000E+00  0.0000000000E+00  0.0000000000E+00  0.9816842966E+00  0.0000000000E+00
