23.783617
21.983842
20.448135
22.492078
28.473810
36.400652
32.831331
26.061100
21.812321
20.082144
22.744632
24.107738
28.014910
28.052168
27.484376
25.702426
25.196582
25.744071
25.572743
24.709534
25.491549
23.555399
23.071547
25.348720
28.304690
25.412681
23.878706
23.032922
21.603018
21.763969
23.734157
23.300302
23.758741
22.725896
22.340098
21.283704
18.713117
18.012581
17.919895
15.176090
13.591214
13.593090
16.386789
18.187840
18.168106
16.411033
17.013741
14.682153
13.332270
14.036636
13.374589
10.736874
9.547158
11.151906
14.039486
15.318076
15.322812
14.044793
17.501156
11.484906
11.802092
12.595937
12.155380
10.552248
10.703030
12.759621
14.903894
15.340649
15.784089
14.516329
14.769787
9.130528
9.554354
9.748037
10.034390
9.934249
10.808842
13.013444
15.525346
16.638242
16.417320
14.359852
11.131326
16.530711
16.272057
17.766946
20.682313
24.912314
29.193174
28.170889
23.348237
18.777075
17.130829
18.916278
17.986637
9.768713
11.650182
11.811658
11.108250
10.559455
11.825963
16.022247
20.650314
21.732677
18.485197
14.401954
10.290788
18.159585
20.249411
19.347431
16.826580
15.875121
20.525692
26.660367
33.870098
28.646871
22.314822
17.554266
15.025138
5.061707
12.899024
17.345966
19.101626
21.380458
20.922252
19.397917
17.305556
14.788047
13.858987
3.489213
5.374469
16.302412
19.916138
22.923389
23.129481
22.144865
21.355198
21.496551
21.051100
19.403493
17.819516
15.438220
15.229437
