L0  Nsteps           time(ps)         Etot             EKinetic        
L1  Temp             T_solute         T_solv           Pres_scal_solu  
L2  Pres_scal_solv   BoxX             BoxY             BoxZ            
L3  volume           pres_X           pres_Y           pres_Z          
L4  Pressure         EKCoM_x          EKCoM_y          EKCoM_z         
L5  EKComTot         VIRIAL_x         VIRIAL_y         VIRIAL_z        
L6  VIRIAL_tot       E_pot            E_vdw            E_el            
L7  E_hbon           E_bon            E_angle          E_dih           
L8  E_14vdw          E_14el           E_const          E_pol           
L9  AV_permMoment    AV_indMoment     AV_totMoment     Density          dV/dlambda      
L0     1000  0.2000000000E+01  -.7308249168E+04  0.1734464856E+04
L1 0.3018057121E+03  0.3018057121E+03  -.9042714024E+10  0.1000000000E+01
L2 0.1000000000E+01  0.3447697789E+02  0.3447697789E+02  0.3447697789E+02
L3 0.3154886667E+05  -.3206211745E+03  -.5132139831E+03  -.5614170102E+03
L4 -.4650840559E+03  0.3007920231E+03  0.2693867674E+03  0.2974685150E+03
L5 0.8676473055E+03  0.3735922183E+03  0.3859170564E+03  0.4249437759E+03
L6 0.1184453051E+04  -.9042714024E+04  0.1381001470E+04  -.1049391956E+05
L7 0.0000000000E+00  0.2767968378E+01  0.7626665752E+01  0.1158284525E+02
L8 0.2683171017E+01  0.4256418187E+02  0.2979234032E+01  0.0000000000E+00
L9 0.0000000000E+00  0.0000000000E+00  0.0000000000E+00  0.9131843570E+00  0.0000000000E+00
L0     2000  0.4000000000E+01  -.7327895595E+04  0.1716765683E+04
L1 0.2987259659E+03  0.2987259659E+03  -.9044661279E+10  0.1000000000E+01
L2 0.1000000000E+01  0.3395984356E+02  0.3395984356E+02  0.3395984356E+02
L3 0.3015006890E+05  -.5441604377E+03  -.5979853573E+03  0.1282993607E+03
L4 -.3379488114E+03  0.3007068944E+03  0.2630651458E+03  0.2972117844E+03
L5 0.8609838247E+03  0.4187856732E+03  0.3928235330E+03  0.2693717748E+03
L6 0.1080980981E+04  -.9044661279E+04  0.1328466064E+04  -.1044800914E+05
L7 0.0000000000E+00  0.1721122856E+01  0.1394778574E+02  0.8987155997E+01
L8 0.2999966317E+01  0.4141880929E+02  0.5806959282E+01  0.0000000000E+00
L9 0.0000000000E+00  0.0000000000E+00  0.0000000000E+00  0.9555511005E+00  0.0000000000E+00
L0     3000  0.6000000000E+01  -.7474231437E+04  0.1656724307E+04
L1 0.2882784609E+03  0.2882784609E+03  -.9130955744E+10  0.1000000000E+01
L2 0.1000000000E+01  0.3378426009E+02  0.3378426009E+02  0.3378426009E+02
L3 0.2968407761E+05  0.1818167452E+03  -.1865663997E+03  -.1616425360E+03
L4 -.5546406347E+02  0.2927817669E+03  0.2652492912E+03  0.2733882062E+03
L5 0.8314192644E+03  0.2539386549E+03  0.3051071138E+03  0.3079213243E+03
L6 0.8669670929E+03  -.9130955744E+04  0.1380184990E+04  -.1059225366E+05
L7 0.0000000000E+00  0.6813309056E+01  0.7720945629E+01  0.1368521334E+02
L8 0.2887682637E+01  0.4623936401E+02  0.3766411968E+01  0.0000000000E+00
L9 0.0000000000E+00  0.0000000000E+00  0.0000000000E+00  0.9705516843E+00  0.0000000000E+00
L0     4000  0.8000000000E+01  -.7438014648E+04  0.1739403950E+04
L1 0.3026651396E+03  0.3026651396E+03  -.9177418599E+10  0.1000000000E+01
L2 0.1000000000E+01  0.3371673824E+02  0.3371673824E+02  0.3371673824E+02
L3 0.2950643844E+05  0.2336481275E+03  0.3237893922E+03  -.7087651803E+03
L4 -.5044255353E+02  0.2882859069E+03  0.2771535723E+03  0.2847444405E+03
L5 0.8501839196E+03  0.2386683157E+03  0.2083935533E+03  0.4352580410E+03
L6 0.8823199101E+03  -.9177418599E+04  0.1385140912E+04  -.1063835689E+05
L7 0.0000000000E+00  0.3882154465E+01  0.9064277388E+01  0.1305231570E+02
L8 0.2722439530E+01  0.4335711370E+02  0.3719080600E+01  0.0000000000E+00
L9 0.0000000000E+00  0.0000000000E+00  0.0000000000E+00  0.9763947479E+00  0.0000000000E+00
L0     5000  0.1000000000E+02  -.7443857582E+04  0.1696070025E+04
L1 0.2951248161E+03  0.2951248161E+03  -.9139927607E+10  0.1000000000E+01
L2 0.1000000000E+01  0.3371607567E+02  0.3371607567E+02  0.3371607567E+02
L3 0.2950538304E+05  0.3974072314E+03  -.2670379410E+03  -.1061425578E+04
L4 -.3103520960E+03  0.2853214742E+03  0.2531933508E+03  0.2852141852E+03
L5 0.8237290102E+03  0.2009309660E+03  0.3098995851E+03  0.5106107984E+03
L6 0.1021441349E+04  -.9139927607E+04  0.1324228948E+04  -.1053922939E+05
L7 0.0000000000E+00  0.4781369283E+01  0.9891384380E+01  0.1311652803E+02
L8 0.2122888130E+01  0.4418094877E+02  0.9797184023E+00  0.0000000000E+00
L9 0.0000000000E+00  0.0000000000E+00  0.0000000000E+00  0.9764296733E+00  0.0000000000E+00
L0     6000  0.1200000000E+02  -.7470010768E+04  0.1690691470E+04
L1 0.2941889201E+03  0.2941889201E+03  -.9160702238E+10  0.1000000000E+01
L2 0.1000000000E+01  0.3364438404E+02  0.3364438404E+02  0.3364438404E+02
L3 0.2931674362E+05  -.7489521338E+03  0.4465740119E+03  0.3171171475E+03
L4 0.4913008531E+01  0.2751704061E+03  0.2817124702E+03  0.2729287470E+03
L5 0.8298116233E+03  0.4331956145E+03  0.1874875551E+03  0.2060185921E+03
L6 0.8267017616E+03  -.9160702238E+04  0.1364402644E+04  -.1060214047E+05
L7 0.0000000000E+00  0.5005602340E+01  0.7420259967E+01  0.1401546197E+02
L8 0.3555195308E+01  0.4434451784E+02  0.2694554452E+01  0.0000000000E+00
L9 0.0000000000E+00  0.0000000000E+00  0.0000000000E+00  0.9827125375E+00  0.0000000000E+00
L0     7000  0.1400000000E+02  -.7447011356E+04  0.1731905782E+04
L1 0.3013604201E+03  0.3013604201E+03  -.9178917137E+10  0.1000000000E+01
L2 0.1000000000E+01  0.3357313818E+02  0.3357313818E+02  0.3357313818E+02
L3 0.2913148570E+05  -.3035447184E+03  0.1499089213E+03  -.5159162928E+03
L4 -.2231840300E+03  0.2759731283E+03  0.3228539564E+03  0.2935666380E+03
L5 0.8923937228E+03  0.3396148463E+03  0.2914237891E+03  0.4017345528E+03
L6 0.1032773188E+04  -.9178917137E+04  0.1322075777E+04  -.1057849090E+05
L7 0.0000000000E+00  0.5416854219E+01  0.9637716494E+01  0.1201216967E+02
L8 0.3502214394E+01  0.4488339468E+02  0.2045633447E+01  0.0000000000E+00
L9 0.0000000000E+00  0.0000000000E+00  0.0000000000E+00  0.9889619711E+00  0.0000000000E+00
L0     8000  0.1600000000E+02  -.7349820116E+04  0.1720763283E+04
L1 0.2994215687E+03  0.2994215687E+03  -.9070583399E+10  0.1000000000E+01
L2 0.1000000000E+01  0.3367840456E+02  0.3367840456E+02  0.3367840456E+02
L3 0.2940613230E+05  -.3419484952E+03  0.2236093330E+03  -.2846523966E+03
L4 -.1343305196E+03  0.2849206979E+03  0.2759530420E+03  0.2807848335E+03
L5 0.8416585734E+03  0.3572901332E+03  0.2286287186E+03  0.3410282137E+03
L6 0.9269470655E+03  -.9070583399E+04  0.1325336699E+04  -.1047557383E+05
L7 0.0000000000E+00  0.2303781237E+01  0.9147538965E+01  0.1139632522E+02
L8 0.4040160804E+01  0.4696456026E+02  0.5801370270E+01  0.0000000000E+00
L9 0.0000000000E+00  0.0000000000E+00  0.0000000000E+00  0.9797252906E+00  0.0000000000E+00
L0     9000  0.1800000000E+02  -.7319323870E+04  0.1753342557E+04
L1 0.3050905281E+03  0.3050905281E+03  -.9072666426E+10  0.1000000000E+01
L2 0.1000000000E+01  0.3367599833E+02  0.3367599833E+02  0.3367599833E+02
L3 0.2940030808E+05  -.2171436156E+03  -.2446170860E+03  -.4883682755E+03
L4 -.3167096590E+03  0.2971460007E+03  0.2853372656E+03  0.2955790020E+03
L5 0.8780622682E+03  0.3430928278E+03  0.3370973826E+03  0.3989160154E+03
L6 0.1079106226E+04  -.9072666426E+04  0.1287123386E+04  -.1043471090E+05
L7 0.0000000000E+00  0.1456976665E+01  0.1183111879E+02  0.1303137510E+02
L8 0.1872942464E+01  0.4511810208E+02  0.1610572882E+01  0.0000000000E+00
L9 0.0000000000E+00  0.0000000000E+00  0.0000000000E+00  0.9799193750E+00  0.0000000000E+00
L0    10000  0.2000000000E+02  -.7483950951E+04  0.1751730765E+04
L1 0.3048100680E+03  0.3048100680E+03  -.9235681715E+10  0.1000000000E+01
L2 0.1000000000E+01  0.3361454677E+02  0.3361454677E+02  0.3361454677E+02
L3 0.2923941438E+05  0.4998273182E+01  0.5467239235E+02  -.7346262042E+03
L4 -.2249851796E+03  0.2897056187E+03  0.2982655877E+03  0.3001400383E+03
L5 0.8881112448E+03  0.2886537894E+03  0.2867604101E+03  0.4547336936E+03
L6 0.1030147893E+04  -.9235681715E+04  0.1348454626E+04  -.1065701695E+05
L7 0.0000000000E+00  0.2343813712E+01  0.1078183025E+02  0.9750270141E+01
L8 0.3526524123E+01  0.4465757588E+02  0.1820598687E+01  0.0000000000E+00
L9 0.0000000000E+00  0.0000000000E+00  0.0000000000E+00  0.9853115094E+00  0.0000000000E+00
