L0  Nsteps           time(ps)         Etot             EKinetic        
L1  Temp             T_solute         T_solv           Pres_scal_solu  
L2  Pres_scal_solv   BoxX             BoxY             BoxZ            
L3  volume           pres_X           pres_Y           pres_Z          
L4  Pressure         EKCoM_x          EKCoM_y          EKCoM_z         
L5  EKComTot         VIRIAL_x         VIRIAL_y         VIRIAL_z        
L6  VIRIAL_tot       E_pot            E_vdw            E_el            
L7  E_hbon           E_bon            E_angle          E_dih           
L8  E_14vdw          E_14el           E_const          E_pol           
L9  AV_permMoment    AV_indMoment     AV_totMoment     Density          dV/dlambda      
L0     1000  0.2000000000E+01  -.7989476281E+04  0.1816687397E+04
L1 0.2913315392E+03  0.2913315392E+03  -.9806163678E+10  0.1000000000E+01
L2 0.1000000000E+01  0.3543700341E+02  0.3543700341E+02  0.3543700341E+02
L3 0.3426013264E+05  -.1084558038E+04  -.1300547778E+04  -.7042352785E+03
L4 -.1029780365E+04  0.2773833267E+03  0.3053420407E+03  0.3246518713E+03
L5 0.9073772387E+03  0.5448061180E+03  0.6260220824E+03  0.4982973170E+03
L6 0.1669125517E+04  -.9806163678E+04  0.1413933393E+04  -.1129395129E+05
L7 0.0000000000E+00  0.3078314562E+01  0.8823079614E+01  0.1113503848E+02
L8 0.3472142976E+01  0.4521835633E+02  0.2127284133E+01  0.0000000000E+00
L9 0.0000000000E+00  0.0000000000E+00  0.0000000000E+00  0.9125214774E+00  0.0000000000E+00
L0     2000  0.4000000000E+01  -.8053572269E+04  0.1858790675E+04
L1 0.2980833958E+03  0.2980833958E+03  -.9912362944E+10  0.1000000000E+01
L2 0.1000000000E+01  0.3484545555E+02  0.3484545555E+02  0.3484545555E+02
L3 0.3257118942E+05  -.2100036712E+03  -.6771076336E+03  -.4296769573E+03
L4 -.4389294207E+03  0.3066837509E+03  0.3195356119E+03  0.2923761122E+03
L5 0.9185954750E+03  0.3559123056E+03  0.4782615521E+03  0.3930999494E+03
L6 0.1227273807E+04  -.9912362944E+04  0.1466850604E+04  -.1145657393E+05
L7 0.0000000000E+00  0.2052705820E+01  0.5142134553E+01  0.1436450212E+02
L8 0.3536497864E+01  0.4654928148E+02  0.5715264008E+01  0.0000000000E+00
L9 0.0000000000E+00  0.0000000000E+00  0.0000000000E+00  0.9598392753E+00  0.0000000000E+00
L0     3000  0.6000000000E+01  -.8080661371E+04  0.1862823443E+04
L1 0.2987301072E+03  0.2987301072E+03  -.9943484813E+10  0.1000000000E+01
L2 0.1000000000E+01  0.3474388283E+02  0.3474388283E+02  0.3474388283E+02
L3 0.3228703786E+05  -.7387434449E+03  -.4713987943E+03  0.5060573383E+02
L4 -.3865121684E+03  0.3090879374E+03  0.3186286192E+03  0.2856693126E+03
L5 0.9133858692E+03  0.4807516193E+03  0.4281687488E+03  0.2739099303E+03
L6 0.1182830298E+04  -.9943484813E+04  0.1459295333E+04  -.1147752675E+05
L7 0.0000000000E+00  0.3350304676E+01  0.1106320482E+02  0.1060170655E+02
L8 0.3111534086E+01  0.4493477859E+02  0.1685070345E+01  0.0000000000E+00
L9 0.0000000000E+00  0.0000000000E+00  0.0000000000E+00  0.9682866228E+00  0.0000000000E+00
L0     4000  0.8000000000E+01  -.8078417053E+04  0.1892046082E+04
L1 0.3034163710E+03  0.3034163710E+03  -.9970463134E+10  0.1000000000E+01
L2 0.1000000000E+01  0.3456315089E+02  0.3456315089E+02  0.3456315089E+02
L3 0.3178466185E+05  0.2779982699E+03  0.1578408280E+03  -.3924160011E+03
L4 0.1447436559E+02  0.3200358897E+03  0.3239319593E+03  0.3180109189E+03
L5 0.9619787679E+03  0.2564418712E+03  0.2878247830E+03  0.4077787812E+03
L6 0.9520454355E+03  -.9970463134E+04  0.1491429742E+04  -.1154021007E+05
L7 0.0000000000E+00  0.9436743055E+00  0.9661078347E+01  0.1128235761E+02
L8 0.4725470021E+01  0.4933144852E+02  0.2373160309E+01  0.0000000000E+00
L9 0.0000000000E+00  0.0000000000E+00  0.0000000000E+00  0.9835909851E+00  0.0000000000E+00
L0     5000  0.1000000000E+02  -.8079525338E+04  0.1907329503E+04
L1 0.3058672839E+03  0.3058672839E+03  -.9986854841E+10  0.1000000000E+01
L2 0.1000000000E+01  0.3446973914E+02  0.3446973914E+02  0.3446973914E+02
L3 0.3152789851E+05  -.2535878960E+03  -.5039488026E+03  0.5361067200E+03
L4 -.7380999288E+02  0.3181197631E+03  0.3206024145E+03  0.3183533205E+03
L5 0.9570754981E+03  0.3756611234E+03  0.4349529023E+03  0.1967059138E+03
L6 0.1007319939E+04  -.9986854841E+04  0.1465941853E+04  -.1152628334E+05
L7 0.0000000000E+00  0.2674922677E+01  0.3825968291E+01  0.1350701773E+02
L8 0.3512265655E+01  0.4494229953E+02  0.5024170943E+01  0.0000000000E+00
L9 0.0000000000E+00  0.0000000000E+00  0.0000000000E+00  0.9916013542E+00  0.0000000000E+00
L0     6000  0.1200000000E+02  -.8149086324E+04  0.1852700273E+04
L1 0.2971067136E+03  0.2971067136E+03  -.1000178660E+11  0.1000000000E+01
L2 0.1000000000E+01  0.3445547822E+02  0.3445547822E+02  0.3445547822E+02
L3 0.3148890576E+05  -.1770888501E+03  -.6211972765E+03  0.4460072886E+03
L4 -.1174262794E+03  0.2989381495E+03  0.3199723558E+03  0.2969695897E+03
L5 0.9158800950E+03  0.3390714953E+03  0.4607532412E+03  0.1958917142E+03
L6 0.9957164507E+03  -.1000178660E+05  0.1481471865E+04  -.1156362472E+05
L7 0.0000000000E+00  0.4154975429E+01  0.1069232673E+02  0.1166554394E+02
L8 0.3761973125E+01  0.4723196621E+02  0.2859471152E+01  0.0000000000E+00
L9 0.0000000000E+00  0.0000000000E+00  0.0000000000E+00  0.9928292551E+00  0.0000000000E+00
L0     7000  0.1400000000E+02  -.8083790357E+04  0.1801157030E+04
L1 0.2888410249E+03  0.2888410249E+03  -.9884947387E+10  0.1000000000E+01
L2 0.1000000000E+01  0.3449896669E+02  0.3449896669E+02  0.3449896669E+02
L3 0.3160738436E+05  0.6133075658E+03  -.4735775252E+02  0.4418305341E+02
L4 0.2033776222E+03  0.3013731406E+03  0.2968697185E+03  0.2802568556E+03
L5 0.8784997148E+03  0.1618573194E+03  0.3076427077E+03  0.2702060503E+03
L6 0.7397060773E+03  -.9884947387E+04  0.1477808459E+04  -.1143828617E+05
L7 0.0000000000E+00  0.1876556264E+01  0.1043323064E+02  0.1268509820E+02
L8 0.3409921342E+01  0.4425443118E+02  0.2871089049E+01  0.0000000000E+00
L9 0.0000000000E+00  0.0000000000E+00  0.0000000000E+00  0.9891076876E+00  0.0000000000E+00
L0     8000  0.1600000000E+02  -.8076263532E+04  0.1873821148E+04
L1 0.3004937449E+03  0.3004937449E+03  -.9950084681E+10  0.1000000000E+01
L2 0.1000000000E+01  0.3449571075E+02  0.3449571075E+02  0.3449571075E+02
L3 0.3159809011E+05  0.6747146224E+03  -.1942999716E+03  0.4979713934E+03
L4 0.3261286814E+03  0.3058468014E+03  0.3217589758E+03  0.3145697887E+03
L5 0.9421755660E+03  0.1524071739E+03  0.3659455315E+03  0.2013240659E+03
L6 0.7196767713E+03  -.9950084681E+04  0.1499756352E+04  -.1151897910E+05
L7 0.0000000000E+00  0.4951752154E+01  0.6896021332E+01  0.1030159696E+02
L8 0.3143497249E+01  0.4082914364E+02  0.3016058058E+01  0.0000000000E+00
L9 0.0000000000E+00  0.0000000000E+00  0.0000000000E+00  0.9893986232E+00  0.0000000000E+00
L0     9000  0.1800000000E+02  -.8110336934E+04  0.1789825090E+04
L1 0.2870237880E+03  0.2870237880E+03  -.9900162024E+10  0.1000000000E+01
L2 0.1000000000E+01  0.3458195455E+02  0.3458195455E+02  0.3458195455E+02
L3 0.3183658559E+05  0.5893976551E+03  0.3456514986E+03  -.9120442351E+03
L4 0.7668306155E+01  0.2911512345E+03  0.2955051482E+03  0.3036408186E+03
L5 0.8902972014E+03  0.1561022049E+03  0.2163058181E+03  0.5126180479E+03
L6 0.8850260709E+03  -.9900162024E+04  0.1468367835E+04  -.1144484470E+05
L7 0.0000000000E+00  0.2883197541E+01  0.1197848694E+02  0.9574435590E+01
L8 0.2205968830E+01  0.4752112379E+02  0.2151632602E+01  0.0000000000E+00
L9 0.0000000000E+00  0.0000000000E+00  0.0000000000E+00  0.9819868016E+00  0.0000000000E+00
L0    10000  0.2000000000E+02  -.8030413188E+04  0.1840598254E+04
L1 0.2951659836E+03  0.2951659836E+03  -.9871011442E+10  0.1000000000E+01
L2 0.1000000000E+01  0.3455883541E+02  0.3455883541E+02  0.3455883541E+02
L3 0.3177306235E+05  0.2486639300E+03  -.4051792305E+03  -.1226072313E+03
L4 -.9304084391E+02  0.2983441216E+03  0.3034060469E+03  0.2895664290E+03
L5 0.8913165975E+03  0.2414812945E+03  0.3960597604E+03  0.3176034418E+03
L6 0.9551444967E+03  -.9871011442E+04  0.1448505572E+04  -.1139703351E+05
L7 0.0000000000E+00  0.4004306657E+01  0.1027145901E+02  0.9406447502E+01
L8 0.3097546862E+01  0.4404155505E+02  0.6695180660E+01  0.0000000000E+00
L9 0.0000000000E+00  0.0000000000E+00  0.0000000000E+00  0.9839500678E+00  0.0000000000E+00
