L0  Nsteps           time(ps)         Etot             EKinetic        
L1  Temp             T_solute         T_solv           Pres_scal_solu  
L2  Pres_scal_solv   BoxX             BoxY             BoxZ            
L3  volume           pres_X           pres_Y           pres_Z          
L4  Pressure         EKCoM_x          EKCoM_y          EKCoM_z         
L5  EKComTot         VIRIAL_x         VIRIAL_y         VIRIAL_z        
L6  VIRIAL_tot       E_pot            E_vdw            E_el            
L7  E_hbon           E_bon            E_angle          E_dih           
L8  E_14vdw          E_14el           E_const          E_pol           
L9  AV_permMoment    AV_indMoment     AV_totMoment     Density          dV/dlambda      
L0     1000  0.2000000000E+01  -.7481955261E+04  0.1629808261E+04
L1 0.2815504783E+03  0.2815504783E+03  -.9111763522E+10  0.1000000000E+01
L2 0.1000000000E+01  0.3470747077E+02  0.3470747077E+02  0.3470747077E+02
L3 0.3218704757E+05  -.6935220070E+03  -.1051575603E+04  -.8930521165E+03
L4 -.8793832421E+03  0.2523802734E+03  0.2675054681E+03  0.2757920385E+03
L5 0.7956777800E+03  0.4130366503E+03  0.5111059951E+03  0.4826701419E+03
L6 0.1406812787E+04  -.9111763522E+04  0.1349199831E+04  -.1053677054E+05
L7 0.0000000000E+00  0.3109942768E+01  0.1142214885E+02  0.1403870305E+02
L8 0.2739757272E+01  0.4213178410E+02  0.2364848674E+01  0.0000000000E+00
L9 0.0000000000E+00  0.0000000000E+00  0.0000000000E+00  0.9015846782E+00  0.0000000000E+00
L0     2000  0.4000000000E+01  -.7287074624E+04  0.1794940985E+04
L1 0.3100772679E+03  0.3100772679E+03  -.9082015609E+10  0.1000000000E+01
L2 0.1000000000E+01  0.3411182901E+02  0.3411182901E+02  0.3411182901E+02
L3 0.3055711995E+05  -.5069732483E+03  -.5311314274E+03  -.4507874332E+03
L4 -.4962973696E+03  0.2963243178E+03  0.2976782841E+03  0.3318516343E+03
L5 0.9258542362E+03  0.4078189714E+03  0.4144858566E+03  0.4309897818E+03
L6 0.1253294610E+04  -.9082015609E+04  0.1301001431E+04  -.1046306544E+05
L7 0.0000000000E+00  0.3856461057E+01  0.1045927821E+02  0.1171503536E+02
L8 0.1914745180E+01  0.4757247536E+02  0.4530407943E+01  0.0000000000E+00
L9 0.0000000000E+00  0.0000000000E+00  0.0000000000E+00  0.9496755246E+00  0.0000000000E+00
L0     3000  0.6000000000E+01  -.7477939343E+04  0.1684364072E+04
L1 0.2909750315E+03  0.2909750315E+03  -.9162303416E+10  0.1000000000E+01
L2 0.1000000000E+01  0.3387836076E+02  0.3387836076E+02  0.3387836076E+02
L3 0.2993368158E+05  -.6493333999E+02  -.4092797632E+03  -.6715261145E+03
L4 -.3819130726E+03  0.2887896056E+03  0.2583484653E+03  0.2795046045E+03
L5 0.8266426755E+03  0.3027785343E+03  0.3465217432E+03  0.4241749841E+03
L6 0.1073475262E+04  -.9162303416E+04  0.1330339248E+04  -.1056512855E+05
L7 0.0000000000E+00  0.2156837527E+01  0.7883817311E+01  0.1187544391E+02
L8 0.1524578309E+01  0.4567738356E+02  0.3367824187E+01  0.0000000000E+00
L9 0.0000000000E+00  0.0000000000E+00  0.0000000000E+00  0.9694547211E+00  0.0000000000E+00
L0     4000  0.8000000000E+01  -.7472499303E+04  0.1702241160E+04
L1 0.2940633104E+03  0.2940633104E+03  -.9174740462E+10  0.1000000000E+01
L2 0.1000000000E+01  0.3374274428E+02  0.3374274428E+02  0.3374274428E+02
L3 0.2957545917E+05  -.3536068669E+03  -.9658103563E+02  -.4883615370E+03
L4 -.3128498132E+03  0.3027005038E+03  0.2673827390E+03  0.2909112034E+03
L5 0.8609944462E+03  0.3779682248E+03  0.2879406951E+03  0.3948624084E+03
L6 0.1060771328E+04  -.9174740462E+04  0.1329776911E+04  -.1058082960E+05
L7 0.0000000000E+00  0.2415257195E+01  0.1395051718E+02  0.1027810984E+02
L8 0.3051922625E+01  0.4416685504E+02  0.2449567580E+01  0.0000000000E+00
L9 0.0000000000E+00  0.0000000000E+00  0.0000000000E+00  0.9811969024E+00  0.0000000000E+00
L0     5000  0.1000000000E+02  -.7572710230E+04  0.1735623645E+04
L1 0.2998301573E+03  0.2998301573E+03  -.9308333875E+10  0.1000000000E+01
L2 0.1000000000E+01  0.3373692357E+02  0.3373692357E+02  0.3373692357E+02
L3 0.2955871108E+05  0.6192506099E+03  -.1099164074E+03  0.1964199260E+03
L4 0.2352513762E+03  0.2973911277E+03  0.2878741956E+03  0.2921179075E+03
L5 0.8773832308E+03  0.1656539013E+03  0.3112574308E+03  0.2503322139E+03
L6 0.7272435459E+03  -.9308333875E+04  0.1431883842E+04  -.1081326225E+05
L7 0.0000000000E+00  0.1118208616E+01  0.9423937696E+01  0.9408693207E+01
L8 0.3558126023E+01  0.4692340301E+02  0.2612163255E+01  0.0000000000E+00
L9 0.0000000000E+00  0.0000000000E+00  0.0000000000E+00  0.9817528525E+00  0.0000000000E+00
L0     6000  0.1200000000E+02  -.7557864995E+04  0.1723693250E+04
L1 0.2977691735E+03  0.2977691735E+03  -.9281558245E+10  0.1000000000E+01
L2 0.1000000000E+01  0.3368883932E+02  0.3368883932E+02  0.3368883932E+02
L3 0.2943317578E+05  -.2823630697E+03  -.1536297245E+03  0.3737001220E+03
L4 -.2076422408E+02  0.2769649678E+03  0.2693018274E+03  0.2849102081E+03
L5 0.8311770033E+03  0.3367787960E+03  0.3018456794E+03  0.2057481742E+03
L6 0.8443726496E+03  -.9281558245E+04  0.1400390394E+04  -.1075765352E+05
L7 0.0000000000E+00  0.3814828939E+01  0.7259464577E+01  0.1081537546E+02
L8 0.4495372188E+01  0.4685207512E+02  0.2467764300E+01  0.0000000000E+00
L9 0.0000000000E+00  0.0000000000E+00  0.0000000000E+00  0.9859401221E+00  0.0000000000E+00
L0     7000  0.1400000000E+02  -.7520890955E+04  0.1686821300E+04
L1 0.2913995192E+03  0.2913995192E+03  -.9207712255E+10  0.1000000000E+01
L2 0.1000000000E+01  0.3374654838E+02  0.3374654838E+02  0.3374654838E+02
L3 0.2958416515E+05  -.2294042291E+03  0.6325131607E+03  0.1339061674E+03
L4 0.1790050330E+03  0.2770577520E+03  0.2748327434E+03  0.2646431757E+03
L5 0.8165336712E+03  0.3259024376E+03  0.1401582146E+03  0.2361319113E+03
L6 0.7021925635E+03  -.9207712255E+04  0.1403228611E+04  -.1068572682E+05
L7 0.0000000000E+00  0.3428886807E+01  0.7869041634E+01  0.1252561436E+02
L8 0.2833692936E+01  0.4546934513E+02  0.2659370973E+01  0.0000000000E+00
L9 0.0000000000E+00  0.0000000000E+00  0.0000000000E+00  0.9809081573E+00  0.0000000000E+00
L0     8000  0.1600000000E+02  -.7477414971E+04  0.1755067507E+04
L1 0.3031890976E+03  0.3031890976E+03  -.9232482478E+10  0.1000000000E+01
L2 0.1000000000E+01  0.3369046217E+02  0.3369046217E+02  0.3369046217E+02
L3 0.2943661054E+05  0.5502993629E+03  -.1707621850E+03  0.4938964612E+03
L4 0.2911445464E+03  0.3153533705E+03  0.2913974228E+03  0.2797274839E+03
L5 0.8864782773E+03  0.1987681786E+03  0.3275747173E+03  0.1750916846E+03
L6 0.7014345805E+03  -.9232482478E+04  0.1382598329E+04  -.1069301609E+05
L7 0.0000000000E+00  0.1727712062E+01  0.4637153895E+01  0.1145765821E+02
L8 0.3944567919E+01  0.4905406711E+02  0.7114126582E+01  0.0000000000E+00
L9 0.0000000000E+00  0.0000000000E+00  0.0000000000E+00  0.9858250795E+00  0.0000000000E+00
L0     9000  0.1800000000E+02  -.7534308714E+04  0.1741378273E+04
L1 0.3008242733E+03  0.3008242733E+03  -.9275686987E+10  0.1000000000E+01
L2 0.1000000000E+01  0.3368863729E+02  0.3368863729E+02  0.3368863729E+02
L3 0.2943308991E+05  0.8075767571E+02  -.4860417486E+02  -.6013979544E+03
L4 -.1897481512E+03  0.3076556242E+03  0.2822923801E+03  0.2877483148E+03
L5 0.8776963191E+03  0.2905485299E+03  0.2925883203E+03  0.4151439017E+03
L6 0.9982807519E+03  -.9275686987E+04  0.1356749031E+04  -.1071454299E+05
L7 0.0000000000E+00  0.3416384401E+01  0.1247411263E+02  0.9640678315E+01
L8 0.3066599741E+01  0.4793590416E+02  0.5573296409E+01  0.0000000000E+00
L9 0.0000000000E+00  0.0000000000E+00  0.0000000000E+00  0.9859429986E+00  0.0000000000E+00
L0    10000  0.2000000000E+02  -.7514504135E+04  0.1711743041E+04
L1 0.2957047668E+03  0.2957047668E+03  -.9226247176E+10  0.1000000000E+01
L2 0.1000000000E+01  0.3368421805E+02  0.3368421805E+02  0.3368421805E+02
L3 0.2942180902E+05  -.1008392584E+04  0.4014453192E+02  0.5541517840E+02
L4 -.3042776247E+03  0.2679907951E+03  0.2864623871E+03  0.2926557356E+03
L5 0.8471089178E+03  0.4815191703E+03  0.2779617329E+03  0.2809215032E+03
L6 0.1040402406E+04  -.9226247176E+04  0.1331584260E+04  -.1063230671E+05
L7 0.0000000000E+00  0.1648724461E+01  0.1000054877E+02  0.1121507008E+02
L8 0.3357212685E+01  0.4651184324E+02  0.1741870884E+01  0.0000000000E+00
L9 0.0000000000E+00  0.0000000000E+00  0.0000000000E+00  0.9863210283E+00  0.0000000000E+00
