L0  Nsteps           time(ps)         Etot             EKinetic        
L1  Temp             T_solute         T_solv           Pres_scal_solu  
L2  Pres_scal_solv   BoxX             BoxY             BoxZ            
L3  volume           pres_X           pres_Y           pres_Z          
L4  Pressure         EKCoM_x          EKCoM_y          EKCoM_z         
L5  EKComTot         VIRIAL_x         VIRIAL_y         VIRIAL_z        
L6  VIRIAL_tot       E_pot            E_vdw            E_el            
L7  E_hbon           E_bon            E_angle          E_dih           
L8  E_14vdw          E_14el           E_const          E_pol           
L9  AV_permMoment    AV_indMoment     AV_totMoment     Density          dV/dlambda      
L0     1000  0.2000000000E+01  -.7397408516E+04  0.1692618504E+04
L1 0.2942190275E+03  0.2942190275E+03  -.9090027020E+10  0.1000000000E+01
L2 0.1000000000E+01  0.3465575901E+02  0.3465575901E+02  0.3465575901E+02
L3 0.3204274904E+05  -.5385250262E+03  -.8132822757E+03  -.6112116510E+03
L4 -.6543396510E+03  0.2726549868E+03  0.2768942217E+03  0.2898872809E+03
L5 0.8394364893E+03  0.3968465916E+03  0.4644487939E+03  0.4308414652E+03
L6 0.1292136851E+04  -.9090027020E+04  0.1384047473E+04  -.1054815569E+05
L7 0.0000000000E+00  0.8891901781E+00  0.5839159117E+01  0.1302174606E+02
L8 0.3408398196E+01  0.4701669319E+02  0.3906010549E+01  0.0000000000E+00
L9 0.0000000000E+00  0.0000000000E+00  0.0000000000E+00  0.9000428851E+00  0.0000000000E+00
L0     2000  0.4000000000E+01  -.7408716717E+04  0.1684196221E+04
L1 0.2927550260E+03  0.2927550260E+03  -.9092912938E+10  0.1000000000E+01
L2 0.1000000000E+01  0.3396828389E+02  0.3396828389E+02  0.3396828389E+02
L3 0.3017490936E+05  -.1332721935E+04  -.7101831387E+03  -.1595120345E+04
L4 -.1212675140E+04  0.2738518101E+03  0.2573258229E+03  0.3008262385E+03
L5 0.8320038715E+03  0.5632808475E+03  0.4115572621E+03  0.6472406958E+03
L6 0.1622078805E+04  -.9092912938E+04  0.1217244819E+04  -.1038393207E+05
L7 0.0000000000E+00  0.2771014551E+01  0.7895948172E+01  0.1244198555E+02
L8 0.3753403839E+01  0.4437907415E+02  0.2532889128E+01  0.0000000000E+00
L9 0.0000000000E+00  0.0000000000E+00  0.0000000000E+00  0.9557559211E+00  0.0000000000E+00
L0     3000  0.6000000000E+01  -.7412218932E+04  0.1755399893E+04
L1 0.3051319881E+03  0.3051319881E+03  -.9167618825E+10  0.1000000000E+01
L2 0.1000000000E+01  0.3371810554E+02  0.3371810554E+02  0.3371810554E+02
L3 0.2950908650E+05  0.4232086227E+03  0.1654789729E+03  0.3333456911E+03
L4 0.3073444289E+03  0.2915608131E+03  0.2981113662E+03  0.3082543308E+03
L5 0.8979265102E+03  0.2016800289E+03  0.2629670448E+03  0.2374585802E+03
L6 0.7021056538E+03  -.9167618825E+04  0.1411940602E+04  -.1065214792E+05
L7 0.0000000000E+00  0.6168831772E+01  0.5592431265E+01  0.9485851167E+01
L8 0.5370215955E+01  0.4280341126E+02  0.3167750472E+01  0.0000000000E+00
L9 0.0000000000E+00  0.0000000000E+00  0.0000000000E+00  0.9773209446E+00  0.0000000000E+00
L0     4000  0.8000000000E+01  -.7419425509E+04  0.1728687615E+04
L1 0.3004887325E+03  0.3004887325E+03  -.9148113124E+10  0.1000000000E+01
L2 0.1000000000E+01  0.3366520609E+02  0.3366520609E+02  0.3366520609E+02
L3 0.2937058202E+05  -.8353902613E+02  0.3241139018E+03  0.4915507712E+03
L4 0.2440418823E+03  0.2863338515E+03  0.2704677681E+03  0.2713885929E+03
L5 0.8281902125E+03  0.3039925439E+03  0.2019557451E+03  0.1674833374E+03
L6 0.6734316263E+03  -.9148113124E+04  0.1394432184E+04  -.1061227599E+05
L7 0.0000000000E+00  0.2128970377E+01  0.6520744250E+01  0.1113097907E+02
L8 0.4845217711E+01  0.4395718466E+02  0.1147588538E+01  0.0000000000E+00
L9 0.0000000000E+00  0.0000000000E+00  0.0000000000E+00  0.9819297511E+00  0.0000000000E+00
L0     5000  0.1000000000E+02  -.7422151337E+04  0.1708292630E+04
L1 0.2969435789E+03  0.2969435789E+03  -.9130443967E+10  0.1000000000E+01
L2 0.1000000000E+01  0.3366513501E+02  0.3366513501E+02  0.3366513501E+02
L3 0.2937157940E+05  0.2704483535E+03  -.6978910946E+03  -.1955389007E+03
L4 -.2076605473E+03  0.2658023332E+03  0.2832728277E+03  0.3211248796E+03
L5 0.8702000405E+03  0.2086323292E+03  0.4307998366E+03  0.3624597947E+03
L6 0.1001891961E+04  -.9130443967E+04  0.1325295920E+04  -.1053868568E+05
L7 0.0000000000E+00  0.2338849406E+01  0.1229726001E+02  0.1141673174E+02
L8 0.3662511913E+01  0.4856733711E+02  0.4663106562E+01  0.0000000000E+00
L9 0.0000000000E+00  0.0000000000E+00  0.0000000000E+00  0.9818964073E+00  0.0000000000E+00
L0     6000  0.1200000000E+02  -.7509387450E+04  0.1636946975E+04
L1 0.2845419366E+03  0.2845419366E+03  -.9146334426E+10  0.1000000000E+01
L2 0.1000000000E+01  0.3360257207E+02  0.3360257207E+02  0.3360257207E+02
L3 0.2920829177E+05  -.3753915864E+03  0.2678991815E+03  -.6994603574E+03
L4 -.2689842541E+03  0.2659552443E+03  0.2809575040E+03  0.2646731309E+03
L5 0.8115858792E+03  0.3448680115E+03  0.2246412026E+03  0.4117098637E+03
L6 0.9812190777E+03  -.9146334426E+04  0.1315800377E+04  -.1054177036E+05
L7 0.0000000000E+00  0.3191215748E+01  0.1030503086E+02  0.1254681317E+02
L8 0.2283322065E+01  0.4368796576E+02  0.7621212358E+01  0.0000000000E+00
L9 0.0000000000E+00  0.0000000000E+00  0.0000000000E+00  0.9873856545E+00  0.0000000000E+00
L0     7000  0.1400000000E+02  -.7462911414E+04  0.1722092303E+04
L1 0.2993423039E+03  0.2993423039E+03  -.9185003717E+10  0.1000000000E+01
L2 0.1000000000E+01  0.3366753743E+02  0.3366753743E+02  0.3366753743E+02
L3 0.2937858779E+05  -.4556239920E+03  -.2644278862E+02  -.9650079454E+03
L4 -.4823582420E+03  0.2955755775E+03  0.3031165044E+03  0.2639484012E+03
L5 0.8626404831E+03  0.3919127911E+03  0.3087075721E+03  0.4679898435E+03
L6 0.1168610207E+04  -.9185003717E+04  0.1304280091E+04  -.1056031538E+05
L7 0.0000000000E+00  0.4074965895E+01  0.8908855297E+01  0.1060917267E+02
L8 0.2343730699E+01  0.4170112415E+02  0.3393717934E+01  0.0000000000E+00
L9 0.0000000000E+00  0.0000000000E+00  0.0000000000E+00  0.9816621716E+00  0.0000000000E+00
L0     8000  0.1600000000E+02  -.7407109040E+04  0.1755234702E+04
L1 0.3051032738E+03  0.3051032738E+03  -.9162343742E+10  0.1000000000E+01
L2 0.1000000000E+01  0.3357511260E+02  0.3357511260E+02  0.3357511260E+02
L3 0.2913613050E+05  0.1358417555E+02  0.5882984669E+02  -.1704506176E+03
L4 -.3267886512E+02  0.2925433495E+03  0.2763069950E+03  0.3088318715E+03
L5 0.8776822160E+03  0.2896948134E+03  0.2639706596E+03  0.3445745449E+03
L6 0.8982400178E+03  -.9162343742E+04  0.1350479033E+04  -.1057940149E+05
L7 0.0000000000E+00  0.2161271113E+01  0.6409328332E+01  0.9006785561E+01
L8 0.2649795074E+01  0.4264464028E+02  0.3706890308E+01  0.0000000000E+00
L9 0.0000000000E+00  0.0000000000E+00  0.0000000000E+00  0.9898311063E+00  0.0000000000E+00
L0     9000  0.1800000000E+02  -.7445423988E+04  0.1684148449E+04
L1 0.2927467220E+03  0.2927467220E+03  -.9129572437E+10  0.1000000000E+01
L2 0.1000000000E+01  0.3360425099E+02  0.3360425099E+02  0.3360425099E+02
L3 0.2921114362E+05  0.8294455303E+03  0.4172320376E+02  0.7932664763E+02
L4 0.3168317939E+03  0.2552546549E+03  0.2932746269E+03  0.2765969024E+03
L5 0.8251261842E+03  0.8087612535E+02  0.2845029467E+03  0.2599196600E+03
L6 0.6252987320E+03  -.9129572437E+04  0.1374467594E+04  -.1057965532E+05
L7 0.0000000000E+00  0.1163675967E+01  0.5429162298E+01  0.1577639047E+02
L8 0.3437716758E+01  0.4604107628E+02  0.3767270193E+01  0.0000000000E+00
L9 0.0000000000E+00  0.0000000000E+00  0.0000000000E+00  0.9872892572E+00  0.0000000000E+00
L0    10000  0.2000000000E+02  -.7472379195E+04  0.1724075373E+04
L1 0.2996870105E+03  0.2996870105E+03  -.9196454568E+10  0.1000000000E+01
L2 0.1000000000E+01  0.3362385090E+02  0.3362385090E+02  0.3362385090E+02
L3 0.2926391202E+05  -.7698091110E+03  -.2545724319E+03  0.1063643497E+03
L4 -.3060057311E+03  0.2702303090E+03  0.3017728012E+03  0.2734385272E+03
L5 0.8454416374E+03  0.4323635295E+03  0.3553895324E+03  0.2510366171E+03
L6 0.1038789679E+04  -.9196454568E+04  0.1341438951E+04  -.1060778397E+05
L7 0.0000000000E+00  0.3476553383E+01  0.6993476692E+01  0.1199920360E+02
L8 0.3335971974E+01  0.4009854531E+02  0.3986704616E+01  0.0000000000E+00
L9 0.0000000000E+00  0.0000000000E+00  0.0000000000E+00  0.9855089871E+00  0.0000000000E+00
