L0  Nsteps           time(ps)         Etot             EKinetic        
L1  Temp             T_solute         T_solv           Pres_scal_solu  
L2  Pres_scal_solv   BoxX             BoxY             BoxZ            
L3  volume           pres_X           pres_Y           pres_Z          
L4  Pressure         EKCoM_x          EKCoM_y          EKCoM_z         
L5  EKComTot         VIRIAL_x         VIRIAL_y         VIRIAL_z        
L6  VIRIAL_tot       E_pot            E_vdw            E_el            
L7  E_hbon           E_bon            E_angle          E_dih           
L8  E_14vdw          E_14el           E_const          E_pol           
L9  AV_permMoment    AV_indMoment     AV_totMoment     Density          dV/dlambda      
L0     1000  0.2000000000E+01  -.7250581163E+04  0.1662909029E+04
L1 0.2917760117E+03  0.2917760117E+03  -.8913490192E+10  0.1000000000E+01
L2 0.1000000000E+01  0.3465660778E+02  0.3465660778E+02  0.3465660778E+02
L3 0.3204573679E+05  -.1213854637E+04  -.8773435480E+03  -.5365203854E+03
L4 -.8759061902E+03  0.2678740971E+03  0.2857217846E+03  0.2645012045E+03
L5 0.8180970862E+03  0.5478325101E+03  0.4880686718E+03  0.3882420472E+03
L6 0.1424143229E+04  -.8913490192E+04  0.1321978984E+04  -.1032148995E+05
L7 0.0000000000E+00  0.3049181682E+01  0.1223115352E+02  0.1252479350E+02
L8 0.4478110233E+01  0.4778011218E+02  0.5957418768E+01  0.0000000000E+00
L9 0.0000000000E+00  0.0000000000E+00  0.0000000000E+00  0.8915568873E+00  0.0000000000E+00
L0     2000  0.4000000000E+01  -.7341551391E+04  0.1685214806E+04
L1 0.2956898101E+03  0.2956898101E+03  -.9026766197E+10  0.1000000000E+01
L2 0.1000000000E+01  0.3398015854E+02  0.3398015854E+02  0.3398015854E+02
L3 0.3020346645E+05  0.1000030129E+03  0.1535584111E+03  -.4404320973E+03
L4 -.6229022445E+02  0.2883853488E+03  0.2785733935E+03  0.2823984848E+03
L5 0.8493572270E+03  0.2666470049E+03  0.2451933437E+03  0.3781382441E+03
L6 0.8899785927E+03  -.9026766197E+04  0.1381697717E+04  -.1048382068E+05
L7 0.0000000000E+00  0.3645939670E+01  0.8060957850E+01  0.1264773608E+02
L8 0.2070038534E+01  0.4653307472E+02  0.2399014309E+01  0.0000000000E+00
L9 0.0000000000E+00  0.0000000000E+00  0.0000000000E+00  0.9459376918E+00  0.0000000000E+00
L0     3000  0.6000000000E+01  -.7273223366E+04  0.1744163767E+04
L1 0.3060330654E+03  0.3060330654E+03  -.9017387132E+10  0.1000000000E+01
L2 0.1000000000E+01  0.3370431428E+02  0.3370431428E+02  0.3370431428E+02
L3 0.2947278293E+05  0.7313174522E+03  0.5252708118E+03  -.2098756572E+03
L4 0.3489042023E+03  0.3093429376E+03  0.2874880365E+03  0.2777140186E+03
L5 0.8745449928E+03  0.1542172702E+03  0.1760685907E+03  0.3222324440E+03
L6 0.6525183049E+03  -.9017387132E+04  0.1383567844E+04  -.1048029259E+05
L7 0.0000000000E+00  0.3197302934E+01  0.6894758569E+01  0.1279338246E+02
L8 0.4228554057E+01  0.4912404841E+02  0.3099564584E+01  0.0000000000E+00
L9 0.0000000000E+00  0.0000000000E+00  0.0000000000E+00  0.9693891957E+00  0.0000000000E+00
L0     4000  0.8000000000E+01  -.7376310371E+04  0.1657748774E+04
L1 0.2908705872E+03  0.2908705872E+03  -.9034059145E+10  0.1000000000E+01
L2 0.1000000000E+01  0.3371754251E+02  0.3371754251E+02  0.3371754251E+02
L3 0.2950856933E+05  -.4403334831E+03  0.2791849415E+03  -.1219538806E+02
L4 -.5778130989E+02  0.2639122583E+03  0.2848091393E+03  0.2638215412E+03
L5 0.8125429388E+03  0.3574283708E+03  0.2255170541E+03  0.2664115447E+03
L6 0.8493569696E+03  -.9034059145E+04  0.1352237043E+04  -.1046319708E+05
L7 0.0000000000E+00  0.3127846157E+01  0.8507816237E+01  0.1053453313E+02
L8 0.2897878039E+01  0.4879307871E+02  0.3039741852E+01  0.0000000000E+00
L9 0.0000000000E+00  0.0000000000E+00  0.0000000000E+00  0.9682135728E+00  0.0000000000E+00
L0     5000  0.1000000000E+02  -.7378355492E+04  0.1719079448E+04
L1 0.3016317409E+03  0.3016317409E+03  -.9097434940E+10  0.1000000000E+01
L2 0.1000000000E+01  0.3360291625E+02  0.3360291625E+02  0.3360291625E+02
L3 0.2920913048E+05  -.8412821228E+03  0.3943072734E+03  -.2922668723E+03
L4 -.2464139073E+03  0.2636480882E+03  0.2936963035E+03  0.2857780810E+03
L5 0.8431224727E+03  0.4405028954E+03  0.2108048038E+03  0.3472185894E+03
L6 0.9985262886E+03  -.9097434940E+04  0.1331851638E+04  -.1050942118E+05
L7 0.0000000000E+00  0.4466174377E+01  0.5399807079E+01  0.1497927751E+02
L8 0.3008370152E+01  0.5036678658E+02  0.1914186753E+01  0.0000000000E+00
L9 0.0000000000E+00  0.0000000000E+00  0.0000000000E+00  0.9781392623E+00  0.0000000000E+00
L0     6000  0.1200000000E+02  -.7461789776E+04  0.1687326607E+04
L1 0.2960603493E+03  0.2960603493E+03  -.9149116384E+10  0.1000000000E+01
L2 0.1000000000E+01  0.3354842602E+02  0.3354842602E+02  0.3354842602E+02
L3 0.2906669198E+05  -.1070011614E+03  -.1084699509E+03  0.1390953137E+03
L4 -.2545859957E+02  0.2876139720E+03  0.2920403269E+03  0.2718333475E+03
L5 0.8514876464E+03  0.3099981258E+03  0.3147317447E+03  0.2427352438E+03
L6 0.8674651143E+03  -.9149116384E+04  0.1365297037E+04  -.1059253768E+05
L7 0.0000000000E+00  0.5111916021E+01  0.7181560337E+01  0.1349183795E+02
L8 0.2829952624E+01  0.4447175071E+02  0.5037237507E+01  0.0000000000E+00
L9 0.0000000000E+00  0.0000000000E+00  0.0000000000E+00  0.9829325388E+00  0.0000000000E+00
L0     7000  0.1400000000E+02  -.7402974073E+04  0.1680444185E+04
L1 0.2948527512E+03  0.2948527512E+03  -.9083418258E+10  0.1000000000E+01
L2 0.1000000000E+01  0.3345432914E+02  0.3345432914E+02  0.3345432914E+02
L3 0.2882228485E+05  0.5168367145E+03  0.6666645273E+03  -.6611950301E+03
L4 0.1741020705E+03  0.2602800124E+03  0.2896708348E+03  0.2641207109E+03
L5 0.8140715581E+03  0.1530692602E+03  0.1513803391E+03  0.4012766338E+03
L6 0.7057262331E+03  -.9083418258E+04  0.1367529114E+04  -.1053125252E+05
L7 0.0000000000E+00  0.5065170520E+01  0.7178187321E+01  0.1158442280E+02
L8 0.3868103975E+01  0.4748463605E+02  0.5124631141E+01  0.0000000000E+00
L9 0.0000000000E+00  0.0000000000E+00  0.0000000000E+00  0.9912676072E+00  0.0000000000E+00
L0     8000  0.1600000000E+02  -.7442197992E+04  0.1711549860E+04
L1 0.3003105902E+03  0.3003105902E+03  -.9153747852E+10  0.1000000000E+01
L2 0.1000000000E+01  0.3348412933E+02  0.3348412933E+02  0.3348412933E+02
L3 0.2889982302E+05  0.6045689959E+03  -.3474245604E+03  -.2553435618E+03
L4 0.6002912318E+00  0.2845784145E+03  0.2713201242E+03  0.2970169538E+03
L5 0.8529154925E+03  0.1588314139E+03  0.3435825073E+03  0.3501269995E+03
L6 0.8525409207E+03  -.9153747852E+04  0.1361847738E+04  -.1059451450E+05
L7 0.0000000000E+00  0.1879642104E+01  0.1216897732E+02  0.1046794689E+02
L8 0.2636215627E+01  0.4783554288E+02  0.3930582383E+01  0.0000000000E+00
L9 0.0000000000E+00  0.0000000000E+00  0.0000000000E+00  0.9886080382E+00  0.0000000000E+00
L0     9000  0.1800000000E+02  -.7380407101E+04  0.1693298219E+04
L1 0.2971081354E+03  0.2971081354E+03  -.9073705319E+10  0.1000000000E+01
L2 0.1000000000E+01  0.3348003501E+02  0.3348003501E+02  0.3348003501E+02
L3 0.2888960965E+05  0.4772075535E+03  -.3657206947E+02  -.8889660008E+03
L4 -.1494435056E+03  0.2952398499E+03  0.2875549479E+03  0.2687180205E+03
L5 0.8515128183E+03  0.1960184013E+03  0.2951590474E+03  0.4535526772E+03
L6 0.9447301260E+03  -.9073705319E+04  0.1323880625E+04  -.1048341637E+05
L7 0.0000000000E+00  0.4147209074E+01  0.8401021227E+01  0.1217783125E+02
L8 0.4958318591E+01  0.5102920492E+02  0.5116836276E+01  0.0000000000E+00
L9 0.0000000000E+00  0.0000000000E+00  0.0000000000E+00  0.9889575416E+00  0.0000000000E+00
L0    10000  0.2000000000E+02  -.7456881476E+04  0.1701945921E+04
L1 0.2986254717E+03  0.2986254717E+03  -.9158827398E+10  0.1000000000E+01
L2 0.1000000000E+01  0.3344042644E+02  0.3344042644E+02  0.3344042644E+02
L3 0.2878647628E+05  0.5242187568E+03  -.9230149402E+03  0.7928664694E+03
L4 0.1313567620E+03  0.2765208644E+03  0.2872653426E+03  0.2842768029E+03
L5 0.8480630099E+03  0.1679139080E+03  0.4784943706E+03  0.1200117649E+03
L6 0.7664200435E+03  -.9158827398E+04  0.1372657804E+04  -.1061180453E+05
L7 0.0000000000E+00  0.5101309082E+01  0.1294387825E+02  0.1091027815E+02
L8 0.2360312116E+01  0.4606023711E+02  0.2943317617E+01  0.0000000000E+00
L9 0.0000000000E+00  0.0000000000E+00  0.0000000000E+00  0.9925006818E+00  0.0000000000E+00
