L0  Nsteps           time(ps)         Etot             EKinetic        
L1  Temp             T_solute         T_solv           Pres_scal_solu  
L2  Pres_scal_solv   BoxX             BoxY             BoxZ            
L3  volume           pres_X           pres_Y           pres_Z          
L4  Pressure         EKCoM_x          EKCoM_y          EKCoM_z         
L5  EKComTot         VIRIAL_x         VIRIAL_y         VIRIAL_z        
L6  VIRIAL_tot       E_pot            E_vdw            E_el            
L7  E_hbon           E_bon            E_angle          E_dih           
L8  E_14vdw          E_14el           E_const          E_pol           
L9  AV_permMoment    AV_indMoment     AV_totMoment     Density          dV/dlambda      
L0     1000  0.2000000000E+01  -.7863440378E+04  0.1826228696E+04
L1 0.2997389982E+03  0.2997389982E+03  -.9689669074E+10  0.1000000000E+01
L2 0.1000000000E+01  0.3511516279E+02  0.3511516279E+02  0.3511516279E+02
L3 0.3333481998E+05  -.7564849874E+03  -.1026334103E+04  -.9957874459E+03
L4 -.9262021787E+03  0.3147691189E+03  0.2948205277E+03  0.2927361648E+03
L5 0.9023258113E+03  0.4962600831E+03  0.5410519387E+03  0.5316390204E+03
L6 0.1568951042E+04  -.9689669074E+04  0.1420810374E+04  -.1118408983E+05
L7 0.0000000000E+00  0.3766648875E+01  0.6014341209E+01  0.1122035471E+02
L8 0.3667848438E+01  0.4784845967E+02  0.1092730702E+01  0.0000000000E+00
L9 0.0000000000E+00  0.0000000000E+00  0.0000000000E+00  0.9163122625E+00  0.0000000000E+00
L0     2000  0.4000000000E+01  -.7919311980E+04  0.1815020133E+04
L1 0.2978993363E+03  0.2978993363E+03  -.9734332113E+10  0.1000000000E+01
L2 0.1000000000E+01  0.3453174204E+02  0.3453174204E+02  0.3453174204E+02
L3 0.3169948652E+05  -.7112074037E+03  0.3077394367E+03  -.1036066867E+04
L4 -.4798449446E+03  0.2959790238E+03  0.2973512347E+03  0.3150440602E+03
L5 0.9083743187E+03  0.4582366345E+03  0.2271423681E+03  0.5514163665E+03
L6 0.1236795369E+04  -.9734332113E+04  0.1423069407E+04  -.1122777660E+05
L7 0.0000000000E+00  0.2574530693E+01  0.9267728289E+01  0.9256316548E+01
L8 0.3384226980E+01  0.4256634716E+02  0.3325933794E+01  0.0000000000E+00
L9 0.0000000000E+00  0.0000000000E+00  0.0000000000E+00  0.9635835677E+00  0.0000000000E+00
L0     3000  0.6000000000E+01  -.7988308203E+04  0.1788149063E+04
L1 0.2934889863E+03  0.2934889863E+03  -.9776457266E+10  0.1000000000E+01
L2 0.1000000000E+01  0.3437352145E+02  0.3437352145E+02  0.3437352145E+02
L3 0.3126435300E+05  -.9510403613E+02  0.5131778834E+03  -.3555120469E+03
L4 0.2085393349E+02  0.3036977790E+03  0.2789137621E+03  0.3014709808E+03
L5 0.8840825219E+03  0.3250973455E+03  0.1634424882E+03  0.3814655211E+03
L6 0.8700053548E+03  -.9776457266E+04  0.1492177626E+04  -.1133876725E+05
L7 0.0000000000E+00  0.3292398114E+01  0.5032107515E+01  0.1114472633E+02
L8 0.2900957735E+01  0.4619548634E+02  0.1566685761E+01  0.0000000000E+00
L9 0.0000000000E+00  0.0000000000E+00  0.0000000000E+00  0.9769946083E+00  0.0000000000E+00
L0     4000  0.8000000000E+01  -.7965182322E+04  0.1776545322E+04
L1 0.2915844637E+03  0.2915844637E+03  -.9741727644E+10  0.1000000000E+01
L2 0.1000000000E+01  0.3435042524E+02  0.3435042524E+02  0.3435042524E+02
L3 0.3120075939E+05  0.8492670655E+03  -.4328370349E+03  0.3086800156E+03
L4 0.2417033487E+03  0.2908272552E+03  0.2839713491E+03  0.3044981004E+03
L5 0.8792967046E+03  0.1001205219E+03  0.3811668490E+03  0.2351826167E+03
L6 0.7164699876E+03  -.9741727644E+04  0.1504581401E+04  -.1131968655E+05
L7 0.0000000000E+00  0.5573941239E+01  0.7199273447E+01  0.1037166109E+02
L8 0.3688963459E+01  0.4562507196E+02  0.9185908190E+00  0.0000000000E+00
L9 0.0000000000E+00  0.0000000000E+00  0.0000000000E+00  0.9789859258E+00  0.0000000000E+00
L0     5000  0.1000000000E+02  -.7826240392E+04  0.1868880048E+04
L1 0.3067393665E+03  0.3067393665E+03  -.9695120440E+10  0.1000000000E+01
L2 0.1000000000E+01  0.3433701488E+02  0.3433701488E+02  0.3433701488E+02
L3 0.3116567469E+05  -.1287810231E+03  0.3940557503E+02  -.7430208717E+03
L4 -.2774654399E+03  0.3219674698E+03  0.3092099266E+03  0.2879207772E+03
L5 0.9190981736E+03  0.3508533087E+03  0.3003711780E+03  0.4545818322E+03
L6 0.1105806319E+04  -.9695120440E+04  0.1404595840E+04  -.1117400701E+05
L7 0.0000000000E+00  0.2946484562E+01  0.5492320047E+01  0.1103468965E+02
L8 0.3207107489E+01  0.4819550126E+02  0.3414628511E+01  0.0000000000E+00
L9 0.0000000000E+00  0.0000000000E+00  0.0000000000E+00  0.9800880173E+00  0.0000000000E+00
L0     6000  0.1200000000E+02  -.7883416582E+04  0.1811593481E+04
L1 0.2973369197E+03  0.2973369197E+03  -.9695010063E+10  0.1000000000E+01
L2 0.1000000000E+01  0.3433355254E+02  0.3433355254E+02  0.3433355254E+02
L3 0.3115446973E+05  0.6108041189E+03  0.6850967014E+02  0.4079179159E+03
L4 0.3624105683E+03  0.3040590742E+03  0.3077800557E+03  0.3180884500E+03
L5 0.9299275799E+03  0.1671037562E+03  0.2924187256E+03  0.2266245483E+03
L6 0.6861470302E+03  -.9695010063E+04  0.1495671977E+04  -.1126325361E+05
L7 0.0000000000E+00  0.4091702605E+01  0.7344008711E+01  0.1046524057E+02
L8 0.3501881924E+01  0.4506769567E+02  0.2101044992E+01  0.0000000000E+00
L9 0.0000000000E+00  0.0000000000E+00  0.0000000000E+00  0.9804405142E+00  0.0000000000E+00
L0     7000  0.1400000000E+02  -.7899440611E+04  0.1798722906E+04
L1 0.2952244717E+03  0.2952244717E+03  -.9698163517E+10  0.1000000000E+01
L2 0.1000000000E+01  0.3430960571E+02  0.3430960571E+02  0.3430960571E+02
L3 0.3109016669E+05  -.1213688045E+03  0.1648451343E+03  0.1350380970E+03
L4 0.5950480892E+02  0.2976503187E+03  0.3153126031E+03  0.2890758013E+03
L5 0.9020387231E+03  0.3248076259E+03  0.2784270956E+03  0.2588598731E+03
L6 0.8620945946E+03  -.9698163517E+04  0.1452997479E+04  -.1122079256E+05
L7 0.0000000000E+00  0.3786954413E+01  0.7821466289E+01  0.9589239061E+01
L8 0.2198122610E+01  0.4404646479E+02  0.2189317547E+01  0.0000000000E+00
L9 0.0000000000E+00  0.0000000000E+00  0.0000000000E+00  0.9824683356E+00  0.0000000000E+00
L0     8000  0.1600000000E+02  -.7878925591E+04  0.1804126230E+04
L1 0.2961113194E+03  0.2961113194E+03  -.9683051821E+10  0.1000000000E+01
L2 0.1000000000E+01  0.3424985408E+02  0.3424985408E+02  0.3424985408E+02
L3 0.3092756686E+05  -.1872692176E+03  0.2723027377E+03  0.5806864046E+03
L4 0.2219066416E+03  0.2899500008E+03  0.3092386405E+03  0.3054595339E+03
L5 0.9046481752E+03  0.3316339377E+03  0.2486272368E+03  0.1762055337E+03
L6 0.7564667082E+03  -.9683051821E+04  0.1438500003E+04  -.1119380824E+05
L7 0.0000000000E+00  0.4223296031E+01  0.5942114824E+01  0.1059291567E+02
L8 0.3305581510E+01  0.4526556792E+02  0.2926943996E+01  0.0000000000E+00
L9 0.0000000000E+00  0.0000000000E+00  0.0000000000E+00  0.9876336040E+00  0.0000000000E+00
L0     9000  0.1800000000E+02  -.7967396511E+04  0.1831307665E+04
L1 0.3005726095E+03  0.3005726095E+03  -.9798704176E+10  0.1000000000E+01
L2 0.1000000000E+01  0.3423236112E+02  0.3423236112E+02  0.3423236112E+02
L3 0.3088003343E+05  0.1674489188E+03  0.1066330266E+04  -.3836817005E+03
L4 0.2833658282E+03  0.3023278169E+03  0.3114619968E+03  0.2985156854E+03
L5 0.9123054991E+03  0.2651129312E+03  0.7447414838E+02  0.3837874849E+03
L6 0.7233745645E+03  -.9798704176E+04  0.1510995270E+04  -.1138672910E+05
L7 0.0000000000E+00  0.2382704871E+01  0.5898949358E+01  0.1118916796E+02
L8 0.3341137210E+01  0.4916524206E+02  0.5052448161E+01  0.0000000000E+00
L9 0.0000000000E+00  0.0000000000E+00  0.0000000000E+00  0.9891538619E+00  0.0000000000E+00
L0    10000  0.2000000000E+02  -.7826982274E+04  0.1844948832E+04
L1 0.3028115349E+03  0.3028115349E+03  -.9671931106E+10  0.1000000000E+01
L2 0.1000000000E+01  0.3428938820E+02  0.3428938820E+02  0.3428938820E+02
L3 0.3103654142E+05  -.6032765215E+03  -.9313730267E+03  0.3005691167E+03
L4 -.4113601438E+03  0.3145600582E+03  0.3044601827E+03  0.3006233396E+03
L5 0.9196435805E+03  0.4493155034E+03  0.5125033973E+03  0.2334844345E+03
L6 0.1195303335E+04  -.9671931106E+04  0.1384708918E+04  -.1113338434E+05
L7 0.0000000000E+00  0.2028749313E+01  0.7188104858E+01  0.1102332699E+02
L8 0.3655473586E+01  0.4832023087E+02  0.4528434716E+01  0.0000000000E+00
L9 0.0000000000E+00  0.0000000000E+00  0.0000000000E+00  0.9841658548E+00  0.0000000000E+00
