L0  Nsteps           time(ps)         Etot             EKinetic        
L1  Temp             T_solute         T_solv           Pres_scal_solu  
L2  Pres_scal_solv   BoxX             BoxY             BoxZ            
L3  volume           pres_X           pres_Y           pres_Z          
L4  Pressure         EKCoM_x          EKCoM_y          EKCoM_z         
L5  EKComTot         VIRIAL_x         VIRIAL_y         VIRIAL_z        
L6  VIRIAL_tot       E_pot            E_vdw            E_el            
L7  E_hbon           E_bon            E_angle          E_dih           
L8  E_14vdw          E_14el           E_const          E_pol           
L9  AV_permMoment    AV_indMoment     AV_totMoment     Density          dV/dlambda      
L0     1000  0.2000000000E+01  -.7929414069E+04  0.1916660136E+04
L1 0.3067770112E+03  0.3067770112E+03  -.9846074204E+10  0.1000000000E+01
L2 0.1000000000E+01  0.3550165585E+02  0.3550165585E+02  0.3550165585E+02
L3 0.3444587740E+05  -.3354357348E+03  -.1568777803E+03  -.5336400853E+03
L4 -.3419845335E+03  0.3045332266E+03  0.3161294154E+03  0.3092616460E+03
L5 0.9299242880E+03  0.3876910587E+03  0.3550209667E+03  0.4415562944E+03
L6 0.1184268320E+04  -.9846074204E+04  0.1528907561E+04  -.1144204000E+05
L7 0.0000000000E+00  0.1886917906E+01  0.3966562103E+01  0.1212717848E+02
L8 0.2883683555E+01  0.4477860404E+02  0.1415284478E+01  0.0000000000E+00
L9 0.0000000000E+00  0.0000000000E+00  0.0000000000E+00  0.9093378588E+00  0.0000000000E+00
L0     2000  0.4000000000E+01  -.7986307240E+04  0.1803844222E+04
L1 0.2887199086E+03  0.2887199086E+03  -.9790151462E+10  0.1000000000E+01
L2 0.1000000000E+01  0.3495280831E+02  0.3495280831E+02  0.3495280831E+02
L3 0.3287065343E+05  0.8503406853E+03  0.3890972926E+03  0.4472200212E+01
L4 0.4146367260E+03  0.3280709351E+03  0.2909076909E+03  0.3058265825E+03
L5 0.9248052086E+03  0.1269034085E+03  0.1988578322E+03  0.3047685813E+03
L6 0.6305298220E+03  -.9790151462E+04  0.1533801661E+04  -.1140980823E+05
L7 0.0000000000E+00  0.5894051404E+01  0.1312859394E+02  0.1351818972E+02
L8 0.3880162165E+01  0.4544843363E+02  0.3985671422E+01  0.0000000000E+00
L9 0.0000000000E+00  0.0000000000E+00  0.0000000000E+00  0.9529150512E+00  0.0000000000E+00
L0     3000  0.6000000000E+01  -.8169582178E+04  0.1837706349E+04
L1 0.2941398168E+03  0.2941398168E+03  -.1000728853E+11  0.1000000000E+01
L2 0.1000000000E+01  0.3472934862E+02  0.3472934862E+02  0.3472934862E+02
L3 0.3224637639E+05  -.3621118007E+03  0.1673766801E+03  -.7988970992E+03
L4 -.3312107400E+03  0.3166012653E+03  0.3254778900E+03  0.2931173032E+03
L5 0.9351964585E+03  0.4006401301E+03  0.2866331295E+03  0.4785252493E+03
L6 0.1165798509E+04  -.1000728853E+05  0.1468471093E+04  -.1154491582E+05
L7 0.0000000000E+00  0.2049408803E+01  0.6674573310E+01  0.1026187809E+02
L8 0.3065811160E+01  0.4313672408E+02  0.3967803780E+01  0.0000000000E+00
L9 0.0000000000E+00  0.0000000000E+00  0.0000000000E+00  0.9713631084E+00  0.0000000000E+00
L0     4000  0.8000000000E+01  -.8117892414E+04  0.1906864269E+04
L1 0.3052091032E+03  0.3052091032E+03  -.1002475668E+11  0.1000000000E+01
L2 0.1000000000E+01  0.3458963935E+02  0.3458963935E+02  0.3458963935E+02
L3 0.3185642699E+05  0.1400556623E+03  0.8556789441E+03  0.4920902367E+03
L4 0.4959416144E+03  0.3198653700E+03  0.3298592115E+03  0.3158247819E+03
L5 0.9655493634E+03  0.2877543342E+03  0.1336748031E+03  0.2030015873E+03
L6 0.6244307246E+03  -.1002475668E+05  0.1550734149E+04  -.1164450433E+05
L7 0.0000000000E+00  0.3312449372E+01  0.4367574918E+01  0.1107978715E+02
L8 0.2409683387E+01  0.4513394374E+02  0.2710056457E+01  0.0000000000E+00
L9 0.0000000000E+00  0.0000000000E+00  0.0000000000E+00  0.9832534077E+00  0.0000000000E+00
L0     5000  0.1000000000E+02  -.8070212950E+04  0.1855413678E+04
L1 0.2969740186E+03  0.2969740186E+03  -.9925626628E+10  0.1000000000E+01
L2 0.1000000000E+01  0.3458262991E+02  0.3458262991E+02  0.3458262991E+02
L3 0.3183714945E+05  0.3059621827E+02  0.1031403112E+04  0.3357722150E+03
L4 0.4659238484E+03  0.2889521826E+03  0.3278632886E+03  0.3040651038E+03
L5 0.9208805750E+03  0.2819415291E+03  0.9153310428E+02  0.2271280571E+03
L6 0.6006026904E+03  -.9925626628E+04  0.1535163959E+04  -.1153555942E+05
L7 0.0000000000E+00  0.2794638009E+01  0.9776717846E+01  0.9916807013E+01
L8 0.3780612601E+01  0.4620501209E+02  0.2295046377E+01  0.0000000000E+00
L9 0.0000000000E+00  0.0000000000E+00  0.0000000000E+00  0.9838487722E+00  0.0000000000E+00
L0     6000  0.1200000000E+02  -.8080165957E+04  0.1825411905E+04
L1 0.2921719914E+03  0.2921719914E+03  -.9905577863E+10  0.1000000000E+01
L2 0.1000000000E+01  0.3448164940E+02  0.3448164940E+02  0.3448164940E+02
L3 0.3156080269E+05  -.7896171124E+03  0.4383496586E+03  -.9562612440E+02
L4 -.1489645261E+03  0.3022144554E+03  0.3269633986E+03  0.3184776318E+03
L5 0.9476554858E+03  0.4815726286E+03  0.2273941355E+03  0.3401986998E+03
L6 0.1049165464E+04  -.9905577863E+04  0.1425057327E+04  -.1140189478E+05
L7 0.0000000000E+00  0.1681465521E+01  0.5249006565E+01  0.1054153453E+02
L8 0.3763132428E+01  0.4725205569E+02  0.2772400452E+01  0.0000000000E+00
L9 0.0000000000E+00  0.0000000000E+00  0.0000000000E+00  0.9924633636E+00  0.0000000000E+00
L0     7000  0.1400000000E+02  -.8046166169E+04  0.1899005199E+04
L1 0.3039511953E+03  0.3039511953E+03  -.9945171368E+10  0.1000000000E+01
L2 0.1000000000E+01  0.3460946133E+02  0.3460946133E+02  0.3460946133E+02
L3 0.3191278986E+05  0.8080399040E+03  -.4888167902E+03  -.4802017705E+03
L4 -.5365955226E+02  0.3182451569E+03  0.2945304769E+03  0.3369864225E+03
L5 0.9497620563E+03  0.1326553325E+03  0.4068014450E+03  0.4472787012E+03
L6 0.9867354786E+03  -.9945171368E+04  0.1465345847E+04  -.1148140983E+05
L7 0.0000000000E+00  0.2009383071E+01  0.7951382988E+01  0.1140461183E+02
L8 0.2268365154E+01  0.4495780341E+02  0.2301071383E+01  0.0000000000E+00
L9 0.0000000000E+00  0.0000000000E+00  0.0000000000E+00  0.9815168319E+00  0.0000000000E+00
L0     8000  0.1600000000E+02  -.8078946473E+04  0.1869392104E+04
L1 0.2992113790E+03  0.2992113790E+03  -.9948338577E+10  0.1000000000E+01
L2 0.1000000000E+01  0.3464272760E+02  0.3464272760E+02  0.3464272760E+02
L3 0.3200441140E+05  0.7554284247E+03  0.3934089274E+03  -.7951792114E+03
L4 0.1178860469E+03  0.2858666623E+03  0.3154268583E+03  0.3142407324E+03
L5 0.9155342529E+03  0.1118624561E+03  0.2248096590E+03  0.4974010728E+03
L6 0.8340731879E+03  -.9948338577E+04  0.1506475575E+04  -.1153282856E+05
L7 0.0000000000E+00  0.3248776087E+01  0.1103696934E+02  0.1323708599E+02
L8 0.2754167548E+01  0.4370030103E+02  0.4037104857E+01  0.0000000000E+00
L9 0.0000000000E+00  0.0000000000E+00  0.0000000000E+00  0.9787069665E+00  0.0000000000E+00
L0     9000  0.1800000000E+02  -.8064027617E+04  0.1907672143E+04
L1 0.3053384100E+03  0.3053384100E+03  -.9971699760E+10  0.1000000000E+01
L2 0.1000000000E+01  0.3460183835E+02  0.3460183835E+02  0.3460183835E+02
L3 0.3189178424E+05  -.7955754000E+03  0.2825196069E+03  0.2711187744E+03
L4 -.8064567289E+02  0.2979038165E+03  0.3200019726E+03  0.3340476084E+03
L5 0.9519533975E+03  0.4805105312E+03  0.2551558534E+03  0.2718182978E+03
L6 0.1007484682E+04  -.9971699760E+04  0.1472925047E+04  -.1152668055E+05
L7 0.0000000000E+00  0.3932948654E+01  0.1240515463E+02  0.1048506132E+02
L8 0.3426626411E+01  0.4577566156E+02  0.6030287861E+01  0.0000000000E+00
L9 0.0000000000E+00  0.0000000000E+00  0.0000000000E+00  0.9821633108E+00  0.0000000000E+00
L0    10000  0.2000000000E+02  -.8059010747E+04  0.1891068362E+04
L1 0.3026808401E+03  0.3026808401E+03  -.9950079109E+10  0.1000000000E+01
L2 0.1000000000E+01  0.3455289188E+02  0.3455289188E+02  0.3455289188E+02
L3 0.3175682234E+05  -.4128717187E+03  0.1757774793E+03  -.2013534812E+03
L4 -.1461492402E+03  0.2988985106E+03  0.3392167807E+03  0.3257060185E+03
L5 0.9638213098E+03  0.3932630348E+03  0.2990416913E+03  0.3717266699E+03
L6 0.1064031396E+04  -.9950079109E+04  0.1435004836E+04  -.1145917449E+05
L7 0.0000000000E+00  0.4578804855E+01  0.5996179577E+01  0.1076503021E+02
L8 0.3968452027E+01  0.4745314639E+02  0.1328930450E+01  0.0000000000E+00
L9 0.0000000000E+00  0.0000000000E+00  0.0000000000E+00  0.9863373627E+00  0.0000000000E+00
