L0  Nsteps           time(ps)         Etot             EKinetic        
L1  Temp             T_solute         T_solv           Pres_scal_solu  
L2  Pres_scal_solv   BoxX             BoxY             BoxZ            
L3  volume           pres_X           pres_Y           pres_Z          
L4  Pressure         EKCoM_x          EKCoM_y          EKCoM_z         
L5  EKComTot         VIRIAL_x         VIRIAL_y         VIRIAL_z        
L6  VIRIAL_tot       E_pot            E_vdw            E_el            
L7  E_hbon           E_bon            E_angle          E_dih           
L8  E_14vdw          E_14el           E_const          E_pol           
L9  AV_permMoment    AV_indMoment     AV_totMoment     Density          dV/dlambda      
L0     1000  0.2000000000E+01  -.7640087804E+04  0.1668573345E+04
L1 0.2807301953E+03  0.2807301953E+03  -.9308661149E+10  0.1000000000E+01
L2 0.1000000000E+01  0.3498762617E+02  0.3498762617E+02  0.3498762617E+02
L3 0.3297368626E+05  -.1339762309E+04  -.7060532160E+03  -.1508104077E+04
L4 -.1184639868E+04  0.2781557204E+03  0.2898422828E+03  0.2827381279E+03
L5 0.8507361311E+03  0.5961006015E+03  0.4573988742E+03  0.6406329339E+03
L6 0.1694132410E+04  -.9308661149E+04  0.1311463679E+04  -.1069828623E+05
L7 0.0000000000E+00  0.4727318053E+01  0.6067807164E+01  0.1152369015E+02
L8 0.3134148898E+01  0.4942387633E+02  0.3284559689E+01  0.0000000000E+00
L9 0.0000000000E+00  0.0000000000E+00  0.0000000000E+00  0.9036655704E+00  0.0000000000E+00
L0     2000  0.4000000000E+01  -.7717050491E+04  0.1787554638E+04
L1 0.3007482795E+03  0.3007482795E+03  -.9504605129E+10  0.1000000000E+01
L2 0.1000000000E+01  0.3437924759E+02  0.3437924759E+02  0.3437924759E+02
L3 0.3128135047E+05  -.5166811700E+03  -.3193730112E+03  -.5746396253E+03
L4 -.4702312688E+03  0.2815860515E+03  0.3077092695E+03  0.3006585016E+03
L5 0.8899538227E+03  0.3979088143E+03  0.3796111563E+03  0.4300297129E+03
L6 0.1207549683E+04  -.9504605129E+04  0.1409325644E+04  -.1098417592E+05
L7 0.0000000000E+00  0.2279399022E+01  0.8956933101E+01  0.1048243625E+02
L8 0.2570862745E+01  0.4486521123E+02  0.1090307409E+01  0.0000000000E+00
L9 0.0000000000E+00  0.0000000000E+00  0.0000000000E+00  0.9525543034E+00  0.0000000000E+00
L0     3000  0.6000000000E+01  -.7694714538E+04  0.1768132382E+04
L1 0.2974805696E+03  0.2974805696E+03  -.9462846921E+10  0.1000000000E+01
L2 0.1000000000E+01  0.3410355423E+02  0.3410355423E+02  0.3410355423E+02
L3 0.3053409151E+05  -.7778343314E+03  0.2392572802E+03  -.7318225193E+02
L4 -.2039197677E+03  0.2910388690E+03  0.2905091950E+03  0.2997991071E+03
L5 0.8813471711E+03  0.4619729615E+03  0.2379308702E+03  0.3158813772E+03
L6 0.1015785209E+04  -.9462846921E+04  0.1390300274E+04  -.1093016647E+05
L7 0.0000000000E+00  0.2497402251E+01  0.9018138783E+01  0.9768377338E+01
L8 0.3273369174E+01  0.4801522171E+02  0.4446767670E+01  0.0000000000E+00
L9 0.0000000000E+00  0.0000000000E+00  0.0000000000E+00  0.9758661069E+00  0.0000000000E+00
L0     4000  0.8000000000E+01  -.7692578902E+04  0.1805069085E+04
L1 0.3036950088E+03  0.3036950088E+03  -.9497647986E+10  0.1000000000E+01
L2 0.1000000000E+01  0.3394745283E+02  0.3394745283E+02  0.3394745283E+02
L3 0.3011615281E+05  0.4125183898E+03  -.4339311396E+03  0.4176718043E+02
L4 0.6784810197E+01  0.2975782063E+03  0.2886752967E+03  0.3124585977E+03
L5 0.8987121007E+03  0.2081654700E+03  0.3827292142E+03  0.3034056245E+03
L6 0.8943003087E+03  -.9497647986E+04  0.1391328726E+04  -.1096271541E+05
L7 0.0000000000E+00  0.2723313375E+01  0.8961423645E+01  0.1387585912E+02
L8 0.2027257073E+01  0.4384798876E+02  0.2302858224E+01  0.0000000000E+00
L9 0.0000000000E+00  0.0000000000E+00  0.0000000000E+00  0.9894087466E+00  0.0000000000E+00
L0     5000  0.1000000000E+02  -.7656887661E+04  0.1761967299E+04
L1 0.2964433211E+03  0.2964433211E+03  -.9418854959E+10  0.1000000000E+01
L2 0.1000000000E+01  0.3395057316E+02  0.3395057316E+02  0.3395057316E+02
L3 0.3012305021E+05  0.5200213589E+03  0.1004991596E+04  0.6722448649E+02
L4 0.5307458138E+03  0.3050926826E+03  0.2888524083E+03  0.2877032045E+03
L5 0.8816482954E+03  0.1923530260E+03  0.7097211267E+02  0.2731290617E+03
L6 0.5364542004E+03  -.9418854959E+04  0.1442754142E+04  -.1094171846E+05
L7 0.0000000000E+00  0.3417235417E+01  0.1245365430E+02  0.1190035534E+02
L8 0.3088051860E+01  0.4641221883E+02  0.2837841162E+01  0.0000000000E+00
L9 0.0000000000E+00  0.0000000000E+00  0.0000000000E+00  0.9891821975E+00  0.0000000000E+00
L0     6000  0.1200000000E+02  -.7629297023E+04  0.1816335478E+04
L1 0.3055905304E+03  0.3055905304E+03  -.9445632501E+10  0.1000000000E+01
L2 0.1000000000E+01  0.3394819580E+02  0.3394819580E+02  0.3394819580E+02
L3 0.3011689890E+05  0.1369372981E+03  0.8833802986E+03  0.3750564344E+03
L4 0.4651246770E+03  0.2848883097E+03  0.3239250654E+03  0.3166866179E+03
L5 0.9254999929E+03  0.2552066223E+03  0.1324489799E+03  0.2353916897E+03
L6 0.6230472919E+03  -.9445632501E+04  0.1439019154E+04  -.1095914789E+05
L7 0.0000000000E+00  0.1574771687E+01  0.8441267575E+01  0.1163166853E+02
L8 0.2766678730E+01  0.4625895273E+02  0.3822898615E+01  0.0000000000E+00
L9 0.0000000000E+00  0.0000000000E+00  0.0000000000E+00  0.9893842360E+00  0.0000000000E+00
L0     7000  0.1400000000E+02  -.7723345042E+04  0.1763214605E+04
L1 0.2966531749E+03  0.2966531749E+03  -.9486559647E+10  0.1000000000E+01
L2 0.1000000000E+01  0.3396722880E+02  0.3396722880E+02  0.3396722880E+02
L3 0.3016996366E+05  -.5386421814E+03  -.7841544171E+03  0.6341243052E+02
L4 -.4197947227E+03  0.2842271292E+03  0.3000175197E+03  0.2833382276E+03
L5 0.8675828766E+03  0.4011856124E+03  0.4702854905E+03  0.2695691209E+03
L6 0.1141040224E+04  -.9486559647E+04  0.1366473500E+04  -.1093303967E+05
L7 0.0000000000E+00  0.2097568032E+01  0.1165665968E+02  0.1109110524E+02
L8 0.4988064941E+01  0.4667689845E+02  0.3496223466E+01  0.0000000000E+00
L9 0.0000000000E+00  0.0000000000E+00  0.0000000000E+00  0.9876440472E+00  0.0000000000E+00
L0     8000  0.1600000000E+02  -.7807363429E+04  0.1723085604E+04
L1 0.2899016453E+03  0.2899016453E+03  -.9530449033E+10  0.1000000000E+01
L2 0.1000000000E+01  0.3401147127E+02  0.3401147127E+02  0.3401147127E+02
L3 0.3028561573E+05  0.6206838628E+02  0.8318490176E+03  0.5018817311E+03
L4 0.4652663783E+03  0.2880478052E+03  0.2867093140E+03  0.2873991964E+03
L5 0.8621563156E+03  0.2745188755E+03  0.1053927436E+03  0.1780049767E+03
L6 0.5579165957E+03  -.9530449033E+04  0.1492226990E+04  -.1110056657E+05
L7 0.0000000000E+00  0.2789606147E+01  0.7154155853E+01  0.1140127120E+02
L8 0.3824958213E+01  0.4956312035E+02  0.3157433126E+01  0.0000000000E+00
L9 0.0000000000E+00  0.0000000000E+00  0.0000000000E+00  0.9838725179E+00  0.0000000000E+00
L0     9000  0.1800000000E+02  -.7674322601E+04  0.1819307590E+04
L1 0.3060905752E+03  0.3060905752E+03  -.9493630191E+10  0.1000000000E+01
L2 0.1000000000E+01  0.3410328465E+02  0.3410328465E+02  0.3410328465E+02
L3 0.3053172837E+05  0.3569654960E+03  0.1804661981E+03  0.6562852826E+03
L4 0.3979056589E+03  0.2983881781E+03  0.3148035374E+03  0.3256901796E+03
L5 0.9388818951E+03  0.2199487877E+03  0.2751480001E+03  0.1814784336E+03
L6 0.6765752214E+03  -.9493630191E+04  0.1465236194E+04  -.1103443487E+05
L7 0.0000000000E+00  0.1169124624E+01  0.1047001080E+02  0.1050020683E+02
L8 0.4478473738E+01  0.4710228915E+02  0.1848375027E+01  0.0000000000E+00
L9 0.0000000000E+00  0.0000000000E+00  0.0000000000E+00  0.9759416384E+00  0.0000000000E+00
L0    10000  0.2000000000E+02  -.7729833347E+04  0.1766429621E+04
L1 0.2971940873E+03  0.2971940873E+03  -.9496262968E+10  0.1000000000E+01
L2 0.1000000000E+01  0.3396715092E+02  0.3396715092E+02  0.3396715092E+02
L3 0.3016942073E+05  0.1510428647E+03  -.3460668883E+03  -.6904848356E+03
L4 -.2951696197E+03  0.2996451593E+03  0.2982712649E+03  0.2923033632E+03
L5 0.8902197875E+03  0.2668489413E+03  0.3734134119E+03  0.4422296195E+03
L6 0.1082491973E+04  -.9496262968E+04  0.1361782353E+04  -.1093543731E+05
L7 0.0000000000E+00  0.3598942045E+01  0.7782355544E+01  0.9634559406E+01
L8 0.2898685390E+01  0.4737480519E+02  0.6102639185E+01  0.0000000000E+00
L9 0.0000000000E+00  0.0000000000E+00  0.0000000000E+00  0.9876618207E+00  0.0000000000E+00
