L0  Nsteps           time(ps)         Etot             EKinetic        
L1  Temp             T_solute         T_solv           Pres_scal_solu  
L2  Pres_scal_solv   BoxX             BoxY             BoxZ            
L3  volume           pres_X           pres_Y           pres_Z          
L4  Pressure         EKCoM_x          EKCoM_y          EKCoM_z         
L5  EKComTot         VIRIAL_x         VIRIAL_y         VIRIAL_z        
L6  VIRIAL_tot       E_pot            E_vdw            E_el            
L7  E_hbon           E_bon            E_angle          E_dih           
L8  E_14vdw          E_14el           E_const          E_pol           
L9  AV_permMoment    AV_indMoment     AV_totMoment     Density          dV/dlambda      
L0     1000  0.2000000000E+01  -.7832570788E+04  0.1803642086E+04
L1 0.2971950469E+03  0.2971950469E+03  -.9636212874E+10  0.1000000000E+01
L2 0.1000000000E+01  0.3501446569E+02  0.3501446569E+02  0.3501446569E+02
L3 0.3304765281E+05  -.7490079315E+03  -.1268238951E+03  -.6678741471E+03
L4 -.5145686579E+03  0.2907753484E+03  0.2809744376E+03  0.2820649774E+03
L5 0.8538147633E+03  0.4689244416E+03  0.3111390873E+03  0.4409166646E+03
L6 0.1220980193E+04  -.9636212874E+04  0.1472980171E+04  -.1118042674E+05
L7 0.0000000000E+00  0.1893132048E+01  0.7734548911E+01  0.1061561509E+02
L8 0.3010084485E+01  0.4633565315E+02  0.1644662498E+01  0.0000000000E+00
L9 0.0000000000E+00  0.0000000000E+00  0.0000000000E+00  0.9206535000E+00  0.0000000000E+00
L0     2000  0.4000000000E+01  -.7935732996E+04  0.1728488139E+04
L1 0.2848115585E+03  0.2848115585E+03  -.9664221135E+10  0.1000000000E+01
L2 0.1000000000E+01  0.3466816209E+02  0.3466816209E+02  0.3466816209E+02
L3 0.3207742492E+05  -.6404905367E+03  -.5347169592E+03  -.1060244888E+04
L4 -.7451507945E+03  0.2983646778E+03  0.2799603013E+03  0.2854636733E+03
L5 0.8637886524E+03  0.4462308377E+03  0.4034071579E+03  0.5302359707E+03
L6 0.1379873966E+04  -.9664221135E+04  0.1398276003E+04  -.1113405583E+05
L7 0.0000000000E+00  0.3512356897E+01  0.7694035399E+01  0.1117097276E+02
L8 0.2860537741E+01  0.4397865573E+02  0.2342131308E+01  0.0000000000E+00
L9 0.0000000000E+00  0.0000000000E+00  0.0000000000E+00  0.9484999904E+00  0.0000000000E+00
L0     3000  0.6000000000E+01  -.7800582814E+04  0.1811259976E+04
L1 0.2984502844E+03  0.2984502844E+03  -.9611842790E+10  0.1000000000E+01
L2 0.1000000000E+01  0.3436931448E+02  0.3436931448E+02  0.3436931448E+02
L3 0.3125264973E+05  -.7391192220E+02  -.1215750080E+03  0.5005516306E+03
L4 0.1016882335E+03  0.3161736783E+03  0.2836148316E+03  0.3063916917E+03
L5 0.9061802015E+03  0.3327985354E+03  0.3109604489E+03  0.1938036397E+03
L6 0.8375626239E+03  -.9611842790E+04  0.1444021593E+04  -.1113363227E+05
L7 0.0000000000E+00  0.4251740418E+01  0.7499133916E+01  0.1188878878E+02
L8 0.4438242298E+01  0.4719338918E+02  0.2496596760E+01  0.0000000000E+00
L9 0.0000000000E+00  0.0000000000E+00  0.0000000000E+00  0.9735314442E+00  0.0000000000E+00
L0     4000  0.8000000000E+01  -.7809860603E+04  0.1815509726E+04
L1 0.2991505367E+03  0.2991505367E+03  -.9625370328E+10  0.1000000000E+01
L2 0.1000000000E+01  0.3431683313E+02  0.3431683313E+02  0.3431683313E+02
L3 0.3110893584E+05  0.8672640607E+02  0.2115642288E+03  0.8345307745E+03
L4 0.3776071365E+03  0.2969704910E+03  0.2893871361E+03  0.3301911554E+03
L5 0.9165487825E+03  0.2775530012E+03  0.2420192532E+03  0.1433450320E+03
L6 0.6629172864E+03  -.9625370328E+04  0.1490712875E+04  -.1118266452E+05
L7 0.0000000000E+00  0.2918284434E+01  0.7747609628E+01  0.1021934994E+02
L8 0.1955307352E+01  0.4223579249E+02  0.1504976757E+01  0.0000000000E+00
L9 0.0000000000E+00  0.0000000000E+00  0.0000000000E+00  0.9780288655E+00  0.0000000000E+00
L0     5000  0.1000000000E+02  -.7788513096E+04  0.1820425410E+04
L1 0.2999605183E+03  0.2999605183E+03  -.9608938506E+10  0.1000000000E+01
L2 0.1000000000E+01  0.3421157423E+02  0.3421157423E+02  0.3421157423E+02
L3 0.3082576123E+05  -.1044260377E+04  -.2798495055E+03  0.4941195959E+02
L4 -.4248993075E+03  0.2881391457E+03  0.3079222725E+03  0.2790829544E+03
L5 0.8751443726E+03  0.5198141553E+03  0.3700084516E+03  0.2681206346E+03
L6 0.1157943242E+04  -.9608938506E+04  0.1349663801E+04  -.1103492719E+05
L7 0.0000000000E+00  0.6019418782E+01  0.8128300814E+01  0.1012197781E+02
L8 0.3661148540E+01  0.4492292088E+02  0.3471116653E+01  0.0000000000E+00
L9 0.0000000000E+00  0.0000000000E+00  0.0000000000E+00  0.9870133295E+00  0.0000000000E+00
L0     6000  0.1200000000E+02  -.7925100364E+04  0.1779459610E+04
L1 0.2932103805E+03  0.2932103805E+03  -.9704559974E+10  0.1000000000E+01
L2 0.1000000000E+01  0.3420831430E+02  0.3420831430E+02  0.3420831430E+02
L3 0.3081711367E+05  -.9078469554E+02  -.7483008442E+03  -.6140336320E+03
L4 -.4843730572E+03  0.2981953830E+03  0.2823139787E+03  0.3041809314E+03
L5 0.8846902931E+03  0.3183308257E+03  0.4482821373E+03  0.4403695138E+03
L6 0.1206982477E+04  -.9704559974E+04  0.1383668194E+04  -.1115881444E+05
L7 0.0000000000E+00  0.1320354729E+01  0.6893785989E+01  0.1152908962E+02
L8 0.3794445436E+01  0.4430241965E+02  0.2746177417E+01  0.0000000000E+00
L9 0.0000000000E+00  0.0000000000E+00  0.0000000000E+00  0.9872902944E+00  0.0000000000E+00
L0     7000  0.1400000000E+02  -.7824500370E+04  0.1849076308E+04
L1 0.3046814688E+03  0.3046814688E+03  -.9673576678E+10  0.1000000000E+01
L2 0.1000000000E+01  0.3424618087E+02  0.3424618087E+02  0.3424618087E+02
L3 0.3091806200E+05  0.3101499315E+03  -.2458596480E+03  0.1175885275E+03
L4 0.6062627030E+02  0.2952449319E+03  0.3214393360E+03  0.2981462580E+03
L5 0.9148305259E+03  0.2262304021E+03  0.3761479987E+03  0.2719804714E+03
L6 0.8743588722E+03  -.9673576678E+04  0.1434225237E+04  -.1118438910E+05
L7 0.0000000000E+00  0.3732620978E+01  0.8155911699E+01  0.1275797715E+02
L8 0.4042676537E+01  0.4620651701E+02  0.1691476674E+01  0.0000000000E+00
L9 0.0000000000E+00  0.0000000000E+00  0.0000000000E+00  0.9840667641E+00  0.0000000000E+00
L0     8000  0.1600000000E+02  -.7798027227E+04  0.1815225132E+04
L1 0.2991036427E+03  0.2991036427E+03  -.9613252359E+10  0.1000000000E+01
L2 0.1000000000E+01  0.3428727752E+02  0.3428727752E+02  0.3428727752E+02
L3 0.3102965406E+05  0.8132505051E+02  -.5014213226E+02  -.1195238517E+02
L4 0.6410177693E+01  0.2924330648E+03  0.2980854067E+03  0.2986495128E+03
L5 0.8891679844E+03  0.2742713080E+03  0.3092832997E+03  0.3013187557E+03
L6 0.8848733635E+03  -.9613252359E+04  0.1428557452E+04  -.1111388894E+05
L7 0.0000000000E+00  0.2987169891E+01  0.7923116797E+01  0.1051078291E+02
L8 0.2437440754E+01  0.4548448473E+02  0.2736131082E+01  0.0000000000E+00
L9 0.0000000000E+00  0.0000000000E+00  0.0000000000E+00  0.9805277612E+00  0.0000000000E+00
L0     9000  0.1800000000E+02  -.7855591560E+04  0.1813614298E+04
L1 0.2988382176E+03  0.2988382176E+03  -.9669205858E+10  0.1000000000E+01
L2 0.1000000000E+01  0.3425635719E+02  0.3425635719E+02  0.3425635719E+02
L3 0.3094593991E+05  -.5311203226E+03  0.2670747210E+03  0.1116027096E+03
L4 -.5081429731E+02  0.2847045370E+03  0.3132041097E+03  0.3040641213E+03
L5 0.9019727680E+03  0.4029959385E+03  0.2537210853E+03  0.2792079063E+03
L6 0.9359249301E+03  -.9669205858E+04  0.1424596638E+04  -.1116478530E+05
L7 0.0000000000E+00  0.2085472225E+01  0.9164691161E+01  0.1037668117E+02
L8 0.2728022571E+01  0.4299625788E+02  0.3631682876E+01  0.0000000000E+00
L9 0.0000000000E+00  0.0000000000E+00  0.0000000000E+00  0.9831802594E+00  0.0000000000E+00
L0    10000  0.2000000000E+02  -.7893492825E+04  0.1810852576E+04
L1 0.2983831550E+03  0.2983831550E+03  -.9704345401E+10  0.1000000000E+01
L2 0.1000000000E+01  0.3410880417E+02  0.3410880417E+02  0.3410880417E+02
L3 0.3054802145E+05  0.1445684177E+03  -.3203950291E+03  -.2448165475E+03
L4 -.1402143863E+03  0.3274778801E+03  0.3014296923E+03  0.2968478436E+03
L5 0.9257554160E+03  0.2956935476E+03  0.3718706800E+03  0.3506723971E+03
L6 0.1018236625E+04  -.9704345401E+04  0.1412525112E+04  -.1119557108E+05
L7 0.0000000000E+00  0.2862559441E+01  0.8882959717E+01  0.1020866122E+02
L8 0.4475167795E+01  0.4688635809E+02  0.5384863479E+01  0.0000000000E+00
L9 0.0000000000E+00  0.0000000000E+00  0.0000000000E+00  0.9959871631E+00  0.0000000000E+00
