L0  Nsteps           time(ps)         Etot             EKinetic        
L1  Temp             T_solute         T_solv           Pres_scal_solu  
L2  Pres_scal_solv   BoxX             BoxY             BoxZ            
L3  volume           pres_X           pres_Y           pres_Z          
L4  Pressure         EKCoM_x          EKCoM_y          EKCoM_z         
L5  EKComTot         VIRIAL_x         VIRIAL_y         VIRIAL_z        
L6  VIRIAL_tot       E_pot            E_vdw            E_el            
L7  E_hbon           E_bon            E_angle          E_dih           
L8  E_14vdw          E_14el           E_const          E_pol           
L9  AV_permMoment    AV_indMoment     AV_totMoment     Density          dV/dlambda      
L0     1000  0.2000000000E+01  -.6785585444E+04  0.1541458216E+04
L1 0.2898717464E+03  0.2898717464E+03  -.8327043660E+10  0.1000000000E+01
L2 0.1000000000E+01  0.3371147971E+02  0.3371147971E+02  0.3371147971E+02
L3 0.2949574209E+05  -.1532557027E+04  -.1210828948E+04  -.9508373089E+03
L4 -.1231407761E+04  0.2513016757E+03  0.2659109141E+03  0.2531021593E+03
L5 0.7703147491E+03  0.5766379966E+03  0.5229497245E+03  0.4549490768E+03
L6 0.1554536798E+04  -.8327043660E+04  0.1157616527E+04  -.9559101474E+04
L7 0.0000000000E+00  0.1371541731E+01  0.7501689092E+01  0.1030667068E+02
L8 0.2404106733E+01  0.4694950940E+02  0.5907769589E+01  0.0000000000E+00
L9 0.0000000000E+00  0.0000000000E+00  0.0000000000E+00  0.9037210802E+00  0.0000000000E+00
L0     2000  0.4000000000E+01  -.6767185988E+04  0.1601054339E+04
L1 0.3010788177E+03  0.3010788177E+03  -.8368240327E+10  0.1000000000E+01
L2 0.1000000000E+01  0.3326138904E+02  0.3326138904E+02  0.3326138904E+02
L3 0.2832745386E+05  0.5516468384E+01  -.2033064699E+03  -.4388240331E+03
L4 -.2122046782E+03  0.2739854762E+03  0.2853587195E+03  0.2449466218E+03
L5 0.8042908175E+03  0.2728608058E+03  0.3268078401E+03  0.3344119018E+03
L6 0.9340805477E+03  -.8368240327E+04  0.1265891721E+04  -.9716973336E+04
L7 0.0000000000E+00  0.4070941290E+01  0.1124622661E+02  0.1071417105E+02
L8 0.4360506981E+01  0.4952449223E+02  0.2924950043E+01  0.0000000000E+00
L9 0.0000000000E+00  0.0000000000E+00  0.0000000000E+00  0.9409925804E+00  0.0000000000E+00
L0     3000  0.6000000000E+01  -.6830545230E+04  0.1571794255E+04
L1 0.2955764490E+03  0.2955764490E+03  -.8402339485E+10  0.1000000000E+01
L2 0.1000000000E+01  0.3287370531E+02  0.3287370531E+02  0.3287370531E+02
L3 0.2734850517E+05  -.5076293003E+03  -.3683437378E+03  0.1444795344E+03
L4 -.2438311679E+03  0.2510566343E+03  0.2495456084E+03  0.2532718736E+03
L5 0.7538741164E+03  0.3509730521E+03  0.3220465195E+03  0.2248340402E+03
L6 0.8978536117E+03  -.8402339485E+04  0.1216602740E+04  -.9692610632E+04
L7 0.0000000000E+00  0.4913937129E+01  0.3775803956E+01  0.1156871492E+02
L8 0.3408027395E+01  0.4684954008E+02  0.3152383482E+01  0.0000000000E+00
L9 0.0000000000E+00  0.0000000000E+00  0.0000000000E+00  0.9746757179E+00  0.0000000000E+00
L0     4000  0.8000000000E+01  -.6804179587E+04  0.1607609777E+04
L1 0.3023115701E+03  0.3023115701E+03  -.8411789364E+10  0.1000000000E+01
L2 0.1000000000E+01  0.3287880022E+02  0.3287880022E+02  0.3287880022E+02
L3 0.2735952918E+05  0.1347706717E+03  0.5884910926E+03  0.6272591784E+03
L4 0.4501736476E+03  0.2692206658E+03  0.2796640107E+03  0.2693786381E+03
L5 0.8182633146E+03  0.2426831300E+03  0.1637849161E+03  0.1458657649E+03
L6 0.5523338111E+03  -.8411789364E+04  0.1287235338E+04  -.9777563010E+04
L7 0.0000000000E+00  0.4843439671E+01  0.8947961933E+01  0.1167849110E+02
L8 0.3145064229E+01  0.4539071305E+02  0.4532638777E+01  0.0000000000E+00
L9 0.0000000000E+00  0.0000000000E+00  0.0000000000E+00  0.9742829905E+00  0.0000000000E+00
L0     5000  0.1000000000E+02  -.6847347665E+04  0.1657012781E+04
L1 0.3116018221E+03  0.3116018221E+03  -.8504360447E+10  0.1000000000E+01
L2 0.1000000000E+01  0.3283468908E+02  0.3283468908E+02  0.3283468908E+02
L3 0.2725191195E+05  -.8201761571E+03  -.3252858578E+03  -.4093849073E+03
L4 -.5182823074E+03  0.2787831034E+03  0.2920609086E+03  0.2559432984E+03
L5 0.8267873104E+03  0.4396477825E+03  0.3558606237E+03  0.3362377220E+03
L6 0.1131746128E+04  -.8504360447E+04  0.1213917898E+04  -.9796839669E+04
L7 0.0000000000E+00  0.2429790172E+01  0.6651024674E+01  0.1269095832E+02
L8 0.2663312205E+01  0.4880194874E+02  0.5324289766E+01  0.0000000000E+00
L9 0.0000000000E+00  0.0000000000E+00  0.0000000000E+00  0.9781304135E+00  0.0000000000E+00
L0     6000  0.1200000000E+02  -.6948897611E+04  0.1566366957E+04
L1 0.2945558436E+03  0.2945558436E+03  -.8515264568E+10  0.1000000000E+01
L2 0.1000000000E+01  0.3280442041E+02  0.3280442041E+02  0.3280442041E+02
L3 0.2717510972E+05  -.1203098579E+03  0.1142156916E+03  0.3139259161E+03
L4 0.1026105833E+03  0.2608347022E+03  0.2429800596E+03  0.2805825397E+03
L5 0.7843973015E+03  0.2843650908E+03  0.2206415774E+03  0.2191844221E+03
L6 0.7241910903E+03  -.8515264568E+04  0.1288962870E+04  -.9876264860E+04
L7 0.0000000000E+00  0.3006815140E+01  0.7453447579E+01  0.1151974545E+02
L8 0.1950617513E+01  0.4570293593E+02  0.2403861174E+01  0.0000000000E+00
L9 0.0000000000E+00  0.0000000000E+00  0.0000000000E+00  0.9808948035E+00  0.0000000000E+00
L0     7000  0.1400000000E+02  -.6878260075E+04  0.1519788684E+04
L1 0.2857967834E+03  0.2857967834E+03  -.8398048759E+10  0.1000000000E+01
L2 0.1000000000E+01  0.3274953462E+02  0.3274953462E+02  0.3274953462E+02
L3 0.2703987279E+05  0.8973064052E+02  -.3436218745E+03  -.6034593298E+03
L4 -.2857835213E+03  0.2448239063E+03  0.2320052016E+03  0.2619325759E+03
L5 0.7387616838E+03  0.2273615843E+03  0.2988768497E+03  0.3793707337E+03
L6 0.9056091678E+03  -.8398048759E+04  0.1198985122E+04  -.9671257412E+04
L7 0.0000000000E+00  0.2563703070E+01  0.7244997058E+01  0.1003688332E+02
L8 0.2578604056E+01  0.4482128438E+02  0.6978059298E+01  0.0000000000E+00
L9 0.0000000000E+00  0.0000000000E+00  0.0000000000E+00  0.9858006401E+00  0.0000000000E+00
L0     8000  0.1600000000E+02  -.6861715404E+04  0.1549892228E+04
L1 0.2914577652E+03  0.2914577652E+03  -.8411607632E+10  0.1000000000E+01
L2 0.1000000000E+01  0.3274669137E+02  0.3274669137E+02  0.3274669137E+02
L3 0.2703184919E+05  0.9820334997E+03  -.4195414362E+03  -.1986226104E+03
L4 0.1212898177E+03  0.2546864683E+03  0.2463609396E+03  0.2742513749E+03
L5 0.7752987828E+03  0.6363136669E+02  0.3279829329E+03  0.3128935017E+03
L6 0.7045078013E+03  -.8411607632E+04  0.1233681329E+04  -.9721315709E+04
L7 0.0000000000E+00  0.5265615510E+01  0.8724251643E+01  0.1082230552E+02
L8 0.3784538462E+01  0.4525192211E+02  0.2178114552E+01  0.0000000000E+00
L9 0.0000000000E+00  0.0000000000E+00  0.0000000000E+00  0.9860932459E+00  0.0000000000E+00
L0     9000  0.1800000000E+02  -.6847114152E+04  0.1649427455E+04
L1 0.3101753989E+03  0.3101753989E+03  -.8496541607E+10  0.1000000000E+01
L2 0.1000000000E+01  0.3274241859E+02  0.3274241859E+02  0.3274241859E+02
L3 0.2702216968E+05  0.1177155863E+03  -.4022178287E+03  -.4723666994E+03
L4 -.2522896473E+03  0.2686046273E+03  0.2707747603E+03  0.2666635846E+03
L5 0.8060429722E+03  0.2457112025E+03  0.3489984170E+03  0.3585298518E+03
L6 0.9532394713E+03  -.8496541607E+04  0.1218442894E+04  -.9788217509E+04
L7 0.0000000000E+00  0.9235642299E+01  0.4412577544E+01  0.1006212655E+02
L8 0.2083547010E+01  0.4400582392E+02  0.3433290101E+01  0.0000000000E+00
L9 0.0000000000E+00  0.0000000000E+00  0.0000000000E+00  0.9864464704E+00  0.0000000000E+00
L0    10000  0.2000000000E+02  -.6923931264E+04  0.1567794544E+04
L1 0.2948243020E+03  0.2948243020E+03  -.8491725808E+10  0.1000000000E+01
L2 0.1000000000E+01  0.3272359365E+02  0.3272359365E+02  0.3272359365E+02
L3 0.2697525637E+05  -.1114629317E+03  0.3160146963E+03  -.5478798363E+03
L4 -.1144426906E+03  0.2516993273E+03  0.2482562937E+03  0.2893025051E+03
L5 0.7892581261E+03  0.2733390964E+03  0.1869041925E+03  0.3956696441E+03
L6 0.8559129330E+03  -.8491725808E+04  0.1248575718E+04  -.9814475905E+04
L7 0.0000000000E+00  0.1878941981E+01  0.9003636505E+01  0.1164751366E+02
L8 0.2161600787E+01  0.4570977253E+02  0.3772913091E+01  0.0000000000E+00
L9 0.0000000000E+00  0.0000000000E+00  0.0000000000E+00  0.9881620230E+00  0.0000000000E+00
