L0  Nsteps           time(ps)         Etot             EKinetic        
L1  Temp             T_solute         T_solv           Pres_scal_solu  
L2  Pres_scal_solv   BoxX             BoxY             BoxZ            
L3  volume           pres_X           pres_Y           pres_Z          
L4  Pressure         EKCoM_x          EKCoM_y          EKCoM_z         
L5  EKComTot         VIRIAL_x         VIRIAL_y         VIRIAL_z        
L6  VIRIAL_tot       E_pot            E_vdw            E_el            
L7  E_hbon           E_bon            E_angle          E_dih           
L8  E_14vdw          E_14el           E_const          E_pol           
L9  AV_permMoment    AV_indMoment     AV_totMoment     Density          dV/dlambda      
L0     1000  0.2000000000E+01  -.7504601053E+04  0.1761040544E+04
L1 0.2989863728E+03  0.2989863728E+03  -.9265641597E+10  0.1000000000E+01
L2 0.1000000000E+01  0.3484684971E+02  0.3484684971E+02  0.3484684971E+02
L3 0.3257534340E+05  -.5736442142E+03  -.4816757240E+03  -.5137071843E+03
L4 -.5230090408E+03  0.2821709582E+03  0.2900620303E+03  0.2880187456E+03
L5 0.8602517340E+03  0.4166604029E+03  0.4029896935E+03  0.4084561042E+03
L6 0.1228106201E+04  -.9265641597E+04  0.1408665877E+04  -.1074744087E+05
L7 0.0000000000E+00  0.2020056364E+01  0.1128965666E+02  0.1167539781E+02
L8 0.2546707740E+01  0.4304041647E+02  0.2561159511E+01  0.0000000000E+00
L9 0.0000000000E+00  0.0000000000E+00  0.0000000000E+00  0.9064504308E+00  0.0000000000E+00
L0     2000  0.4000000000E+01  -.7510633356E+04  0.1746976074E+04
L1 0.2965985319E+03  0.2965985319E+03  -.9257609430E+10  0.1000000000E+01
L2 0.1000000000E+01  0.3425506795E+02  0.3425506795E+02  0.3425506795E+02
L3 0.3094354369E+05  -.3263587992E+03  -.3276930394E+03  -.6913585907E+03
L4 -.4484701431E+03  0.2718392365E+03  0.3025184805E+03  0.2713604379E+03
L5 0.8457181550E+03  0.3445204140E+03  0.3754967977E+03  0.4253282690E+03
L6 0.1145345481E+04  -.9257609430E+04  0.1355064841E+04  -.1069008380E+05
L7 0.0000000000E+00  0.1667794467E+01  0.1209426758E+02  0.1317327468E+02
L8 0.3930403927E+01  0.4308538863E+02  0.3458401905E+01  0.0000000000E+00
L9 0.0000000000E+00  0.0000000000E+00  0.0000000000E+00  0.9542518579E+00  0.0000000000E+00
L0     3000  0.6000000000E+01  -.7570229352E+04  0.1760773558E+04
L1 0.2989410444E+03  0.2989410444E+03  -.9331002910E+10  0.1000000000E+01
L2 0.1000000000E+01  0.3401566365E+02  0.3401566365E+02  0.3401566365E+02
L3 0.3029927989E+05  -.5828804642E+03  -.2505229523E+03  -.5052995947E+03
L4 -.4462343371E+03  0.2953832040E+03  0.2978923432E+03  0.2839182493E+03
L5 0.8771937965E+03  0.4224898874E+03  0.3525229982E+03  0.3941071466E+03
L6 0.1169120032E+04  -.9331002910E+04  0.1337596370E+04  -.1074058092E+05
L7 0.0000000000E+00  0.8235938003E+00  0.6846822302E+01  0.1099698026E+02
L8 0.3412695235E+01  0.4748971883E+02  0.2411833087E+01  0.0000000000E+00
L9 0.0000000000E+00  0.0000000000E+00  0.0000000000E+00  0.9745424369E+00  0.0000000000E+00
L0     4000  0.8000000000E+01  -.7727619814E+04  0.1721130675E+04
L1 0.2922105455E+03  0.2922105455E+03  -.9448750490E+10  0.1000000000E+01
L2 0.1000000000E+01  0.3384633522E+02  0.3384633522E+02  0.3384633522E+02
L3 0.2984859560E+05  -.3358221119E+03  -.5893680247E+03  0.9089201836E+02
L4 -.2780993727E+03  0.3034817525E+03  0.2639582502E+03  0.2883202821E+03
L5 0.8557602848E+03  0.3756240170E+03  0.3905679714E+03  0.2687945993E+03
L6 0.1034986588E+04  -.9448750490E+04  0.1387724671E+04  -.1091268544E+05
L7 0.0000000000E+00  0.3411869465E+01  0.1278760489E+02  0.1075756061E+02
L8 0.2475450829E+01  0.4441744241E+02  0.2360354375E+01  0.0000000000E+00
L9 0.0000000000E+00  0.0000000000E+00  0.0000000000E+00  0.9892570642E+00  0.0000000000E+00
L0     5000  0.1000000000E+02  -.7669898284E+04  0.1763503747E+04
L1 0.2994045713E+03  0.2994045713E+03  -.9433402031E+10  0.1000000000E+01
L2 0.1000000000E+01  0.3378464452E+02  0.3378464452E+02  0.3378464452E+02
L3 0.2968489668E+05  0.5337655624E+03  -.3000444444E+03  -.1800161053E+03
L4 0.1790167089E+02  0.3168439117E+03  0.2927329114E+03  0.2709298664E+03
L5 0.8805066895E+03  0.2028077287E+03  0.3568358165E+03  0.3093893530E+03
L6 0.8690328982E+03  -.9433402031E+04  0.1407403183E+04  -.1092124917E+05
L7 0.0000000000E+00  0.2239183145E+01  0.9228676265E+01  0.1237566023E+02
L8 0.4198923085E+01  0.4676094221E+02  0.5640569261E+01  0.0000000000E+00
L9 0.0000000000E+00  0.0000000000E+00  0.0000000000E+00  0.9947123743E+00  0.0000000000E+00
L0     6000  0.1200000000E+02  -.7735115854E+04  0.1692512322E+04
L1 0.2873517716E+03  0.2873517716E+03  -.9427628175E+10  0.1000000000E+01
L2 0.1000000000E+01  0.3385431852E+02  0.3385431852E+02  0.3385431852E+02
L3 0.2986889971E+05  0.4114647034E+02  0.2851154048E+03  -.2350672067E+03
L4 0.3039822283E+02  0.2778090979E+03  0.2793394020E+03  0.2928426741E+03
L5 0.8499911741E+03  0.2689638830E+03  0.2180484330E+03  0.3433748328E+03
L6 0.8303871488E+03  -.9427628175E+04  0.1418967138E+04  -.1091647571E+05
L7 0.0000000000E+00  0.3928174240E+01  0.4999405736E+01  0.1150883028E+02
L8 0.2906993586E+01  0.4406303680E+02  0.2473956033E+01  0.0000000000E+00
L9 0.0000000000E+00  0.0000000000E+00  0.0000000000E+00  0.9885845926E+00  0.0000000000E+00
L0     7000  0.1400000000E+02  -.7553888925E+04  0.1801735302E+04
L1 0.3058954575E+03  0.3058954575E+03  -.9355624227E+10  0.1000000000E+01
L2 0.1000000000E+01  0.3384425111E+02  0.3384425111E+02  0.3384425111E+02
L3 0.2984159883E+05  -.3913851244E+02  0.3597922433E+03  0.5166847008E+03
L4 0.2791128106E+03  0.3003777115E+03  0.3036406850E+03  0.2962898836E+03
L5 0.9003082801E+03  0.3087835876E+03  0.2263672063E+03  0.1853202199E+03
L6 0.7204710138E+03  -.9355624227E+04  0.1406267985E+04  -.1083587772E+05
L7 0.0000000000E+00  0.7196717948E+01  0.6470048545E+01  0.9872842477E+01
L8 0.2798992391E+01  0.4484932164E+02  0.2797587181E+01  0.0000000000E+00
L9 0.0000000000E+00  0.0000000000E+00  0.0000000000E+00  0.9894890092E+00  0.0000000000E+00
L0     8000  0.1600000000E+02  -.7554068010E+04  0.1841715277E+04
L1 0.3126831875E+03  0.3126831875E+03  -.9395783287E+10  0.1000000000E+01
L2 0.1000000000E+01  0.3396825479E+02  0.3396825479E+02  0.3396825479E+02
L3 0.3017168757E+05  -.6669008289E+03  0.2962418335E+02  0.5037448318E+03
L4 -.4451060456E+02  0.3170511897E+03  0.2952444482E+03  0.3069336033E+03
L5 0.9192292413E+03  0.4618674871E+03  0.2888116109E+03  0.1975463329E+03
L6 0.9482254308E+03  -.9395783287E+04  0.1381773244E+04  -.1085803019E+05
L7 0.0000000000E+00  0.1041784026E+01  0.1308253326E+02  0.1294945220E+02
L8 0.2751702552E+01  0.4702129857E+02  0.3626891758E+01  0.0000000000E+00
L9 0.0000000000E+00  0.0000000000E+00  0.0000000000E+00  0.9786636557E+00  0.0000000000E+00
L0     9000  0.1800000000E+02  -.7668018745E+04  0.1737399148E+04
L1 0.2949725782E+03  0.2949725782E+03  -.9405417893E+10  0.1000000000E+01
L2 0.1000000000E+01  0.3393515579E+02  0.3393515579E+02  0.3393515579E+02
L3 0.3008285882E+05  0.1124870973E+04  -.1402687077E+03  -.3177791980E+03
L4 0.2222743559E+03  0.2952121828E+03  0.2762539414E+03  0.2812898129E+03
L5 0.8527559371E+03  0.5166764382E+02  0.3066233602E+03  0.3500918267E+03
L6 0.7083828308E+03  -.9405417893E+04  0.1438452666E+04  -.1092546923E+05
L7 0.0000000000E+00  0.1798155274E+01  0.1432204831E+02  0.1133448483E+02
L8 0.4139690775E+01  0.4637775689E+02  0.3626536453E+01  0.0000000000E+00
L9 0.0000000000E+00  0.0000000000E+00  0.0000000000E+00  0.9815534566E+00  0.0000000000E+00
L0    10000  0.2000000000E+02  -.7601704319E+04  0.1787350146E+04
L1 0.3034531710E+03  0.3034531710E+03  -.9389054466E+10  0.1000000000E+01
L2 0.1000000000E+01  0.3390265899E+02  0.3390265899E+02  0.3390265899E+02
L3 0.2999546270E+05  0.1806973710E+03  0.7855264927E+03  0.8841052297E+03
L4 0.6167763645E+03  0.2893181299E+03  0.3018458844E+03  0.3022440443E+03
L5 0.8934080586E+03  0.2503092051E+03  0.1322665281E+03  0.1113835232E+03
L6 0.4939592564E+03  -.9389054466E+04  0.1464790103E+04  -.1092763384E+05
L7 0.0000000000E+00  0.1674559936E+01  0.7006690105E+01  0.1320796181E+02
L8 0.3403277126E+01  0.4546491115E+02  0.3031867370E+01  0.0000000000E+00
L9 0.0000000000E+00  0.0000000000E+00  0.0000000000E+00  0.9844133543E+00  0.0000000000E+00
