L0  Nsteps           time(ps)         Etot             EKinetic        
L1  Temp             T_solute         T_solv           Pres_scal_solu  
L2  Pres_scal_solv   BoxX             BoxY             BoxZ            
L3  volume           pres_X           pres_Y           pres_Z          
L4  Pressure         EKCoM_x          EKCoM_y          EKCoM_z         
L5  EKComTot         VIRIAL_x         VIRIAL_y         VIRIAL_z        
L6  VIRIAL_tot       E_pot            E_vdw            E_el            
L7  E_hbon           E_bon            E_angle          E_dih           
L8  E_14vdw          E_14el           E_const          E_pol           
L9  AV_permMoment    AV_indMoment     AV_totMoment     Density          dV/dlambda      
L0     1000  0.2000000000E+01  -.7215606594E+04  0.1624124946E+04
L1 0.2907494023E+03  0.2907494023E+03  -.8839731540E+10  0.1000000000E+01
L2 0.1000000000E+01  0.3422913556E+02  0.3422913556E+02  0.3422913556E+02
L3 0.3087298295E+05  -.5226622285E+03  -.4790909026E+03  0.2410043742E+02
L4 -.3258842312E+03  0.2661799795E+03  0.2853585839E+03  0.2454831489E+03
L5 0.7970217123E+03  0.3823131517E+03  0.3918104054E+03  0.2401281412E+03
L6 0.1014251698E+04  -.8839731540E+04  0.1395669378E+04  -.1031078971E+05
L7 0.0000000000E+00  0.4191787558E+01  0.1068805659E+02  0.1103787214E+02
L8 0.2638861084E+01  0.4343756122E+02  0.3394651788E+01  0.0000000000E+00
L9 0.0000000000E+00  0.0000000000E+00  0.0000000000E+00  0.9070124098E+00  0.0000000000E+00
L0     2000  0.4000000000E+01  -.7182121202E+04  0.1628090217E+04
L1 0.2914592616E+03  0.2914592616E+03  -.8810211418E+10  0.1000000000E+01
L2 0.1000000000E+01  0.3371653713E+02  0.3371653713E+02  0.3371653713E+02
L3 0.2950552074E+05  -.4839741993E+01  0.3302879419E+03  -.3256658433E+02
L4 0.9762720518E+02  0.2507528227E+03  0.2856905977E+03  0.2841140623E+03
L5 0.8205574827E+03  0.2517805599E+03  0.2155527260E+03  0.2910296975E+03
L6 0.7583629835E+03  -.8810211418E+04  0.1364516752E+04  -.1025869286E+05
L7 0.0000000000E+00  0.4857253187E+01  0.1497797752E+02  0.9726444559E+01
L8 0.3392862896E+01  0.4603385213E+02  0.4976303029E+01  0.0000000000E+00
L9 0.0000000000E+00  0.0000000000E+00  0.0000000000E+00  0.9490487867E+00  0.0000000000E+00
L0     3000  0.6000000000E+01  -.7262318346E+04  0.1626595682E+04
L1 0.2911917114E+03  0.2911917114E+03  -.8888914029E+10  0.1000000000E+01
L2 0.1000000000E+01  0.3345050859E+02  0.3345050859E+02  0.3345050859E+02
L3 0.2881332829E+05  -.3187542148E+03  -.5537348542E+03  0.3244160507E+03
L4 -.1826910061E+03  0.2801591321E+03  0.2630308526E+03  0.2612212064E+03
L5 0.8044111911E+03  0.3462598146E+03  0.3778599280E+03  0.1939464180E+03
L6 0.9180661606E+03  -.8888914029E+04  0.1325743504E+04  -.1029154454E+05
L7 0.0000000000E+00  0.3351437367E+01  0.1053807827E+02  0.9511293098E+01
L8 0.3536881119E+01  0.4602045981E+02  0.3928854862E+01  0.0000000000E+00
L9 0.0000000000E+00  0.0000000000E+00  0.0000000000E+00  0.9718481108E+00  0.0000000000E+00
L0     4000  0.8000000000E+01  -.7195785948E+04  0.1672037152E+04
L1 0.2993266027E+03  0.2993266027E+03  -.8867823099E+10  0.1000000000E+01
L2 0.1000000000E+01  0.3341976018E+02  0.3341976018E+02  0.3341976018E+02
L3 0.2873394916E+05  -.2030137528E+02  -.2577862026E+03  -.2761803815E+03
L4 -.1847559864E+03  0.2694316927E+03  0.2641634519E+03  0.2956238287E+03
L5 0.8292189733E+03  0.2736300303E+03  0.3174738061E+03  0.3527381110E+03
L6 0.9438419475E+03  -.8867823099E+04  0.1309805249E+04  -.1025838455E+05
L7 0.0000000000E+00  0.1746444422E+01  0.1614666681E+02  0.8714689200E+01
L8 0.3311832344E+01  0.4570118912E+02  0.5135381313E+01  0.0000000000E+00
L9 0.0000000000E+00  0.0000000000E+00  0.0000000000E+00  0.9745328951E+00  0.0000000000E+00
L0     5000  0.1000000000E+02  -.7222007454E+04  0.1657606331E+04
L1 0.2967432101E+03  0.2967432101E+03  -.8879613785E+10  0.1000000000E+01
L2 0.1000000000E+01  0.3334914626E+02  0.3334914626E+02  0.3334914626E+02
L3 0.2855122779E+05  -.6839334564E+02  -.8103981854E+02  0.7338548011E+03
L4 0.1948072123E+03  0.2773255713E+03  0.2764433955E+03  0.2606123299E+03
L5 0.8143812967E+03  0.2913794182E+03  0.2930959104E+03  0.1098157440E+03
L6 0.6942910725E+03  -.8879613785E+04  0.1350079730E+04  -.1030648169E+05
L7 0.0000000000E+00  0.3946501251E+01  0.1366337604E+02  0.1001320150E+02
L8 0.2695738091E+01  0.4315192655E+02  0.3317433336E+01  0.0000000000E+00
L9 0.0000000000E+00  0.0000000000E+00  0.0000000000E+00  0.9807696841E+00  0.0000000000E+00
L0     6000  0.1200000000E+02  -.7225309870E+04  0.1640049950E+04
L1 0.2936002824E+03  0.2936002824E+03  -.8865359820E+10  0.1000000000E+01
L2 0.1000000000E+01  0.3330712090E+02  0.3330712090E+02  0.3330712090E+02
L3 0.2844227549E+05  0.8802466372E+03  0.6897745857E+03  0.3750432968E+03
L4 0.6483548399E+03  0.2694721478E+03  0.2840206796E+03  0.2718060552E+03
L5 0.8252988826E+03  0.8928438494E+02  0.1428228218E+03  0.1950341486E+03
L6 0.4271413553E+03  -.8865359820E+04  0.1386481467E+04  -.1032328208E+05
L7 0.0000000000E+00  0.2701487269E+01  0.1128847568E+02  0.8547940408E+01
L8 0.2480632394E+01  0.4370117166E+02  0.2721087620E+01  0.0000000000E+00
L9 0.0000000000E+00  0.0000000000E+00  0.0000000000E+00  0.9845266659E+00  0.0000000000E+00
L0     7000  0.1400000000E+02  -.7256710632E+04  0.1672455413E+04
L1 0.2994014796E+03  0.2994014796E+03  -.8929166045E+10  0.1000000000E+01
L2 0.1000000000E+01  0.3329949867E+02  0.3329949867E+02  0.3329949867E+02
L3 0.2842547994E+05  -.8105266557E+03  -.4465027424E+03  -.2432049380E+02
L4 -.4271166307E+03  0.2569536407E+03  0.3003319098E+03  0.2655627046E+03
L5 0.8228482552E+03  0.4227716467E+03  0.3916776957E+03  0.2705382052E+03
L6 0.1084987548E+04  -.8929166045E+04  0.1286010178E+04  -.1028953782E+05
L7 0.0000000000E+00  0.3982638490E+01  0.8280434168E+01  0.1227631520E+02
L8 0.3116538884E+01  0.4512813251E+02  0.1577538889E+01  0.0000000000E+00
L9 0.0000000000E+00  0.0000000000E+00  0.0000000000E+00  0.9851083859E+00  0.0000000000E+00
L0     8000  0.1600000000E+02  -.7281907040E+04  0.1608652130E+04
L1 0.2879794726E+03  0.2879794726E+03  -.8890559170E+10  0.1000000000E+01
L2 0.1000000000E+01  0.3323546418E+02  0.3323546418E+02  0.3323546418E+02
L3 0.2826134012E+05  0.4585437046E+02  -.7042163839E+03  -.6426800888E+02
L4 -.2408766741E+03  0.2531488170E+03  0.2579005298E+03  0.2653555805E+03
L5 0.7764049272E+03  0.2438220727E+03  0.4011376090E+03  0.2784276449E+03
L6 0.9233873266E+03  -.8890559170E+04  0.1280817647E+04  -.1024323343E+05
L7 0.0000000000E+00  0.2091488484E+01  0.1372955290E+02  0.8437295567E+01
L8 0.3618548515E+01  0.4267739222E+02  0.1302333854E+01  0.0000000000E+00
L9 0.0000000000E+00  0.0000000000E+00  0.0000000000E+00  0.9908298243E+00  0.0000000000E+00
L0     9000  0.1800000000E+02  -.7250935557E+04  0.1698761918E+04
L1 0.3041108467E+03  0.3041108467E+03  -.8949697476E+10  0.1000000000E+01
L2 0.1000000000E+01  0.3330717363E+02  0.3330717363E+02  0.3330717363E+02
L3 0.2844489258E+05  -.2698566260E+03  -.6615103348E+02  -.6537247519E+03
L4 -.3299108038E+03  0.2796613611E+03  0.2965953517E+03  0.2903190882E+03
L5 0.8665758010E+03  0.3349064865E+03  0.3101378102E+03  0.4241498059E+03
L6 0.1069194103E+04  -.8949697476E+04  0.1281259484E+04  -.1030100668E+05
L7 0.0000000000E+00  0.1001823131E+01  0.1012161483E+02  0.1177804527E+02
L8 0.2936211117E+01  0.4292067539E+02  0.1291346133E+01  0.0000000000E+00
L9 0.0000000000E+00  0.0000000000E+00  0.0000000000E+00  0.9844360840E+00  0.0000000000E+00
L0    10000  0.2000000000E+02  -.7292800378E+04  0.1688717081E+04
L1 0.3023126289E+03  0.3023126289E+03  -.8981517459E+10  0.1000000000E+01
L2 0.1000000000E+01  0.3333039919E+02  0.3333039919E+02  0.3333039919E+02
L3 0.2850345967E+05  0.1694771077E+03  -.9188525758E+03  0.9153252227E+03
L4 0.5531658486E+02  0.2839409834E+03  0.2730309534E+03  0.2872586453E+03
L5 0.8442305821E+03  0.2491741449E+03  0.4615260225E+03  0.9948718376E+02
L6 0.8101873512E+03  -.8981517459E+04  0.1353277700E+04  -.1041472830E+05
L7 0.0000000000E+00  0.6100399560E+01  0.1589326677E+02  0.1164411410E+02
L8 0.2741962005E+01  0.4068278738E+02  0.2870610583E+01  0.0000000000E+00
L9 0.0000000000E+00  0.0000000000E+00  0.0000000000E+00  0.9824133276E+00  0.0000000000E+00
