L0  Nsteps           time(ps)         Etot             EKinetic        
L1  Temp             T_solute         T_solv           Pres_scal_solu  
L2  Pres_scal_solv   BoxX             BoxY             BoxZ            
L3  volume           pres_X           pres_Y           pres_Z          
L4  Pressure         EKCoM_x          EKCoM_y          EKCoM_z         
L5  EKComTot         VIRIAL_x         VIRIAL_y         VIRIAL_z        
L6  VIRIAL_tot       E_pot            E_vdw            E_el            
L7  E_hbon           E_bon            E_angle          E_dih           
L8  E_14vdw          E_14el           E_const          E_pol           
L9  AV_permMoment    AV_indMoment     AV_totMoment     Density          dV/dlambda      
L0     1000  0.2000000000E+01  -.7980342641E+04  0.1763724079E+04
L1 0.2852928399E+03  0.2852928399E+03  -.9744066720E+10  0.1000000000E+01
L2 0.1000000000E+01  0.3543669770E+02  0.3543669770E+02  0.3543669770E+02
L3 0.3425894141E+05  -.9348580677E+03  -.1009458100E+04  -.8460545155E+03
L4 -.9301235612E+03  0.2993139932E+03  0.2938022729E+03  0.2842207966E+03
L5 0.8773370627E+03  0.5298167902E+03  0.5426987884E+03  0.4928277916E+03
L6 0.1565343370E+04  -.9744066720E+04  0.1433239696E+04  -.1125438833E+05
L7 0.0000000000E+00  0.4529207965E+01  0.1062842904E+02  0.1407146079E+02
L8 0.2453513864E+01  0.4419010434E+02  0.1209197449E+01  0.0000000000E+00
L9 0.0000000000E+00  0.0000000000E+00  0.0000000000E+00  0.9046939172E+00  0.0000000000E+00
L0     2000  0.4000000000E+01  -.7895012072E+04  0.1863505457E+04
L1 0.3014330701E+03  0.3014330701E+03  -.9758517528E+10  0.1000000000E+01
L2 0.1000000000E+01  0.3488318732E+02  0.3488318732E+02  0.3488318732E+02
L3 0.3267663824E+05  -.2124395682E+03  -.5387665735E+03  -.7859773095E+02
L4 -.2766012909E+03  0.2982331956E+03  0.3120904621E+03  0.3098105942E+03
L5 0.9201342519E+03  0.3481939929E+03  0.4387957072E+03  0.3282949346E+03
L6 0.1115284635E+04  -.9758517528E+04  0.1462286275E+04  -.1129731073E+05
L7 0.0000000000E+00  0.1752889232E+01  0.8980706980E+01  0.1239187171E+02
L8 0.3162345761E+01  0.4789730456E+02  0.2321809418E+01  0.0000000000E+00
L9 0.0000000000E+00  0.0000000000E+00  0.0000000000E+00  0.9485019748E+00  0.0000000000E+00
L0     3000  0.6000000000E+01  -.8031264368E+04  0.1804290936E+04
L1 0.2918547698E+03  0.2918547698E+03  -.9835555304E+10  0.1000000000E+01
L2 0.1000000000E+01  0.3461714894E+02  0.3461714894E+02  0.3461714894E+02
L3 0.3193464844E+05  -.4101565756E+03  0.5302433811E+02  -.4231101564E+03
L4 -.2600807980E+03  0.3143104440E+03  0.3020897815E+03  0.2668599375E+03
L5 0.8832601631E+03  0.4085793350E+03  0.2899028611E+03  0.3641060323E+03
L6 0.1062588228E+04  -.9835555304E+04  0.1448123351E+04  -.1135979212E+05
L7 0.0000000000E+00  0.4122013151E+01  0.8694268119E+01  0.1033679508E+02
L8 0.3389597839E+01  0.4593493146E+02  0.3635858075E+01  0.0000000000E+00
L9 0.0000000000E+00  0.0000000000E+00  0.0000000000E+00  0.9705400691E+00  0.0000000000E+00
L0     4000  0.8000000000E+01  -.8039049190E+04  0.1813834874E+04
L1 0.2933985586E+03  0.2933985586E+03  -.9852884064E+10  0.1000000000E+01
L2 0.1000000000E+01  0.3443603929E+02  0.3443603929E+02  0.3443603929E+02
L3 0.3143457616E+05  0.2515831331E+03  -.3128829147E+03  0.8472784795E+03
L4 0.2619928993E+03  0.3061517964E+03  0.2911577357E+03  0.3072601660E+03
L5 0.9045696981E+03  0.2492343103E+03  0.3619435183E+03  0.1155741793E+03
L6 0.7267520078E+03  -.9852884064E+04  0.1496269868E+04  -.1142154258E+05
L7 0.0000000000E+00  0.3035394477E+01  0.7758396426E+01  0.1202828033E+02
L8 0.2627800738E+01  0.4545373172E+02  0.1485047879E+01  0.0000000000E+00
L9 0.0000000000E+00  0.0000000000E+00  0.0000000000E+00  0.9859797614E+00  0.0000000000E+00
L0     5000  0.1000000000E+02  -.8042666693E+04  0.1829592301E+04
L1 0.2959474159E+03  0.2959474159E+03  -.9872258994E+10  0.1000000000E+01
L2 0.1000000000E+01  0.3437367442E+02  0.3437367442E+02  0.3437367442E+02
L3 0.3126454870E+05  0.2430286508E+03  -.2868340686E+02  0.8670722837E+02
L4 0.1003508241E+03  0.2999076221E+03  0.2927340646E+03  0.3105944698E+03
L5 0.9032361565E+03  0.2452228734E+03  0.2991882209E+03  0.2910841652E+03
L6 0.8354952596E+03  -.9872258994E+04  0.1476180377E+04  -.1142675852E+05
L7 0.0000000000E+00  0.2510194215E+01  0.1126249095E+02  0.1174968841E+02
L8 0.3767546654E+01  0.4594299498E+02  0.3086231249E+01  0.0000000000E+00
L9 0.0000000000E+00  0.0000000000E+00  0.0000000000E+00  0.9913418612E+00  0.0000000000E+00
L0     6000  0.1200000000E+02  -.8080925566E+04  0.1836555614E+04
L1 0.2970737731E+03  0.2970737731E+03  -.9917481180E+10  0.1000000000E+01
L2 0.1000000000E+01  0.3435680558E+02  0.3435680558E+02  0.3435680558E+02
L3 0.3121848918E+05  -.3192535612E+03  0.2446778210E+03  0.4327151011E+03
L4 0.1193797870E+03  0.3118458339E+03  0.2939263923E+03  0.3077479576E+03
L5 0.9135201838E+03  0.3835763924E+03  0.2389516673E+03  0.2105246228E+03
L6 0.8330526825E+03  -.9917481180E+04  0.1489116962E+04  -.1148569983E+05
L7 0.0000000000E+00  0.1857444309E+01  0.9329296736E+01  0.1242318365E+02
L8 0.4011698924E+01  0.4777552911E+02  0.3704538863E+01  0.0000000000E+00
L9 0.0000000000E+00  0.0000000000E+00  0.0000000000E+00  0.9928044794E+00  0.0000000000E+00
L0     7000  0.1400000000E+02  -.7919775153E+04  0.1878921877E+04
L1 0.3039267677E+03  0.3039267677E+03  -.9798697031E+10  0.1000000000E+01
L2 0.1000000000E+01  0.3442980810E+02  0.3442980810E+02  0.3442980810E+02
L3 0.3141805897E+05  0.5195685526E+03  0.1205276467E+03  -.4364255117E+03
L4 0.6789022921E+02  0.3187264489E+03  0.3263030135E+03  0.2711760428E+03
L5 0.9162055052E+03  0.2012424318E+03  0.2990494932E+03  0.3698598873E+03
L6 0.8701518124E+03  -.9798697031E+04  0.1446427496E+04  -.1132084170E+05
L7 0.0000000000E+00  0.8605445800E+00  0.1380239020E+02  0.1105911497E+02
L8 0.2398101644E+01  0.4444780798E+02  0.3149212583E+01  0.0000000000E+00
L9 0.0000000000E+00  0.0000000000E+00  0.0000000000E+00  0.9864981133E+00  0.0000000000E+00
L0     8000  0.1600000000E+02  -.8065699523E+04  0.1792716525E+04
L1 0.2899825402E+03  0.2899825402E+03  -.9858416049E+10  0.1000000000E+01
L2 0.1000000000E+01  0.3447346710E+02  0.3447346710E+02  0.3447346710E+02
L3 0.3153828156E+05  -.1887129320E+03  0.3341006472E+02  -.2288049815E+03
L4 -.1280359496E+03  0.2893963485E+03  0.3052101385E+03  0.2887054922E+03
L5 0.8833119792E+03  0.3322311016E+03  0.2976265995E+03  0.3406404857E+03
L6 0.9704981869E+03  -.9858416049E+04  0.1462613781E+04  -.1139700453E+05
L7 0.0000000000E+00  0.3892839670E+01  0.6542159096E+01  0.1164796265E+02
L8 0.3065034980E+01  0.4877144716E+02  0.2055260672E+01  0.0000000000E+00
L9 0.0000000000E+00  0.0000000000E+00  0.0000000000E+00  0.9827376246E+00  0.0000000000E+00
L0     9000  0.1800000000E+02  -.8039482409E+04  0.1798347671E+04
L1 0.2908934116E+03  0.2908934116E+03  -.9837830080E+10  0.1000000000E+01
L2 0.1000000000E+01  0.3450408603E+02  0.3450408603E+02  0.3450408603E+02
L3 0.3162122446E+05  -.1189798257E+03  0.8074555263E+03  0.1692185490E+03
L4 0.2858980832E+03  0.3112454520E+03  0.2967618907E+03  0.2889352832E+03
L5 0.8969426260E+03  0.3383229537E+03  0.1130006670E+03  0.2504244221E+03
L6 0.7017480428E+03  -.9837830080E+04  0.1529735528E+04  -.1144459101E+05
L7 0.0000000000E+00  0.2382197999E+01  0.3807854862E+01  0.1222316341E+02
L8 0.4246125422E+01  0.5069054880E+02  0.3675507096E+01  0.0000000000E+00
L9 0.0000000000E+00  0.0000000000E+00  0.0000000000E+00  0.9801598905E+00  0.0000000000E+00
L0    10000  0.2000000000E+02  -.7999117167E+04  0.1855463547E+04
L1 0.3001322435E+03  0.3001322435E+03  -.9854580714E+10  0.1000000000E+01
L2 0.1000000000E+01  0.3440683471E+02  0.3440683471E+02  0.3440683471E+02
L3 0.3135468092E+05  0.7444749374E+03  0.1244924229E+03  -.9824614401E+02
L4 0.2569070721E+03  0.3147885445E+03  0.3039851969E+03  0.2922462886E+03
L5 0.9110200300E+03  0.1467886352E+03  0.2758919533E+03  0.3144167372E+03
L6 0.7370973256E+03  -.9854580714E+04  0.1493466390E+04  -.1142296146E+05
L7 0.0000000000E+00  0.3783382144E+01  0.9247669467E+01  0.1170898151E+02
L8 0.2454755297E+01  0.4554586248E+02  0.2173704676E+01  0.0000000000E+00
L9 0.0000000000E+00  0.0000000000E+00  0.0000000000E+00  0.9884921484E+00  0.0000000000E+00
