L0  Nsteps           time(ps)         Etot             EKinetic        
L1  Temp             T_solute         T_solv           Pres_scal_solu  
L2  Pres_scal_solv   BoxX             BoxY             BoxZ            
L3  volume           pres_X           pres_Y           pres_Z          
L4  Pressure         EKCoM_x          EKCoM_y          EKCoM_z         
L5  EKComTot         VIRIAL_x         VIRIAL_y         VIRIAL_z        
L6  VIRIAL_tot       E_pot            E_vdw            E_el            
L7  E_hbon           E_bon            E_angle          E_dih           
L8  E_14vdw          E_14el           E_const          E_pol           
L9  AV_permMoment    AV_indMoment     AV_totMoment     Density          dV/dlambda      
L0     1000  0.2000000000E+01  -.7173695096E+04  0.1663236631E+04
L1 0.2955432409E+03  0.2955432409E+03  -.8836931727E+10  0.1000000000E+01
L2 0.1000000000E+01  0.3434245758E+02  0.3434245758E+02  0.3434245758E+02
L3 0.3118119261E+05  -.6261286625E+03  -.1645515496E+03  -.7919002611E+03
L4 -.5275268244E+03  0.2915336377E+03  0.2808527734E+03  0.2644395098E+03
L5 0.8368259210E+03  0.4320454668E+03  0.3177803901E+03  0.4421527512E+03
L6 0.1191978608E+04  -.8836931727E+04  0.1330777385E+04  -.1024101896E+05
L7 0.0000000000E+00  0.3194570190E+01  0.7588327943E+01  0.1181385701E+02
L8 0.2837791199E+01  0.4497221123E+02  0.2903091987E+01  0.0000000000E+00
L9 0.0000000000E+00  0.0000000000E+00  0.0000000000E+00  0.9047632148E+00  0.0000000000E+00
L0     2000  0.4000000000E+01  -.7194073135E+04  0.1667453361E+04
L1 0.2962925185E+03  0.2962925185E+03  -.8861526495E+10  0.1000000000E+01
L2 0.1000000000E+01  0.3375410369E+02  0.3375410369E+02  0.3375410369E+02
L3 0.2960528497E+05  -.6294737958E+03  0.3434345331E+03  -.5914504890E+03
L4 -.2924965839E+03  0.2863772970E+03  0.2871901735E+03  0.2615131297E+03
L5 0.8350806002E+03  0.4205003658E+03  0.2140139845E+03  0.3875345068E+03
L6 0.1022048857E+04  -.8861526495E+04  0.1298951706E+04  -.1023354663E+05
L7 0.0000000000E+00  0.2360900378E+01  0.9620047215E+01  0.1077541338E+02
L8 0.2468002209E+01  0.4460101993E+02  0.3243047154E+01  0.0000000000E+00
L9 0.0000000000E+00  0.0000000000E+00  0.0000000000E+00  0.9529243206E+00  0.0000000000E+00
L0     3000  0.6000000000E+01  -.7266412334E+04  0.1675240160E+04
L1 0.2976761677E+03  0.2976761677E+03  -.8941652494E+10  0.1000000000E+01
L2 0.1000000000E+01  0.3349229301E+02  0.3349229301E+02  0.3349229301E+02
L3 0.2892075561E+05  -.8121412586E+03  0.4716806888E+03  0.5870803697E+03
L4 0.8220659994E+02  0.2689718920E+03  0.3067991187E+03  0.2670487280E+03
L5 0.8428197387E+03  0.4380151249E+03  0.2086210891E+03  0.1448508189E+03
L6 0.7914870330E+03  -.8941652494E+04  0.1325684402E+04  -.1034312397E+05
L7 0.0000000000E+00  0.1677475307E+01  0.1410227562E+02  0.1120665262E+02
L8 0.2488636479E+01  0.4319661979E+02  0.3115413908E+01  0.0000000000E+00
L9 0.0000000000E+00  0.0000000000E+00  0.0000000000E+00  0.9754792181E+00  0.0000000000E+00
L0     4000  0.8000000000E+01  -.7399613090E+04  0.1633395370E+04
L1 0.2902406985E+03  0.2902406985E+03  -.9033008460E+10  0.1000000000E+01
L2 0.1000000000E+01  0.3349928574E+02  0.3349928574E+02  0.3349928574E+02
L3 0.2893860605E+05  0.2457020405E+03  0.2668398989E+03  0.4569139031E+02
L4 0.1860777766E+03  0.2522434956E+03  0.2813500823E+03  0.2881147435E+03
L5 0.8217083213E+03  0.2010702513E+03  0.2257743806E+03  0.2785984339E+03
L6 0.7054430658E+03  -.9033008460E+04  0.1400875447E+04  -.1050099912E+05
L7 0.0000000000E+00  0.2308052661E+01  0.6340121174E+01  0.9420887462E+01
L8 0.3053817491E+01  0.4350384839E+02  0.2488484724E+01  0.0000000000E+00
L9 0.0000000000E+00  0.0000000000E+00  0.0000000000E+00  0.9748775053E+00  0.0000000000E+00
L0     5000  0.1000000000E+02  -.7291745896E+04  0.1746263210E+04
L1 0.3102963697E+03  0.3102963697E+03  -.9038009105E+10  0.1000000000E+01
L2 0.1000000000E+01  0.3340151477E+02  0.3340151477E+02  0.3340151477E+02
L3 0.2868674724E+05  -.1184250614E+01  -.3088949492E+03  -.4960168451E+02
L4 -.1198936281E+03  0.2847396435E+03  0.2835280144E+03  0.2877762153E+03
L5 0.8560438732E+03  0.2849841450E+03  0.3473027540E+03  0.2980170254E+03
L6 0.9303039244E+03  -.9038009105E+04  0.1350326416E+04  -.1045671919E+05
L7 0.0000000000E+00  0.2237817366E+01  0.1067063254E+02  0.9407346735E+01
L8 0.2896786475E+01  0.4157344245E+02  0.1597639560E+01  0.0000000000E+00
L9 0.0000000000E+00  0.0000000000E+00  0.0000000000E+00  0.9834365616E+00  0.0000000000E+00
L0     6000  0.1200000000E+02  -.7290902726E+04  0.1678718376E+04
L1 0.2982942176E+03  0.2982942176E+03  -.8969621102E+10  0.1000000000E+01
L2 0.1000000000E+01  0.3339062835E+02  0.3339062835E+02  0.3339062835E+02
L3 0.2865935423E+05  0.1836223333E+03  0.9299795701E+02  -.1395702526E+04
L4 -.3730274119E+03  0.2887447923E+03  0.2960136594E+03  0.2780351679E+03
L5 0.8627936196E+03  0.2508701550E+03  0.2768315489E+03  0.5659180521E+03
L6 0.1093619756E+04  -.8969621102E+04  0.1279357777E+04  -.1032174794E+05
L7 0.0000000000E+00  0.3815835649E+01  0.1124756955E+02  0.9945005801E+01
L8 0.1504639734E+01  0.4381773750E+02  0.2438273952E+01  0.0000000000E+00
L9 0.0000000000E+00  0.0000000000E+00  0.0000000000E+00  0.9843765439E+00  0.0000000000E+00
L0     7000  0.1400000000E+02  -.7245610213E+04  0.1678538811E+04
L1 0.2982623104E+03  0.2982623104E+03  -.8924149024E+10  0.1000000000E+01
L2 0.1000000000E+01  0.3345343528E+02  0.3345343528E+02  0.3345343528E+02
L3 0.2881974514E+05  0.4376379026E+03  0.1460059077E+02  0.3378772868E+03
L4 0.2633719267E+03  0.2721620123E+03  0.2732478939E+03  0.2899357413E+03
L5 0.8353456475E+03  0.1813879766E+03  0.2702194667E+03  0.2198538660E+03
L6 0.6714613093E+03  -.8924149024E+04  0.1358000485E+04  -.1035661831E+05
L7 0.0000000000E+00  0.2946716057E+01  0.9966659582E+01  0.8746409373E+01
L8 0.3930725456E+01  0.4526188027E+02  0.3616410455E+01  0.0000000000E+00
L9 0.0000000000E+00  0.0000000000E+00  0.0000000000E+00  0.9788981800E+00  0.0000000000E+00
L0     8000  0.1600000000E+02  -.7211362547E+04  0.1736918266E+04
L1 0.3086358513E+03  0.3086358513E+03  -.8948280813E+10  0.1000000000E+01
L2 0.1000000000E+01  0.3347373231E+02  0.3347373231E+02  0.3347373231E+02
L3 0.2887221456E+05  0.8461347493E+03  0.6983505693E+03  -.7317943236E+03
L4 0.2708969983E+03  0.2844626874E+03  0.3020406700E+03  0.2945107519E+03
L5 0.8810141093E+03  0.1086394762E+03  0.1569263845E+03  0.4465745077E+03
L6 0.7121403684E+03  -.8948280813E+04  0.1366285705E+04  -.1038867161E+05
L7 0.0000000000E+00  0.3745963968E+01  0.9080450763E+01  0.9227828116E+01
L8 0.3863729157E+01  0.4241641105E+02  0.5770714036E+01  0.0000000000E+00
L9 0.0000000000E+00  0.0000000000E+00  0.0000000000E+00  0.9771192304E+00  0.0000000000E+00
L0     9000  0.1800000000E+02  -.7289701614E+04  0.1634401765E+04
L1 0.2904195263E+03  0.2904195263E+03  -.8924103378E+10  0.1000000000E+01
L2 0.1000000000E+01  0.3340929382E+02  0.3340929382E+02  0.3340929382E+02
L3 0.2870647474E+05  -.4870439455E+03  0.7622528337E+03  -.2597856906E+03
L4 0.5141065852E+01  0.2722821250E+03  0.2832711074E+03  0.2641562265E+03
L5 0.8197094589E+03  0.3729068234E+03  0.1257874507E+03  0.3178287072E+03
L6 0.8165229813E+03  -.8924103378E+04  0.1321659836E+04  -.1032209592E+05
L7 0.0000000000E+00  0.4464903104E+01  0.6582654122E+01  0.1044472287E+02
L8 0.3730899269E+01  0.4657441694E+02  0.4535110800E+01  0.0000000000E+00
L9 0.0000000000E+00  0.0000000000E+00  0.0000000000E+00  0.9827607299E+00  0.0000000000E+00
L0    10000  0.2000000000E+02  -.7239726607E+04  0.1692648819E+04
L1 0.3007695408E+03  0.3007695408E+03  -.8932375426E+10  0.1000000000E+01
L2 0.1000000000E+01  0.3333002554E+02  0.3333002554E+02  0.3333002554E+02
L3 0.2850284034E+05  0.4359869737E+03  0.3248016230E+02  -.7028375273E+03
L4 -.7812346379E+02  0.2950982860E+03  0.2859282033E+03  0.2556249187E+03
L5 0.8366514080E+03  0.2056610779E+03  0.2792653092E+03  0.3998031396E+03
L6 0.8847295267E+03  -.8932375426E+04  0.1305219264E+04  -.1031569805E+05
L7 0.0000000000E+00  0.2527226854E+01  0.1111019243E+02  0.8634148219E+01
L8 0.4199611915E+01  0.4448876792E+02  0.7143414830E+01  0.0000000000E+00
L9 0.0000000000E+00  0.0000000000E+00  0.0000000000E+00  0.9897819210E+00  0.0000000000E+00
