L0  Nsteps           time(ps)         Etot             EKinetic        
L1  Temp             T_solute         T_solv           Pres_scal_solu  
L2  Pres_scal_solv   BoxX             BoxY             BoxZ            
L3  volume           pres_X           pres_Y           pres_Z          
L4  Pressure         EKCoM_x          EKCoM_y          EKCoM_z         
L5  EKComTot         VIRIAL_x         VIRIAL_y         VIRIAL_z        
L6  VIRIAL_tot       E_pot            E_vdw            E_el            
L7  E_hbon           E_bon            E_angle          E_dih           
L8  E_14vdw          E_14el           E_const          E_pol           
L9  AV_permMoment    AV_indMoment     AV_totMoment     Density          dV/dlambda      
L0     1000  0.2000000000E+01  -.7577088839E+04  0.1783830092E+04
L1 0.2980291592E+03  0.2980291592E+03  -.9360918931E+10  0.1000000000E+01
L2 0.1000000000E+01  0.3523368647E+02  0.3523368647E+02  0.3523368647E+02
L3 0.3367256778E+05  -.6485473186E+03  -.1182539170E+03  -.1076663134E+04
L4 -.6144881232E+03  0.3007111558E+03  0.3105621780E+03  0.3081492823E+03
L5 0.9194226160E+03  0.4578829040E+03  0.3392203412E+03  0.5690724597E+03
L6 0.1366175705E+04  -.9360918931E+04  0.1409983984E+04  -.1084520342E+05
L7 0.0000000000E+00  0.1686896986E+01  0.6660704814E+01  0.1156870457E+02
L8 0.3405835708E+01  0.4854582340E+02  0.2432536458E+01  0.0000000000E+00
L9 0.0000000000E+00  0.0000000000E+00  0.0000000000E+00  0.8911290226E+00  0.0000000000E+00
L0     2000  0.4000000000E+01  -.7587715328E+04  0.1754205624E+04
L1 0.2930797219E+03  0.2930797219E+03  -.9341920952E+10  0.1000000000E+01
L2 0.1000000000E+01  0.3463260609E+02  0.3463260609E+02  0.3463260609E+02
L3 0.3197882450E+05  -.8661198530E+03  -.3433021700E+03  -.1020935240E+04
L4 -.7434524210E+03  0.2881202341E+03  0.2945536038E+03  0.2980129389E+03
L5 0.8806867767E+03  0.4874614345E+03  0.3735660712E+03  0.5329855649E+03
L6 0.1394013071E+04  -.9341920952E+04  0.1318225998E+04  -.1074118048E+05
L7 0.0000000000E+00  0.3414532747E+01  0.1374013592E+02  0.1239614167E+02
L8 0.2643315114E+01  0.4362034290E+02  0.5219063750E+01  0.0000000000E+00
L9 0.0000000000E+00  0.0000000000E+00  0.0000000000E+00  0.9383272487E+00  0.0000000000E+00
L0     3000  0.6000000000E+01  -.7778298883E+04  0.1794813018E+04
L1 0.2998641054E+03  0.2998641054E+03  -.9573111901E+10  0.1000000000E+01
L2 0.1000000000E+01  0.3429511663E+02  0.3429511663E+02  0.3429511663E+02
L3 0.3105132618E+05  -.1524968586E+03  -.5292063867E+02  -.1915967234E+03
L4 -.1323380735E+03  0.3007631265E+03  0.2945938124E+03  0.2935508315E+03
L5 0.8889077703E+03  0.3348429731E+03  0.3064204642E+03  0.3363686770E+03
L6 0.9776321142E+03  -.9573111901E+04  0.1441627855E+04  -.1109588907E+05
L7 0.0000000000E+00  0.5852613661E+01  0.9740508046E+01  0.1181147563E+02
L8 0.4237268319E+01  0.4616815722E+02  0.3339293126E+01  0.0000000000E+00
L9 0.0000000000E+00  0.0000000000E+00  0.0000000000E+00  0.9663549390E+00  0.0000000000E+00
L0     4000  0.8000000000E+01  -.7695114792E+04  0.1778938524E+04
L1 0.2972119121E+03  0.2972119121E+03  -.9474053316E+10  0.1000000000E+01
L2 0.1000000000E+01  0.3417203039E+02  0.3417203039E+02  0.3417203039E+02
L3 0.3071822559E+05  -.3647973805E+03  0.4139656485E+03  -.4827795640E+03
L4 -.1445370987E+03  0.2967794563E+03  0.2934336195E+03  0.2898177650E+03
L5 0.8800308408E+03  0.3774294646E+03  0.2019134092E+03  0.3965514697E+03
L6 0.9758943434E+03  -.9474053316E+04  0.1379864866E+04  -.1092244709E+05
L7 0.0000000000E+00  0.2574141975E+01  0.5806802126E+01  0.1117123021E+02
L8 0.2599352300E+01  0.4486769542E+02  0.1509690088E+01  0.0000000000E+00
L9 0.0000000000E+00  0.0000000000E+00  0.0000000000E+00  0.9768338450E+00  0.0000000000E+00
L0     5000  0.1000000000E+02  -.7784864945E+04  0.1781600600E+04
L1 0.2976566721E+03  0.2976566721E+03  -.9566465545E+10  0.1000000000E+01
L2 0.1000000000E+01  0.3404098633E+02  0.3404098633E+02  0.3404098633E+02
L3 0.3036690056E+05  -.4988496225E+03  -.5031908053E+03  -.2282864282E+03
L4 -.4101089520E+03  0.3032489348E+03  0.2940196612E+03  0.2960300728E+03
L5 0.8932986688E+03  0.4122740854E+03  0.4039935910E+03  0.3459227881E+03
L6 0.1162190464E+04  -.9566465545E+04  0.1361856162E+04  -.1100174511E+05
L7 0.0000000000E+00  0.4613869799E+01  0.5150464337E+01  0.1170381919E+02
L8 0.3246822150E+01  0.4711524516E+02  0.1593177310E+01  0.0000000000E+00
L9 0.0000000000E+00  0.0000000000E+00  0.0000000000E+00  0.9881351689E+00  0.0000000000E+00
L0     6000  0.1200000000E+02  -.7729394278E+04  0.1817749291E+04
L1 0.3036961285E+03  0.3036961285E+03  -.9547143568E+10  0.1000000000E+01
L2 0.1000000000E+01  0.3408680393E+02  0.3408680393E+02  0.3408680393E+02
L3 0.3048815733E+05  0.9286337563E+02  0.6277563399E+03  -.2679823768E+03
L4 0.1508791129E+03  0.3031613318E+03  0.3154368794E+03  0.2907517980E+03
L5 0.9093500092E+03  0.2827847082E+03  0.1776909212E+03  0.3495540544E+03
L6 0.8100296839E+03  -.9547143568E+04  0.1459398933E+04  -.1108811749E+05
L7 0.0000000000E+00  0.2063340901E+01  0.1214465412E+02  0.1157141043E+02
L8 0.3709533146E+01  0.4730186140E+02  0.4784189445E+01  0.0000000000E+00
L9 0.0000000000E+00  0.0000000000E+00  0.0000000000E+00  0.9842051812E+00  0.0000000000E+00
L0     7000  0.1400000000E+02  -.7722761919E+04  0.1761858929E+04
L1 0.2943583795E+03  0.2943583795E+03  -.9484620848E+10  0.1000000000E+01
L2 0.1000000000E+01  0.3402577950E+02  0.3402577950E+02  0.3402577950E+02
L3 0.3032574531E+05  0.9300577746E+02  -.8075685423E+03  0.1302575758E+02
L4 -.2338456691E+03  0.2929362854E+03  0.2862257724E+03  0.2683028099E+03
L5 0.8474648677E+03  0.2726371290E+03  0.4624832118E+03  0.2654598479E+03
L6 0.1000580189E+04  -.9484620848E+04  0.1360826464E+04  -.1092289775E+05
L7 0.0000000000E+00  0.2779730478E+01  0.8129397903E+01  0.1243149372E+02
L8 0.3076815733E+01  0.4687377037E+02  0.4159232686E+01  0.0000000000E+00
L9 0.0000000000E+00  0.0000000000E+00  0.0000000000E+00  0.9894761729E+00  0.0000000000E+00
L0     8000  0.1600000000E+02  -.7789796824E+04  0.1776649335E+04
L1 0.2968294514E+03  0.2968294514E+03  -.9566446159E+10  0.1000000000E+01
L2 0.1000000000E+01  0.3404985367E+02  0.3404985367E+02  0.3404985367E+02
L3 0.3038912509E+05  0.9836351305E+02  0.3319931106E+03  0.1313699483E+02
L4 0.1478312062E+03  0.3076542735E+03  0.2932314050E+03  0.2886153525E+03
L5 0.8895010310E+03  0.2861408856E+03  0.2206201658E+03  0.2857421198E+03
L6 0.7925031712E+03  -.9566446159E+04  0.1447159783E+04  -.1109021955E+05
L7 0.0000000000E+00  0.3095969686E+01  0.7344667637E+01  0.1385847014E+02
L8 0.2644282067E+01  0.4589333020E+02  0.3776893052E+01  0.0000000000E+00
L9 0.0000000000E+00  0.0000000000E+00  0.0000000000E+00  0.9874125142E+00  0.0000000000E+00
L0     9000  0.1800000000E+02  -.7732355000E+04  0.1803941143E+04
L1 0.3013891652E+03  0.3013891652E+03  -.9536296143E+10  0.1000000000E+01
L2 0.1000000000E+01  0.3411236339E+02  0.3411236339E+02  0.3411236339E+02
L3 0.3055523981E+05  0.6904305049E+03  0.8536148523E+03  0.6171119695E+03
L4 0.7203857756E+03  0.2934759232E+03  0.2870662541E+03  0.2866420133E+03
L5 0.8671841906E+03  0.1416442955E+03  0.9934897979E+02  0.1509337644E+03
L6 0.3919270397E+03  -.9536296143E+04  0.1526431460E+04  -.1113947128E+05
L7 0.0000000000E+00  0.2642557977E+01  0.8855613894E+01  0.9983762997E+01
L8 0.3342053220E+01  0.4462270365E+02  0.7296980740E+01  0.0000000000E+00
L9 0.0000000000E+00  0.0000000000E+00  0.0000000000E+00  0.9820444087E+00  0.0000000000E+00
L0    10000  0.2000000000E+02  -.7704697411E+04  0.1839992005E+04
L1 0.3074122770E+03  0.3074122770E+03  -.9544689416E+10  0.1000000000E+01
L2 0.1000000000E+01  0.3411237025E+02  0.3411237025E+02  0.3411237025E+02
L3 0.3055674406E+05  0.7703480664E+02  0.1487061252E+03  0.2999325441E+03
L4 0.1752244920E+03  0.3019776603E+03  0.3069377807E+03  0.3210293190E+03
L5 0.9299447600E+03  0.2850362074E+03  0.2742344102E+03  0.2550683165E+03
L6 0.8143389340E+03  -.9544689416E+04  0.1424809503E+04  -.1104099111E+05
L7 0.0000000000E+00  0.2151941401E+01  0.4084206111E+01  0.1061201630E+02
L8 0.4137929459E+01  0.4923343898E+02  0.1272656318E+01  0.0000000000E+00
L9 0.0000000000E+00  0.0000000000E+00  0.0000000000E+00  0.9819960645E+00  0.0000000000E+00
