L0  Nsteps           time(ps)         Etot             EKinetic        
L1  Temp             T_solute         T_solv           Pres_scal_solu  
L2  Pres_scal_solv   BoxX             BoxY             BoxZ            
L3  volume           pres_X           pres_Y           pres_Z          
L4  Pressure         EKCoM_x          EKCoM_y          EKCoM_z         
L5  EKComTot         VIRIAL_x         VIRIAL_y         VIRIAL_z        
L6  VIRIAL_tot       E_pot            E_vdw            E_el            
L7  E_hbon           E_bon            E_angle          E_dih           
L8  E_14vdw          E_14el           E_const          E_pol           
L9  AV_permMoment    AV_indMoment     AV_totMoment     Density          dV/dlambda      
L0     1000  0.2000000000E+01  -.7058588269E+04  0.1610403420E+04
L1 0.2923490572E+03  0.2923490572E+03  -.8668991689E+10  0.1000000000E+01
L2 0.1000000000E+01  0.3398456846E+02  0.3398456846E+02  0.3398456846E+02
L3 0.3021459036E+05  -.1386237970E+03  0.2352804330E+03  0.4254826296E+03
L4 0.1740464218E+03  0.2765486888E+03  0.2540574425E+03  0.2674541601E+03
L5 0.7980602913E+03  0.3066933968E+03  0.2028940773E+03  0.1749300055E+03
L6 0.6845174796E+03  -.8668991689E+04  0.1400978617E+04  -.1015133716E+05
L7 0.0000000000E+00  0.4291258029E+01  0.1176865814E+02  0.1319502248E+02
L8 0.3160612503E+01  0.4662760059E+02  0.2323700886E+01  0.0000000000E+00
L9 0.0000000000E+00  0.0000000000E+00  0.0000000000E+00  0.9139048484E+00  0.0000000000E+00
L0     2000  0.4000000000E+01  -.7042956605E+04  0.1649722439E+04
L1 0.2994869444E+03  0.2994869444E+03  -.8692679044E+10  0.1000000000E+01
L2 0.1000000000E+01  0.3355642791E+02  0.3355642791E+02  0.3355642791E+02
L3 0.2908869629E+05  -.6024368683E+03  -.2789871064E+03  -.5830584019E+03
L4 -.4881607922E+03  0.2626247450E+03  0.2700701551E+03  0.2668287855E+03
L5 0.7995236856E+03  0.3887471894E+03  0.3284771645E+03  0.3888942745E+03
L6 0.1106118628E+04  -.8692679044E+04  0.1283218550E+04  -.1004479317E+05
L7 0.0000000000E+00  0.3034147125E+01  0.9330317819E+01  0.8556469341E+01
L8 0.3085499743E+01  0.4360302060E+02  0.1286119957E+01  0.0000000000E+00
L9 0.0000000000E+00  0.0000000000E+00  0.0000000000E+00  0.9492780408E+00  0.0000000000E+00
L0     3000  0.6000000000E+01  -.7203988896E+04  0.1600401100E+04
L1 0.2905332582E+03  0.2905332582E+03  -.8804389996E+10  0.1000000000E+01
L2 0.1000000000E+01  0.3320011917E+02  0.3320011917E+02  0.3320011917E+02
L3 0.2817241273E+05  -.4236906301E+03  -.8853509248E+03  -.7771836047E+03
L4 -.6954083865E+03  0.2556316564E+03  0.2633036474E+03  0.2630575774E+03
L5 0.7819928812E+03  0.3415388401E+03  0.4428167146E+03  0.4206387227E+03
L6 0.1204994277E+04  -.8804389996E+04  0.1245174529E+04  -.1012567214E+05
L7 0.0000000000E+00  0.2230587417E+01  0.1171915496E+02  0.1093455700E+02
L8 0.2831026815E+01  0.4636680014E+02  0.2025492210E+01  0.0000000000E+00
L9 0.0000000000E+00  0.0000000000E+00  0.0000000000E+00  0.9801524950E+00  0.0000000000E+00
L0     4000  0.8000000000E+01  -.7109936631E+04  0.1670262278E+04
L1 0.3032157012E+03  0.3032157012E+03  -.8780198910E+10  0.1000000000E+01
L2 0.1000000000E+01  0.3327221322E+02  0.3327221322E+02  0.3327221322E+02
L3 0.2835604784E+05  -.6284698169E+03  -.7866740565E+03  -.3237268762E+03
L4 -.5796235832E+03  0.2759939446E+03  0.2895326355E+03  0.2763413942E+03
L5 0.8418679743E+03  0.4042526067E+03  0.4500777552E+03  0.3424078542E+03
L6 0.1196738216E+04  -.8780198910E+04  0.1237357912E+04  -.1009390633E+05
L7 0.0000000000E+00  0.2330461792E+01  0.1087793208E+02  0.1060488720E+02
L8 0.2524665172E+01  0.4638447957E+02  0.3627077782E+01  0.0000000000E+00
L9 0.0000000000E+00  0.0000000000E+00  0.0000000000E+00  0.9738049809E+00  0.0000000000E+00
L0     5000  0.1000000000E+02  -.7135515529E+04  0.1689227422E+04
L1 0.3066585912E+03  0.3066585912E+03  -.8824742951E+10  0.1000000000E+01
L2 0.1000000000E+01  0.3318364997E+02  0.3318364997E+02  0.3318364997E+02
L3 0.2812839710E+05  -.1512144591E+02  0.3631024907E+03  0.8962817740E+02
L4 0.1458697407E+03  0.2867870208E+03  0.2992441443E+03  0.2648497155E+03
L5 0.8508808806E+03  0.2898482432E+03  0.2257367899E+03  0.2467051685E+03
L6 0.7622902016E+03  -.8824742951E+04  0.1346430782E+04  -.1024727811E+05
L7 0.0000000000E+00  0.3847999630E+01  0.1017697468E+02  0.1290117489E+02
L8 0.3577084535E+01  0.4139272839E+02  0.4208413058E+01  0.0000000000E+00
L9 0.0000000000E+00  0.0000000000E+00  0.0000000000E+00  0.9816862486E+00  0.0000000000E+00
L0     6000  0.1200000000E+02  -.7164182453E+04  0.1638237318E+04
L1 0.2974019611E+03  0.2974019611E+03  -.8802419771E+10  0.1000000000E+01
L2 0.1000000000E+01  0.3319868044E+02  0.3319868044E+02  0.3319868044E+02
L3 0.2816709507E+05  0.8821033609E+02  0.1224463214E+03  -.3205591768E+03
L4 -.3663417309E+02  0.2867982030E+03  0.2702881888E+03  0.2628762289E+03
L5 0.8199626208E+03  0.2689161196E+03  0.2454657538E+03  0.3278602908E+03
L6 0.8422421642E+03  -.8802419771E+04  0.1308574577E+04  -.1018178570E+05
L7 0.0000000000E+00  0.8876523571E+00  0.8463478532E+01  0.1041245125E+02
L8 0.2907156521E+01  0.4535844801E+02  0.2762167394E+01  0.0000000000E+00
L9 0.0000000000E+00  0.0000000000E+00  0.0000000000E+00  0.9803375378E+00  0.0000000000E+00
L0     7000  0.1400000000E+02  -.7078494226E+04  0.1655941099E+04
L1 0.3006158661E+03  0.3006158661E+03  -.8734435325E+10  0.1000000000E+01
L2 0.1000000000E+01  0.3316821980E+02  0.3316821980E+02  0.3316821980E+02
L3 0.2808941295E+05  -.3542160786E+02  0.2233196002E+03  -.3303700653E+02
L4 0.5162032859E+02  0.2733614514E+03  0.2880810055E+03  0.2690355917E+03
L5 0.8304780486E+03  0.2805223498E+03  0.2429342979E+03  0.2757144147E+03
L6 0.7991710624E+03  -.8734435325E+04  0.1303078828E+04  -.1011112977E+05
L7 0.0000000000E+00  0.1473730933E+01  0.3869373140E+01  0.1119604913E+02
L8 0.4191220869E+01  0.5017290391E+02  0.2712338220E+01  0.0000000000E+00
L9 0.0000000000E+00  0.0000000000E+00  0.0000000000E+00  0.9830486907E+00  0.0000000000E+00
L0     8000  0.1600000000E+02  -.7202182823E+04  0.1637128245E+04
L1 0.2972006225E+03  0.2972006225E+03  -.8839311068E+10  0.1000000000E+01
L2 0.1000000000E+01  0.3306836199E+02  0.3306836199E+02  0.3306836199E+02
L3 0.2783568432E+05  0.3963829098E+03  0.8346859961E+03  -.1220279281E+03
L4 0.3696803259E+03  0.2947272418E+03  0.2632232663E+03  0.2718099231E+03
L5 0.8297604312E+03  0.2153175694E+03  0.9600581116E+02  0.2962564811E+03
L6 0.6075798616E+03  -.8839311068E+04  0.1347183912E+04  -.1026226799E+05
L7 0.0000000000E+00  0.4574507223E+01  0.7731674359E+01  0.1217531983E+02
L8 0.3030419529E+01  0.4479916479E+02  0.3461925121E+01  0.0000000000E+00
L9 0.0000000000E+00  0.0000000000E+00  0.0000000000E+00  0.9920094045E+00  0.0000000000E+00
L0     9000  0.1800000000E+02  -.7058266581E+04  0.1667183493E+04
L1 0.3026567853E+03  0.3026567853E+03  -.8725450074E+10  0.1000000000E+01
L2 0.1000000000E+01  0.3309075836E+02  0.3309075836E+02  0.3309075836E+02
L3 0.2789372515E+05  -.3057466831E+03  -.1684522395E+03  -.1594447847E+03
L4 -.2112145691E+03  0.2794234178E+03  0.2761950115E+03  0.2661374659E+03
L5 0.8217558952E+03  0.3408031305E+03  0.3100123859E+03  0.2981465624E+03
L6 0.9489620789E+03  -.8725450074E+04  0.1255059136E+04  -.1005952868E+05
L7 0.0000000000E+00  0.6482492141E+00  0.1521148203E+02  0.1144853500E+02
L8 0.3690302764E+01  0.4553300725E+02  0.2487889922E+01  0.0000000000E+00
L9 0.0000000000E+00  0.0000000000E+00  0.0000000000E+00  0.9899452467E+00  0.0000000000E+00
L0    10000  0.2000000000E+02  -.7112433265E+04  0.1624922969E+04
L1 0.2949849038E+03  0.2949849038E+03  -.8737356234E+10  0.1000000000E+01
L2 0.1000000000E+01  0.3317145280E+02  0.3317145280E+02  0.3317145280E+02
L3 0.2809793104E+05  0.3912158268E+03  0.3863334156E+03  -.9858802135E+03
L4 -.6944365704E+02  0.2719296859E+03  0.2746822366E+03  0.2518414350E+03
L5 0.7984533575E+03  0.1928167798E+03  0.1965566671E+03  0.4512092608E+03
L6 0.8405827077E+03  -.8737356234E+04  0.1287882689E+04  -.1010262063E+05
L7 0.0000000000E+00  0.2717896545E+01  0.1033884995E+02  0.1226653147E+02
L8 0.3551217984E+01  0.4654544934E+02  0.1961765505E+01  0.0000000000E+00
L9 0.0000000000E+00  0.0000000000E+00  0.0000000000E+00  0.9827506724E+00  0.0000000000E+00
