L0  Nsteps           time(ps)         Etot             EKinetic        
L1  Temp             T_solute         T_solv           Pres_scal_solu  
L2  Pres_scal_solv   BoxX             BoxY             BoxZ            
L3  volume           pres_X           pres_Y           pres_Z          
L4  Pressure         EKCoM_x          EKCoM_y          EKCoM_z         
L5  EKComTot         VIRIAL_x         VIRIAL_y         VIRIAL_z        
L6  VIRIAL_tot       E_pot            E_vdw            E_el            
L7  E_hbon           E_bon            E_angle          E_dih           
L8  E_14vdw          E_14el           E_const          E_pol           
L9  AV_permMoment    AV_indMoment     AV_totMoment     Density          dV/dlambda      
L0     1000  0.2000000000E+01  -.6891628726E+04  0.1605942834E+04
L1 0.2950518139E+03  0.2950518139E+03  -.8497571561E+10  0.1000000000E+01
L2 0.1000000000E+01  0.3405027364E+02  0.3405027364E+02  0.3405027364E+02
L3 0.3039188853E+05  -.1421458209E+04  0.2195351860E+02  0.2926467263E+02
L4 -.4567466725E+03  0.2675899280E+03  0.2727438379E+03  0.2653374687E+03
L5 0.8056712346E+03  0.5785097165E+03  0.2679418794E+03  0.2589363197E+03
L6 0.1105387916E+04  -.8497571561E+04  0.1280309003E+04  -.9851187323E+04
L7 0.0000000000E+00  0.1878987375E+01  0.8367603280E+01  0.1070508611E+02
L8 0.3579630375E+01  0.4492335763E+02  0.3852094042E+01  0.0000000000E+00
L9 0.0000000000E+00  0.0000000000E+00  0.0000000000E+00  0.8977453341E+00  0.0000000000E+00
L0     2000  0.4000000000E+01  -.7003235953E+04  0.1627953198E+04
L1 0.2990956675E+03  0.2990956675E+03  -.8631189150E+10  0.1000000000E+01
L2 0.1000000000E+01  0.3354954104E+02  0.3354954104E+02  0.3354954104E+02
L3 0.2907066694E+05  -.1888977347E+03  -.5861698281E+03  -.5469142939E+03
L4 -.4406606189E+03  0.2830155897E+03  0.2757849453E+03  0.2398381498E+03
L5 0.7986386847E+03  0.3225375361E+03  0.3984257625E+03  0.3542657657E+03
L6 0.1075229064E+04  -.8631189150E+04  0.1285983242E+04  -.9988864723E+04
L7 0.0000000000E+00  0.1395294742E+01  0.1247315288E+02  0.1001651157E+02
L8 0.1936645167E+01  0.4297025052E+02  0.2900475771E+01  0.0000000000E+00
L9 0.0000000000E+00  0.0000000000E+00  0.0000000000E+00  0.9385466176E+00  0.0000000000E+00
L0     3000  0.6000000000E+01  -.6888100722E+04  0.1669122762E+04
L1 0.3066595448E+03  0.3066595448E+03  -.8557223484E+10  0.1000000000E+01
L2 0.1000000000E+01  0.3324742088E+02  0.3324742088E+02  0.3324742088E+02
L3 0.2829064188E+05  0.9753884982E+02  0.5285059820E+02  0.5664540153E+03
L4 0.2389478211E+03  0.2888329919E+03  0.2623975667E+03  0.2556119547E+03
L5 0.8068425133E+03  0.2689730940E+03  0.2516366495E+03  0.1402761790E+03
L6 0.6608859225E+03  -.8557223484E+04  0.1306389377E+04  -.9939281658E+04
L7 0.0000000000E+00  0.1611164843E+01  0.1473389322E+02  0.1313138254E+02
L8 0.2738156137E+01  0.4092114786E+02  0.2533052317E+01  0.0000000000E+00
L9 0.0000000000E+00  0.0000000000E+00  0.0000000000E+00  0.9644240749E+00  0.0000000000E+00
L0     4000  0.8000000000E+01  -.7102478238E+04  0.1589260199E+04
L1 0.2919867971E+03  0.2919867971E+03  -.8691738437E+10  0.1000000000E+01
L2 0.1000000000E+01  0.3316800097E+02  0.3316800097E+02  0.3316800097E+02
L3 0.2808915143E+05  0.1457161654E+03  -.1207725336E+03  -.2226436061E+03
L4 -.6589999141E+02  0.2545627257E+03  0.2686435011E+03  0.2623581463E+03
L5 0.7855643730E+03  0.2251047477E+03  0.2930588748E+03  0.3073677746E+03
L6 0.8255313971E+03  -.8691738437E+04  0.1308200476E+04  -.1007210501E+05
L7 0.0000000000E+00  0.2837184633E+01  0.7808551100E+01  0.1167570100E+02
L8 0.3018303057E+01  0.4366388779E+02  0.3162470603E+01  0.0000000000E+00
L9 0.0000000000E+00  0.0000000000E+00  0.0000000000E+00  0.9713421281E+00  0.0000000000E+00
L0     5000  0.1000000000E+02  -.7008478770E+04  0.1634544042E+04
L1 0.3003065702E+03  0.3003065702E+03  -.8643022811E+10  0.1000000000E+01
L2 0.1000000000E+01  0.3297699893E+02  0.3297699893E+02  0.3297699893E+02
L3 0.2760787055E+05  -.1318563069E+04  -.3081927651E+03  -.2619843758E+02
L4 -.5509847572E+03  0.2675779595E+03  0.2749008118E+03  0.2921457241E+03
L5 0.8346244954E+03  0.5295713876E+03  0.3361375330E+03  0.2973512533E+03
L6 0.1163060174E+04  -.8643022811E+04  0.1198737125E+04  -.9916427547E+04
L7 0.0000000000E+00  0.2960798315E+01  0.8492098820E+01  0.1144529361E+02
L8 0.2916401219E+01  0.4612934036E+02  0.2723678077E+01  0.0000000000E+00
L9 0.0000000000E+00  0.0000000000E+00  0.0000000000E+00  0.9882752847E+00  0.0000000000E+00
L0     6000  0.1200000000E+02  -.7085179968E+04  0.1618188708E+04
L1 0.2973016868E+03  0.2973016868E+03  -.8703368675E+10  0.1000000000E+01
L2 0.1000000000E+01  0.3296050426E+02  0.3296050426E+02  0.3296050426E+02
L3 0.2756546317E+05  -.9446044147E+03  0.1256735704E+03  0.3869844390E+03
L4 -.1439821351E+03  0.2535492741E+03  0.2652336954E+03  0.2686558108E+03
L5 0.7874387804E+03  0.4409502487E+03  0.2403011955E+03  0.1918815973E+03
L6 0.8731330415E+03  -.8703368675E+04  0.1275464072E+04  -.1005193199E+05
L7 0.0000000000E+00  0.2414592608E+01  0.1119685234E+02  0.9289307856E+01
L8 0.3493462953E+01  0.4313988333E+02  0.3565140709E+01  0.0000000000E+00
L9 0.0000000000E+00  0.0000000000E+00  0.0000000000E+00  0.9897956715E+00  0.0000000000E+00
L0     7000  0.1400000000E+02  -.7072030366E+04  0.1597694171E+04
L1 0.2935363285E+03  0.2935363285E+03  -.8669724538E+10  0.1000000000E+01
L2 0.1000000000E+01  0.3303998935E+02  0.3303998935E+02  0.3303998935E+02
L3 0.2776394967E+05  0.8276962166E+03  0.4020290967E+03  0.5750994766E+02
L4 0.4290784203E+03  0.2756555381E+03  0.2624910158E+03  0.2504566981E+03
L5 0.7886032520E+03  0.1102657090E+03  0.1821577700E+03  0.2389650902E+03
L6 0.5313885691E+03  -.8669724538E+04  0.1341648033E+04  -.1008602269E+05
L7 0.0000000000E+00  0.1746865623E+01  0.1231558644E+02  0.1171946289E+02
L8 0.3716616738E+01  0.4327970213E+02  0.1871889939E+01  0.0000000000E+00
L9 0.0000000000E+00  0.0000000000E+00  0.0000000000E+00  0.9827195500E+00  0.0000000000E+00
L0     8000  0.1600000000E+02  -.7063797770E+04  0.1604261178E+04
L1 0.2947428516E+03  0.2947428516E+03  -.8668058948E+10  0.1000000000E+01
L2 0.1000000000E+01  0.3301605774E+02  0.3301605774E+02  0.3301605774E+02
L3 0.2770521416E+05  -.4515304246E+03  0.1672288243E+03  -.3112950269E+03
L4 -.1985322091E+03  0.2473410422E+03  0.2770797324E+03  0.2526756956E+03
L5 0.7770964702E+03  0.3373747448E+03  0.2437348471E+03  0.3147469146E+03
L6 0.8958565064E+03  -.8668058948E+04  0.1276691919E+04  -.1002258746E+05
L7 0.0000000000E+00  0.1091505865E+01  0.1601567989E+02  0.1004902510E+02
L8 0.3666065105E+01  0.4366122797E+02  0.3353084227E+01  0.0000000000E+00
L9 0.0000000000E+00  0.0000000000E+00  0.0000000000E+00  0.9848029318E+00  0.0000000000E+00
L0     9000  0.1800000000E+02  -.7004353379E+04  0.1636132074E+04
L1 0.3005983314E+03  0.3005983314E+03  -.8640485453E+10  0.1000000000E+01
L2 0.1000000000E+01  0.3305699829E+02  0.3305699829E+02  0.3305699829E+02
L3 0.2781004934E+05  -.6142921933E+03  -.1530764949E+04  -.4366705261E+03
L4 -.8605758894E+03  0.2665555347E+03  0.2411039809E+03  0.2856135167E+03
L5 0.7932730324E+03  0.3895068943E+03  0.5474885220E+03  0.3730136750E+03
L6 0.1310009091E+04  -.8640485453E+04  0.1180015937E+04  -.9892437134E+04
L7 0.0000000000E+00  0.7355008374E+00  0.1252486347E+02  0.1078450497E+02
L8 0.3465826703E+01  0.4139355305E+02  0.3031494711E+01  0.0000000000E+00
L9 0.0000000000E+00  0.0000000000E+00  0.0000000000E+00  0.9810905328E+00  0.0000000000E+00
L0    10000  0.2000000000E+02  -.7089687821E+04  0.1633303607E+04
L1 0.3000786713E+03  0.3000786713E+03  -.8722991428E+10  0.1000000000E+01
L2 0.1000000000E+01  0.3293134731E+02  0.3293134731E+02  0.3293134731E+02
L3 0.2749092855E+05  0.1373157879E+04  0.2084784971E+03  -.2447433346E+03
L4 0.4456310139E+03  0.2638968063E+03  0.2823703957E+03  0.2743825895E+03
L5 0.8206497915E+03  -.7788694893E+01  0.2411219815E+03  0.3228061660E+03
L6 0.5561394526E+03  -.8722991428E+04  0.1346916332E+04  -.1014444382E+05
L7 0.0000000000E+00  0.3038603778E+01  0.1121481347E+02  0.9556632616E+01
L8 0.2524226499E+01  0.4536638262E+02  0.2835397873E+01  0.0000000000E+00
L9 0.0000000000E+00  0.0000000000E+00  0.0000000000E+00  0.9924792490E+00  0.0000000000E+00
