L0  Nsteps           time(ps)         Etot             EKinetic        
L1  Temp             T_solute         T_solv           Pres_scal_solu  
L2  Pres_scal_solv   BoxX             BoxY             BoxZ            
L3  volume           pres_X           pres_Y           pres_Z          
L4  Pressure         EKCoM_x          EKCoM_y          EKCoM_z         
L5  EKComTot         VIRIAL_x         VIRIAL_y         VIRIAL_z        
L6  VIRIAL_tot       E_pot            E_vdw            E_el            
L7  E_hbon           E_bon            E_angle          E_dih           
L8  E_14vdw          E_14el           E_const          E_pol           
L9  AV_permMoment    AV_indMoment     AV_totMoment     Density          dV/dlambda      
L0     1000  0.2000000000E+01  -.6851968515E+04  0.1609588771E+04
L1 0.2973500869E+03  0.2973500869E+03  -.8461557286E+10  0.1000000000E+01
L2 0.1000000000E+01  0.3394876253E+02  0.3394876253E+02  0.3394876253E+02
L3 0.3012226154E+05  -.7727075356E+03  -.1348099895E+04  -.7874233084E+03
L4 -.9694102462E+03  0.2537477774E+03  0.2632863309E+03  0.2623280721E+03
L5 0.7793621803E+03  0.4212649378E+03  0.5555442110E+03  0.4330355009E+03
L6 0.1409844650E+04  -.8461557286E+04  0.1221371781E+04  -.9755921762E+04
L7 0.0000000000E+00  0.2215528144E+01  0.8608138695E+01  0.1419099561E+02
L8 0.1996302427E+01  0.4434046763E+02  0.1641262251E+01  0.0000000000E+00
L9 0.0000000000E+00  0.0000000000E+00  0.0000000000E+00  0.9008152401E+00  0.0000000000E+00
L0     2000  0.4000000000E+01  -.6918589308E+04  0.1599707905E+04
L1 0.2955247284E+03  0.2955247284E+03  -.8518297214E+10  0.1000000000E+01
L2 0.1000000000E+01  0.3338215530E+02  0.3338215530E+02  0.3338215530E+02
L3 0.2863649324E+05  0.5740011394E+03  -.4675475337E+03  0.6596087848E+01
L4 0.3768323120E+02  0.2700484796E+03  0.2604569018E+03  0.2470977955E+03
L5 0.7776031769E+03  0.1517472745E+03  0.3568180984E+03  0.2457383467E+03
L6 0.7543037197E+03  -.8518297214E+04  0.1308801935E+04  -.9904093053E+04
L7 0.0000000000E+00  0.4405004887E+01  0.1172319040E+02  0.1321474425E+02
L8 0.2247388055E+01  0.4183674377E+02  0.3566832827E+01  0.0000000000E+00
L9 0.0000000000E+00  0.0000000000E+00  0.0000000000E+00  0.9475529019E+00  0.0000000000E+00
L0     3000  0.6000000000E+01  -.7000109407E+04  0.1626388287E+04
L1 0.3004535736E+03  0.3004535736E+03  -.8626497694E+10  0.1000000000E+01
L2 0.1000000000E+01  0.3311710032E+02  0.3311710032E+02  0.3311710032E+02
L3 0.2796072547E+05  -.1874096045E+03  -.9467643401E+03  0.1003188866E+03
L4 -.3446183527E+03  0.2827846066E+03  0.2714941323E+03  0.2481896375E+03
L5 0.8024683765E+03  0.3204981084E+03  0.4620169112E+03  0.2280018968E+03
L6 0.1010516916E+04  -.8626497694E+04  0.1258412673E+04  -.9956228596E+04
L7 0.0000000000E+00  0.2992386413E+01  0.9269970019E+01  0.8968324578E+01
L8 0.2915570395E+01  0.4370395102E+02  0.3468026729E+01  0.0000000000E+00
L9 0.0000000000E+00  0.0000000000E+00  0.0000000000E+00  0.9704537992E+00  0.0000000000E+00
L0     4000  0.8000000000E+01  -.7017151045E+04  0.1646097425E+04
L1 0.3040945743E+03  0.3040945743E+03  -.8663248470E+10  0.1000000000E+01
L2 0.1000000000E+01  0.3299015853E+02  0.3299015853E+02  0.3299015853E+02
L3 0.2764038153E+05  0.2023961737E+03  -.8463787067E+03  -.3357713640E+03
L4 -.3265846323E+03  0.2724652964E+03  0.2760741960E+03  0.2766141373E+03
L5 0.8251536297E+03  0.2322025949E+03  0.4444444404E+03  0.3434091856E+03
L6 0.1020056221E+04  -.8663248470E+04  0.1257060201E+04  -.9995564501E+04
L7 0.0000000000E+00  0.4567065953E+01  0.9462626083E+01  0.9387758573E+01
L8 0.3761633289E+01  0.4396812844E+02  0.4108618091E+01  0.0000000000E+00
L9 0.0000000000E+00  0.0000000000E+00  0.0000000000E+00  0.9817010753E+00  0.0000000000E+00
L0     5000  0.1000000000E+02  -.7023818606E+04  0.1636225631E+04
L1 0.3022708919E+03  0.3022708919E+03  -.8660044237E+10  0.1000000000E+01
L2 0.1000000000E+01  0.3295752280E+02  0.3295752280E+02  0.3295752280E+02
L3 0.2755821571E+05  -.4471213813E+01  -.1044792243E+04  0.3339238958E+03
L4 -.2384465204E+03  0.2844405086E+03  0.2881245969E+03  0.2630807715E+03
L5 0.8356458769E+03  0.2853273237E+03  0.4953474338E+03  0.1968507076E+03
L6 0.9775254651E+03  -.8660044237E+04  0.1262038759E+04  -.9994584787E+04
L7 0.0000000000E+00  0.3513094346E+01  0.1053381220E+02  0.8890590162E+01
L8 0.3018480302E+01  0.4371797771E+02  0.2827835881E+01  0.0000000000E+00
L9 0.0000000000E+00  0.0000000000E+00  0.0000000000E+00  0.9846280525E+00  0.0000000000E+00
L0     6000  0.1200000000E+02  -.6994605655E+04  0.1651095532E+04
L1 0.3050179081E+03  0.3050179081E+03  -.8645701187E+10  0.1000000000E+01
L2 0.1000000000E+01  0.3288232511E+02  0.3288232511E+02  0.3288232511E+02
L3 0.2736850896E+05  -.1781362972E+03  0.6531655189E+03  0.6551019327E+03
L4 0.3767103848E+03  0.2718376767E+03  0.2801457706E+03  0.2575955149E+03
L5 0.8095789623E+03  0.3069257998E+03  0.1514894972E+03  0.1285578194E+03
L6 0.5869731165E+03  -.8645701187E+04  0.1317352280E+04  -.1004402864E+05
L7 0.0000000000E+00  0.3434859952E+01  0.1095597074E+02  0.9718403987E+01
L8 0.4425684816E+01  0.4710273581E+02  0.5337513510E+01  0.0000000000E+00
L9 0.0000000000E+00  0.0000000000E+00  0.0000000000E+00  0.9914530711E+00  0.0000000000E+00
L0     7000  0.1400000000E+02  -.7058777044E+04  0.1603675071E+04
L1 0.2962576094E+03  0.2962576094E+03  -.8662452114E+10  0.1000000000E+01
L2 0.1000000000E+01  0.3289660083E+02  0.3289660083E+02  0.3289660083E+02
L3 0.2740564337E+05  0.1599339834E+03  -.4505802191E+03  -.3871252037E+03
L4 -.2259238131E+03  0.2653326163E+03  0.2515662027E+03  0.2717077353E+03
L5 0.7886065543E+03  0.2337871221E+03  0.3404389701E+03  0.3480645897E+03
L6 0.9222906819E+03  -.8662452114E+04  0.1255817252E+04  -.9990134269E+04
L7 0.0000000000E+00  0.2035817159E+01  0.9189980393E+01  0.1060146624E+02
L8 0.2990420339E+01  0.4451293011E+02  0.2534287982E+01  0.0000000000E+00
L9 0.0000000000E+00  0.0000000000E+00  0.0000000000E+00  0.9901096610E+00  0.0000000000E+00
L0     8000  0.1600000000E+02  -.7119600161E+04  0.1586759580E+04
L1 0.2931326978E+03  0.2931326978E+03  -.8706359741E+10  0.1000000000E+01
L2 0.1000000000E+01  0.3290038474E+02  0.3290038474E+02  0.3290038474E+02
L3 0.2741489588E+05  0.5919298602E+02  -.6425603492E+03  0.1577222049E+03
L4 -.1418817194E+03  0.2768740133E+03  0.2482496463E+03  0.2722862832E+03
L5 0.7974099428E+03  0.2651948043E+03  0.3750315018E+03  0.2411665389E+03
L6 0.8813928450E+03  -.8706359741E+04  0.1282934865E+04  -.1006388117E+05
L7 0.0000000000E+00  0.1175189364E+01  0.6553454763E+01  0.1334109278E+02
L8 0.4198544553E+01  0.4823488993E+02  0.1083395414E+01  0.0000000000E+00
L9 0.0000000000E+00  0.0000000000E+00  0.0000000000E+00  0.9897754995E+00  0.0000000000E+00
L0     9000  0.1800000000E+02  -.7023798021E+04  0.1621437589E+04
L1 0.2995389982E+03  0.2995389982E+03  -.8645235610E+10  0.1000000000E+01
L2 0.1000000000E+01  0.3292998518E+02  0.3292998518E+02  0.3292998518E+02
L3 0.2748905759E+05  0.6643555557E+03  -.7768405265E+03  -.4351085566E+03
L4 -.1825311758E+03  0.2712216555E+03  0.2620546835E+03  0.2697008100E+03
L5 0.8029771490E+03  0.1397848478E+03  0.4157456371E+03  0.3557831483E+03
L6 0.9113136332E+03  -.8645235610E+04  0.1259384386E+04  -.9974288758E+04
L7 0.0000000000E+00  0.1907274806E+01  0.6390936567E+01  0.1058408564E+02
L8 0.3714953843E+01  0.4434590591E+02  0.2725605213E+01  0.0000000000E+00
L9 0.0000000000E+00  0.0000000000E+00  0.0000000000E+00  0.9871052209E+00  0.0000000000E+00
L0    10000  0.2000000000E+02  -.6951292185E+04  0.1636028510E+04
L1 0.3022344763E+03  0.3022344763E+03  -.8587320695E+10  0.1000000000E+01
L2 0.1000000000E+01  0.3297341132E+02  0.3297341132E+02  0.3297341132E+02
L3 0.2759734183E+05  -.1177306682E+02  -.1387820060E+03  0.3489410630E+03
L4 0.6612866338E+02  0.2824432051E+03  0.2767526780E+03  0.2699486571E+03
L5 0.8291445401E+03  0.2847815762E+03  0.3043176144E+03  0.2006418466E+03
L6 0.7897410372E+03  -.8587320695E+04  0.1270122217E+04  -.9930569383E+04
L7 0.0000000000E+00  0.2660489328E+01  0.7783509010E+01  0.1224253240E+02
L8 0.3315598808E+01  0.4378287671E+02  0.3341464612E+01  0.0000000000E+00
L9 0.0000000000E+00  0.0000000000E+00  0.0000000000E+00  0.9832320964E+00  0.0000000000E+00
