L0  Nsteps           time(ps)         Etot             EKinetic        
L1  Temp             T_solute         T_solv           Pres_scal_solu  
L2  Pres_scal_solv   BoxX             BoxY             BoxZ            
L3  volume           pres_X           pres_Y           pres_Z          
L4  Pressure         EKCoM_x          EKCoM_y          EKCoM_z         
L5  EKComTot         VIRIAL_x         VIRIAL_y         VIRIAL_z        
L6  VIRIAL_tot       E_pot            E_vdw            E_el            
L7  E_hbon           E_bon            E_angle          E_dih           
L8  E_14vdw          E_14el           E_const          E_pol           
L9  AV_permMoment    AV_indMoment     AV_totMoment     Density          dV/dlambda      
L0     1000  0.2000000000E+01  -.7313523538E+04  0.1682878444E+04
L1 0.2919209461E+03  0.2919209461E+03  -.8996401982E+10  0.1000000000E+01
L2 0.1000000000E+01  0.3457766416E+02  0.3457766416E+02  0.3457766416E+02
L3 0.3182682912E+05  -.1356197548E+03  -.9898020219E+03  -.1061645704E+04
L4 -.7290224934E+03  0.2913426286E+03  0.2933380752E+03  0.2772017282E+03
L5 0.8618824320E+03  0.3224077394E+03  0.5200624898E+03  0.5203826828E+03
L6 0.1362852912E+04  -.8996401982E+04  0.1324313795E+04  -.1039604531E+05
L7 0.0000000000E+00  0.2439252430E+01  0.1221081328E+02  0.1018005772E+02
L8 0.2114129080E+01  0.4573999444E+02  0.2645282950E+01  0.0000000000E+00
L9 0.0000000000E+00  0.0000000000E+00  0.0000000000E+00  0.9080289376E+00  0.0000000000E+00
L0     2000  0.4000000000E+01  -.7386175725E+04  0.1723276855E+04
L1 0.2989286671E+03  0.2989286671E+03  -.9109452580E+10  0.1000000000E+01
L2 0.1000000000E+01  0.3407121140E+02  0.3407121140E+02  0.3407121140E+02
L3 0.3044868499E+05  -.9843579794E+03  -.6695325294E+03  -.4866342845E+03
L4 -.7135082644E+03  0.2817194862E+03  0.2685613079E+03  0.2866500597E+03
L5 0.8369308538E+03  0.4974334143E+03  0.4152838367E+03  0.3932919474E+03
L6 0.1306009198E+04  -.9109452580E+04  0.1302601267E+04  -.1049493028E+05
L7 0.0000000000E+00  0.5622991433E+01  0.1583155099E+02  0.9052950374E+01
L8 0.3996135073E+01  0.4353165902E+02  0.4841143196E+01  0.0000000000E+00
L9 0.0000000000E+00  0.0000000000E+00  0.0000000000E+00  0.9491274202E+00  0.0000000000E+00
L0     3000  0.6000000000E+01  -.7460900608E+04  0.1723745905E+04
L1 0.2990100310E+03  0.2990100310E+03  -.9184646513E+10  0.1000000000E+01
L2 0.1000000000E+01  0.3386420882E+02  0.3386420882E+02  0.3386420882E+02
L3 0.2989645239E+05  -.5330154545E+03  -.1143205286E+04  0.2295251364E+03
L4 -.4822318680E+03  0.2862193828E+03  0.2841806030E+03  0.2815480476E+03
L5 0.8519480334E+03  0.4009068701E+03  0.5301609786E+03  0.2321617476E+03
L6 0.1163229596E+04  -.9184646513E+04  0.1332772319E+04  -.1059177677E+05
L7 0.0000000000E+00  0.5207143038E+01  0.1114848466E+02  0.1002931868E+02
L8 0.2220232320E+01  0.4309689504E+02  0.2655869024E+01  0.0000000000E+00
L9 0.0000000000E+00  0.0000000000E+00  0.0000000000E+00  0.9666592364E+00  0.0000000000E+00
L0     4000  0.8000000000E+01  -.7496490247E+04  0.1732004178E+04
L1 0.3004425544E+03  0.3004425544E+03  -.9228494426E+10  0.1000000000E+01
L2 0.1000000000E+01  0.3373673904E+02  0.3373673904E+02  0.3373673904E+02
L3 0.2955844710E+05  0.3737678631E+03  0.6300758430E+03  -.5496092096E+03
L4 0.1514114988E+03  0.2962184104E+03  0.2818118825E+03  0.2821832222E+03
L5 0.8602135151E+03  0.2167050420E+03  0.1477729306E+03  0.3991041345E+03
L6 0.7635821071E+03  -.9228494426E+04  0.1416953416E+04  -.1072038252E+05
L7 0.0000000000E+00  0.1772365720E+01  0.8635966350E+01  0.1221841427E+02
L8 0.3711026925E+01  0.4446134405E+02  0.4135564293E+01  0.0000000000E+00
L9 0.0000000000E+00  0.0000000000E+00  0.0000000000E+00  0.9777131300E+00  0.0000000000E+00
L0     5000  0.1000000000E+02  -.7502587296E+04  0.1722454734E+04
L1 0.2987860576E+03  0.2987860576E+03  -.9225042029E+10  0.1000000000E+01
L2 0.1000000000E+01  0.3361009202E+02  0.3361009202E+02  0.3361009202E+02
L3 0.2922559995E+05  0.6218135945E+03  0.7169384566E+03  0.5077830343E+03
L4 0.6155116951E+03  0.2974109781E+03  0.2819612908E+03  0.3062032141E+03
L5 0.8855754829E+03  0.1666192650E+03  0.1311610997E+03  0.1993965867E+03
L6 0.4971769514E+03  -.9225042029E+04  0.1445909675E+04  -.1073944300E+05
L7 0.0000000000E+00  0.1220336012E+01  0.6693050598E+01  0.9777237061E+01
L8 0.4199999228E+01  0.4525933933E+02  0.1341329025E+01  0.0000000000E+00
L9 0.0000000000E+00  0.0000000000E+00  0.0000000000E+00  0.9888481975E+00  0.0000000000E+00
L0     6000  0.1200000000E+02  -.7521532591E+04  0.1727019882E+04
L1 0.2995779522E+03  0.2995779522E+03  -.9248552473E+10  0.1000000000E+01
L2 0.1000000000E+01  0.3367518575E+02  0.3367518575E+02  0.3367518575E+02
L3 0.2939732434E+05  0.6259995125E+02  0.7673119220E+02  -.1106632908E+03
L4 0.9555950876E+01  0.2851876628E+03  0.2978679961E+03  0.2684116894E+03
L5 0.8514673483E+03  0.2719430771E+03  0.2816335928E+03  0.2918252770E+03
L6 0.8454019469E+03  -.9248552473E+04  0.1387334066E+04  -.1070653336E+05
L7 0.0000000000E+00  0.3374430727E+01  0.9325389667E+01  0.8974849507E+01
L8 0.2511829143E+01  0.4408796684E+02  0.2372359142E+01  0.0000000000E+00
L9 0.0000000000E+00  0.0000000000E+00  0.0000000000E+00  0.9830718435E+00  0.0000000000E+00
L0     7000  0.1400000000E+02  -.7600882599E+04  0.1671927094E+04
L1 0.2900212674E+03  0.2900212674E+03  -.9272809693E+10  0.1000000000E+01
L2 0.1000000000E+01  0.3362788624E+02  0.3362788624E+02  0.3362788624E+02
L3 0.2927461252E+05  -.4280439986E+03  -.4886589252E+03  -.1885699535E+03
L4 -.3684242924E+03  0.2713565490E+03  0.2879389074E+03  0.2754382505E+03
L5 0.8347337069E+03  0.3615419308E+03  0.3908953602E+03  0.3151684028E+03
L6 0.1067605694E+04  -.9272809693E+04  0.1352043143E+04  -.1069931908E+05
L7 0.0000000000E+00  0.2958417465E+01  0.1265357122E+02  0.9054243770E+01
L8 0.2710808015E+01  0.4373475436E+02  0.3354444729E+01  0.0000000000E+00
L9 0.0000000000E+00  0.0000000000E+00  0.0000000000E+00  0.9871926336E+00  0.0000000000E+00
L0     8000  0.1600000000E+02  -.7505580302E+04  0.1706919221E+04
L1 0.2960911859E+03  0.2960911859E+03  -.9212499524E+10  0.1000000000E+01
L2 0.1000000000E+01  0.3362601299E+02  0.3362601299E+02  0.3362601299E+02
L3 0.2926875734E+05  0.3138611350E+02  0.1397295731E+03  -.1695976554E+03
L4 0.5060103835E+00  0.2910359853E+03  0.2822868842E+03  0.2895507259E+03
L5 0.8628735954E+03  0.2844245096E+03  0.2528528903E+03  0.3252764227E+03
L6 0.8625538226E+03  -.9212499524E+04  0.1380712477E+04  -.1066401567E+05
L7 0.0000000000E+00  0.1619543906E+01  0.1068887820E+02  0.9902763014E+01
L8 0.2429677206E+01  0.4427017093E+02  0.1892632823E+01  0.0000000000E+00
L9 0.0000000000E+00  0.0000000000E+00  0.0000000000E+00  0.9873901206E+00  0.0000000000E+00
L0     9000  0.1800000000E+02  -.7551312915E+04  0.1699321049E+04
L1 0.2947731669E+03  0.2947731669E+03  -.9250633964E+10  0.1000000000E+01
L2 0.1000000000E+01  0.3354505967E+02  0.3354505967E+02  0.3354505967E+02
L3 0.2905860111E+05  -.5424543683E+03  -.4634609060E+02  -.2493246467E+03
L4 -.2793750352E+03  0.2811302317E+03  0.2728352895E+03  0.2719860521E+03
L5 0.8259515733E+03  0.3945776179E+03  0.2825279810E+03  0.3241291099E+03
L6 0.1001234709E+04  -.9250633964E+04  0.1339610506E+04  -.1066577257E+05
L7 0.0000000000E+00  0.3575878676E+01  0.1425848391E+02  0.1041216267E+02
L8 0.2854467611E+01  0.4317442502E+02  0.1252682167E+01  0.0000000000E+00
L9 0.0000000000E+00  0.0000000000E+00  0.0000000000E+00  0.9945310762E+00  0.0000000000E+00
L0    10000  0.2000000000E+02  -.7544374377E+04  0.1747384512E+04
L1 0.3031105081E+03  0.3031105081E+03  -.9291758889E+10  0.1000000000E+01
L2 0.1000000000E+01  0.3362168457E+02  0.3362168457E+02  0.3362168457E+02
L3 0.2925836936E+05  -.3504748582E+03  -.4972131556E+03  -.2005016995E+03
L4 -.3493965711E+03  0.3109684652E+03  0.2874706559E+03  0.2902339947E+03
L5 0.8886731158E+03  0.3847696896E+03  0.3921712894E+03  0.3324546292E+03
L6 0.1109395608E+04  -.9291758889E+04  0.1334899664E+04  -.1069994203E+05
L7 0.0000000000E+00  0.3045542158E+01  0.5718755945E+01  0.1202422493E+02
L8 0.3417478698E+01  0.4512062225E+02  0.3956849624E+01  0.0000000000E+00
L9 0.0000000000E+00  0.0000000000E+00  0.0000000000E+00  0.9877406865E+00  0.0000000000E+00
