L0  Nsteps           time(ps)         Etot             EKinetic        
L1  Temp             T_solute         T_solv           Pres_scal_solu  
L2  Pres_scal_solv   BoxX             BoxY             BoxZ            
L3  volume           pres_X           pres_Y           pres_Z          
L4  Pressure         EKCoM_x          EKCoM_y          EKCoM_z         
L5  EKComTot         VIRIAL_x         VIRIAL_y         VIRIAL_z        
L6  VIRIAL_tot       E_pot            E_vdw            E_el            
L7  E_hbon           E_bon            E_angle          E_dih           
L8  E_14vdw          E_14el           E_const          E_pol           
L9  AV_permMoment    AV_indMoment     AV_totMoment     Density          dV/dlambda      
L0     1000  0.2000000000E+01  -.6988334626E+04  0.1666481538E+04
L1 0.3028571214E+03  0.3028571214E+03  -.8654816164E+10  0.1000000000E+01
L2 0.1000000000E+01  0.3408934074E+02  0.3408934074E+02  0.3408934074E+02
L3 0.3049819148E+05  -.7486247808E+03  -.1121791589E+04  -.1235238235E+04
L4 -.1035218201E+04  0.2971430594E+03  0.2651029409E+03  0.2848796801E+03
L5 0.8471256803E+03  0.4614647391E+03  0.5113340073E+03  0.5560120642E+03
L6 0.1528810811E+04  -.8654816164E+04  0.1237890652E+04  -.9966107013E+04
L7 0.0000000000E+00  0.3920942924E+01  0.8722616227E+01  0.1086797149E+02
L8 0.3018217726E+01  0.4392166249E+02  0.2948786814E+01  0.0000000000E+00
L9 0.0000000000E+00  0.0000000000E+00  0.0000000000E+00  0.9044255582E+00  0.0000000000E+00
L0     2000  0.4000000000E+01  -.7080126091E+04  0.1602977241E+04
L1 0.2913162025E+03  0.2913162025E+03  -.8683103332E+10  0.1000000000E+01
L2 0.1000000000E+01  0.3343866568E+02  0.3343866568E+02  0.3343866568E+02
L3 0.2878368889E+05  -.4280554384E+03  -.3594326700E+03  -.8743631601E+03
L4 -.5539504228E+03  0.2625330636E+03  0.2504724039E+03  0.2749583474E+03
L5 0.7879638148E+03  0.3512084421E+03  0.3249319836E+03  0.4560902224E+03
L6 0.1132230648E+04  -.8683103332E+04  0.1238120230E+04  -.1000206321E+05
L7 0.0000000000E+00  0.5835135190E+01  0.9685805534E+01  0.1302596113E+02
L8 0.4324038094E+01  0.4437738682E+02  0.3591318604E+01  0.0000000000E+00
L9 0.0000000000E+00  0.0000000000E+00  0.0000000000E+00  0.9582977345E+00  0.0000000000E+00
L0     3000  0.6000000000E+01  -.7045614532E+04  0.1671534324E+04
L1 0.3037753868E+03  0.3037753868E+03  -.8717148856E+10  0.1000000000E+01
L2 0.1000000000E+01  0.3335078771E+02  0.3335078771E+02  0.3335078771E+02
L3 0.2855578846E+05  -.1008950493E+04  0.3390049280E+03  0.8485237315E+03
L4 0.5952605561E+02  0.2710527045E+03  0.2691568599E+03  0.2909674222E+03
L5 0.8311769866E+03  0.4784106078E+03  0.1994851053E+03  0.1165801721E+03
L6 0.7944758853E+03  -.8717148856E+04  0.1303100480E+04  -.1009434076E+05
L7 0.0000000000E+00  0.3521733442E+01  0.1065057007E+02  0.1173960385E+02
L8 0.2503335531E+01  0.4286333405E+02  0.2812850037E+01  0.0000000000E+00
L9 0.0000000000E+00  0.0000000000E+00  0.0000000000E+00  0.9659457974E+00  0.0000000000E+00
L0     4000  0.8000000000E+01  -.7129888308E+04  0.1624924786E+04
L1 0.2953048276E+03  0.2953048276E+03  -.8754813094E+10  0.1000000000E+01
L2 0.1000000000E+01  0.3329198028E+02  0.3329198028E+02  0.3329198028E+02
L3 0.2840439569E+05  0.6725800359E+03  -.9217180315E+02  0.3106566891E+03
L4 0.2970216406E+03  0.2905450312E+03  0.2768397351E+03  0.2517209370E+03
L5 0.8191057033E+03  0.1530502842E+03  0.2956823086E+03  0.1882137548E+03
L6 0.6369463476E+03  -.8754813094E+04  0.1350161956E+04  -.1018113355E+05
L7 0.0000000000E+00  0.1563759281E+01  0.8795428646E+01  0.1083100750E+02
L8 0.3501468374E+01  0.4823738708E+02  0.3229453515E+01  0.0000000000E+00
L9 0.0000000000E+00  0.0000000000E+00  0.0000000000E+00  0.9710941978E+00  0.0000000000E+00
L0     5000  0.1000000000E+02  -.7076629708E+04  0.1642093683E+04
L1 0.2984250078E+03  0.2984250078E+03  -.8718723391E+10  0.1000000000E+01
L2 0.1000000000E+01  0.3322896709E+02  0.3322896709E+02  0.3322896709E+02
L3 0.2824468233E+05  -.1964293138E+03  -.7329809702E+03  0.3102521036E+03
L4 -.2063860601E+03  0.2563247858E+03  0.2679243955E+03  0.2866410657E+03
L5 0.8108902470E+03  0.2962548100E+03  0.4169242945E+03  0.2235732181E+03
L6 0.9367523227E+03  -.8718723391E+04  0.1268392976E+04  -.1006140610E+05
L7 0.0000000000E+00  0.3886055171E+01  0.7590921594E+01  0.1106361440E+02
L8 0.2081232379E+01  0.4277795896E+02  0.6889950479E+01  0.0000000000E+00
L9 0.0000000000E+00  0.0000000000E+00  0.0000000000E+00  0.9765853810E+00  0.0000000000E+00
L0     6000  0.1200000000E+02  -.7059962925E+04  0.1656176821E+04
L1 0.3009843993E+03  0.3009843993E+03  -.8716139746E+10  0.1000000000E+01
L2 0.1000000000E+01  0.3309505375E+02  0.3309505375E+02  0.3309505375E+02
L3 0.2790371961E+05  0.1445180329E+03  0.1705815134E+03  0.9900931663E+02
L4 0.1380362876E+03  0.2618374461E+03  0.2821471275E+03  0.2685398417E+03
L5 0.8125244152E+03  0.2328145517E+03  0.2478900237E+03  0.2486562543E+03
L6 0.7293608298E+03  -.8716139746E+04  0.1289813275E+04  -.1008712141E+05
L7 0.0000000000E+00  0.2821649140E+01  0.9402831435E+01  0.1324963126E+02
L8 0.3088949863E+01  0.4998415531E+02  0.2621173761E+01  0.0000000000E+00
L9 0.0000000000E+00  0.0000000000E+00  0.0000000000E+00  0.9885185284E+00  0.0000000000E+00
L0     7000  0.1400000000E+02  -.7160843810E+04  0.1639255018E+04
L1 0.2979091246E+03  0.2979091246E+03  -.8800098828E+10  0.1000000000E+01
L2 0.1000000000E+01  0.3302744573E+02  0.3302744573E+02  0.3302744573E+02
L3 0.2773483548E+05  -.1336144199E+04  -.1346764617E+03  -.2682170942E+03
L4 -.5796792516E+03  0.2648533226E+03  0.2850499981E+03  0.2476175225E+03
L5 0.7975208432E+03  0.5315609921E+03  0.3119327591E+03  0.3011563218E+03
L6 0.1144650073E+04  -.8800098828E+04  0.1227422383E+04  -.1010638651E+05
L7 0.0000000000E+00  0.3467831431E+01  0.1314264242E+02  0.1223922347E+02
L8 0.2994151734E+01  0.4462292291E+02  0.2398523164E+01  0.0000000000E+00
L9 0.0000000000E+00  0.0000000000E+00  0.0000000000E+00  0.9945378574E+00  0.0000000000E+00
L0     8000  0.1600000000E+02  -.7115888503E+04  0.1656751577E+04
L1 0.3010888523E+03  0.3010888523E+03  -.8772640080E+10  0.1000000000E+01
L2 0.1000000000E+01  0.3311047867E+02  0.3311047867E+02  0.3311047867E+02
L3 0.2794229975E+05  -.1415876464E+03  0.6143168670E+03  0.4879249981E+03
L4 0.3202180729E+03  0.2736635395E+03  0.2800937745E+03  0.2749142214E+03
L5 0.8286715354E+03  0.3021372516E+03  0.1565527590E+03  0.1767910003E+03
L6 0.6354810109E+03  -.8772640080E+04  0.1324835767E+04  -.1016921607E+05
L7 0.0000000000E+00  0.1907102803E+01  0.7246071194E+01  0.1168385936E+02
L8 0.2694137690E+01  0.4310350447E+02  0.5105547807E+01  0.0000000000E+00
L9 0.0000000000E+00  0.0000000000E+00  0.0000000000E+00  0.9871536736E+00  0.0000000000E+00
L0     9000  0.1800000000E+02  -.7077277586E+04  0.1654194383E+04
L1 0.3006241220E+03  0.3006241220E+03  -.8731471970E+10  0.1000000000E+01
L2 0.1000000000E+01  0.3315919829E+02  0.3315919829E+02  0.3315919829E+02
L3 0.2806819869E+05  -.3144107115E+03  -.1013213584E+04  -.5543304301E+03
L4 -.6273182418E+03  0.2798110769E+03  0.2748186947E+03  0.2759675258E+03
L5 0.8305972974E+03  0.3433249293E+03  0.4794971477E+03  0.3879473656E+03
L6 0.1210769443E+04  -.8731471970E+04  0.1205932611E+04  -.1001354168E+05
L7 0.0000000000E+00  0.6046129586E+01  0.8011446088E+01  0.1069923292E+02
L8 0.2703607785E+01  0.4435399412E+02  0.4322693197E+01  0.0000000000E+00
L9 0.0000000000E+00  0.0000000000E+00  0.0000000000E+00  0.9827258300E+00  0.0000000000E+00
L0    10000  0.2000000000E+02  -.7157107800E+04  0.1631087799E+04
L1 0.2964248595E+03  0.2964248595E+03  -.8788195599E+10  0.1000000000E+01
L2 0.1000000000E+01  0.3311089209E+02  0.3311089209E+02  0.3311089209E+02
L3 0.2794455438E+05  0.2803234488E+03  -.2651596863E+03  -.5083703660E+03
L4 -.1644022012E+03  0.2663773354E+03  0.2776472555E+03  0.2676896407E+03
L5 0.8117142316E+03  0.2099988770E+03  0.3309759885E+03  0.3699327375E+03
L6 0.9109076030E+03  -.8788195599E+04  0.1273130730E+04  -.1013619815E+05
L7 0.0000000000E+00  0.1569018134E+01  0.1096593616E+02  0.1027379932E+02
L8 0.2911091411E+01  0.4627498631E+02  0.2876989395E+01  0.0000000000E+00
L9 0.0000000000E+00  0.0000000000E+00  0.0000000000E+00  0.9870740278E+00  0.0000000000E+00
