L0  Nsteps           time(ps)         Etot             EKinetic        
L1  Temp             T_solute         T_solv           Pres_scal_solu  
L2  Pres_scal_solv   BoxX             BoxY             BoxZ            
L3  volume           pres_X           pres_Y           pres_Z          
L4  Pressure         EKCoM_x          EKCoM_y          EKCoM_z         
L5  EKComTot         VIRIAL_x         VIRIAL_y         VIRIAL_z        
L6  VIRIAL_tot       E_pot            E_vdw            E_el            
L7  E_hbon           E_bon            E_angle          E_dih           
L8  E_14vdw          E_14el           E_const          E_pol           
L9  AV_permMoment    AV_indMoment     AV_totMoment     Density          dV/dlambda      
L0     1000  0.2000000000E+01  -.7322316911E+04  0.1650093881E+04
L1 0.2907439524E+03  0.2907439524E+03  -.8972410792E+10  0.1000000000E+01
L2 0.1000000000E+01  0.3440513238E+02  0.3440513238E+02  0.3440513238E+02
L3 0.3135430862E+05  -.1368886769E+04  -.9952998284E+03  -.1457697960E+04
L4 -.1273961519E+04  0.2849736421E+03  0.2500017726E+03  0.2973516500E+03
L5 0.8323270647E+03  0.5938760791E+03  0.4746007311E+03  0.6262951846E+03
L6 0.1694771995E+04  -.8972410792E+04  0.1272771243E+04  -.1032161858E+05
L7 0.0000000000E+00  0.3676933502E+01  0.1007520717E+02  0.1394376637E+02
L8 0.4952942471E+01  0.4307915812E+02  0.7085356056E+00  0.0000000000E+00
L9 0.0000000000E+00  0.0000000000E+00  0.0000000000E+00  0.9074009763E+00  0.0000000000E+00
L0     2000  0.4000000000E+01  -.7312385051E+04  0.1650672563E+04
L1 0.2908459153E+03  0.2908459153E+03  -.8963057614E+10  0.1000000000E+01
L2 0.1000000000E+01  0.3390238098E+02  0.3390238098E+02  0.3390238098E+02
L3 0.2999926452E+05  -.1295649569E+04  -.9442361736E+03  -.9995852558E+03
L4 -.1079823666E+04  0.2751469063E+03  0.2580916695E+03  0.2591764256E+03
L5 0.7924150014E+03  0.5548870170E+03  0.4619590871E+03  0.4749941102E+03
L6 0.1491840214E+04  -.8963057614E+04  0.1248263829E+04  -.1029306274E+05
L7 0.0000000000E+00  0.4209412031E+01  0.8528954867E+01  0.1167313304E+02
L8 0.3179043003E+01  0.5015890775E+02  0.3991850612E+01  0.0000000000E+00
L9 0.0000000000E+00  0.0000000000E+00  0.0000000000E+00  0.9483875924E+00  0.0000000000E+00
L0     3000  0.6000000000E+01  -.7336223785E+04  0.1703057733E+04
L1 0.3000760999E+03  0.3000760999E+03  -.9039281517E+10  0.1000000000E+01
L2 0.1000000000E+01  0.3356332182E+02  0.3356332182E+02  0.3356332182E+02
L3 0.2910580566E+05  -.3516784601E+03  0.7538996732E+02  -.2378914764E+03
L4 -.1713933231E+03  0.2610094588E+03  0.2792970216E+03  0.3075016414E+03
L5 0.8478081218E+03  0.3346779838E+03  0.2635045625E+03  0.3573344182E+03
L6 0.9555169644E+03  -.9039281517E+04  0.1329299777E+04  -.1044043151E+05
L7 0.0000000000E+00  0.1784335202E+01  0.8728208160E+01  0.1103667905E+02
L8 0.2390112571E+01  0.4446221524E+02  0.3448668566E+01  0.0000000000E+00
L9 0.0000000000E+00  0.0000000000E+00  0.0000000000E+00  0.9775001791E+00  0.0000000000E+00
L0     4000  0.8000000000E+01  -.7372042279E+04  0.1710541866E+04
L1 0.3013947925E+03  0.3013947925E+03  -.9082584146E+10  0.1000000000E+01
L2 0.1000000000E+01  0.3352520359E+02  0.3352520359E+02  0.3352520359E+02
L3 0.2900644049E+05  0.1420745422E+03  -.1348989102E+03  -.1614436083E+03
L4 -.5142265877E+02  0.3041248159E+03  0.2837397504E+03  0.2666623455E+03
L5 0.8545269118E+03  0.2744650797E+03  0.3119014888E+03  0.3003656026E+03
L6 0.8867321711E+03  -.9082584146E+04  0.1355447817E+04  -.1050962273E+05
L7 0.0000000000E+00  0.2235153895E+01  0.3619796792E+01  0.1158127192E+02
L8 0.3220013099E+01  0.4354033196E+02  0.7394195938E+01  0.0000000000E+00
L9 0.0000000000E+00  0.0000000000E+00  0.0000000000E+00  0.9808487276E+00  0.0000000000E+00
L0     5000  0.1000000000E+02  -.7399522950E+04  0.1670111364E+04
L1 0.2942710015E+03  0.2942710015E+03  -.9069634314E+10  0.1000000000E+01
L2 0.1000000000E+01  0.3347335967E+02  0.3347335967E+02  0.3347335967E+02
L3 0.2887199374E+05  -.4363403985E+03  0.3337697672E+03  0.4925783981E+02
L4 -.1777093053E+02  0.2896924104E+03  0.2800550227E+03  0.2747897421E+03
L5 0.8445371753E+03  0.3803614006E+03  0.2106996116E+03  0.2645542503E+03
L6 0.8556152625E+03  -.9069634314E+04  0.1356636865E+04  -.1050322320E+05
L7 0.0000000000E+00  0.5423698422E+01  0.1090177398E+02  0.9322545979E+01
L8 0.3016957712E+01  0.4463494096E+02  0.3652105199E+01  0.0000000000E+00
L9 0.0000000000E+00  0.0000000000E+00  0.0000000000E+00  0.9854161963E+00  0.0000000000E+00
L0     6000  0.1200000000E+02  -.7240095605E+04  0.1719393660E+04
L1 0.3029544647E+03  0.3029544647E+03  -.8959489265E+10  0.1000000000E+01
L2 0.1000000000E+01  0.3347257727E+02  0.3347257727E+02  0.3347257727E+02
L3 0.2886955451E+05  0.1081780666E+04  0.9311103274E+02  -.7450801173E+03
L4 0.1432705272E+03  0.2927770127E+03  0.2896536002E+03  0.2689804171E+03
L5 0.8514110300E+03  0.6800828990E+02  0.2703073052E+03  0.4237906403E+03
L6 0.7621062354E+03  -.8959489265E+04  0.1317378377E+04  -.1034990457E+05
L7 0.0000000000E+00  0.1429615654E+01  0.9447096926E+01  0.1100853469E+02
L8 0.3919116134E+01  0.4512384551E+02  0.2108721704E+01  0.0000000000E+00
L9 0.0000000000E+00  0.0000000000E+00  0.0000000000E+00  0.9854994554E+00  0.0000000000E+00
L0     7000  0.1400000000E+02  -.7310779433E+04  0.1679931408E+04
L1 0.2960012777E+03  0.2960012777E+03  -.8990710841E+10  0.1000000000E+01
L2 0.1000000000E+01  0.3342926202E+02  0.3342926202E+02  0.3342926202E+02
L3 0.2875825352E+05  0.4115415933E+03  -.6500183820E+03  -.6863563517E+02
L4 -.1023708080E+03  0.2802732121E+03  0.2596343974E+03  0.2888290676E+03
L5 0.8287366771E+03  0.1950941562E+03  0.3941723227E+03  0.3030349673E+03
L6 0.8923014462E+03  -.8990710841E+04  0.1302678574E+04  -.1036631878E+05
L7 0.0000000000E+00  0.1039559661E+01  0.1261880995E+02  0.1016539810E+02
L8 0.2506371790E+01  0.4507724966E+02  0.1521973886E+01  0.0000000000E+00
L9 0.0000000000E+00  0.0000000000E+00  0.0000000000E+00  0.9893135627E+00  0.0000000000E+00
L0     8000  0.1600000000E+02  -.7362518535E+04  0.1679479364E+04
L1 0.2959216285E+03  0.2959216285E+03  -.9041997900E+10  0.1000000000E+01
L2 0.1000000000E+01  0.3345436663E+02  0.3345436663E+02  0.3345436663E+02
L3 0.2882339893E+05  0.3950097539E+03  -.4301185443E+03  -.6295070988E+03
L4 -.2215386297E+03  0.2946513083E+03  0.2739530536E+03  0.2862313250E+03
L5 0.8548356869E+03  0.2127087361E+03  0.3631787487E+03  0.4168190646E+03
L6 0.9927065494E+03  -.9041997900E+04  0.1308581620E+04  -.1042265647E+05
L7 0.0000000000E+00  0.3712489252E+01  0.7206582018E+01  0.1205702641E+02
L8 0.2940508715E+01  0.4432362872E+02  0.1836719405E+01  0.0000000000E+00
L9 0.0000000000E+00  0.0000000000E+00  0.0000000000E+00  0.9870775586E+00  0.0000000000E+00
L0     9000  0.1800000000E+02  -.7376685073E+04  0.1688543401E+04
L1 0.2975186974E+03  0.2975186974E+03  -.9065228474E+10  0.1000000000E+01
L2 0.1000000000E+01  0.3342435212E+02  0.3342435212E+02  0.3342435212E+02
L3 0.2874541008E+05  -.3268731880E+03  0.2622473037E+03  -.3919952020E+02
L4 -.3460846815E+02  0.2767886207E+03  0.2857338133E+03  0.2782025011E+03
L5 0.8407249351E+03  0.3444131705E+03  0.2314792690E+03  0.2863122208E+03
L6 0.8622046603E+03  -.9065228474E+04  0.1335925648E+04  -.1047719175E+05
L7 0.0000000000E+00  0.1482521435E+01  0.1058695212E+02  0.1126863026E+02
L8 0.3702698797E+01  0.4416218066E+02  0.4834643755E+01  0.0000000000E+00
L9 0.0000000000E+00  0.0000000000E+00  0.0000000000E+00  0.9897555879E+00  0.0000000000E+00
L0    10000  0.2000000000E+02  -.7402152436E+04  0.1630210088E+04
L1 0.2872404593E+03  0.2872404593E+03  -.9032362524E+10  0.1000000000E+01
L2 0.1000000000E+01  0.3342980998E+02  0.3342980998E+02  0.3342980998E+02
L3 0.2875893872E+05  0.3496271735E+03  0.4212897145E+03  -.2255117551E+03
L4 0.1818017110E+03  0.3039557680E+03  0.2796206545E+03  0.2513174889E+03
L5 0.8348939114E+03  0.2315897602E+03  0.1924218980E+03  0.2979940251E+03
L6 0.7220056833E+03  -.9032362524E+04  0.1338657492E+04  -.1044349015E+05
L7 0.0000000000E+00  0.5883234387E+01  0.4978990466E+01  0.1215976684E+02
L8 0.2223912650E+01  0.4361247634E+02  0.3611754631E+01  0.0000000000E+00
L9 0.0000000000E+00  0.0000000000E+00  0.0000000000E+00  0.9892899917E+00  0.0000000000E+00
