L0  Nsteps           time(ps)         Etot             EKinetic        
L1  Temp             T_solute         T_solv           Pres_scal_solu  
L2  Pres_scal_solv   BoxX             BoxY             BoxZ            
L3  volume           pres_X           pres_Y           pres_Z          
L4  Pressure         EKCoM_x          EKCoM_y          EKCoM_z         
L5  EKComTot         VIRIAL_x         VIRIAL_y         VIRIAL_z        
L6  VIRIAL_tot       E_pot            E_vdw            E_el            
L7  E_hbon           E_bon            E_angle          E_dih           
L8  E_14vdw          E_14el           E_const          E_pol           
L9  AV_permMoment    AV_indMoment     AV_totMoment     Density          dV/dlambda      
L0     1000  0.2000000000E+01  -.7863213522E+04  0.1755122801E+04
L1 0.2892002838E+03  0.2892002838E+03  -.9618336323E+10  0.1000000000E+01
L2 0.1000000000E+01  0.3523529836E+02  0.3523529836E+02  0.3523529836E+02
L3 0.3367576115E+05  -.8616263188E+03  0.5949459669E+03  -.1504386137E+03
L4 -.1390396552E+03  0.2751227301E+03  0.2864767735E+03  0.3008376193E+03
L5 0.8624371229E+03  0.4839527629E+03  0.1422813339E+03  0.3372990179E+03
L6 0.9635331147E+03  -.9618336323E+04  0.1537881300E+04  -.1122661170E+05
L7 0.0000000000E+00  0.1576858049E+01  0.6024276816E+01  0.1117408803E+02
L8 0.2982336566E+01  0.4689576620E+02  0.1740750290E+01  0.0000000000E+00
L9 0.0000000000E+00  0.0000000000E+00  0.0000000000E+00  0.9034817979E+00  0.0000000000E+00
L0     2000  0.4000000000E+01  -.7709410900E+04  0.1831840664E+04
L1 0.3018414663E+03  0.3018414663E+03  -.9541251564E+10  0.1000000000E+01
L2 0.1000000000E+01  0.3467825861E+02  0.3467825861E+02  0.3467825861E+02
L3 0.3210422187E+05  -.6411931252E+03  0.4427174006E+02  -.3424805941E+03
L4 -.3131339931E+03  0.3115132613E+03  0.2971017496E+03  0.3138661772E+03
L5 0.9224811880E+03  0.4596652840E+03  0.2868724636E+03  0.3929986425E+03
L6 0.1139536390E+04  -.9541251564E+04  0.1396366846E+04  -.1100889483E+05
L7 0.0000000000E+00  0.1102622845E+01  0.5723793711E+01  0.1064273292E+02
L8 0.3385175131E+01  0.4761999628E+02  0.2802103683E+01  0.0000000000E+00
L9 0.0000000000E+00  0.0000000000E+00  0.0000000000E+00  0.9477082906E+00  0.0000000000E+00
L0     3000  0.6000000000E+01  -.7925331788E+04  0.1767118803E+04
L1 0.2911769244E+03  0.2911769244E+03  -.9692450591E+10  0.1000000000E+01
L2 0.1000000000E+01  0.3452918957E+02  0.3452918957E+02  0.3452918957E+02
L3 0.3169128655E+05  0.3288484178E+03  -.3687831701E+03  -.1568015403E+03
L4 -.6557876421E+02  0.3131574829E+03  0.2960698439E+03  0.2735701511E+03
L5 0.8827974778E+03  0.2381521390E+03  0.3801837000E+03  0.3093342078E+03
L6 0.9276700468E+03  -.9692450591E+04  0.1493711275E+04  -.1126101050E+05
L7 0.0000000000E+00  0.2789604445E+01  0.5899775885E+01  0.1276178286E+02
L8 0.2284638387E+01  0.4370829074E+02  0.7404545139E+01  0.0000000000E+00
L9 0.0000000000E+00  0.0000000000E+00  0.0000000000E+00  0.9600568655E+00  0.0000000000E+00
L0     4000  0.8000000000E+01  -.7832336591E+04  0.1804297125E+04
L1 0.2973029809E+03  0.2973029809E+03  -.9636633717E+10  0.1000000000E+01
L2 0.1000000000E+01  0.3433993960E+02  0.3433993960E+02  0.3433993960E+02
L3 0.3117394482E+05  -.8217405148E+03  -.4789570648E+03  0.1385517529E+03
L4 -.3873819423E+03  0.2989473403E+03  0.2984147807E+03  0.2859273699E+03
L5 0.8832894909E+03  0.4833142780E+03  0.4058743080E+03  0.2548416903E+03
L6 0.1144030276E+04  -.9636633717E+04  0.1387991986E+04  -.1110411121E+05
L7 0.0000000000E+00  0.2156336550E+01  0.1238691733E+02  0.1222022973E+02
L8 0.2648988414E+01  0.4536433756E+02  0.4708695005E+01  0.0000000000E+00
L9 0.0000000000E+00  0.0000000000E+00  0.0000000000E+00  0.9759893207E+00  0.0000000000E+00
L0     5000  0.1000000000E+02  -.7967750846E+04  0.1809133264E+04
L1 0.2980998554E+03  0.2980998554E+03  -.9776884110E+10  0.1000000000E+01
L2 0.1000000000E+01  0.3423802564E+02  0.3423802564E+02  0.3423802564E+02
L3 0.3089727011E+05  0.3377976692E+02  -.2260483061E+03  -.1031039133E+04
L4 -.4077692240E+03  0.2904619036E+03  0.2989077992E+03  0.3157097580E+03
L5 0.9050794608E+03  0.2829502883E+03  0.3491742181E+03  0.5449821905E+03
L6 0.1177106697E+04  -.9776884110E+04  0.1420177704E+04  -.1126928296E+05
L7 0.0000000000E+00  0.3678003307E+01  0.7758708004E+01  0.9782891310E+01
L8 0.2692063189E+01  0.4411256830E+02  0.4196916502E+01  0.0000000000E+00
L9 0.0000000000E+00  0.0000000000E+00  0.0000000000E+00  0.9847289784E+00  0.0000000000E+00
L0     6000  0.1200000000E+02  -.7916546740E+04  0.1811367291E+04
L1 0.2984679671E+03  0.2984679671E+03  -.9727914031E+10  0.1000000000E+01
L2 0.1000000000E+01  0.3419032031E+02  0.3419032031E+02  0.3419032031E+02
L3 0.3076654044E+05  -.4303782426E+03  0.3344739426E+03  0.7942909242E+03
L4 0.2327955414E+03  0.2913467724E+03  0.3007423839E+03  0.2868321749E+03
L5 0.8789213312E+03  0.3866451600E+03  0.2266800260E+03  0.1109528278E+03
L6 0.7242780138E+03  -.9727914031E+04  0.1479306514E+04  -.1127921238E+05
L7 0.0000000000E+00  0.9885210398E+00  0.6000596100E+01  0.9976071555E+01
L8 0.4246771523E+01  0.4894942992E+02  0.1830447960E+01  0.0000000000E+00
L9 0.0000000000E+00  0.0000000000E+00  0.0000000000E+00  0.9889131761E+00  0.0000000000E+00
L0     7000  0.1400000000E+02  -.7815754174E+04  0.1838680424E+04
L1 0.3029684874E+03  0.3029684874E+03  -.9654434598E+10  0.1000000000E+01
L2 0.1000000000E+01  0.3418892469E+02  0.3418892469E+02  0.3418892469E+02
L3 0.3076376862E+05  0.7221240473E+02  -.5763039338E+03  0.1140004607E+03
L4 -.1300303561E+03  0.3043728192E+03  0.3045329807E+03  0.2974080422E+03
L5 0.9063138421E+03  0.2883843117E+03  0.4321321069E+03  0.2721672650E+03
L6 0.9926836836E+03  -.9654434598E+04  0.1401156466E+04  -.1113307317E+05
L7 0.0000000000E+00  0.1971616697E+01  0.9553942255E+01  0.1190440455E+02
L8 0.4180274545E+01  0.4613524945E+02  0.3736619726E+01  0.0000000000E+00
L9 0.0000000000E+00  0.0000000000E+00  0.0000000000E+00  0.9890022775E+00  0.0000000000E+00
L0     8000  0.1600000000E+02  -.7785605162E+04  0.1800447126E+04
L1 0.2966685974E+03  0.2966685974E+03  -.9586052288E+10  0.1000000000E+01
L2 0.1000000000E+01  0.3423957488E+02  0.3423957488E+02  0.3423957488E+02
L3 0.3090072149E+05  0.7502188975E+02  -.1157948551E+03  -.3738436873E+03
L4 -.1382055509E+03  0.3069252276E+03  0.3113527552E+03  0.2937068674E+03
L5 0.9119848502E+03  0.2902407275E+03  0.3371049627E+03  0.3768478689E+03
L6 0.1004193559E+04  -.9586052288E+04  0.1378956733E+04  -.1103905591E+05
L7 0.0000000000E+00  0.3036174877E+01  0.5943534212E+01  0.1171098590E+02
L8 0.3383091579E+01  0.4724656991E+02  0.2726537452E+01  0.0000000000E+00
L9 0.0000000000E+00  0.0000000000E+00  0.0000000000E+00  0.9846189913E+00  0.0000000000E+00
L0     9000  0.1800000000E+02  -.7846158895E+04  0.1811115412E+04
L1 0.2984264638E+03  0.2984264638E+03  -.9657274306E+10  0.1000000000E+01
L2 0.1000000000E+01  0.3427810689E+02  0.3427810689E+02  0.3427810689E+02
L3 0.3100558127E+05  -.1767452156E+03  -.1351932139E+03  -.5567350195E+03
L4 -.2895578163E+03  0.3030395964E+03  0.3030101719E+03  0.2844519876E+03
L5 0.8905017559E+03  0.3424802519E+03  0.3331785074E+03  0.4086872832E+03
L6 0.1084346043E+04  -.9657274306E+04  0.1401086372E+04  -.1113328789E+05
L7 0.0000000000E+00  0.3129868039E+01  0.6937310472E+01  0.1073207605E+02
L8 0.2522749009E+01  0.4798537040E+02  0.3619834831E+01  0.0000000000E+00
L9 0.0000000000E+00  0.0000000000E+00  0.0000000000E+00  0.9812890447E+00  0.0000000000E+00
L0    10000  0.2000000000E+02  -.7970904745E+04  0.1734233635E+04
L1 0.2857582724E+03  0.2857582724E+03  -.9705138380E+10  0.1000000000E+01
L2 0.1000000000E+01  0.3426418301E+02  0.3426418301E+02  0.3426418301E+02
L3 0.3096764751E+05  0.6415177776E+02  -.4555980391E+03  -.2976050299E+03
L4 -.2296837638E+03  0.3071165987E+03  0.2647440012E+03  0.3030413058E+03
L5 0.8749019058E+03  0.2928186580E+03  0.3662862182E+03  0.3693705521E+03
L6 0.1028475428E+04  -.9705138380E+04  0.1427522403E+04  -.1120490759E+05
L7 0.0000000000E+00  0.9695441728E+00  0.7684570701E+01  0.1048448304E+02
L8 0.3879651292E+01  0.4712999622E+02  0.2098565188E+01  0.0000000000E+00
L9 0.0000000000E+00  0.0000000000E+00  0.0000000000E+00  0.9824910728E+00  0.0000000000E+00
