L0  Nsteps           time(ps)         Etot             EKinetic        
L1  Temp             T_solute         T_solv           Pres_scal_solu  
L2  Pres_scal_solv   BoxX             BoxY             BoxZ            
L3  volume           pres_X           pres_Y           pres_Z          
L4  Pressure         EKCoM_x          EKCoM_y          EKCoM_z         
L5  EKComTot         VIRIAL_x         VIRIAL_y         VIRIAL_z        
L6  VIRIAL_tot       E_pot            E_vdw            E_el            
L7  E_hbon           E_bon            E_angle          E_dih           
L8  E_14vdw          E_14el           E_const          E_pol           
L9  AV_permMoment    AV_indMoment     AV_totMoment     Density          dV/dlambda      
L0     1000  0.2000000000E+01  -.6787957694E+04  0.1503040984E+04
L1 0.2852052676E+03  0.2852052676E+03  -.8290998678E+10  0.1000000000E+01
L2 0.1000000000E+01  0.3360843128E+02  0.3360843128E+02  0.3360843128E+02
L3 0.2922514629E+05  -.1090559990E+04  -.1140878940E+04  -.3855435236E+03
L4 -.8723274846E+03  0.2442921889E+03  0.2475432025E+03  0.2489980329E+03
L5 0.7408334242E+03  0.4736760371E+03  0.4875109291E+03  0.3300916526E+03
L6 0.1291278619E+04  -.8290998678E+04  0.1214495529E+04  -.9584571436E+04
L7 0.0000000000E+00  0.4383513075E+01  0.9782626439E+01  0.1401955100E+02
L8 0.2679392061E+01  0.4639776625E+02  0.1814380800E+01  0.0000000000E+00
L9 0.0000000000E+00  0.0000000000E+00  0.0000000000E+00  0.9038993156E+00  0.0000000000E+00
L0     2000  0.4000000000E+01  -.6761145775E+04  0.1540023722E+04
L1 0.2922228219E+03  0.2922228219E+03  -.8301169497E+10  0.1000000000E+01
L2 0.1000000000E+01  0.3310290890E+02  0.3310290890E+02  0.3310290890E+02
L3 0.2792630537E+05  -.9405783899E+03  -.1002409356E+04  -.9092052064E+03
L4 -.9507309842E+03  0.2552998673E+03  0.2656289797E+03  0.2424523350E+03
L5 0.7633811820E+03  0.4443448080E+03  0.4671012008E+03  0.4251916433E+03
L6 0.1336637652E+04  -.8301169497E+04  0.1168423329E+04  -.9548002880E+04
L7 0.0000000000E+00  0.3868862740E+01  0.1145945659E+02  0.1261088151E+02
L8 0.1533839168E+01  0.4619360157E+02  0.2743412256E+01  0.0000000000E+00
L9 0.0000000000E+00  0.0000000000E+00  0.0000000000E+00  0.9459392991E+00  0.0000000000E+00
L0     3000  0.6000000000E+01  -.6830878474E+04  0.1604570071E+04
L1 0.3044706307E+03  0.3044706307E+03  -.8435448545E+10  0.1000000000E+01
L2 0.1000000000E+01  0.3280283258E+02  0.3280283258E+02  0.3280283258E+02
L3 0.2717180170E+05  -.2273104164E+03  0.7701449729E+02  -.3313823457E+03
L4 -.1605594216E+03  0.2566610878E+03  0.2531545497E+03  0.2767578045E+03
L5 0.7865734420E+03  0.3011133998E+03  0.2380937685E+03  0.3415621881E+03
L6 0.8807693563E+03  -.8435448545E+04  0.1272502202E+04  -.9786190142E+04
L7 0.0000000000E+00  0.2807676662E+01  0.9281368445E+01  0.1179409823E+02
L8 0.2137362773E+01  0.4811750384E+02  0.4101385413E+01  0.0000000000E+00
L9 0.0000000000E+00  0.0000000000E+00  0.0000000000E+00  0.9722060398E+00  0.0000000000E+00
L0     4000  0.8000000000E+01  -.6843137392E+04  0.1558916180E+04
L1 0.2958077064E+03  0.2958077064E+03  -.8402053571E+10  0.1000000000E+01
L2 0.1000000000E+01  0.3275711640E+02  0.3275711640E+02  0.3275711640E+02
L3 0.2705797916E+05  -.2732340237E+02  0.2062472936E+03  -.1937835787E+03
L4 -.4953229139E+01  0.2762713050E+03  0.2523713609E+03  0.2563766296E+03
L5 0.7850192956E+03  0.2815922249E+03  0.2122070615E+03  0.2941137633E+03
L6 0.7879130496E+03  -.8402053571E+04  0.1274793685E+04  -.9752225271E+04
L7 0.0000000000E+00  0.3572253371E+01  0.1141449662E+02  0.1003680363E+02
L8 0.2543124171E+01  0.4545159365E+02  0.2359743735E+01  0.0000000000E+00
L9 0.0000000000E+00  0.0000000000E+00  0.0000000000E+00  0.9762957379E+00  0.0000000000E+00
L0     5000  0.1000000000E+02  -.6852092027E+04  0.1571581553E+04
L1 0.2982109883E+03  0.2982109883E+03  -.8423673581E+10  0.1000000000E+01
L2 0.1000000000E+01  0.3270432434E+02  0.3270432434E+02  0.3270432434E+02
L3 0.2692793279E+05  0.1001062783E+03  -.3438433456E+03  -.4762135005E+03
L4 -.2399835226E+03  0.2868329124E+03  0.2502116578E+03  0.2412786201E+03
L5 0.7783231903E+03  0.2674320556E+03  0.3168493915E+03  0.3335700337E+03
L6 0.9178514808E+03  -.8423673581E+04  0.1247033750E+04  -.9747280267E+04
L7 0.0000000000E+00  0.1001764726E+01  0.1200789598E+02  0.1239702157E+02
L8 0.3052143525E+01  0.4580212678E+02  0.2311983654E+01  0.0000000000E+00
L9 0.0000000000E+00  0.0000000000E+00  0.0000000000E+00  0.9810106826E+00  0.0000000000E+00
L0     6000  0.1200000000E+02  -.6814677682E+04  0.1549980019E+04
L1 0.2941120507E+03  0.2941120507E+03  -.8364657701E+10  0.1000000000E+01
L2 0.1000000000E+01  0.3260924098E+02  0.3260924098E+02  0.3260924098E+02
L3 0.2669304705E+05  -.6772454580E+02  0.3572554121E+03  -.1274426114E+03
L4 0.5402941832E+02  0.2692308880E+03  0.2573967056E+03  0.2562533847E+03
L5 0.7828809784E+03  0.2822415931E+03  0.1887636162E+03  0.2807366532E+03
L6 0.7517418625E+03  -.8364657701E+04  0.1225481639E+04  -.9661382446E+04
L7 0.0000000000E+00  0.3910283805E+01  0.5770464701E+01  0.1069955394E+02
L8 0.2502009333E+01  0.4587614149E+02  0.2484652584E+01  0.0000000000E+00
L9 0.0000000000E+00  0.0000000000E+00  0.0000000000E+00  0.9896430963E+00  0.0000000000E+00
L0     7000  0.1400000000E+02  -.6795326039E+04  0.1616464981E+04
L1 0.3067277156E+03  0.3067277156E+03  -.8411791020E+10  0.1000000000E+01
L2 0.1000000000E+01  0.3273490423E+02  0.3273490423E+02  0.3273490423E+02
L3 0.2700208447E+05  0.4005398382E+03  0.4801956969E+03  0.2117089058E+03
L4 0.3641481469E+03  0.2777816020E+03  0.2696474440E+03  0.2577464274E+03
L5 0.8051754734E+03  0.1999421823E+03  0.1763280015E+03  0.2166037075E+03
L6 0.5928738912E+03  -.8411791020E+04  0.1311449083E+04  -.9797745615E+04
L7 0.0000000000E+00  0.3069181414E+01  0.6561159106E+01  0.1206329314E+02
L8 0.2724974933E+01  0.4729961953E+02  0.2787282857E+01  0.0000000000E+00
L9 0.0000000000E+00  0.0000000000E+00  0.0000000000E+00  0.9783166834E+00  0.0000000000E+00
L0     8000  0.1600000000E+02  -.6749517750E+04  0.1597607142E+04
L1 0.3031494000E+03  0.3031494000E+03  -.8347124892E+10  0.1000000000E+01
L2 0.1000000000E+01  0.3268110979E+02  0.3268110979E+02  0.3268110979E+02
L3 0.2686997746E+05  0.1642747851E+03  -.3531329302E+03  0.2864383256E+03
L4 0.3252672683E+02  0.2648673350E+03  0.2477935914E+03  0.2661573189E+03
L5 0.7788182452E+03  0.2330989754E+03  0.3160843757E+03  0.2107643033E+03
L6 0.7599476544E+03  -.8347124892E+04  0.1235672245E+04  -.9663597161E+04
L7 0.0000000000E+00  0.3407729767E+01  0.1152010534E+02  0.1337787720E+02
L8 0.3225195710E+01  0.4710091130E+02  0.2168204343E+01  0.0000000000E+00
L9 0.0000000000E+00  0.0000000000E+00  0.0000000000E+00  0.9831266053E+00  0.0000000000E+00
L0     9000  0.1800000000E+02  -.6778752321E+04  0.1581389565E+04
L1 0.3000720797E+03  0.3000720797E+03  -.8360141885E+10  0.1000000000E+01
L2 0.1000000000E+01  0.3278331526E+02  0.3278331526E+02  0.3278331526E+02
L3 0.2712342072E+05  -.7958407320E+03  0.6395646892E+03  -.4381321527E+03
L4 -.1981360651E+03  0.2501833597E+03  0.2618251289E+03  0.2654031916E+03
L5 0.7774116802E+03  0.4055390638E+03  0.1369759995E+03  0.3509307680E+03
L6 0.8934458313E+03  -.8360141885E+04  0.1227680676E+04  -.9663641088E+04
L7 0.0000000000E+00  0.3461994230E+01  0.6539092885E+01  0.1095862095E+02
L8 0.4226141255E+01  0.4834205720E+02  0.2290619752E+01  0.0000000000E+00
L9 0.0000000000E+00  0.0000000000E+00  0.0000000000E+00  0.9739401975E+00  0.0000000000E+00
L0    10000  0.2000000000E+02  -.6746899410E+04  0.1613831856E+04
L1 0.3062280743E+03  0.3062280743E+03  -.8360731265E+10  0.1000000000E+01
L2 0.1000000000E+01  0.3266334180E+02  0.3266334180E+02  0.3266334180E+02
L3 0.2682719326E+05  -.7682991182E+02  -.7539143898E+03  -.3476688018E+03
L4 -.3928043678E+03  0.2879051914E+03  0.2616120201E+03  0.2594353569E+03
L5 0.8089525684E+03  0.3027393239E+03  0.4071759763E+03  0.3265624033E+03
L6 0.1036477703E+04  -.8360731265E+04  0.1177254249E+04  -.9612849920E+04
L7 0.0000000000E+00  0.3990262272E+01  0.1033671768E+02  0.1131749382E+02
L8 0.2424790151E+01  0.4521542394E+02  0.1579718087E+01  0.0000000000E+00
L9 0.0000000000E+00  0.0000000000E+00  0.0000000000E+00  0.9846945029E+00  0.0000000000E+00
