L0  Nsteps           time(ps)         Etot             EKinetic        
L1  Temp             T_solute         T_solv           Pres_scal_solu  
L2  Pres_scal_solv   BoxX             BoxY             BoxZ            
L3  volume           pres_X           pres_Y           pres_Z          
L4  Pressure         EKCoM_x          EKCoM_y          EKCoM_z         
L5  EKComTot         VIRIAL_x         VIRIAL_y         VIRIAL_z        
L6  VIRIAL_tot       E_pot            E_vdw            E_el            
L7  E_hbon           E_bon            E_angle          E_dih           
L8  E_14vdw          E_14el           E_const          E_pol           
L9  AV_permMoment    AV_indMoment     AV_totMoment     Density          dV/dlambda      
L0     1000  0.2000000000E+01  -.7017739658E+04  0.1640315638E+04
L1 0.2971361029E+03  0.2971361029E+03  -.8658055296E+10  0.1000000000E+01
L2 0.1000000000E+01  0.3416716067E+02  0.3416716067E+02  0.3416716067E+02
L3 0.3070665544E+05  -.1266316207E+04  -.4521806986E+03  -.4243614346E+03
L4 -.7142861134E+03  0.2601312025E+03  0.2664231540E+03  0.2830083623E+03
L5 0.8095627188E+03  0.5399850364E+03  0.3663543572E+03  0.3767915531E+03
L6 0.1283130947E+04  -.8658055296E+04  0.1292133122E+04  -.1002483634E+05
L7 0.0000000000E+00  0.1125969901E+01  0.1090908666E+02  0.1173920225E+02
L8 0.3040344883E+01  0.4487605554E+02  0.2957263640E+01  0.0000000000E+00
L9 0.0000000000E+00  0.0000000000E+00  0.0000000000E+00  0.9012083463E+00  0.0000000000E+00
L0     2000  0.4000000000E+01  -.7062042242E+04  0.1630202146E+04
L1 0.2953040874E+03  0.2953040874E+03  -.8692244387E+10  0.1000000000E+01
L2 0.1000000000E+01  0.3363139071E+02  0.3363139071E+02  0.3363139071E+02
L3 0.2928379435E+05  -.2506209751E+03  -.2175373324E+03  -.6698134257E+03
L4 -.3793239111E+03  0.2714842997E+03  0.2673133685E+03  0.2783508345E+03
L5 0.8171485028E+03  0.3243046581E+03  0.3131610868E+03  0.4195193269E+03
L6 0.1056985072E+04  -.8692244387E+04  0.1276899498E+04  -.1004979507E+05
L7 0.0000000000E+00  0.6121958337E+01  0.1097633868E+02  0.1142014652E+02
L8 0.3009663935E+01  0.4559369432E+02  0.3529382956E+01  0.0000000000E+00
L9 0.0000000000E+00  0.0000000000E+00  0.0000000000E+00  0.9449968755E+00  0.0000000000E+00
L0     3000  0.6000000000E+01  -.7183611148E+04  0.1641618280E+04
L1 0.2973720709E+03  0.2973720709E+03  -.8825229428E+10  0.1000000000E+01
L2 0.1000000000E+01  0.3325104011E+02  0.3325104011E+02  0.3325104011E+02
L3 0.2830051202E+05  -.4142224908E+02  0.1066187868E+03  -.9727787344E+02
L4 -.1069377858E+02  0.2884711471E+03  0.2683380778E+03  0.2807715830E+03
L5 0.8375808079E+03  0.2969080791E+03  0.2466218389E+03  0.3005852537E+03
L6 0.8441151718E+03  -.8825229428E+04  0.1305662654E+04  -.1020666073E+05
L7 0.0000000000E+00  0.1467346855E+01  0.1013738529E+02  0.9863432800E+01
L8 0.3532164498E+01  0.4747808862E+02  0.3290226855E+01  0.0000000000E+00
L9 0.0000000000E+00  0.0000000000E+00  0.0000000000E+00  0.9778301589E+00  0.0000000000E+00
L0     4000  0.8000000000E+01  -.7140991417E+04  0.1629882445E+04
L1 0.2952461751E+03  0.2952461751E+03  -.8770873862E+10  0.1000000000E+01
L2 0.1000000000E+01  0.3316875332E+02  0.3316875332E+02  0.3316875332E+02
L3 0.2809011836E+05  -.1219654922E+03  0.5760192075E+03  0.4791727253E+03
L4 0.3110754802E+03  0.2633178011E+03  0.2710202642E+03  0.2647122661E+03
L5 0.7990503314E+03  0.2879751921E+03  0.1545682205E+03  0.1678393799E+03
L6 0.6103827926E+03  -.8770873862E+04  0.1344292705E+04  -.1019004361E+05
L7 0.0000000000E+00  0.7236698951E+01  0.6933021652E+01  0.1265599789E+02
L8 0.2165201505E+01  0.4152926733E+02  0.4356854691E+01  0.0000000000E+00
L9 0.0000000000E+00  0.0000000000E+00  0.0000000000E+00  0.9851540608E+00  0.0000000000E+00
L0     5000  0.1000000000E+02  -.7198979837E+04  0.1591108506E+04
L1 0.2882224432E+03  0.2882224432E+03  -.8790088343E+10  0.1000000000E+01
L2 0.1000000000E+01  0.3305514321E+02  0.3305514321E+02  0.3305514321E+02
L3 0.2780406191E+05  -.1684314927E+03  -.3335847436E+03  -.5003077417E+03
L4 -.3341079927E+03  0.2699790026E+03  0.2496472956E+03  0.2560385345E+03
L5 0.7756648327E+03  0.3036835209E+03  0.3164003292E+03  0.3561542026E+03
L6 0.9762380527E+03  -.8790088343E+04  0.1254184229E+04  -.1011978266E+05
L7 0.0000000000E+00  0.1101087999E+01  0.1156257846E+02  0.1251861694E+02
L8 0.2343028110E+01  0.4511451395E+02  0.2870264877E+01  0.0000000000E+00
L9 0.0000000000E+00  0.0000000000E+00  0.0000000000E+00  0.9952896184E+00  0.0000000000E+00
L0     6000  0.1200000000E+02  -.7090487221E+04  0.1677680123E+04
L1 0.3039045182E+03  0.3039045182E+03  -.8768167344E+10  0.1000000000E+01
L2 0.1000000000E+01  0.3307147663E+02  0.3307147663E+02  0.3307147663E+02
L3 0.2784354759E+05  -.1526903405E+03  0.8325049987E+03  0.4326524738E+03
L4 0.3708223774E+03  0.2747248385E+03  0.2846254345E+03  0.2995903721E+03
L5 0.8589406451E+03  0.3053228154E+03  0.1177977975E+03  0.2128901241E+03
L6 0.6360107369E+03  -.8768167344E+04  0.1317424402E+04  -.1016037852E+05
L7 0.0000000000E+00  0.3125102741E+01  0.8812708775E+01  0.1071847701E+02
L8 0.4047982299E+01  0.4631439693E+02  0.1768102307E+01  0.0000000000E+00
L9 0.0000000000E+00  0.0000000000E+00  0.0000000000E+00  0.9938781716E+00  0.0000000000E+00
L0     7000  0.1400000000E+02  -.7184378119E+04  0.1625185522E+04
L1 0.2943953477E+03  0.2943953477E+03  -.8809563641E+10  0.1000000000E+01
L2 0.1000000000E+01  0.3310228274E+02  0.3310228274E+02  0.3310228274E+02
L3 0.2792132832E+05  0.7608286281E+03  0.3013739958E+03  0.1714835533E+03
L4 0.4112287257E+03  0.2742541698E+03  0.2641232059E+03  0.2796235971E+03
L5 0.8180009729E+03  0.1213640218E+03  0.2035614538E+03  0.2451636085E+03
L6 0.5700890841E+03  -.8809563641E+04  0.1357930146E+04  -.1024856256E+05
L7 0.0000000000E+00  0.4735993783E+01  0.8336972024E+01  0.1210660374E+02
L8 0.4066367665E+01  0.4925944429E+02  0.2563394083E+01  0.0000000000E+00
L9 0.0000000000E+00  0.0000000000E+00  0.0000000000E+00  0.9911095151E+00  0.0000000000E+00
L0     8000  0.1600000000E+02  -.7130481872E+04  0.1671759220E+04
L1 0.3028319722E+03  0.3028319722E+03  -.8802241091E+10  0.1000000000E+01
L2 0.1000000000E+01  0.3318260075E+02  0.3318260075E+02  0.3318260075E+02
L3 0.2812666699E+05  -.3660169904E+03  -.1550914511E+03  -.1628510658E+03
L4 -.2279865024E+03  0.2757259575E+03  0.2806629320E+03  0.2782226298E+03
L5 0.8346115194E+03  0.3498187729E+03  0.3120580928E+03  0.3111885692E+03
L6 0.9730654348E+03  -.8802241091E+04  0.1276064267E+04  -.1015041509E+05
L7 0.0000000000E+00  0.2962906465E+01  0.7099939845E+01  0.1152343115E+02
L8 0.3021515577E+01  0.4609980679E+02  0.1402133590E+01  0.0000000000E+00
L9 0.0000000000E+00  0.0000000000E+00  0.0000000000E+00  0.9838739222E+00  0.0000000000E+00
L0     9000  0.1800000000E+02  -.7257196545E+04  0.1625627649E+04
L1 0.2944754370E+03  0.2944754370E+03  -.8882824193E+10  0.1000000000E+01
L2 0.1000000000E+01  0.3316101018E+02  0.3316101018E+02  0.3316101018E+02
L3 0.2807093541E+05  -.4896404284E+03  0.3021149413E+03  0.5395089004E+03
L4 0.1173278045E+03  0.2749367078E+03  0.2777140218E+03  0.2719101019E+03
L5 0.8245608315E+03  0.3738582172E+03  0.2166780774E+03  0.1629137208E+03
L6 0.7534500153E+03  -.8882824193E+04  0.1349412109E+04  -.1030644395E+05
L7 0.0000000000E+00  0.4398843844E+01  0.8436611709E+01  0.1049223897E+02
L8 0.3505984687E+01  0.4420230717E+02  0.3171657767E+01  0.0000000000E+00
L9 0.0000000000E+00  0.0000000000E+00  0.0000000000E+00  0.9858272895E+00  0.0000000000E+00
L0    10000  0.2000000000E+02  -.7169067110E+04  0.1641335821E+04
L1 0.2973209047E+03  0.2973209047E+03  -.8810402931E+10  0.1000000000E+01
L2 0.1000000000E+01  0.3316424220E+02  0.3316424220E+02  0.3316424220E+02
L3 0.2807901753E+05  -.2098903440E+03  0.9812641049E+03  -.2679296132E+03
L4 0.1678147159E+03  0.2482014576E+03  0.2899187753E+03  0.2966032297E+03
L5 0.8347234627E+03  0.2906175784E+03  0.9161800542E+02  0.3507483353E+03
L6 0.7329839192E+03  -.8810402931E+04  0.1324470555E+04  -.1021141542E+05
L7 0.0000000000E+00  0.2403732641E+01  0.8611024176E+01  0.1017741318E+02
L8 0.5334126118E+01  0.4705937053E+02  0.2956267295E+01  0.0000000000E+00
L9 0.0000000000E+00  0.0000000000E+00  0.0000000000E+00  0.9855435342E+00  0.0000000000E+00
