L0  Nsteps           time(ps)         Etot             EKinetic        
L1  Temp             T_solute         T_solv           Pres_scal_solu  
L2  Pres_scal_solv   BoxX             BoxY             BoxZ            
L3  volume           pres_X           pres_Y           pres_Z          
L4  Pressure         EKCoM_x          EKCoM_y          EKCoM_z         
L5  EKComTot         VIRIAL_x         VIRIAL_y         VIRIAL_z        
L6  VIRIAL_tot       E_pot            E_vdw            E_el            
L7  E_hbon           E_bon            E_angle          E_dih           
L8  E_14vdw          E_14el           E_const          E_pol           
L9  AV_permMoment    AV_indMoment     AV_totMoment     Density          dV/dlambda      
L0     1000  0.2000000000E+01  -.7462621419E+04  0.1661750926E+04
L1 0.2864785262E+03  0.2864785262E+03  -.9124372345E+10  0.1000000000E+01
L2 0.1000000000E+01  0.3467058960E+02  0.3467058960E+02  0.3467058960E+02
L3 0.3208436808E+05  -.8786731149E+03  -.4184666064E+03  -.1152541570E+04
L4 -.8165604304E+03  0.2896792210E+03  0.2832745022E+03  0.2780228148E+03
L5 0.8509765380E+03  0.4925770539E+03  0.3799042569E+03  0.5441606797E+03
L6 0.1416641991E+04  -.9124372345E+04  0.1362809527E+04  -.1055735439E+05
L7 0.0000000000E+00  0.4593245071E+01  0.1036875156E+02  0.1075257583E+02
L8 0.1979321983E+01  0.4028680609E+02  0.2191812478E+01  0.0000000000E+00
L9 0.0000000000E+00  0.0000000000E+00  0.0000000000E+00  0.9063348981E+00  0.0000000000E+00
L0     2000  0.4000000000E+01  -.7512519867E+04  0.1700396689E+04
L1 0.2931408852E+03  0.2931408852E+03  -.9212916556E+10  0.1000000000E+01
L2 0.1000000000E+01  0.3410735325E+02  0.3410735325E+02  0.3410735325E+02
L3 0.3054494889E+05  -.4603946558E+03  -.2421703509E+03  -.6271338711E+03
L4 -.4432329593E+03  0.2880773056E+03  0.2677119136E+03  0.2813030512E+03
L5 0.8370922705E+03  0.3892879656E+03  0.3209493279E+03  0.4191687544E+03
L6 0.1129406048E+04  -.9212916556E+04  0.1358954658E+04  -.1064853195E+05
L7 0.0000000000E+00  0.2736365291E+01  0.9172871957E+01  0.1031584010E+02
L8 0.3140135193E+01  0.4860987339E+02  0.2685653486E+01  0.0000000000E+00
L9 0.0000000000E+00  0.0000000000E+00  0.0000000000E+00  0.9520128048E+00  0.0000000000E+00
L0     3000  0.6000000000E+01  -.7521438301E+04  0.1773033001E+04
L1 0.3056630648E+03  0.3056630648E+03  -.9294471302E+10  0.1000000000E+01
L2 0.1000000000E+01  0.3393389220E+02  0.3393389220E+02  0.3393389220E+02
L3 0.3008098344E+05  -.1075508907E+04  -.4122657516E+03  0.4942984828E+03
L4 -.3311587251E+03  0.2783043016E+03  0.2865539021E+03  0.3009810618E+03
L5 0.8658392654E+03  0.5111469990E+03  0.3758075280E+03  0.1939677294E+03
L6 0.1080922256E+04  -.9294471302E+04  0.1384498004E+04  -.1076058852E+05
L7 0.0000000000E+00  0.1962062033E+01  0.1234067430E+02  0.1224451417E+02
L8 0.3761144785E+01  0.4715856919E+02  0.4152252148E+01  0.0000000000E+00
L9 0.0000000000E+00  0.0000000000E+00  0.0000000000E+00  0.9666965352E+00  0.0000000000E+00
L0     4000  0.8000000000E+01  -.7436762193E+04  0.1781675934E+04
L1 0.3071530683E+03  0.3071530683E+03  -.9218438127E+10  0.1000000000E+01
L2 0.1000000000E+01  0.3382231955E+02  0.3382231955E+02  0.3382231955E+02
L3 0.2978458526E+05  -.1619965649E+03  -.1631129763E+02  -.7087045681E+02
L4 -.8305943978E+02  0.2931864404E+03  0.2944250599E+03  0.2972222736E+03
L5 0.8848337740E+03  0.3279123750E+03  0.2979215850E+03  0.3124142182E+03
L6 0.9382481783E+03  -.9218438127E+04  0.1362299223E+04  -.1066454309E+05
L7 0.0000000000E+00  0.6332385694E+01  0.1359257841E+02  0.1168345999E+02
L8 0.2745565193E+01  0.4582330451E+02  0.3628446155E+01  0.0000000000E+00
L9 0.0000000000E+00  0.0000000000E+00  0.0000000000E+00  0.9763165146E+00  0.0000000000E+00
L0     5000  0.1000000000E+02  -.7505956656E+04  0.1746529197E+04
L1 0.3010939260E+03  0.3010939260E+03  -.9252485853E+10  0.1000000000E+01
L2 0.1000000000E+01  0.3376276598E+02  0.3376276598E+02  0.3376276598E+02
L3 0.2962656271E+05  0.3003902193E+03  0.3888936056E+03  0.1597012084E+03
L4 0.2829950111E+03  0.3078696478E+03  0.2611415859E+03  0.2905168780E+03
L5 0.8595281116E+03  0.2438189839E+03  0.1782197995E+03  0.2564646094E+03
L6 0.6785033928E+03  -.9252485853E+04  0.1412935551E+04  -.1074332806E+05
L7 0.0000000000E+00  0.4422516969E+01  0.1069570620E+02  0.1176307025E+02
L8 0.2870773958E+01  0.4323803460E+02  0.4916554783E+01  0.0000000000E+00
L9 0.0000000000E+00  0.0000000000E+00  0.0000000000E+00  0.9815240046E+00  0.0000000000E+00
L0     6000  0.1200000000E+02  -.7568501886E+04  0.1715377731E+04
L1 0.2957235507E+03  0.2957235507E+03  -.9283879618E+10  0.1000000000E+01
L2 0.1000000000E+01  0.3374307341E+02  0.3374307341E+02  0.3374307341E+02
L3 0.2957572150E+05  -.1813156909E+03  -.2266325015E+03  0.1552321362E+03
L4 -.8423868539E+02  0.2944524483E+03  0.2867380424E+03  0.2736046696E+03
L5 0.8547951603E+03  0.3330471171E+03  0.3349788001E+03  0.2405621191E+03
L6 0.9085880362E+03  -.9283879618E+04  0.1376079705E+04  -.1073445579E+05
L7 0.0000000000E+00  0.2685014570E+01  0.1047289370E+02  0.1000199960E+02
L8 0.3899148391E+01  0.4461122794E+02  0.2826185460E+01  0.0000000000E+00
L9 0.0000000000E+00  0.0000000000E+00  0.0000000000E+00  0.9832112622E+00  0.0000000000E+00
L0     7000  0.1400000000E+02  -.7578016525E+04  0.1748020888E+04
L1 0.3013510869E+03  0.3013510869E+03  -.9326037413E+10  0.1000000000E+01
L2 0.1000000000E+01  0.3368848509E+02  0.3368848509E+02  0.3368848509E+02
L3 0.2943322472E+05  -.7024397785E+03  0.4251994247E+03  -.9018454775E+03
L4 -.3930286104E+03  0.2741642436E+03  0.2931865166E+03  0.2922418855E+03
L5 0.8595926457E+03  0.4229644465E+03  0.2031150790E+03  0.4832828746E+03
L6 0.1109362400E+04  -.9326037413E+04  0.1340283379E+04  -.1074376874E+05
L7 0.0000000000E+00  0.2778593391E+01  0.1068793985E+02  0.1206892196E+02
L8 0.2819721548E+01  0.4457731738E+02  0.4515455711E+01  0.0000000000E+00
L9 0.0000000000E+00  0.0000000000E+00  0.0000000000E+00  0.9879713401E+00  0.0000000000E+00
L0     8000  0.1600000000E+02  -.7446982151E+04  0.1703026126E+04
L1 0.2935941884E+03  0.2935941884E+03  -.9150008277E+10  0.1000000000E+01
L2 0.1000000000E+01  0.3371765413E+02  0.3371765413E+02  0.3371765413E+02
L3 0.2950906954E+05  -.1571441824E+03  0.4299351327E+02  -.2952915421E+03
L4 -.1364807371E+03  0.2978513000E+03  0.2893787098E+03  0.2709705960E+03
L5 0.8582006059E+03  0.3312254647E+03  0.2802477795E+03  0.3336843942E+03
L6 0.9451576383E+03  -.9150008277E+04  0.1329208631E+04  -.1055546189E+05
L7 0.0000000000E+00  0.2930049998E+01  0.1160837695E+02  0.1135910402E+02
L8 0.3118801417E+01  0.4404985297E+02  0.3178796699E+01  0.0000000000E+00
L9 0.0000000000E+00  0.0000000000E+00  0.0000000000E+00  0.9854320356E+00  0.0000000000E+00
L0     9000  0.1800000000E+02  -.7538866298E+04  0.1714686408E+04
L1 0.2956043696E+03  0.2956043696E+03  -.9253552706E+10  0.1000000000E+01
L2 0.1000000000E+01  0.3371614916E+02  0.3371614916E+02  0.3371614916E+02
L3 0.2950382512E+05  0.1646901495E+03  0.1131183663E+04  -.2311638761E+03
L4 0.3549033121E+03  0.3056938001E+03  0.2845775689E+03  0.2836245067E+03
L5 0.8738958757E+03  0.2707232447E+03  0.4438031967E+02  0.3327101936E+03
L6 0.6478137581E+03  -.9253552706E+04  0.1425449620E+04  -.1075107643E+05
L7 0.0000000000E+00  0.3571121330E+01  0.8732493829E+01  0.1064801914E+02
L8 0.2616913144E+01  0.4415866121E+02  0.2346891670E+01  0.0000000000E+00
L9 0.0000000000E+00  0.0000000000E+00  0.0000000000E+00  0.9856072000E+00  0.0000000000E+00
L0    10000  0.2000000000E+02  -.7462847059E+04  0.1675211707E+04
L1 0.2887991054E+03  0.2887991054E+03  -.9138058766E+10  0.1000000000E+01
L2 0.1000000000E+01  0.3365678378E+02  0.3365678378E+02  0.3365678378E+02
L3 0.2934948176E+05  0.1431330895E+03  0.3086551713E+02  -.5166601428E+03
L4 -.1142205120E+03  0.2968394237E+03  0.2769838534E+03  0.3022788645E+03
L5 0.8761021416E+03  0.2666053225E+03  0.2704641090E+03  0.4114133428E+03
L6 0.9484827742E+03  -.9138058766E+04  0.1298545668E+04  -.1052009571E+05
L7 0.0000000000E+00  0.5562321261E+01  0.1540947160E+02  0.1055717348E+02
L8 0.2911237637E+01  0.4600030346E+02  0.3050767903E+01  0.0000000000E+00
L9 0.0000000000E+00  0.0000000000E+00  0.0000000000E+00  0.9907903214E+00  0.0000000000E+00
