L0  Nsteps           time(ps)         Etot             EKinetic        
L1  Temp             T_solute         T_solv           Pres_scal_solu  
L2  Pres_scal_solv   BoxX             BoxY             BoxZ            
L3  volume           pres_X           pres_Y           pres_Z          
L4  Pressure         EKCoM_x          EKCoM_y          EKCoM_z         
L5  EKComTot         VIRIAL_x         VIRIAL_y         VIRIAL_z        
L6  VIRIAL_tot       E_pot            E_vdw            E_el            
L7  E_hbon           E_bon            E_angle          E_dih           
L8  E_14vdw          E_14el           E_const          E_pol           
L9  AV_permMoment    AV_indMoment     AV_totMoment     Density          dV/dlambda      
L0     1000  0.2000000000E+01  -.7408785176E+04  0.1735850848E+04
L1 0.2998694068E+03  0.2998694068E+03  -.9144636024E+10  0.1000000000E+01
L2 0.1000000000E+01  0.3464426832E+02  0.3464426832E+02  0.3464426832E+02
L3 0.3201186080E+05  -.1090988868E+04  -.9808396112E+03  -.9145563324E+03
L4 -.9954616038E+03  0.3042303931E+03  0.2698713005E+03  0.2855913701E+03
L5 0.8596930637E+03  0.5555855611E+03  0.4958489548E+03  0.4962978836E+03
L6 0.1547732400E+04  -.9144636024E+04  0.1339558651E+04  -.1056263296E+05
L7 0.0000000000E+00  0.5113196590E+01  0.7189367967E+01  0.1588931511E+02
L8 0.2673700113E+01  0.4483295880E+02  0.2739749170E+01  0.0000000000E+00
L9 0.0000000000E+00  0.0000000000E+00  0.0000000000E+00  0.9065186527E+00  0.0000000000E+00
L0     2000  0.4000000000E+01  -.7447301704E+04  0.1721596739E+04
L1 0.2974069998E+03  0.2974069998E+03  -.9168898443E+10  0.1000000000E+01
L2 0.1000000000E+01  0.3402757232E+02  0.3402757232E+02  0.3402757232E+02
L3 0.3033077467E+05  -.7475393981E+03  0.1093174651E+03  -.3244567369E+03
L4 -.3208928900E+03  0.2821143900E+03  0.2904544907E+03  0.2821901887E+03
L5 0.8547590693E+03  0.4452971105E+03  0.2665912382E+03  0.3530168677E+03
L6 0.1064905216E+04  -.9168898443E+04  0.1355062211E+04  -.1060532036E+05
L7 0.0000000000E+00  0.2704782106E+01  0.1367966971E+02  0.1429639388E+02
L8 0.2360365845E+01  0.4466041295E+02  0.3658086253E+01  0.0000000000E+00
L9 0.0000000000E+00  0.0000000000E+00  0.0000000000E+00  0.9567625370E+00  0.0000000000E+00
L0     3000  0.6000000000E+01  -.7447268383E+04  0.1718840264E+04
L1 0.2969308170E+03  0.2969308170E+03  -.9166108648E+10  0.1000000000E+01
L2 0.1000000000E+01  0.3386150237E+02  0.3386150237E+02  0.3386150237E+02
L3 0.2988881236E+05  -.6089061035E+03  -.2773347836E+03  -.2874828188E+02
L4 -.3049963897E+03  0.2983059826E+03  0.2750190116E+03  0.2794172621E+03
L5 0.8527422563E+03  0.4292891735E+03  0.3346771340E+03  0.2856013711E+03
L6 0.1049567679E+04  -.9166108648E+04  0.1335200421E+04  -.1058211804E+05
L7 0.0000000000E+00  0.4748425136E+01  0.1371465770E+02  0.1328334873E+02
L8 0.2687645397E+01  0.4288859350E+02  0.3486302711E+01  0.0000000000E+00
L9 0.0000000000E+00  0.0000000000E+00  0.0000000000E+00  0.9709100707E+00  0.0000000000E+00
L0     4000  0.8000000000E+01  -.7491050085E+04  0.1720136476E+04
L1 0.2971547384E+03  0.2971547384E+03  -.9211186561E+10  0.1000000000E+01
L2 0.1000000000E+01  0.3378834152E+02  0.3378834152E+02  0.3378834152E+02
L3 0.2969488849E+05  -.2502056089E+03  0.2620329599E+03  -.2363110279E+03
L4 -.7482789229E+02  0.2710252605E+03  0.3091452559E+03  0.2871949309E+03
L5 0.8673654473E+03  0.3244983553E+03  0.2531444597E+03  0.3376985229E+03
L6 0.9153413379E+03  -.9211186561E+04  0.1364337013E+04  -.1065140378E+05
L7 0.0000000000E+00  0.1986026287E+01  0.1267562210E+02  0.9688942086E+01
L8 0.3729258115E+01  0.4608962065E+02  0.1710731954E+01  0.0000000000E+00
L9 0.0000000000E+00  0.0000000000E+00  0.0000000000E+00  0.9772506449E+00  0.0000000000E+00
L0     5000  0.1000000000E+02  -.7486713102E+04  0.1769654574E+04
L1 0.3057090233E+03  0.3057090233E+03  -.9256367675E+10  0.1000000000E+01
L2 0.1000000000E+01  0.3375446818E+02  0.3375446818E+02  0.3375446818E+02
L3 0.2960701937E+05  -.7030834166E+03  -.3345486261E+03  -.7205486565E+03
L4 -.5860602331E+03  0.2872444339E+03  0.2920607432E+03  0.2968544538E+03
L5 0.8761596309E+03  0.4370604080E+03  0.3633477727E+03  0.4503919947E+03
L6 0.1250800175E+04  -.9256367675E+04  0.1323174744E+04  -.1065439200E+05
L7 0.0000000000E+00  0.5741349265E+01  0.1069369340E+02  0.1060477940E+02
L8 0.2975224478E+01  0.4263652088E+02  0.2198014870E+01  0.0000000000E+00
L9 0.0000000000E+00  0.0000000000E+00  0.0000000000E+00  0.9801509759E+00  0.0000000000E+00
L0     6000  0.1200000000E+02  -.7598563562E+04  0.1670217701E+04
L1 0.2885312363E+03  0.2885312363E+03  -.9268781262E+10  0.1000000000E+01
L2 0.1000000000E+01  0.3366910947E+02  0.3366910947E+02  0.3366910947E+02
L3 0.2938221960E+05  -.6323359661E+03  -.3817344910E+03  0.1206496795E+03
L4 -.2978069259E+03  0.2990069124E+03  0.2804396260E+03  0.2563597525E+03
L5 0.8358062910E+03  0.4327246638E+03  0.3611636090E+03  0.2308464104E+03
L6 0.1024734683E+04  -.9268781262E+04  0.1349100579E+04  -.1069373532E+05
L7 0.0000000000E+00  0.3486602161E+01  0.9169198531E+01  0.1082782366E+02
L8 0.3328036625E+01  0.4640066961E+02  0.2641144349E+01  0.0000000000E+00
L9 0.0000000000E+00  0.0000000000E+00  0.0000000000E+00  0.9876499910E+00  0.0000000000E+00
L0     7000  0.1400000000E+02  -.7516025069E+04  0.1726611601E+04
L1 0.2982733207E+03  0.2982733207E+03  -.9242636671E+10  0.1000000000E+01
L2 0.1000000000E+01  0.3371903103E+02  0.3371903103E+02  0.3371903103E+02
L3 0.2951207791E+05  0.6435492713E+03  -.4782856264E+03  0.1168790799E+03
L4 0.9404757494E+02  0.2714903462E+03  0.3079465722E+03  0.2731987202E+03
L5 0.8526356386E+03  0.1347998967E+03  0.4095348735E+03  0.2483734975E+03
L6 0.7927082677E+03  -.9242636671E+04  0.1385052588E+04  -.1070522808E+05
L7 0.0000000000E+00  0.1484022499E+01  0.1070992592E+02  0.1121523155E+02
L8 0.3002985048E+01  0.4478854197E+02  0.6338118808E+01  0.0000000000E+00
L9 0.0000000000E+00  0.0000000000E+00  0.0000000000E+00  0.9833041580E+00  0.0000000000E+00
L0     8000  0.1600000000E+02  -.7471542545E+04  0.1723782949E+04
L1 0.2977846691E+03  0.2977846691E+03  -.9195325494E+10  0.1000000000E+01
L2 0.1000000000E+01  0.3366637338E+02  0.3366637338E+02  0.3366637338E+02
L3 0.2937498677E+05  -.6251648338E+03  -.3073206657E+03  0.1194843124E+03
L4 -.2710003957E+03  0.2775971087E+03  0.3100584931E+03  0.2938090255E+03
L5 0.8814646274E+03  0.4097658641E+03  0.3750304616E+03  0.2685483391E+03
L6 0.1053344665E+04  -.9195325494E+04  0.1311102494E+04  -.1057890007E+05
L7 0.0000000000E+00  0.2673425789E+01  0.8340921574E+01  0.8306374481E+01
L8 0.3781432818E+01  0.4596633389E+02  0.3403595559E+01  0.0000000000E+00
L9 0.0000000000E+00  0.0000000000E+00  0.0000000000E+00  0.9878931742E+00  0.0000000000E+00
L0     9000  0.1800000000E+02  -.7476674842E+04  0.1747298750E+04
L1 0.3018470396E+03  0.3018470396E+03  -.9223973592E+10  0.1000000000E+01
L2 0.1000000000E+01  0.3375418415E+02  0.3375418415E+02  0.3375418415E+02
L3 0.2960558548E+05  -.4211428813E+02  -.5058957551E+02  -.8856519099E+03
L4 -.3261185912E+03  0.2817186382E+03  0.2970040569E+03  0.2912640844E+03
L5 0.8699867796E+03  0.2906920934E+03  0.3077833746E+03  0.4799733818E+03
L6 0.1078448850E+04  -.9223973592E+04  0.1335598701E+04  -.1063972696E+05
L7 0.0000000000E+00  0.2959092495E+01  0.1590320669E+02  0.9109264610E+01
L8 0.3489613415E+01  0.4414618464E+02  0.4547307178E+01  0.0000000000E+00
L9 0.0000000000E+00  0.0000000000E+00  0.0000000000E+00  0.9801984475E+00  0.0000000000E+00
L0    10000  0.2000000000E+02  -.7558987951E+04  0.1739590184E+04
L1 0.3005153796E+03  0.3005153796E+03  -.9298578134E+10  0.1000000000E+01
L2 0.1000000000E+01  0.3363250007E+02  0.3363250007E+02  0.3363250007E+02
L3 0.2928637254E+05  -.3731898805E+03  -.5657912755E+03  0.1682235961E+03
L4 -.2569191866E+03  0.2792860809E+03  0.2817436146E+03  0.3050050474E+03
L5 0.8660347429E+03  0.3579457331E+03  0.4009991122E+03  0.2695474688E+03
L6 0.1028492314E+04  -.9298578134E+04  0.1355580662E+04  -.1072659227E+05
L7 0.0000000000E+00  0.1030625940E+01  0.6837451824E+01  0.1104876084E+02
L8 0.3583447819E+01  0.4794178430E+02  0.1991405696E+01  0.0000000000E+00
L9 0.0000000000E+00  0.0000000000E+00  0.0000000000E+00  0.9908823252E+00  0.0000000000E+00
