L0  Nsteps           time(ps)         Etot             EKinetic        
L1  Temp             T_solute         T_solv           Pres_scal_solu  
L2  Pres_scal_solv   BoxX             BoxY             BoxZ            
L3  volume           pres_X           pres_Y           pres_Z          
L4  Pressure         EKCoM_x          EKCoM_y          EKCoM_z         
L5  EKComTot         VIRIAL_x         VIRIAL_y         VIRIAL_z        
L6  VIRIAL_tot       E_pot            E_vdw            E_el            
L7  E_hbon           E_bon            E_angle          E_dih           
L8  E_14vdw          E_14el           E_const          E_pol           
L9  AV_permMoment    AV_indMoment     AV_totMoment     Density          dV/dlambda      
L0     1000  0.2000000000E+01  -.7533484016E+04  0.1727160790E+04
L1 0.2902961080E+03  0.2902961080E+03  -.9260644806E+10  0.1000000000E+01
L2 0.1000000000E+01  0.3497422185E+02  0.3497422185E+02  0.3497422185E+02
L3 0.3293274271E+05  0.4354387659E+03  -.2727221649E+03  -.5921545594E+03
L4 -.1431459862E+03  0.2759689508E+03  0.2929219313E+03  0.2902608621E+03
L5 0.8591517442E+03  0.1727613763E+03  0.3575624625E+03  0.4306131702E+03
L6 0.9609370090E+03  -.9260644806E+04  0.1439142637E+04  -.1077426119E+05
L7 0.0000000000E+00  0.4339941607E+01  0.9862121601E+01  0.1041490151E+02
L8 0.2318216583E+01  0.4370350112E+02  0.3835068631E+01  0.0000000000E+00
L9 0.0000000000E+00  0.0000000000E+00  0.0000000000E+00  0.9056974707E+00  0.0000000000E+00
L0     2000  0.4000000000E+01  -.7648039648E+04  0.1775982958E+04
L1 0.2985019944E+03  0.2985019944E+03  -.9424022605E+10  0.1000000000E+01
L2 0.1000000000E+01  0.3439676399E+02  0.3439676399E+02  0.3439676399E+02
L3 0.3132888949E+05  -.2109864308E+03  -.5565406013E+03  -.3217995445E+03
L4 -.3631088588E+03  0.2869708935E+03  0.3040079147E+03  0.2842708502E+03
L5 0.8752496584E+03  0.3345434079E+03  0.4294948271E+03  0.3568291346E+03
L6 0.1120867370E+04  -.9424022605E+04  0.1388259478E+04  -.1088299605E+05
L7 0.0000000000E+00  0.1919024989E+01  0.4136641650E+01  0.1152605082E+02
L8 0.3294914685E+01  0.4774603359E+02  0.2091301596E+01  0.0000000000E+00
L9 0.0000000000E+00  0.0000000000E+00  0.0000000000E+00  0.9520638065E+00  0.0000000000E+00
L0     3000  0.6000000000E+01  -.7569520045E+04  0.1815153247E+04
L1 0.3050856215E+03  0.3050856215E+03  -.9384673292E+10  0.1000000000E+01
L2 0.1000000000E+01  0.3412378098E+02  0.3412378098E+02  0.3412378098E+02
L3 0.3058950939E+05  -.6509356834E+03  -.9021320786E+03  -.2202735165E+03
L4 -.5911137595E+03  0.3158843574E+03  0.2864866953E+03  0.3090630066E+03
L5 0.9114340593E+03  0.4591912805E+03  0.4850958292E+03  0.3575573827E+03
L6 0.1301844492E+04  -.9384673292E+04  0.1315699764E+04  -.1078238021E+05
L7 0.0000000000E+00  0.3113338146E+01  0.8427187003E+01  0.1566397212E+02
L8 0.3627055931E+01  0.4717050149E+02  0.4005103519E+01  0.0000000000E+00
L9 0.0000000000E+00  0.0000000000E+00  0.0000000000E+00  0.9750761739E+00  0.0000000000E+00
L0     4000  0.8000000000E+01  -.7646101086E+04  0.1776721308E+04
L1 0.2986260942E+03  0.2986260942E+03  -.9422822394E+10  0.1000000000E+01
L2 0.1000000000E+01  0.3400347742E+02  0.3400347742E+02  0.3400347742E+02
L3 0.3026712523E+05  -.1000951911E+04  -.5893022616E+03  -.1908406696E+03
L4 -.5936982809E+03  0.3133714158E+03  0.2996053174E+03  0.2920782793E+03
L5 0.9050550125E+03  0.5314138224E+03  0.4279760032E+03  0.3336500655E+03
L6 0.1293039891E+04  -.9422822394E+04  0.1309153832E+04  -.1081243434E+05
L7 0.0000000000E+00  0.4066895966E+01  0.9804160438E+01  0.1006406315E+02
L8 0.4262868032E+01  0.4726010752E+02  0.5000023851E+01  0.0000000000E+00
L9 0.0000000000E+00  0.0000000000E+00  0.0000000000E+00  0.9854620006E+00  0.0000000000E+00
L0     5000  0.1000000000E+02  -.7843702334E+04  0.1705658667E+04
L1 0.2866820945E+03  0.2866820945E+03  -.9549361001E+10  0.1000000000E+01
L2 0.1000000000E+01  0.3397548872E+02  0.3397548872E+02  0.3397548872E+02
L3 0.3019185247E+05  -.2938889377E+03  -.9399941906E+03  0.1149743588E+03
L4 -.3729695898E+03  0.2703229513E+03  0.2987866182E+03  0.2831423950E+03
L5 0.8522519646E+03  0.3341830492E+03  0.5030410603E+03  0.2581592369E+03
L6 0.1095383346E+04  -.9549361001E+04  0.1380569222E+04  -.1100353525E+05
L7 0.0000000000E+00  0.4159744705E+01  0.6536203451E+01  0.1023614043E+02
L8 0.3431701408E+01  0.4696369738E+02  0.2277538089E+01  0.0000000000E+00
L9 0.0000000000E+00  0.0000000000E+00  0.0000000000E+00  0.9879189034E+00  0.0000000000E+00
L0     6000  0.1200000000E+02  -.7800237214E+04  0.1772853513E+04
L1 0.2979760066E+03  0.2979760066E+03  -.9573090727E+10  0.1000000000E+01
L2 0.1000000000E+01  0.3394743591E+02  0.3394743591E+02  0.3394743591E+02
L3 0.3011498106E+05  -.1410427558E+03  0.5479053545E+03  0.8717995385E+03
L4 0.4262207124E+03  0.3014638458E+03  0.2982701495E+03  0.2856787792E+03
L5 0.8854127745E+03  0.3320334601E+03  0.1795171141E+03  0.9672490141E+02
L6 0.6082754757E+03  -.9573090727E+04  0.1475383190E+04  -.1113065205E+05
L7 0.0000000000E+00  0.4955513949E+01  0.1042022375E+02  0.1203352852E+02
L8 0.4092862122E+01  0.4899863811E+02  0.1677368910E+01  0.0000000000E+00
L9 0.0000000000E+00  0.0000000000E+00  0.0000000000E+00  0.9904406622E+00  0.0000000000E+00
L0     7000  0.1400000000E+02  -.7734677625E+04  0.1803779385E+04
L1 0.3031739363E+03  0.3031739363E+03  -.9538457011E+10  0.1000000000E+01
L2 0.1000000000E+01  0.3398025470E+02  0.3398025470E+02  0.3398025470E+02
L3 0.3020405746E+05  0.5705511755E+02  0.1381130183E+03  -.7545978634E+03
L4 -.1864765759E+03  0.3385690260E+03  0.2866834702E+03  0.3091560675E+03
L5 0.9344085637E+03  0.3261663193E+03  0.2566603045E+03  0.4731914135E+03
L6 0.1056018037E+04  -.9538457011E+04  0.1385733638E+04  -.1100172070E+05
L7 0.0000000000E+00  0.2307660591E+01  0.8576141608E+01  0.1044833567E+02
L8 0.4798050604E+01  0.4893903250E+02  0.2460834442E+01  0.0000000000E+00
L9 0.0000000000E+00  0.0000000000E+00  0.0000000000E+00  0.9875197005E+00  0.0000000000E+00
L0     8000  0.1600000000E+02  -.7716096859E+04  0.1753848462E+04
L1 0.2947816935E+03  0.2947816935E+03  -.9469945322E+10  0.1000000000E+01
L2 0.1000000000E+01  0.3399688009E+02  0.3399688009E+02  0.3399688009E+02
L3 0.3024910137E+05  -.3711164137E+03  -.5190909135E+03  -.4349912650E+03
L4 -.4417328640E+03  0.3018784766E+03  0.2636016152E+03  0.2823511127E+03
L5 0.8478312045E+03  0.3826724970E+03  0.3766104726E+03  0.3770510286E+03
L6 0.1136333998E+04  -.9469945322E+04  0.1360947745E+04  -.1090804514E+05
L7 0.0000000000E+00  0.4633304641E+01  0.9281412845E+01  0.1020547867E+02
L8 0.3242095626E+01  0.4525613740E+02  0.4533647097E+01  0.0000000000E+00
L9 0.0000000000E+00  0.0000000000E+00  0.0000000000E+00  0.9860491860E+00  0.0000000000E+00
L0     9000  0.1800000000E+02  -.7805580100E+04  0.1742891593E+04
L1 0.2929400952E+03  0.2929400952E+03  -.9548471694E+10  0.1000000000E+01
L2 0.1000000000E+01  0.3393608358E+02  0.3393608358E+02  0.3393608358E+02
L3 0.3008823848E+05  -.6238238978E+03  -.1142157363E+04  -.8224781009E+03
L4 -.8628197871E+03  0.2983503522E+03  0.2981119097E+03  0.2951463895E+03
L5 0.8916086515E+03  0.4334379101E+03  0.5454433271E+03  0.4732520352E+03
L6 0.1452133272E+04  -.9548471694E+04  0.1301261548E+04  -.1092256151E+05
L7 0.0000000000E+00  0.1765322214E+01  0.1111452251E+02  0.1042556127E+02
L8 0.3071374324E+01  0.4505737231E+02  0.1394114998E+01  0.0000000000E+00
L9 0.0000000000E+00  0.0000000000E+00  0.0000000000E+00  0.9913209708E+00  0.0000000000E+00
L0    10000  0.2000000000E+02  -.7692078207E+04  0.1745694536E+04
L1 0.2934112056E+03  0.2934112056E+03  -.9437772743E+10  0.1000000000E+01
L2 0.1000000000E+01  0.3390689689E+02  0.3390689689E+02  0.3390689689E+02
L3 0.3000849022E+05  -.1497314505E+03  -.1919211187E+03  0.1995495322E+03
L4 -.4736767899E+02  0.2647883413E+03  0.2988691368E+03  0.2914718834E+03
L5 0.8551293615E+03  0.2971263861E+03  0.3403190373E+03  0.2483744467E+03
L6 0.8858198701E+03  -.9437772743E+04  0.1377213138E+04  -.1089353687E+05
L7 0.0000000000E+00  0.2919275981E+01  0.1051416647E+02  0.1336615432E+02
L8 0.3677912407E+01  0.4655450704E+02  0.1518975655E+01  0.0000000000E+00
L9 0.0000000000E+00  0.0000000000E+00  0.0000000000E+00  0.9939554292E+00  0.0000000000E+00
