L0  Nsteps           time(ps)         Etot             EKinetic        
L1  Temp             T_solute         T_solv           Pres_scal_solu  
L2  Pres_scal_solv   BoxX             BoxY             BoxZ            
L3  volume           pres_X           pres_Y           pres_Z          
L4  Pressure         EKCoM_x          EKCoM_y          EKCoM_z         
L5  EKComTot         VIRIAL_x         VIRIAL_y         VIRIAL_z        
L6  VIRIAL_tot       E_pot            E_vdw            E_el            
L7  E_hbon           E_bon            E_angle          E_dih           
L8  E_14vdw          E_14el           E_const          E_pol           
L9  AV_permMoment    AV_indMoment     AV_totMoment     Density          dV/dlambda      
L0     1000  0.2000000000E+01  -.7107426283E+04  0.1622669619E+04
L1 0.2945758357E+03  0.2945758357E+03  -.8730095902E+10  0.1000000000E+01
L2 0.1000000000E+01  0.3418179742E+02  0.3418179742E+02  0.3418179742E+02
L3 0.3074640664E+05  -.1467365848E+04  -.2612590218E+03  -.7110345759E+03
L4 -.8132198151E+03  0.2608649245E+03  0.2918324014E+03  0.2583730569E+03
L5 0.8110703828E+03  0.5855702065E+03  0.3496449671E+03  0.4157139702E+03
L6 0.1350929144E+04  -.8730095902E+04  0.1298662874E+04  -.1010479748E+05
L7 0.0000000000E+00  0.3146020210E+01  0.6077125405E+01  0.1186527804E+02
L8 0.2025052097E+01  0.4789053425E+02  0.5034697803E+01  0.0000000000E+00
L9 0.0000000000E+00  0.0000000000E+00  0.0000000000E+00  0.8980971646E+00  0.0000000000E+00
L0     2000  0.4000000000E+01  -.7069703070E+04  0.1632653876E+04
L1 0.2963883555E+03  0.2963883555E+03  -.8702356946E+10  0.1000000000E+01
L2 0.1000000000E+01  0.3365318196E+02  0.3365318196E+02  0.3365318196E+02
L3 0.2934157560E+05  -.6059956161E+03  -.8013454542E+03  -.6723265791E+03
L4 -.6932225498E+03  0.2813937178E+03  0.2676648396E+03  0.2670408146E+03
L5 0.8160993721E+03  0.4093641078E+03  0.4368879951E+03  0.4090185654E+03
L6 0.1255270668E+04  -.8702356946E+04  0.1253728318E+04  -.1003258680E+05
L7 0.0000000000E+00  0.2231979809E+01  0.7792888437E+01  0.1020083038E+02
L8 0.3457645981E+01  0.4831244940E+02  0.4505738439E+01  0.0000000000E+00
L9 0.0000000000E+00  0.0000000000E+00  0.0000000000E+00  0.9410967221E+00  0.0000000000E+00
L0     3000  0.6000000000E+01  -.7010831619E+04  0.1685520553E+04
L1 0.3059856544E+03  0.3059856544E+03  -.8696352172E+10  0.1000000000E+01
L2 0.1000000000E+01  0.3328266117E+02  0.3328266117E+02  0.3328266117E+02
L3 0.2838221105E+05  0.7857584711E+03  -.7581621978E+03  -.1105528281E+04
L4 -.3593106693E+03  0.2949194483E+03  0.2712309980E+03  0.2809609254E+03
L5 0.8471113717E+03  0.1344132246E+03  0.4261001541E+03  0.5067862599E+03
L6 0.1067299639E+04  -.8696352172E+04  0.1247232707E+04  -.1001958377E+05
L7 0.0000000000E+00  0.1103771623E+01  0.1076362153E+02  0.1315417054E+02
L8 0.3290392405E+01  0.4427107406E+02  0.3415858896E+01  0.0000000000E+00
L9 0.0000000000E+00  0.0000000000E+00  0.0000000000E+00  0.9729073107E+00  0.0000000000E+00
L0     4000  0.8000000000E+01  -.7111138844E+04  0.1725205762E+04
L1 0.3131900190E+03  0.3131900190E+03  -.8836344606E+10  0.1000000000E+01
L2 0.1000000000E+01  0.3307816337E+02  0.3307816337E+02  0.3307816337E+02
L3 0.2786118515E+05  -.1088861663E+03  0.3910672535E+03  -.6910076979E+02
L4 0.7102677246E+02  0.2904007182E+03  0.2900417873E+03  0.2820171934E+03
L5 0.8624596990E+03  0.3122344954E+03  0.2116252578E+03  0.2958732310E+03
L6 0.8197329842E+03  -.8836344606E+04  0.1312827589E+04  -.1022377283E+05
L7 0.0000000000E+00  0.4062619253E+01  0.6564889831E+01  0.1113425365E+02
L8 0.2827539134E+01  0.4542937912E+02  0.4581957634E+01  0.0000000000E+00
L9 0.0000000000E+00  0.0000000000E+00  0.0000000000E+00  0.9911014364E+00  0.0000000000E+00
L0     5000  0.1000000000E+02  -.7175544165E+04  0.1625861721E+04
L1 0.2951553227E+03  0.2951553227E+03  -.8801405886E+10  0.1000000000E+01
L2 0.1000000000E+01  0.3313239246E+02  0.3313239246E+02  0.3313239246E+02
L3 0.2799972983E+05  -.6560218086E+03  -.1115140655E+04  0.4333457070E+03
L4 -.4459389188E+03  0.2506750559E+03  0.2696854290E+03  0.2781122467E+03
L5 0.7984727317E+03  0.3828742166E+03  0.4944045721E+03  0.1907859749E+03
L6 0.1068064764E+04  -.8801405886E+04  0.1270618588E+04  -.1014730861E+05
L7 0.0000000000E+00  0.1960630916E+01  0.7491303716E+01  0.1087084493E+02
L8 0.3087352707E+01  0.4886606742E+02  0.3007938088E+01  0.0000000000E+00
L9 0.0000000000E+00  0.0000000000E+00  0.0000000000E+00  0.9861973952E+00  0.0000000000E+00
L0     6000  0.1200000000E+02  -.7088830515E+04  0.1655536068E+04
L1 0.3005423376E+03  0.3005423376E+03  -.8744366582E+10  0.1000000000E+01
L2 0.1000000000E+01  0.3311024919E+02  0.3311024919E+02  0.3311024919E+02
L3 0.2794386911E+05  -.1101858493E+04  0.2614618406E+03  -.7870966034E+03
L4 -.5424977518E+03  0.2773486893E+03  0.2650994655E+03  0.2723163636E+03
L5 0.8147645184E+03  0.4989482738E+03  0.2125157303E+03  0.4306128068E+03
L6 0.1142076811E+04  -.8744366582E+04  0.1225057868E+04  -.1004582857E+05
L7 0.0000000000E+00  0.2306527472E+01  0.7958750965E+01  0.1497826015E+02
L8 0.3575664779E+01  0.4415939653E+02  0.3425516713E+01  0.0000000000E+00
L9 0.0000000000E+00  0.0000000000E+00  0.0000000000E+00  0.9881688365E+00  0.0000000000E+00
L0     7000  0.1400000000E+02  -.7116960730E+04  0.1662856938E+04
L1 0.3018713522E+03  0.3018713522E+03  -.8779817669E+10  0.1000000000E+01
L2 0.1000000000E+01  0.3306973944E+02  0.3306973944E+02  0.3306973944E+02
L3 0.2783971532E+05  -.2440669203E+03  0.5298178615E+03  0.1559445340E+03
L4 0.1472318251E+03  0.2928340915E+03  0.2665352928E+03  0.2732922539E+03
L5 0.8326616382E+03  0.3417365047E+03  0.1603784569E+03  0.2420464627E+03
L6 0.7441614243E+03  -.8779817669E+04  0.1305244625E+04  -.1016823053E+05
L7 0.0000000000E+00  0.4436767707E+01  0.1365348867E+02  0.1274952679E+02
L8 0.4279027066E+01  0.4536386346E+02  0.2685563800E+01  0.0000000000E+00
L9 0.0000000000E+00  0.0000000000E+00  0.0000000000E+00  0.9918657682E+00  0.0000000000E+00
L0     8000  0.1600000000E+02  -.7133692243E+04  0.1615960973E+04
L1 0.2933579630E+03  0.2933579630E+03  -.8749653216E+10  0.1000000000E+01
L2 0.1000000000E+01  0.3314076794E+02  0.3314076794E+02  0.3314076794E+02
L3 0.2802060283E+05  -.5304137175E+03  -.4249054162E+03  0.5723753008E+02
L4 -.2993605345E+03  0.2601900763E+03  0.2681612205E+03  0.2493915399E+03
L5 0.7777428368E+03  0.3671568266E+03  0.3538504666E+03  0.2378486398E+03
L6 0.9588559329E+03  -.8749653216E+04  0.1243403477E+04  -.1006193216E+05
L7 0.0000000000E+00  0.3415790811E+01  0.1132723354E+02  0.1040986935E+02
L8 0.1929913012E+01  0.4027821007E+02  0.1514451807E+01  0.0000000000E+00
L9 0.0000000000E+00  0.0000000000E+00  0.0000000000E+00  0.9854627606E+00  0.0000000000E+00
L0     9000  0.1800000000E+02  -.7200140996E+04  0.1585211556E+04
L1 0.2877757822E+03  0.2877757822E+03  -.8785352552E+10  0.1000000000E+01
L2 0.1000000000E+01  0.3317847303E+02  0.3317847303E+02  0.3317847303E+02
L3 0.2811513625E+05  -.2994959468E+02  0.7543677203E+03  -.1694821005E+03
L4 0.1849786751E+03  0.2458762367E+03  0.2923314968E+03  0.2577507709E+03
L5 0.7959585043E+03  0.2519364474E+03  0.1396874508E+03  0.2920449657E+03
L6 0.6836688638E+03  -.8785352552E+04  0.1340909464E+04  -.1019753073E+05
L7 0.0000000000E+00  0.3286791525E+01  0.7204956758E+01  0.1049712036E+02
L8 0.2187472497E+01  0.4381263539E+02  0.4279734445E+01  0.0000000000E+00
L9 0.0000000000E+00  0.0000000000E+00  0.0000000000E+00  0.9821492730E+00  0.0000000000E+00
L0    10000  0.2000000000E+02  -.7167013839E+04  0.1639712663E+04
L1 0.2976697919E+03  0.2976697919E+03  -.8806726501E+10  0.1000000000E+01
L2 0.1000000000E+01  0.3307270901E+02  0.3307270901E+02  0.3307270901E+02
L3 0.2784722527E+05  -.9135475636E+03  0.4569161108E+03  0.8868631201E+03
L4 0.1434105558E+03  0.2600157782E+03  0.2750185616E+03  0.2788472980E+03
L5 0.8138816378E+03  0.4431079060E+03  0.1834439723E+03  0.1011032349E+03
L6 0.7276551132E+03  -.8806726501E+04  0.1320890129E+04  -.1020115707E+05
L7 0.0000000000E+00  0.4494785009E+01  0.6932083171E+01  0.9999976460E+01
L8 0.3121748557E+01  0.4568576058E+02  0.3306090481E+01  0.0000000000E+00
L9 0.0000000000E+00  0.0000000000E+00  0.0000000000E+00  0.9915982778E+00  0.0000000000E+00
