L0  Nsteps           time(ps)         Etot             EKinetic        
L1  Temp             T_solute         T_solv           Pres_scal_solu  
L2  Pres_scal_solv   BoxX             BoxY             BoxZ            
L3  volume           pres_X           pres_Y           pres_Z          
L4  Pressure         EKCoM_x          EKCoM_y          EKCoM_z         
L5  EKComTot         VIRIAL_x         VIRIAL_y         VIRIAL_z        
L6  VIRIAL_tot       E_pot            E_vdw            E_el            
L7  E_hbon           E_bon            E_angle          E_dih           
L8  E_14vdw          E_14el           E_const          E_pol           
L9  AV_permMoment    AV_indMoment     AV_totMoment     Density          dV/dlambda      
L0     1000  0.2000000000E+01  -.7383280686E+04  0.1686477221E+04
L1 0.2916404299E+03  0.2916404299E+03  -.9069757907E+10  0.1000000000E+01
L2 0.1000000000E+01  0.3464216827E+02  0.3464216827E+02  0.3464216827E+02
L3 0.3200602247E+05  -.1089313468E+04  -.1454596150E+04  -.4243423633E+03
L4 -.9894173269E+03  0.2580745932E+03  0.2774056926E+03  0.2963983912E+03
L5 0.8318786770E+03  0.5089979905E+03  0.6124719692E+03  0.3941456701E+03
L6 0.1515615630E+04  -.9069757907E+04  0.1319156875E+04  -.1046882228E+05
L7 0.0000000000E+00  0.2889426178E+01  0.6985911725E+01  0.1414049954E+02
L8 0.4063911859E+01  0.4881793677E+02  0.3009814850E+01  0.0000000000E+00
L9 0.0000000000E+00  0.0000000000E+00  0.0000000000E+00  0.9057492907E+00  0.0000000000E+00
L0     2000  0.4000000000E+01  -.7440714264E+04  0.1708036562E+04
L1 0.2953686603E+03  0.2953686603E+03  -.9148750827E+10  0.1000000000E+01
L2 0.1000000000E+01  0.3397711363E+02  0.3397711363E+02  0.3397711363E+02
L3 0.3019742721E+05  0.2076206680E+02  -.1323656883E+04  -.1199984958E+04
L4 -.8342932580E+03  0.2920149157E+03  0.2919784550E+03  0.2865227738E+03
L5 0.8705161446E+03  0.2875026246E+03  0.5796533382E+03  0.5473196139E+03
L6 0.1414475577E+04  -.9148750827E+04  0.1272602989E+04  -.1049382410E+05
L7 0.0000000000E+00  0.2704094138E+01  0.5664854330E+01  0.1357886514E+02
L8 0.3131307760E+01  0.4606407827E+02  0.1327085061E+01  0.0000000000E+00
L9 0.0000000000E+00  0.0000000000E+00  0.0000000000E+00  0.9599967559E+00  0.0000000000E+00
L0     3000  0.6000000000E+01  -.7519930048E+04  0.1675929594E+04
L1 0.2898164418E+03  0.2898164418E+03  -.9195859641E+10  0.1000000000E+01
L2 0.1000000000E+01  0.3378869137E+02  0.3378869137E+02  0.3378869137E+02
L3 0.2969714110E+05  -.1601145594E+03  -.9209128978E+03  -.6499201479E+03
L4 -.5769825350E+03  0.2910439056E+03  0.2675988563E+03  0.2689423268E+03
L5 0.8275850888E+03  0.3252656425E+03  0.4644281699E+03  0.4078515949E+03
L6 0.1197545407E+04  -.9195859641E+04  0.1307220021E+04  -.1058124698E+05
L7 0.0000000000E+00  0.3739026022E+01  0.8868452022E+01  0.1368146761E+02
L8 0.3418117336E+01  0.4568685593E+02  0.2773395926E+01  0.0000000000E+00
L9 0.0000000000E+00  0.0000000000E+00  0.0000000000E+00  0.9761691220E+00  0.0000000000E+00
L0     4000  0.8000000000E+01  -.7538777883E+04  0.1688023816E+04
L1 0.2919078808E+03  0.2919078808E+03  -.9226801700E+10  0.1000000000E+01
L2 0.1000000000E+01  0.3376766110E+02  0.3376766110E+02  0.3376766110E+02
L3 0.2963963942E+05  0.8623657496E+03  -.7501001319E+03  0.5227253820E+03
L4 0.2116636665E+03  0.2867335785E+03  0.2685493241E+03  0.2720847744E+03
L5 0.8273676769E+03  0.1027745974E+03  0.4285599182E+03  0.1605775297E+03
L6 0.6919120453E+03  -.9226801700E+04  0.1409767106E+04  -.1071231312E+05
L7 0.0000000000E+00  0.2664158802E+01  0.1105208728E+02  0.1099652042E+02
L8 0.3966996003E+01  0.4375289228E+02  0.3311659339E+01  0.0000000000E+00
L9 0.0000000000E+00  0.0000000000E+00  0.0000000000E+00  0.9780629157E+00  0.0000000000E+00
L0     5000  0.1000000000E+02  -.7547262379E+04  0.1692760345E+04
L1 0.2927269630E+03  0.2927269630E+03  -.9240022725E+10  0.1000000000E+01
L2 0.1000000000E+01  0.3376422765E+02  0.3376422765E+02  0.3376422765E+02
L3 0.2963038512E+05  0.7050359565E+03  -.9422699272E+02  0.2671667677E+03
L4 0.2926585772E+03  0.2774171546E+03  0.3142819686E+03  0.2802573242E+03
L5 0.8719564474E+03  0.1270665626E+03  0.3343760985E+03  0.2232833765E+03
L6 0.6847260376E+03  -.9240022725E+04  0.1425350232E+04  -.1073331170E+05
L7 0.0000000000E+00  0.1387400588E+01  0.9573999806E+01  0.9918213845E+01
L8 0.4444963391E+01  0.4016060292E+02  0.2453562381E+01  0.0000000000E+00
L9 0.0000000000E+00  0.0000000000E+00  0.0000000000E+00  0.9783683889E+00  0.0000000000E+00
L0     6000  0.1200000000E+02  -.7503920537E+04  0.1741426080E+04
L1 0.3011426685E+03  0.3011426685E+03  -.9245346617E+10  0.1000000000E+01
L2 0.1000000000E+01  0.3377091180E+02  0.3377091180E+02  0.3377091180E+02
L3 0.2964925557E+05  0.3502164220E+03  -.1072028423E+04  0.1596252939E+03
L4 -.1873955691E+03  0.2847038089E+03  0.2677135165E+03  0.3016812916E+03
L5 0.8540986170E+03  0.2099717615E+03  0.4964717181E+03  0.2676191395E+03
L6 0.9740626192E+03  -.9245346617E+04  0.1359675848E+04  -.1067206323E+05
L7 0.0000000000E+00  0.2615129848E+01  0.6137946193E+01  0.1010656479E+02
L8 0.3862955804E+01  0.4271142451E+02  0.1606746033E+01  0.0000000000E+00
L9 0.0000000000E+00  0.0000000000E+00  0.0000000000E+00  0.9777457004E+00  0.0000000000E+00
L0     7000  0.1400000000E+02  -.7534238513E+04  0.1754960702E+04
L1 0.3034831940E+03  0.3034831940E+03  -.9289199215E+10  0.1000000000E+01
L2 0.1000000000E+01  0.3369421979E+02  0.3369421979E+02  0.3369421979E+02
L3 0.2944645328E+05  0.9954323543E+02  0.6646660368E+02  0.7164026627E+03
L4 0.2941375006E+03  0.2958610817E+03  0.3048028264E+03  0.3009865921E+03
L5 0.9016505001E+03  0.2747650229E+03  0.2907166520E+03  0.1491603773E+03
L6 0.7146420523E+03  -.9289199215E+04  0.1428183763E+04  -.1079298360E+05
L7 0.0000000000E+00  0.1337313732E+01  0.9417129860E+01  0.1453062639E+02
L8 0.3932357689E+01  0.4278555280E+02  0.3597646129E+01  0.0000000000E+00
L9 0.0000000000E+00  0.0000000000E+00  0.0000000000E+00  0.9844795865E+00  0.0000000000E+00
L0     8000  0.1600000000E+02  -.7554659445E+04  0.1691613922E+04
L1 0.2925287133E+03  0.2925287133E+03  -.9246273367E+10  0.1000000000E+01
L2 0.1000000000E+01  0.3366303820E+02  0.3366303820E+02  0.3366303820E+02
L3 0.2936588817E+05  -.4484934916E+03  -.1398400643E+03  0.1982873046E+03
L4 -.1300154171E+03  0.2682495249E+03  0.2638747660E+03  0.2752417905E+03
L5 0.8073660814E+03  0.3630380718E+03  0.2934297913E+03  0.2333340130E+03
L6 0.8898018761E+03  -.9246273367E+04  0.1374639547E+04  -.1069736759E+05
L7 0.0000000000E+00  0.7136547428E+01  0.9959374626E+01  0.1131190119E+02
L8 0.3380209984E+01  0.4271471211E+02  0.1951930232E+01  0.0000000000E+00
L9 0.0000000000E+00  0.0000000000E+00  0.0000000000E+00  0.9871804994E+00  0.0000000000E+00
L0     9000  0.1800000000E+02  -.7530366096E+04  0.1730819295E+04
L1 0.2993084503E+03  0.2993084503E+03  -.9261185391E+10  0.1000000000E+01
L2 0.1000000000E+01  0.3364504152E+02  0.3364504152E+02  0.3364504152E+02
L3 0.2931767740E+05  0.1137716851E+03  -.2261493314E+03  0.1027621977E+04
L4 0.3050814436E+03  0.2899237110E+03  0.2924289365E+03  0.2844860226E+03
L5 0.8668386700E+03  0.2659176817E+03  0.3401468504E+03  0.6765594485E+02
L6 0.6737204770E+03  -.9261185391E+04  0.1404923574E+04  -.1073543241E+05
L7 0.0000000000E+00  0.3583416507E+01  0.5369933224E+01  0.1002894557E+02
L8 0.3522212362E+01  0.4484517545E+02  0.1973759584E+01  0.0000000000E+00
L9 0.0000000000E+00  0.0000000000E+00  0.0000000000E+00  0.9888038454E+00  0.0000000000E+00
L0    10000  0.2000000000E+02  -.7438968347E+04  0.1741956423E+04
L1 0.3012343802E+03  0.3012343802E+03  -.9180924771E+10  0.1000000000E+01
L2 0.1000000000E+01  0.3370177655E+02  0.3370177655E+02  0.3370177655E+02
L3 0.2946743472E+05  -.3166780409E+01  -.7587952423E+02  -.3679029818E+03
L4 -.1489830955E+03  0.2843508271E+03  0.2967700024E+03  0.3046224053E+03
L5 0.8857432348E+03  0.2850224367E+03  0.3128625021E+03  0.3826471251E+03
L6 0.9805320639E+03  -.9180924771E+04  0.1330293578E+04  -.1058774409E+05
L7 0.0000000000E+00  0.1501453860E+01  0.1009945734E+02  0.1202628975E+02
L8 0.3584422041E+01  0.4722755241E+02  0.2086571031E+01  0.0000000000E+00
L9 0.0000000000E+00  0.0000000000E+00  0.0000000000E+00  0.9837786162E+00  0.0000000000E+00
