L0  Nsteps           time(ps)         Etot             EKinetic        
L1  Temp             T_solute         T_solv           Pres_scal_solu  
L2  Pres_scal_solv   BoxX             BoxY             BoxZ            
L3  volume           pres_X           pres_Y           pres_Z          
L4  Pressure         EKCoM_x          EKCoM_y          EKCoM_z         
L5  EKComTot         VIRIAL_x         VIRIAL_y         VIRIAL_z        
L6  VIRIAL_tot       E_pot            E_vdw            E_el            
L7  E_hbon           E_bon            E_angle          E_dih           
L8  E_14vdw          E_14el           E_const          E_pol           
L9  AV_permMoment    AV_indMoment     AV_totMoment     Density          dV/dlambda      
L0     1000  0.2000000000E+01  -.6991569663E+04  0.1645101501E+04
L1 0.2999465394E+03  0.2999465394E+03  -.8636671163E+10  0.1000000000E+01
L2 0.1000000000E+01  0.3410345824E+02  0.3410345824E+02  0.3410345824E+02
L3 0.3053535014E+05  -.4073963572E+03  -.9033760552E+03  -.9712055730E+03
L4 -.7606593285E+03  0.2761959340E+03  0.2998772559E+03  0.2671760305E+03
L5 0.8432492204E+03  0.3657275917E+03  0.4984081322E+03  0.4806134935E+03
L6 0.1344749217E+04  -.8636671163E+04  0.1278670083E+04  -.9992878463E+04
L7 0.0000000000E+00  0.4163760832E+01  0.8020917215E+01  0.1016792832E+02
L8 0.4221611299E+01  0.4674556387E+02  0.4217434429E+01  0.0000000000E+00
L9 0.0000000000E+00  0.0000000000E+00  0.0000000000E+00  0.9003857301E+00  0.0000000000E+00
L0     2000  0.4000000000E+01  -.7051752052E+04  0.1594774910E+04
L1 0.2907706395E+03  0.2907706395E+03  -.8646526962E+10  0.1000000000E+01
L2 0.1000000000E+01  0.3369071313E+02  0.3369071313E+02  0.3369071313E+02
L3 0.2943972983E+05  -.4123052230E+03  -.3824472570E+03  -.1143903337E+04
L4 -.6462186057E+03  0.2846190893E+03  0.2589053200E+03  0.2627116800E+03
L5 0.8062360893E+03  0.3719784076E+03  0.3399383262E+03  0.5050821623E+03
L6 0.1216998896E+04  -.8646526962E+04  0.1256147396E+04  -.9974434051E+04
L7 0.0000000000E+00  0.3060756289E+01  0.3931137877E+01  0.1082607333E+02
L8 0.4041226620E+01  0.4592865921E+02  0.3971839810E+01  0.0000000000E+00
L9 0.0000000000E+00  0.0000000000E+00  0.0000000000E+00  0.9338942203E+00  0.0000000000E+00
L0     3000  0.6000000000E+01  -.7010039472E+04  0.1701494398E+04
L1 0.3102284912E+03  0.3102284912E+03  -.8711533869E+10  0.1000000000E+01
L2 0.1000000000E+01  0.3330621479E+02  0.3330621479E+02  0.3330621479E+02
L3 0.2844293858E+05  0.1447303485E+03  -.1385659961E+04  -.3430078165E+03
L4 -.5279791430E+03  0.2767615610E+03  0.2621520929E+03  0.2950445559E+03
L5 0.8339582098E+03  0.2471343581E+03  0.5458053087E+03  0.3652603902E+03
L6 0.1158200057E+04  -.8711533869E+04  0.1247548318E+04  -.1003450536E+05
L7 0.0000000000E+00  0.1085686874E+01  0.8935258404E+01  0.1142340624E+02
L8 0.5015331335E+01  0.4623560642E+02  0.2727887221E+01  0.0000000000E+00
L9 0.0000000000E+00  0.0000000000E+00  0.0000000000E+00  0.9666228212E+00  0.0000000000E+00
L0     4000  0.8000000000E+01  -.7183487152E+04  0.1599282282E+04
L1 0.2915924554E+03  0.2915924554E+03  -.8782769433E+10  0.1000000000E+01
L2 0.1000000000E+01  0.3317139615E+02  0.3317139615E+02  0.3317139615E+02
L3 0.2809809677E+05  -.6148251275E+03  0.1723645973E+03  -.1365611412E+03
L4 -.1930072238E+03  0.2582835380E+03  0.2683556536E+03  0.2767946621E+03
L5 0.8034338537E+03  0.3826161600E+03  0.2334993321E+03  0.3044106524E+03
L6 0.9205261445E+03  -.8782769433E+04  0.1312062825E+04  -.1016927149E+05
L7 0.0000000000E+00  0.4204574392E+01  0.5304804713E+01  0.1002248118E+02
L8 0.4261215884E+01  0.4909832230E+02  0.1547838069E+01  0.0000000000E+00
L9 0.0000000000E+00  0.0000000000E+00  0.0000000000E+00  0.9784859723E+00  0.0000000000E+00
L0     5000  0.1000000000E+02  -.7116505965E+04  0.1637558897E+04
L1 0.2985713186E+03  0.2985713186E+03  -.8754064862E+10  0.1000000000E+01
L2 0.1000000000E+01  0.3306311369E+02  0.3306311369E+02  0.3306311369E+02
L3 0.2782348394E+05  0.1491356407E+03  0.1445304441E+03  -.4550446985E+03
L4 -.5379287126E+02  0.2718421061E+03  0.2590217087E+03  0.2691333695E+03
L5 0.7999971843E+03  0.2419779991E+03  0.2300797828E+03  0.3602551398E+03
L6 0.8323129217E+03  -.8754064862E+04  0.1298796736E+04  -.1012315152E+05
L7 0.0000000000E+00  0.2270487980E+01  0.7449320142E+01  0.1043619765E+02
L8 0.2814788142E+01  0.4470177143E+02  0.2617355244E+01  0.0000000000E+00
L9 0.0000000000E+00  0.0000000000E+00  0.0000000000E+00  0.9881434545E+00  0.0000000000E+00
L0     6000  0.1200000000E+02  -.7143330102E+04  0.1612158660E+04
L1 0.2939401678E+03  0.2939401678E+03  -.8755488762E+10  0.1000000000E+01
L2 0.1000000000E+01  0.3300147438E+02  0.3300147438E+02  0.3300147438E+02
L3 0.2766927636E+05  -.2409082570E+03  -.8810152657E+03  -.3957321152E+03
L4 -.5058852126E+03  0.2770919338E+03  0.2521392675E+03  0.2596626651E+03
L5 0.7888938664E+03  0.3250659488E+03  0.4275829825E+03  0.3384680106E+03
L6 0.1091116942E+04  -.8755488762E+04  0.1235898883E+04  -.1007083756E+05
L7 0.0000000000E+00  0.7032688540E+01  0.1141299799E+02  0.1132850084E+02
L8 0.2332267446E+01  0.4431600604E+02  0.3027451768E+01  0.0000000000E+00
L9 0.0000000000E+00  0.0000000000E+00  0.0000000000E+00  0.9936506172E+00  0.0000000000E+00
L0     7000  0.1400000000E+02  -.7154638276E+04  0.1639933953E+04
L1 0.2990043555E+03  0.2990043555E+03  -.8794572228E+10  0.1000000000E+01
L2 0.1000000000E+01  0.3307626906E+02  0.3307626906E+02  0.3307626906E+02
L3 0.2785720733E+05  -.7676836841E+03  0.2862286034E+02  -.2403155360E+02
L4 -.2543641258E+03  0.2826413001E+03  0.2704600454E+03  0.2778082648E+03
L5 0.8309096104E+03  0.4365547125E+03  0.2647214291E+03  0.2826263670E+03
L6 0.9839025087E+03  -.8794572228E+04  0.1284096145E+04  -.1015191452E+05
L7 0.0000000000E+00  0.2388829620E+01  0.1211671733E+02  0.8865523374E+01
L8 0.2852715100E+01  0.4424339379E+02  0.2778965161E+01  0.0000000000E+00
L9 0.0000000000E+00  0.0000000000E+00  0.0000000000E+00  0.9869472273E+00  0.0000000000E+00
L0     8000  0.1600000000E+02  -.7171678562E+04  0.1609820059E+04
L1 0.2935137776E+03  0.2935137776E+03  -.8781498622E+10  0.1000000000E+01
L2 0.1000000000E+01  0.3306266192E+02  0.3306266192E+02  0.3306266192E+02
L3 0.2782147140E+05  0.1915856432E+02  0.2740061481E+03  0.5996179623E+03
L4 0.2975942249E+03  0.2779552005E+03  0.2621733035E+03  0.2671854946E+03
L5 0.8073139986E+03  0.2741190147E+03  0.2073081015E+03  0.1471219089E+03
L6 0.6285490251E+03  -.8781498622E+04  0.1334283042E+04  -.1019216917E+05
L7 0.0000000000E+00  0.2132194334E+01  0.9153425732E+01  0.1175829531E+02
L8 0.2515901414E+01  0.4847087315E+02  0.2356818652E+01  0.0000000000E+00
L9 0.0000000000E+00  0.0000000000E+00  0.0000000000E+00  0.9882149342E+00  0.0000000000E+00
L0     9000  0.1800000000E+02  -.7177174941E+04  0.1612112975E+04
L1 0.2939318382E+03  0.2939318382E+03  -.8789287917E+10  0.1000000000E+01
L2 0.1000000000E+01  0.3311133756E+02  0.3311133756E+02  0.3311133756E+02
L3 0.2794544684E+05  0.2234394125E+03  0.3016014392E+02  -.4634304245E+03
L4 -.6994362272E+02  0.2605412113E+03  0.2431905936E+03  0.2725315256E+03
L5 0.7762633305E+03  0.2156017959E+03  0.2371246126E+03  0.3657393091E+03
L6 0.8184657175E+03  -.8789287917E+04  0.1318351075E+04  -.1018438128E+05
L7 0.0000000000E+00  0.3103278563E+01  0.8426344710E+01  0.1251843076E+02
L8 0.2740312890E+01  0.4689996314E+02  0.3053960487E+01  0.0000000000E+00
L9 0.0000000000E+00  0.0000000000E+00  0.0000000000E+00  0.9838308790E+00  0.0000000000E+00
L0    10000  0.2000000000E+02  -.7249548564E+04  0.1611856336E+04
L1 0.2938850459E+03  0.2938850459E+03  -.8861404899E+10  0.1000000000E+01
L2 0.1000000000E+01  0.3309761947E+02  0.3309761947E+02  0.3309761947E+02
L3 0.2790942906E+05  0.6104060903E+03  0.2219051051E+03  0.5227411281E+03
L4 0.4516841079E+03  0.2443042438E+03  0.2627659706E+03  0.2777324022E+03
L5 0.7848026166E+03  0.1216941033E+03  0.2181926668E+03  0.1727312165E+03
L6 0.5126179865E+03  -.8861404899E+04  0.1402684432E+04  -.1033850041E+05
L7 0.0000000000E+00  0.2934925273E+01  0.8859624460E+01  0.1070377593E+02
L8 0.3757380344E+01  0.4606498499E+02  0.2090391719E+01  0.0000000000E+00
L9 0.0000000000E+00  0.0000000000E+00  0.0000000000E+00  0.9851005362E+00  0.0000000000E+00
