L0  Nsteps           time(ps)         Etot             EKinetic        
L1  Temp             T_solute         T_solv           Pres_scal_solu  
L2  Pres_scal_solv   BoxX             BoxY             BoxZ            
L3  volume           pres_X           pres_Y           pres_Z          
L4  Pressure         EKCoM_x          EKCoM_y          EKCoM_z         
L5  EKComTot         VIRIAL_x         VIRIAL_y         VIRIAL_z        
L6  VIRIAL_tot       E_pot            E_vdw            E_el            
L7  E_hbon           E_bon            E_angle          E_dih           
L8  E_14vdw          E_14el           E_const          E_pol           
L9  AV_permMoment    AV_indMoment     AV_totMoment     Density          dV/dlambda      
L0     1000  0.2000000000E+01  -.8131423748E+04  0.1919530141E+04
L1 0.3017654405E+03  0.3017654405E+03  -.1005095389E+11  0.1000000000E+01
L2 0.1000000000E+01  0.3581679667E+02  0.3581679667E+02  0.3581679667E+02
L3 0.3537335236E+05  -.4834316076E+03  -.1515706846E+04  -.9296785687E+03
L4 -.9762723406E+03  0.3233661931E+03  0.3065639323E+03  0.3227532395E+03
L5 0.9526833648E+03  0.4464406256E+03  0.6924401493E+03  0.5594354516E+03
L6 0.1698316227E+04  -.1005095389E+05  0.1490087159E+04  -.1161249201E+05
L7 0.0000000000E+00  0.2779675412E+01  0.1026309399E+02  0.9168366712E+01
L8 0.2559696744E+01  0.4338905666E+02  0.3291068799E+01  0.0000000000E+00
L9 0.0000000000E+00  0.0000000000E+00  0.0000000000E+00  0.9015645097E+00  0.0000000000E+00
L0     2000  0.4000000000E+01  -.8169966571E+04  0.1889482786E+04
L1 0.2970417568E+03  0.2970417568E+03  -.1005944936E+11  0.1000000000E+01
L2 0.1000000000E+01  0.3516015931E+02  0.3516015931E+02  0.3516015931E+02
L3 0.3346032233E+05  -.1730726932E+03  -.1591736730E+03  0.3753348957E+03
L4 0.1436284318E+02  0.2957441393E+03  0.3224354110E+03  0.3187472636E+03
L5 0.9369268138E+03  0.3374229437E+03  0.3607670984E+03  0.2283603318E+03
L6 0.9265503739E+03  -.1005944936E+05  0.1541292121E+04  -.1167537187E+05
L7 0.0000000000E+00  0.2549768044E+01  0.7364506170E+01  0.1084424713E+02
L8 0.3541308295E+01  0.4658171366E+02  0.3748851585E+01  0.0000000000E+00
L9 0.0000000000E+00  0.0000000000E+00  0.0000000000E+00  0.9531097386E+00  0.0000000000E+00
L0     3000  0.6000000000E+01  -.8137130146E+04  0.1958745802E+04
L1 0.3079304551E+03  0.3079304551E+03  -.1009587595E+11  0.1000000000E+01
L2 0.1000000000E+01  0.3490873951E+02  0.3490873951E+02  0.3490873951E+02
L3 0.3274854194E+05  0.1006081645E+01  -.4273572620E+03  -.4480937253E+03
L4 -.2914816352E+03  0.3256551121E+03  0.3162858418E+03  0.3333517684E+03
L5 0.9752927223E+03  0.3254179847E+03  0.4170113893E+03  0.4389647762E+03
L6 0.1181394150E+04  -.1009587595E+05  0.1470710558E+04  -.1164235171E+05
L7 0.0000000000E+00  0.2624059729E+01  0.8880077644E+01  0.9361154783E+01
L8 0.4599369958E+01  0.4727816974E+02  0.3022374533E+01  0.0000000000E+00
L9 0.0000000000E+00  0.0000000000E+00  0.0000000000E+00  0.9738253122E+00  0.0000000000E+00
L0     4000  0.8000000000E+01  -.8235845695E+04  0.1880362335E+04
L1 0.2956079492E+03  0.2956079492E+03  -.1011620803E+11  0.1000000000E+01
L2 0.1000000000E+01  0.3487726792E+02  0.3487726792E+02  0.3487726792E+02
L3 0.3265957845E+05  0.1519343812E+03  -.1081596142E+04  0.5402917825E+03
L4 -.1297899929E+03  0.2999020810E+03  0.2909014800E+03  0.3180178574E+03
L5 0.9088214184E+03  0.2641893373E+03  0.5451346920E+03  0.1910202564E+03
L6 0.1000344286E+04  -.1011620803E+05  0.1513496015E+04  -.1171031924E+05
L7 0.0000000000E+00  0.4953934174E+01  0.8462616422E+01  0.1317215196E+02
L8 0.3626122005E+01  0.4673119910E+02  0.3669166350E+01  0.0000000000E+00
L9 0.0000000000E+00  0.0000000000E+00  0.0000000000E+00  0.9764779763E+00  0.0000000000E+00
L0     5000  0.1000000000E+02  -.8335261337E+04  0.1955082720E+04
L1 0.3073545894E+03  0.3073545894E+03  -.1029034406E+11  0.1000000000E+01
L2 0.1000000000E+01  0.3484227301E+02  0.3484227301E+02  0.3484227301E+02
L3 0.3256046821E+05  0.3895553093E+02  0.1863272416E+03  0.3145702506E+03
L4 0.1799510077E+03  0.3135771699E+03  0.3163193416E+03  0.3555927335E+03
L5 0.9854892449E+03  0.3044483140E+03  0.2726553358E+03  0.2818762059E+03
L6 0.8589798557E+03  -.1029034406E+05  0.1593974849E+04  -.1196123749E+05
L7 0.0000000000E+00  0.1275268418E+01  0.7213564681E+01  0.1079730187E+02
L8 0.3804478509E+01  0.4933526778E+02  0.4492704188E+01  0.0000000000E+00
L9 0.0000000000E+00  0.0000000000E+00  0.0000000000E+00  0.9794502605E+00  0.0000000000E+00
L0     6000  0.1200000000E+02  -.8262609467E+04  0.1882326148E+04
L1 0.2959166762E+03  0.2959166762E+03  -.1014493561E+11  0.1000000000E+01
L2 0.1000000000E+01  0.3476650149E+02  0.3476650149E+02  0.3476650149E+02
L3 0.3234949130E+05  -.6694163045E+03  0.4767547917E+03  -.2960255422E+03
L4 -.1628956850E+03  0.2915025684E+03  0.3197361991E+03  0.3183210335E+03
L5 0.9295598011E+03  0.4473574185E+03  0.2087371899E+03  0.3872422955E+03
L6 0.1043336904E+04  -.1014493561E+05  0.1486901018E+04  -.1170771444E+05
L7 0.0000000000E+00  0.2510810653E+01  0.9171544118E+01  0.1152466031E+02
L8 0.1995862553E+01  0.4713504451E+02  0.3539887313E+01  0.0000000000E+00
L9 0.0000000000E+00  0.0000000000E+00  0.0000000000E+00  0.9858380392E+00  0.0000000000E+00
L0     7000  0.1400000000E+02  -.8261127827E+04  0.1886935046E+04
L1 0.2966412318E+03  0.2966412318E+03  -.1014806287E+11  0.1000000000E+01
L2 0.1000000000E+01  0.3476742899E+02  0.3476742899E+02  0.3476742899E+02
L3 0.3235116788E+05  -.2712482702E+03  0.2444511904E+03  0.4867907824E+03
L4 0.1533312342E+03  0.2975323773E+03  0.3178264989E+03  0.3322788312E+03
L5 0.9476377075E+03  0.3606882181E+03  0.2609099316E+03  0.2189373485E+03
L6 0.8405354982E+03  -.1014806287E+05  0.1542984552E+04  -.1176548499E+05
L7 0.0000000000E+00  0.4106193657E+01  0.7243699133E+01  0.1126010148E+02
L8 0.3759568381E+01  0.4555167193E+02  0.2516335665E+01  0.0000000000E+00
L9 0.0000000000E+00  0.0000000000E+00  0.0000000000E+00  0.9857869487E+00  0.0000000000E+00
L0     8000  0.1600000000E+02  -.8268052106E+04  0.1912182457E+04
L1 0.3006103259E+03  0.3006103259E+03  -.1018023456E+11  0.1000000000E+01
L2 0.1000000000E+01  0.3476629185E+02  0.3476629185E+02  0.3476629185E+02
L3 0.3234896436E+05  0.4380503628E+03  -.7755987570E+03  -.2117059790E+03
L4 -.1830847911E+03  0.3194352045E+03  0.3042099849E+03  0.3175429940E+03
L5 0.9411881834E+03  0.2174490994E+03  0.4847835057E+03  0.3668320028E+03
L6 0.1069064608E+04  -.1018023456E+05  0.1479905068E+04  -.1173259133E+05
L7 0.0000000000E+00  0.3547731789E+01  0.6955413637E+01  0.9985475457E+01
L8 0.3454534554E+01  0.4629570493E+02  0.2212839384E+01  0.0000000000E+00
L9 0.0000000000E+00  0.0000000000E+00  0.0000000000E+00  0.9858540978E+00  0.0000000000E+00
L0     9000  0.1800000000E+02  -.8203741734E+04  0.1869899421E+04
L1 0.2939630956E+03  0.2939630956E+03  -.1007364115E+11  0.1000000000E+01
L2 0.1000000000E+01  0.3480982249E+02  0.3480982249E+02  0.3480982249E+02
L3 0.3246902319E+05  0.1956825022E+03  0.2580795899E+03  0.6596205755E+03
L4 0.3711275559E+03  0.3003410269E+03  0.3126357709E+03  0.3075980179E+03
L5 0.9205748157E+03  0.2546134913E+03  0.2523271409E+03  0.1534563701E+03
L6 0.6603970022E+03  -.1007364115E+05  0.1533421625E+04  -.1167679276E+05
L7 0.0000000000E+00  0.2109164568E+01  0.6254190964E+01  0.1103289914E+02
L8 0.2268024043E+01  0.4660415183E+02  0.1461549891E+01  0.0000000000E+00
L9 0.0000000000E+00  0.0000000000E+00  0.0000000000E+00  0.9822087621E+00  0.0000000000E+00
L0    10000  0.2000000000E+02  -.8299489971E+04  0.1891949857E+04
L1 0.2974296000E+03  0.2974296000E+03  -.1019143983E+11  0.1000000000E+01
L2 0.1000000000E+01  0.3473307744E+02  0.3473307744E+02  0.3473307744E+02
L3 0.3225583413E+05  -.5824238923E+03  0.1824759894E+02  0.5402483588E+03
L4 -.7975978190E+01  0.3019349434E+03  0.3212659872E+03  0.3056170312E+03
L5 0.9288179619E+03  0.4371434574E+03  0.3170298445E+03  0.1801994810E+03
L6 0.9343727829E+03  -.1019143983E+05  0.1523748092E+04  -.1179169741E+05
L7 0.0000000000E+00  0.3457815171E+01  0.5685121549E+01  0.1140927891E+02
L8 0.4135488047E+01  0.4711250732E+02  0.4709276333E+01  0.0000000000E+00
L9 0.0000000000E+00  0.0000000000E+00  0.0000000000E+00  0.9887004919E+00  0.0000000000E+00
