L0  Nsteps           time(ps)         Etot             EKinetic        
L1  Temp             T_solute         T_solv           Pres_scal_solu  
L2  Pres_scal_solv   BoxX             BoxY             BoxZ            
L3  volume           pres_X           pres_Y           pres_Z          
L4  Pressure         EKCoM_x          EKCoM_y          EKCoM_z         
L5  EKComTot         VIRIAL_x         VIRIAL_y         VIRIAL_z        
L6  VIRIAL_tot       E_pot            E_vdw            E_el            
L7  E_hbon           E_bon            E_angle          E_dih           
L8  E_14vdw          E_14el           E_const          E_pol           
L9  AV_permMoment    AV_indMoment     AV_totMoment     Density          dV/dlambda      
L0     1000  0.2000000000E+01  -.6808220235E+04  0.1588002406E+04
L1 0.2949866694E+03  0.2949866694E+03  -.8396222641E+10  0.1000000000E+01
L2 0.1000000000E+01  0.3383779530E+02  0.3383779530E+02  0.3383779530E+02
L3 0.2982699108E+05  -.8818373229E+03  -.6462358687E+03  -.4151470732E+03
L4 -.6477400883E+03  0.2452177801E+03  0.2605895042E+03  0.2498742527E+03
L5 0.7556815370E+03  0.4345194741E+03  0.3993152549E+03  0.3389927808E+03
L6 0.1172827510E+04  -.8396222641E+04  0.1242000027E+04  -.9714250811E+04
L7 0.0000000000E+00  0.5097020168E+01  0.7038842472E+01  0.1434462192E+02
L8 0.3133388674E+01  0.4469066084E+02  0.1723609351E+01  0.0000000000E+00
L9 0.0000000000E+00  0.0000000000E+00  0.0000000000E+00  0.9047177549E+00  0.0000000000E+00
L0     2000  0.4000000000E+01  -.6794185453E+04  0.1605370152E+04
L1 0.2982128947E+03  0.2982128947E+03  -.8399555605E+10  0.1000000000E+01
L2 0.1000000000E+01  0.3331959864E+02  0.3331959864E+02  0.3331959864E+02
L3 0.2847636173E+05  0.3397347665E+03  -.5477332504E+03  -.3373829832E+03
L4 -.1817938224E+03  0.2717849374E+03  0.2686307161E+03  0.2600357501E+03
L5 0.8004514036E+03  0.2021573939E+03  0.3808868774E+03  0.3291813032E+03
L6 0.9122255745E+03  -.8399555605E+04  0.1245156686E+04  -.9731476957E+04
L7 0.0000000000E+00  0.4129200698E+01  0.1560227525E+02  0.1278161298E+02
L8 0.1772754567E+01  0.4596568963E+02  0.6513132583E+01  0.0000000000E+00
L9 0.0000000000E+00  0.0000000000E+00  0.0000000000E+00  0.9476283753E+00  0.0000000000E+00
L0     3000  0.6000000000E+01  -.6986097736E+04  0.1610661068E+04
L1 0.2991957330E+03  0.2991957330E+03  -.8596758805E+10  0.1000000000E+01
L2 0.1000000000E+01  0.3306261705E+02  0.3306261705E+02  0.3306261705E+02
L3 0.2782263944E+05  0.5059237948E+02  0.1265942726E+03  -.8333239604E+03
L4 -.2187124361E+03  0.2661726939E+03  0.2879102860E+03  0.2674970197E+03
L5 0.8215799996E+03  0.2560419808E+03  0.2625608112E+03  0.4343633737E+03
L6 0.9529661658E+03  -.8596758805E+04  0.1281715151E+04  -.9964920050E+04
L7 0.0000000000E+00  0.3876130614E+01  0.1047778612E+02  0.1512966599E+02
L8 0.3594148456E+01  0.4756097931E+02  0.5807384039E+01  0.0000000000E+00
L9 0.0000000000E+00  0.0000000000E+00  0.0000000000E+00  0.9698939045E+00  0.0000000000E+00
L0     4000  0.8000000000E+01  -.6985472836E+04  0.1649084985E+04
L1 0.3063333439E+03  0.3063333439E+03  -.8634557821E+10  0.1000000000E+01
L2 0.1000000000E+01  0.3299896790E+02  0.3299896790E+02  0.3299896790E+02
L3 0.2766159754E+05  0.4454004425E+02  -.7604744936E+03  0.8697366963E+03
L4 0.5126741566E+02  0.2782959633E+03  0.2937061881E+03  0.2798950655E+03
L5 0.8518972168E+03  0.2694288046E+03  0.4451036138E+03  0.1067454096E+03
L6 0.8212778279E+03  -.8634557821E+04  0.1307794968E+04  -.1002322628E+05
L7 0.0000000000E+00  0.3995799075E+01  0.9476182481E+01  0.1228692591E+02
L8 0.3282078837E+01  0.4735740274E+02  0.4475104002E+01  0.0000000000E+00
L9 0.0000000000E+00  0.0000000000E+00  0.0000000000E+00  0.9755404893E+00  0.0000000000E+00
L0     5000  0.1000000000E+02  -.7002687481E+04  0.1586226382E+04
L1 0.2946567558E+03  0.2946567558E+03  -.8588913863E+10  0.1000000000E+01
L2 0.1000000000E+01  0.3289601764E+02  0.3289601764E+02  0.3289601764E+02
L3 0.2740266181E+05  -.2698059511E+03  0.1610579631E+03  0.1301433348E+04
L4 0.3975617865E+03  0.2536297874E+03  0.2390811816E+03  0.2856443001E+03
L5 0.7783552690E+03  0.3068407181E+03  0.2073174488E+03  0.2897657483E+02
L6 0.5431347418E+03  -.8588913863E+04  0.1325179419E+04  -.9989341540E+04
L7 0.0000000000E+00  0.4361621126E+01  0.7332134876E+01  0.1151815154E+02
L8 0.4160544275E+01  0.4486676633E+02  0.3009039683E+01  0.0000000000E+00
L9 0.0000000000E+00  0.0000000000E+00  0.0000000000E+00  0.9847586557E+00  0.0000000000E+00
L0     6000  0.1200000000E+02  -.7063562522E+04  0.1555339648E+04
L1 0.2889192488E+03  0.2889192488E+03  -.8618902170E+10  0.1000000000E+01
L2 0.1000000000E+01  0.3282666097E+02  0.3282666097E+02  0.3282666097E+02
L3 0.2722989691E+05  0.6098583472E+02  0.5962484098E+03  0.2958185037E+03
L4 0.3176842494E+03  0.2451881514E+03  0.2540244711E+03  0.2532746102E+03
L5 0.7524872327E+03  0.2332364001E+03  0.1371741767E+03  0.1953013248E+03
L6 0.5657119015E+03  -.8618902170E+04  0.1329292867E+04  -.1002288610E+05
L7 0.0000000000E+00  0.3839752472E+01  0.1227937159E+02  0.1067445780E+02
L8 0.2363239871E+01  0.4267631384E+02  0.2857927844E+01  0.0000000000E+00
L9 0.0000000000E+00  0.0000000000E+00  0.0000000000E+00  0.9910066312E+00  0.0000000000E+00
L0     7000  0.1400000000E+02  -.7052633779E+04  0.1559483709E+04
L1 0.2896890479E+03  0.2896890479E+03  -.8612117488E+10  0.1000000000E+01
L2 0.1000000000E+01  0.3282180813E+02  0.3282180813E+02  0.3282180813E+02
L3 0.2721977814E+05  -.7343972133E+03  -.4492338101E+03  -.2799476275E+03
L4 -.4878595503E+03  0.2696931578E+03  0.2669624202E+03  0.2712826790E+03
L5 0.8079382570E+03  0.4135637997E+03  0.3549686864E+03  0.3261252685E+03
L6 0.1094657755E+04  -.8612117488E+04  0.1205167588E+04  -.9893214270E+04
L7 0.0000000000E+00  0.3203957361E+01  0.8253829460E+01  0.1007012834E+02
L8 0.3537994116E+01  0.4934803930E+02  0.1515245388E+01  0.0000000000E+00
L9 0.0000000000E+00  0.0000000000E+00  0.0000000000E+00  0.9913750312E+00  0.0000000000E+00
L0     8000  0.1600000000E+02  -.6969236660E+04  0.1624925265E+04
L1 0.3018454444E+03  0.3018454444E+03  -.8594161925E+10  0.1000000000E+01
L2 0.1000000000E+01  0.3283671229E+02  0.3283671229E+02  0.3283671229E+02
L3 0.2725762788E+05  -.5758118478E+03  -.1277670794E+04  -.5378640314E+03
L4 -.7971155577E+03  0.2689804839E+03  0.2619104390E+03  0.2696969553E+03
L5 0.8005878782E+03  0.3819406273E+03  0.5125580709E+03  0.3752126690E+03
L6 0.1269711367E+04  -.8594161925E+04  0.1168072266E+04  -.9844238387E+04
L7 0.0000000000E+00  0.3686403095E+01  0.1244279499E+02  0.1090835682E+02
L8 0.3259021171E+01  0.4908366774E+02  0.2623951373E+01  0.0000000000E+00
L9 0.0000000000E+00  0.0000000000E+00  0.0000000000E+00  0.9899984153E+00  0.0000000000E+00
L0     9000  0.1800000000E+02  -.7001606660E+04  0.1639767663E+04
L1 0.3046025620E+03  0.3046025620E+03  -.8641374323E+10  0.1000000000E+01
L2 0.1000000000E+01  0.3287734975E+02  0.3287734975E+02  0.3287734975E+02
L3 0.2735674516E+05  0.4948312757E+03  -.1357228304E+03  -.3736751109E+02
L4 0.1072469781E+03  0.2594766744E+03  0.2738964996E+03  0.2791386728E+03
L5 0.8125118469E+03  0.1620499400E+03  0.3006188044E+03  0.2864959171E+03
L6 0.7491646615E+03  -.8641374323E+04  0.1307565217E+04  -.1002973403E+05
L7 0.0000000000E+00  0.5601958924E+01  0.7136647226E+01  0.1344909385E+02
L8 0.4157750604E+01  0.4778671322E+02  0.2662328812E+01  0.0000000000E+00
L9 0.0000000000E+00  0.0000000000E+00  0.0000000000E+00  0.9864115136E+00  0.0000000000E+00
L0    10000  0.2000000000E+02  -.7010252704E+04  0.1572299868E+04
L1 0.2920697723E+03  0.2920697723E+03  -.8582552572E+10  0.1000000000E+01
L2 0.1000000000E+01  0.3285259920E+02  0.3285259920E+02  0.3285259920E+02
L3 0.2729454923E+05  0.4318329882E+03  0.6744376586E+02  0.3877436526E+03
L4 0.2956734689E+03  0.2648321234E+03  0.2590255291E+03  0.2728600756E+03
L5 0.7967177281E+03  0.1800023471E+03  0.2457767970E+03  0.1966912598E+03
L6 0.6224704039E+03  -.8582552572E+04  0.1294074398E+04  -.9951007756E+04
L7 0.0000000000E+00  0.2655634580E+01  0.6198067608E+01  0.1068543935E+02
L8 0.2867081626E+01  0.4792445597E+02  0.4050106772E+01  0.0000000000E+00
L9 0.0000000000E+00  0.0000000000E+00  0.0000000000E+00  0.9886592439E+00  0.0000000000E+00
