L0  Nsteps           time(ps)         Etot             EKinetic        
L1  Temp             T_solute         T_solv           Pres_scal_solu  
L2  Pres_scal_solv   BoxX             BoxY             BoxZ            
L3  volume           pres_X           pres_Y           pres_Z          
L4  Pressure         EKCoM_x          EKCoM_y          EKCoM_z         
L5  EKComTot         VIRIAL_x         VIRIAL_y         VIRIAL_z        
L6  VIRIAL_tot       E_pot            E_vdw            E_el            
L7  E_hbon           E_bon            E_angle          E_dih           
L8  E_14vdw          E_14el           E_const          E_pol           
L9  AV_permMoment    AV_indMoment     AV_totMoment     Density          dV/dlambda      
L0     1000  0.2000000000E+01  -.7894398462E+04  0.1855160985E+04
L1 0.3012452899E+03  0.3012452899E+03  -.9749559446E+10  0.1000000000E+01
L2 0.1000000000E+01  0.3529326604E+02  0.3529326604E+02  0.3529326604E+02
L3 0.3384430750E+05  -.9085602116E+03  -.5247033640E+03  -.1037674324E+04
L4 -.8236459665E+03  0.2971789048E+03  0.2902636605E+03  0.3012191811E+03
L5 0.8886617464E+03  0.5184862998E+03  0.4180710784E+03  0.5539762341E+03
L6 0.1490533612E+04  -.9749559446E+04  0.1445013053E+04  -.1127115530E+05
L7 0.0000000000E+00  0.1396390862E+01  0.6207384117E+01  0.1148246506E+02
L8 0.5253670149E+01  0.5134011838E+02  0.9027707622E+00  0.0000000000E+00
L9 0.0000000000E+00  0.0000000000E+00  0.0000000000E+00  0.9122417060E+00  0.0000000000E+00
L0     2000  0.4000000000E+01  -.7915658590E+04  0.1856627621E+04
L1 0.3014834457E+03  0.3014834457E+03  -.9772286211E+10  0.1000000000E+01
L2 0.1000000000E+01  0.3477794690E+02  0.3477794690E+02  0.3477794690E+02
L3 0.3238251768E+05  -.6820466135E+03  -.8181087840E+03  -.9640521865E+02
L4 -.5321868721E+03  0.2853496923E+03  0.3063735964E+03  0.3146114173E+03
L5 0.9063347060E+03  0.4443072744E+03  0.4970417879E+03  0.3370795890E+03
L6 0.1278428651E+04  -.9772286211E+04  0.1436634710E+04  -.1128224399E+05
L7 0.0000000000E+00  0.2283206940E+01  0.8536732272E+01  0.1111860633E+02
L8 0.3416907886E+01  0.4607146888E+02  0.1896147276E+01  0.0000000000E+00
L9 0.0000000000E+00  0.0000000000E+00  0.0000000000E+00  0.9534215071E+00  0.0000000000E+00
L0     3000  0.6000000000E+01  -.8060423123E+04  0.1835725086E+04
L1 0.2980892442E+03  0.2980892442E+03  -.9896148209E+10  0.1000000000E+01
L2 0.1000000000E+01  0.3452698018E+02  0.3452698018E+02  0.3452698018E+02
L3 0.3168538548E+05  0.6364678176E+02  -.4954506268E+03  0.4194169272E+02
L4 -.1299540508E+03  0.3003679889E+03  0.3080085321E+03  0.2993622465E+03
L5 0.9077387675E+03  0.2858538249E+03  0.4209922748E+03  0.2897977629E+03
L6 0.9966438627E+03  -.9896148209E+04  0.1487290861E+04  -.1145578677E+05
L7 0.0000000000E+00  0.5408045516E+01  0.4920743067E+01  0.1086641710E+02
L8 0.1886152809E+01  0.4757733695E+02  0.1689008443E+01  0.0000000000E+00
L9 0.0000000000E+00  0.0000000000E+00  0.0000000000E+00  0.9743983968E+00  0.0000000000E+00
L0     4000  0.8000000000E+01  -.7932549931E+04  0.1821347406E+04
L1 0.2957545635E+03  0.2957545635E+03  -.9753897337E+10  0.1000000000E+01
L2 0.1000000000E+01  0.3446341921E+02  0.3446341921E+02  0.3446341921E+02
L3 0.3151117351E+05  -.2189706434E+03  -.4781612336E+01  -.6524373366E+03
L4 -.2920631975E+03  0.3306094901E+03  0.3150452781E+03  0.2853650070E+03
L5 0.9310197753E+03  0.3802695286E+03  0.3161296931E+03  0.4333303358E+03
L6 0.1129729557E+04  -.9753897337E+04  0.1391386369E+04  -.1121996445E+05
L7 0.0000000000E+00  0.1986992468E+01  0.6518387380E+01  0.1249285058E+02
L8 0.2708432483E+01  0.4693871049E+02  0.4035375454E+01  0.0000000000E+00
L9 0.0000000000E+00  0.0000000000E+00  0.0000000000E+00  0.9797854340E+00  0.0000000000E+00
L0     5000  0.1000000000E+02  -.7927984010E+04  0.1886823781E+04
L1 0.3063867673E+03  0.3063867673E+03  -.9814807791E+10  0.1000000000E+01
L2 0.1000000000E+01  0.3447249491E+02  0.3447249491E+02  0.3447249491E+02
L3 0.3153535647E+05  -.1928219468E+03  -.2386746908E+03  0.3213944069E+03
L4 -.3670074355E+02  0.2992578017E+03  0.2932795895E+03  0.3285198533E+03
L5 0.9210572445E+03  0.3430211747E+03  0.3474498212E+03  0.2555753386E+03
L6 0.9460463346E+03  -.9814807791E+04  0.1470523273E+04  -.1136131035E+05
L7 0.0000000000E+00  0.8907942047E+00  0.8593406258E+01  0.1160820553E+02
L8 0.3659787882E+01  0.4560393316E+02  0.5623159934E+01  0.0000000000E+00
L9 0.0000000000E+00  0.0000000000E+00  0.0000000000E+00  0.9790340833E+00  0.0000000000E+00
L0     6000  0.1200000000E+02  -.8014556463E+04  0.1806719355E+04
L1 0.2933792271E+03  0.2933792271E+03  -.9821275819E+10  0.1000000000E+01
L2 0.1000000000E+01  0.3448378666E+02  0.3448378666E+02  0.3448378666E+02
L3 0.3156727477E+05  -.8868618040E+02  -.7202429084E+03  -.2804608206E+03
L4 -.3631299698E+03  0.2899178255E+03  0.2920044289E+03  0.2834543403E+03
L5 0.8653765948E+03  0.3100666457E+03  0.4556380953E+03  0.3471728884E+03
L6 0.1112877629E+04  -.9821275819E+04  0.1429137633E+04  -.1131998153E+05
L7 0.0000000000E+00  0.9557548886E+00  0.7415156245E+01  0.1055890114E+02
L8 0.3289677835E+01  0.4600859098E+02  0.1339994732E+01  0.0000000000E+00
L9 0.0000000000E+00  0.0000000000E+00  0.0000000000E+00  0.9780441625E+00  0.0000000000E+00
L0     7000  0.1400000000E+02  -.8039107286E+04  0.1780070979E+04
L1 0.2890520028E+03  0.2890520028E+03  -.9819178265E+10  0.1000000000E+01
L2 0.1000000000E+01  0.3447602363E+02  0.3447602363E+02  0.3447602363E+02
L3 0.3154488403E+05  -.2231847136E+03  0.2648619057E+03  0.1627809182E+02
L4 0.1931842799E+02  0.2975333037E+03  0.3017757164E+03  0.2976088973E+03
L5 0.8969179174E+03  0.3482031936E+03  0.2416438042E+03  0.2939132628E+03
L6 0.8837602607E+03  -.9819178265E+04  0.1466098234E+04  -.1136384374E+05
L7 0.0000000000E+00  0.2694969679E+01  0.9819401994E+01  0.1233641724E+02
L8 0.2707841990E+01  0.4851246812E+02  0.2496145528E+01  0.0000000000E+00
L9 0.0000000000E+00  0.0000000000E+00  0.0000000000E+00  0.9787383839E+00  0.0000000000E+00
L0     8000  0.1600000000E+02  -.7965960538E+04  0.1856128127E+04
L1 0.3014023367E+03  0.3014023367E+03  -.9822088666E+10  0.1000000000E+01
L2 0.1000000000E+01  0.3443114767E+02  0.3443114767E+02  0.3443114767E+02
L3 0.3142117924E+05  -.2402016143E+03  0.3418929120E+03  0.6875169504E+03
L4 0.2630694160E+03  0.2877138056E+03  0.2980769446E+03  0.3199166290E+03
L5 0.9057073792E+03  0.3420332078E+03  0.2207609837E+03  0.1644409471E+03
L6 0.7272351387E+03  -.9822088666E+04  0.1496270879E+04  -.1138962934E+05
L7 0.0000000000E+00  0.2343952028E+01  0.4879099726E+01  0.1149442471E+02
L8 0.3974830987E+01  0.4682595384E+02  0.1751533484E+01  0.0000000000E+00
L9 0.0000000000E+00  0.0000000000E+00  0.0000000000E+00  0.9825916645E+00  0.0000000000E+00
L0     9000  0.1800000000E+02  -.7919814754E+04  0.1820173054E+04
L1 0.2955638696E+03  0.2955638696E+03  -.9739987808E+10  0.1000000000E+01
L2 0.1000000000E+01  0.3445023335E+02  0.3445023335E+02  0.3445023335E+02
L3 0.3147465287E+05  -.1519257690E+03  -.5907186485E+02  -.2746325564E+03
L4 -.1618767301E+03  0.3110225221E+03  0.2860112763E+03  0.3094194438E+03
L5 0.9064532421E+03  0.3454376171E+03  0.2993925733E+03  0.3716307828E+03
L6 0.1016460973E+04  -.9739987808E+04  0.1425847411E+04  -.1124001561E+05
L7 0.0000000000E+00  0.1697983612E+01  0.9098790906E+01  0.1310913218E+02
L8 0.3352216168E+01  0.4469965190E+02  0.2222611756E+01  0.0000000000E+00
L9 0.0000000000E+00  0.0000000000E+00  0.0000000000E+00  0.9809222976E+00  0.0000000000E+00
L0    10000  0.2000000000E+02  -.8089671223E+04  0.1775008086E+04
L1 0.2882298786E+03  0.2882298786E+03  -.9864679308E+10  0.1000000000E+01
L2 0.1000000000E+01  0.3443062460E+02  0.3443062460E+02  0.3443062460E+02
L3 0.3142082795E+05  0.2387660122E+03  -.3771296498E+03  -.2292294667E+03
L4 -.1225310348E+03  0.2899728337E+03  0.2858657538E+03  0.3010041915E+03
L5 0.8768427790E+03  0.2359786835E+03  0.3711492277E+03  0.3528417632E+03
L6 0.9599696744E+03  -.9864679308E+04  0.1466559785E+04  -.1140603229E+05
L7 0.0000000000E+00  0.2875872214E+01  0.1099861385E+02  0.9395753713E+01
L8 0.4097082661E+01  0.4543848020E+02  0.1987389626E+01  0.0000000000E+00
L9 0.0000000000E+00  0.0000000000E+00  0.0000000000E+00  0.9826026501E+00  0.0000000000E+00
