L0  Nsteps           time(ps)         Etot             EKinetic        
L1  Temp             T_solute         T_solv           Pres_scal_solu  
L2  Pres_scal_solv   BoxX             BoxY             BoxZ            
L3  volume           pres_X           pres_Y           pres_Z          
L4  Pressure         EKCoM_x          EKCoM_y          EKCoM_z         
L5  EKComTot         VIRIAL_x         VIRIAL_y         VIRIAL_z        
L6  VIRIAL_tot       E_pot            E_vdw            E_el            
L7  E_hbon           E_bon            E_angle          E_dih           
L8  E_14vdw          E_14el           E_const          E_pol           
L9  AV_permMoment    AV_indMoment     AV_totMoment     Density          dV/dlambda      
L0     1000  0.2000000000E+01  -.7418401874E+04  0.1713509924E+04
L1 0.2963151620E+03  0.2963151620E+03  -.9131911798E+10  0.1000000000E+01
L2 0.1000000000E+01  0.3465675862E+02  0.3465675862E+02  0.3465675862E+02
L3 0.3204508012E+05  -.7196416235E+03  -.3592786619E+03  -.4205203891E+03
L4 -.4998135582E+03  0.2846187970E+03  0.2799802043E+03  0.2757418621E+03
L5 0.8403408633E+03  0.4505905636E+03  0.3628410509E+03  0.3727269579E+03
L6 0.1186158572E+04  -.9131911798E+04  0.1403964827E+04  -.1060782532E+05
L7 0.0000000000E+00  0.3376013427E+01  0.5777606983E+01  0.1332456936E+02
L8 0.3031459658E+01  0.4348247181E+02  0.2956575750E+01  0.0000000000E+00
L9 0.0000000000E+00  0.0000000000E+00  0.0000000000E+00  0.9046453322E+00  0.0000000000E+00
L0     2000  0.4000000000E+01  -.7444895390E+04  0.1738875939E+04
L1 0.3007016758E+03  0.3007016758E+03  -.9183771329E+10  0.1000000000E+01
L2 0.1000000000E+01  0.3410713068E+02  0.3410713068E+02  0.3410713068E+02
L3 0.3054350707E+05  -.7980614379E+03  -.1029877108E+03  0.5005019484E+03
L4 -.1335157334E+03  0.2946455865E+03  0.2910175290E+03  0.2740711997E+03
L5 0.8597343151E+03  0.4700787959E+03  0.3136567191E+03  0.1640487641E+03
L6 0.9477842791E+03  -.9183771329E+04  0.1418775577E+04  -.1067987399E+05
L7 0.0000000000E+00  0.1820774273E+01  0.9441955604E+01  0.1378352358E+02
L8 0.3640849799E+01  0.4606301552E+02  0.2576966973E+01  0.0000000000E+00
L9 0.0000000000E+00  0.0000000000E+00  0.0000000000E+00  0.9491193034E+00  0.0000000000E+00
L0     3000  0.6000000000E+01  -.7501486524E+04  0.1726544418E+04
L1 0.2985692011E+03  0.2985692011E+03  -.9228030942E+10  0.1000000000E+01
L2 0.1000000000E+01  0.3391352436E+02  0.3391352436E+02  0.3391352436E+02
L3 0.3002685204E+05  -.7765987546E+03  -.3669027948E+03  0.1480048127E+03
L4 -.3318322455E+03  0.2915675301E+03  0.3075644070E+03  0.2639078010E+03
L5 0.8630397381E+03  0.4593950102E+03  0.3868542218E+03  0.2319231054E+03
L6 0.1078172337E+04  -.9228030942E+04  0.1376784440E+04  -.1067477016E+05
L7 0.0000000000E+00  0.7611911161E+00  0.5139408258E+01  0.1249763439E+02
L8 0.3395650850E+01  0.4667106407E+02  0.1489829372E+01  0.0000000000E+00
L9 0.0000000000E+00  0.0000000000E+00  0.0000000000E+00  0.9654502616E+00  0.0000000000E+00
L0     4000  0.8000000000E+01  -.7464026406E+04  0.1745913163E+04
L1 0.3019186143E+03  0.3019186143E+03  -.9209939569E+10  0.1000000000E+01
L2 0.1000000000E+01  0.3380743769E+02  0.3380743769E+02  0.3380743769E+02
L3 0.2974544634E+05  -.2878840106E+03  -.1488309446E+03  0.7162037839E+01
L4 -.1431843058E+03  0.2758511312E+03  0.2916668169E+03  0.2796725859E+03
L5 0.8471905340E+03  0.3374814784E+03  0.3235286170E+03  0.2781393334E+03
L6 0.9391494288E+03  -.9209939569E+04  0.1362767864E+04  -.1064745604E+05
L7 0.0000000000E+00  0.1995936699E+01  0.7105113386E+01  0.1136604271E+02
L8 0.4409626187E+01  0.4544729718E+02  0.4424590699E+01  0.0000000000E+00
L9 0.0000000000E+00  0.0000000000E+00  0.0000000000E+00  0.9745838680E+00  0.0000000000E+00
L0     5000  0.1000000000E+02  -.7578440192E+04  0.1670446225E+04
L1 0.2888682096E+03  0.2888682096E+03  -.9248886417E+10  0.1000000000E+01
L2 0.1000000000E+01  0.3372111759E+02  0.3372111759E+02  0.3372111759E+02
L3 0.2951632486E+05  0.7247859587E+03  0.1943271591E+03  0.7669441730E+03
L4 0.5620190969E+03  0.2830758761E+03  0.2673493718E+03  0.2756264473E+03
L5 0.8260516952E+03  0.1291085269E+03  0.2260681670E+03  0.1127033665E+03
L6 0.4678800604E+03  -.9248886417E+04  0.1467766073E+04  -.1078850679E+05
L7 0.0000000000E+00  0.2125760620E+01  0.7830562286E+01  0.1116407992E+02
L8 0.3923397280E+01  0.4506272496E+02  0.1747769889E+01  0.0000000000E+00
L9 0.0000000000E+00  0.0000000000E+00  0.0000000000E+00  0.9821491088E+00  0.0000000000E+00
L0     6000  0.1200000000E+02  -.7458229070E+04  0.1743325418E+04
L1 0.3014711187E+03  0.3014711187E+03  -.9201554488E+10  0.1000000000E+01
L2 0.1000000000E+01  0.3371358782E+02  0.3371358782E+02  0.3371358782E+02
L3 0.2949855994E+05  -.2968079043E+03  -.2019621219E+03  -.9925885960E+02
L4 -.1993429619E+03  0.2961575524E+03  0.2722635279E+03  0.2907983056E+03
L5 0.8592193859E+03  0.3591709443E+03  0.3151408171E+03  0.3118713206E+03
L6 0.9861830820E+03  -.9201554488E+04  0.1340489353E+04  -.1061030810E+05
L7 0.0000000000E+00  0.2338457946E+01  0.5060022884E+01  0.1159622874E+02
L8 0.3817444118E+01  0.4332804656E+02  0.2124061759E+01  0.0000000000E+00
L9 0.0000000000E+00  0.0000000000E+00  0.0000000000E+00  0.9827405884E+00  0.0000000000E+00
L0     7000  0.1400000000E+02  -.7464698607E+04  0.1712871669E+04
L1 0.2962047893E+03  0.2962047893E+03  -.9177570275E+10  0.1000000000E+01
L2 0.1000000000E+01  0.3370356487E+02  0.3370356487E+02  0.3370356487E+02
L3 0.2947224315E+05  -.3977117930E+03  -.6390360997E+01  -.1766906957E+03
L4 -.1935976166E+03  0.2612438944E+03  0.2963340331E+03  0.2703386166E+03
L5 0.8279165441E+03  0.3456042187E+03  0.2976895195E+03  0.3078172246E+03
L6 0.9511109628E+03  -.9177570275E+04  0.1327377195E+04  -.1057931655E+05
L7 0.0000000000E+00  0.3722151705E+01  0.7113047391E+01  0.9780646289E+01
L8 0.4313877440E+01  0.4554975523E+02  0.3889598507E+01  0.0000000000E+00
L9 0.0000000000E+00  0.0000000000E+00  0.0000000000E+00  0.9836181116E+00  0.0000000000E+00
L0     8000  0.1600000000E+02  -.7507648963E+04  0.1739204022E+04
L1 0.3007584107E+03  0.3007584107E+03  -.9246852984E+10  0.1000000000E+01
L2 0.1000000000E+01  0.3376678437E+02  0.3376678437E+02  0.3376678437E+02
L3 0.2963753174E+05  0.3955940810E+03  -.3343704878E+03  0.3457953866E+03
L4 0.1356729933E+03  0.2847381433E+03  0.2850773243E+03  0.2825356819E+03
L5 0.8523511495E+03  0.2003564187E+03  0.3563998232E+03  0.2087762086E+03
L6 0.7655324505E+03  -.9246852984E+04  0.1404583056E+04  -.1072134586E+05
L7 0.0000000000E+00  0.3318892106E+01  0.7452292296E+01  0.9354827768E+01
L8 0.4148799192E+01  0.4322885018E+02  0.2406162611E+01  0.0000000000E+00
L9 0.0000000000E+00  0.0000000000E+00  0.0000000000E+00  0.9781324710E+00  0.0000000000E+00
L0     9000  0.1800000000E+02  -.7521653921E+04  0.1706487762E+04
L1 0.2951008282E+03  0.2951008282E+03  -.9228141683E+10  0.1000000000E+01
L2 0.1000000000E+01  0.3373932972E+02  0.3373932972E+02  0.3373932972E+02
L3 0.2956744152E+05  -.9719831629E+03  0.4218601476E+03  -.1480401912E+04
L4 -.6768416425E+03  0.2694474640E+03  0.2889628856E+03  0.2933480212E+03
L5 0.8517583708E+03  0.4762848633E+03  0.1991913143E+03  0.6083766073E+03
L6 0.1283852785E+04  -.9228141683E+04  0.1296925985E+04  -.1060083653E+05
L7 0.0000000000E+00  0.3435369567E+01  0.1006941153E+02  0.9391816347E+01
L8 0.3011083546E+01  0.4653008307E+02  0.3331096468E+01  0.0000000000E+00
L9 0.0000000000E+00  0.0000000000E+00  0.0000000000E+00  0.9804511536E+00  0.0000000000E+00
L0    10000  0.2000000000E+02  -.7480328420E+04  0.1709731204E+04
L1 0.2956617127E+03  0.2956617127E+03  -.9190059624E+10  0.1000000000E+01
L2 0.1000000000E+01  0.3370768361E+02  0.3370768361E+02  0.3370768361E+02
L3 0.2948332174E+05  0.5359796524E+03  -.8382872259E+03  -.5891057359E+03
L4 -.2971377698E+03  0.2639454894E+03  0.2781858844E+03  0.2834831579E+03
L5 0.8256145317E+03  0.1502138513E+03  0.4560653599E+03  0.4084878294E+03
L6 0.1014767041E+04  -.9190059624E+04  0.1340986224E+04  -.1060288551E+05
L7 0.0000000000E+00  0.2457520650E+01  0.7679461772E+01  0.1169661992E+02
L8 0.2983041841E+01  0.4496675365E+02  0.2056261998E+01  0.0000000000E+00
L9 0.0000000000E+00  0.0000000000E+00  0.0000000000E+00  0.9832485095E+00  0.0000000000E+00
