L0  Nsteps           time(ps)         Etot             EKinetic        
L1  Temp             T_solute         T_solv           Pres_scal_solu  
L2  Pres_scal_solv   BoxX             BoxY             BoxZ            
L3  volume           pres_X           pres_Y           pres_Z          
L4  Pressure         EKCoM_x          EKCoM_y          EKCoM_z         
L5  EKComTot         VIRIAL_x         VIRIAL_y         VIRIAL_z        
L6  VIRIAL_tot       E_pot            E_vdw            E_el            
L7  E_hbon           E_bon            E_angle          E_dih           
L8  E_14vdw          E_14el           E_const          E_pol           
L9  AV_permMoment    AV_indMoment     AV_totMoment     Density          dV/dlambda      
L0     1000  0.2000000000E+01  -.7600751818E+04  0.1724039724E+04
L1 0.2944928568E+03  0.2944928568E+03  -.9324791542E+10  0.1000000000E+01
L2 0.1000000000E+01  0.3474064110E+02  0.3474064110E+02  0.3474064110E+02
L3 0.3228040005E+05  -.1576990602E+04  -.7967938798E+03  -.1284972506E+04
L4 -.1219585663E+04  0.2716795910E+03  0.2684805232E+03  0.2844989842E+03
L5 0.8246590984E+03  0.6380535467E+03  0.4535954663E+03  0.5830299071E+03
L6 0.1674678920E+04  -.9324791542E+04  0.1356128172E+04  -.1075591635E+05
L7 0.0000000000E+00  0.1473289707E+01  0.1056619932E+02  0.1153357725E+02
L8 0.3510330994E+01  0.4478089814E+02  0.3132337933E+01  0.0000000000E+00
L9 0.0000000000E+00  0.0000000000E+00  0.0000000000E+00  0.9091719241E+00  0.0000000000E+00
L0     2000  0.4000000000E+01  -.7484804202E+04  0.1768610127E+04
L1 0.3021061763E+03  0.3021061763E+03  -.9253414328E+10  0.1000000000E+01
L2 0.1000000000E+01  0.3417053177E+02  0.3417053177E+02  0.3417053177E+02
L3 0.3071444599E+05  0.7172015932E+03  -.1157253654E+04  -.2801086277E+03
L4 -.2400535629E+03  0.2800158220E+03  0.2932061269E+03  0.3052319223E+03
L5 0.8784538712E+03  0.1214752168E+03  0.5490221993E+03  0.3671511816E+03
L6 0.1037648598E+04  -.9253414328E+04  0.1381540399E+04  -.1071210773E+05
L7 0.0000000000E+00  0.3845921976E+01  0.6738016669E+01  0.1111860493E+02
L8 0.4184506215E+01  0.4886325026E+02  0.2402705410E+01  0.0000000000E+00
L9 0.0000000000E+00  0.0000000000E+00  0.0000000000E+00  0.9555254043E+00  0.0000000000E+00
L0     3000  0.6000000000E+01  -.7638199130E+04  0.1727868769E+04
L1 0.2951469173E+03  0.2951469173E+03  -.9366067898E+10  0.1000000000E+01
L2 0.1000000000E+01  0.3395837691E+02  0.3395837691E+02  0.3395837691E+02
L3 0.3014506296E+05  -.4071762877E+02  0.3989070421E+03  -.1450859468E+03
L4 0.7103448882E+02  0.2997780913E+03  0.3045167573E+03  0.2947450369E+03
L5 0.8990398855E+03  0.3086120477E+03  0.2179712598E+03  0.3262223841E+03
L6 0.8528056916E+03  -.9366067898E+04  0.1425189123E+04  -.1087113425E+05
L7 0.0000000000E+00  0.3742077771E+01  0.1213458549E+02  0.1112924772E+02
L8 0.3128950196E+01  0.4618327321E+02  0.3559090490E+01  0.0000000000E+00
L9 0.0000000000E+00  0.0000000000E+00  0.0000000000E+00  0.9735734656E+00  0.0000000000E+00
L0     4000  0.8000000000E+01  -.7535245801E+04  0.1764520743E+04
L1 0.3014076459E+03  0.3014076459E+03  -.9299766544E+10  0.1000000000E+01
L2 0.1000000000E+01  0.3393232813E+02  0.3393232813E+02  0.3393232813E+02
L3 0.3007698676E+05  0.2041591504E+03  -.8194019494E+03  -.5600103232E+03
L4 -.3917510408E+03  0.2726093807E+03  0.3028080290E+03  0.2832724643E+03
L5 0.8586898740E+03  0.2284157427E+03  0.4801811867E+03  0.4044959974E+03
L6 0.1113092927E+04  -.9299766544E+04  0.1341967232E+04  -.1071730626E+05
L7 0.0000000000E+00  0.3375565129E+01  0.3936899003E+01  0.1279185158E+02
L8 0.3558818856E+01  0.4790209442E+02  0.4007250262E+01  0.0000000000E+00
L9 0.0000000000E+00  0.0000000000E+00  0.0000000000E+00  0.9757770503E+00  0.0000000000E+00
L0     5000  0.1000000000E+02  -.7568698234E+04  0.1777741595E+04
L1 0.3036659733E+03  0.3036659733E+03  -.9346439829E+10  0.1000000000E+01
L2 0.1000000000E+01  0.3392660139E+02  0.3392660139E+02  0.3392660139E+02
L3 0.3006129568E+05  0.8576476881E+03  -.6885164910E+03  -.8236923155E+03
L4 -.2181870395E+03  0.2967181942E+03  0.2864782276E+03  0.3085438716E+03
L5 0.8917402934E+03  0.1111629656E+03  0.4354413003E+03  0.4867527306E+03
L6 0.1033356996E+04  -.9346439829E+04  0.1377513451E+04  -.1079613697E+05
L7 0.0000000000E+00  0.2764854221E+01  0.7823039039E+01  0.1021052342E+02
L8 0.3624685431E+01  0.4461379803E+02  0.3146791464E+01  0.0000000000E+00
L9 0.0000000000E+00  0.0000000000E+00  0.0000000000E+00  0.9762863762E+00  0.0000000000E+00
L0     6000  0.1200000000E+02  -.7589515472E+04  0.1772931731E+04
L1 0.3028443736E+03  0.3028443736E+03  -.9362447203E+10  0.1000000000E+01
L2 0.1000000000E+01  0.3388267173E+02  0.3388267173E+02  0.3388267173E+02
L3 0.2994338075E+05  0.4871315861E+02  0.6001117469E+03  0.1477657847E+03
L4 0.2655302301E+03  0.2946914952E+03  0.2806171551E+03  0.2954473694E+03
L5 0.8707560197E+03  0.2841935645E+03  0.1512900547E+03  0.2636030995E+03
L6 0.6990867186E+03  -.9362447203E+04  0.1433252314E+04  -.1086777968E+05
L7 0.0000000000E+00  0.2960814648E+01  0.5840552257E+01  0.1160516101E+02
L8 0.3848807727E+01  0.4510543027E+02  0.2719394081E+01  0.0000000000E+00
L9 0.0000000000E+00  0.0000000000E+00  0.0000000000E+00  0.9801309234E+00  0.0000000000E+00
L0     7000  0.1400000000E+02  -.7602652373E+04  0.1738086786E+04
L1 0.2968923139E+03  0.2968923139E+03  -.9340739159E+10  0.1000000000E+01
L2 0.1000000000E+01  0.3385065150E+02  0.3385065150E+02  0.3385065150E+02
L3 0.2985906042E+05  0.7818248528E+01  0.4891828213E+02  0.1857785221E+03
L4 0.8083835091E+02  0.3030863703E+03  0.2841470104E+03  0.2730475109E+03
L5 0.8602808916E+03  0.3014062430E+03  0.2736345611E+03  0.2331240464E+03
L6 0.8081648505E+03  -.9340739159E+04  0.1410724399E+04  -.1082429358E+05
L7 0.0000000000E+00  0.3043285520E+01  0.1077343182E+02  0.1014714231E+02
L8 0.2855490180E+01  0.4396727748E+02  0.2043394709E+01  0.0000000000E+00
L9 0.0000000000E+00  0.0000000000E+00  0.0000000000E+00  0.9828987587E+00  0.0000000000E+00
L0     8000  0.1600000000E+02  -.7531476859E+04  0.1752325959E+04
L1 0.2993245866E+03  0.2993245866E+03  -.9283802818E+10  0.1000000000E+01
L2 0.1000000000E+01  0.3385858097E+02  0.3385858097E+02  0.3385858097E+02
L3 0.2988113840E+05  -.4031256295E+03  -.4686381078E+03  -.1122663764E+03
L4 -.3280100379E+03  0.2849258660E+03  0.2802947131E+03  0.3029840008E+03
L5 0.8682045799E+03  0.3716208816E+03  0.3810786502E+03  0.3271276785E+03
L6 0.1079827210E+04  -.9283802818E+04  0.1322908167E+04  -.1068989703E+05
L7 0.0000000000E+00  0.7244125088E+01  0.9008999256E+01  0.1175268834E+02
L8 0.4205259809E+01  0.4655488834E+02  0.4420083354E+01  0.0000000000E+00
L9 0.0000000000E+00  0.0000000000E+00  0.0000000000E+00  0.9821725339E+00  0.0000000000E+00
L0     9000  0.1800000000E+02  -.7584856004E+04  0.1710931172E+04
L1 0.2922537117E+03  0.2922537117E+03  -.9295787175E+10  0.1000000000E+01
L2 0.1000000000E+01  0.3378176157E+02  0.3378176157E+02  0.3378176157E+02
L3 0.2967784744E+05  0.5436615520E+03  -.4430184733E+03  -.6695595968E+03
L4 -.1896388394E+03  0.2952129410E+03  0.2714679044E+03  0.2649784945E+03
L5 0.8316593399E+03  0.1790901144E+03  0.3660939767E+03  0.4079923837E+03
L6 0.9531764748E+03  -.9295787175E+04  0.1343058630E+04  -.1071486152E+05
L7 0.0000000000E+00  0.2368345615E+01  0.1194414928E+02  0.9743464761E+01
L8 0.4148168672E+01  0.4428530589E+02  0.3526283187E+01  0.0000000000E+00
L9 0.0000000000E+00  0.0000000000E+00  0.0000000000E+00  0.9889003399E+00  0.0000000000E+00
L0    10000  0.2000000000E+02  -.7572171242E+04  0.1782775506E+04
L1 0.3045258439E+03  0.3045258439E+03  -.9354946748E+10  0.1000000000E+01
L2 0.1000000000E+01  0.3379351933E+02  0.3379351933E+02  0.3379351933E+02
L3 0.2970879280E+05  -.2377591151E+03  -.2386865768E+03  -.3180904550E+02
L4 -.1694182458E+03  0.2937134129E+03  0.2836513610E+03  0.3129860160E+03
L5 0.8903507899E+03  0.3445502779E+03  0.3346865328E+03  0.3197873206E+03
L6 0.9990241312E+03  -.9354946748E+04  0.1362742223E+04  -.1078970651E+05
L7 0.0000000000E+00  0.3941383543E+01  0.1071399465E+02  0.1039972957E+02
L8 0.3606309430E+01  0.4180718296E+02  0.1548941594E+01  0.0000000000E+00
L9 0.0000000000E+00  0.0000000000E+00  0.0000000000E+00  0.9878702786E+00  0.0000000000E+00
