L0  Nsteps           time(ps)         Etot             EKinetic        
L1  Temp             T_solute         T_solv           Pres_scal_solu  
L2  Pres_scal_solv   BoxX             BoxY             BoxZ            
L3  volume           pres_X           pres_Y           pres_Z          
L4  Pressure         EKCoM_x          EKCoM_y          EKCoM_z         
L5  EKComTot         VIRIAL_x         VIRIAL_y         VIRIAL_z        
L6  VIRIAL_tot       E_pot            E_vdw            E_el            
L7  E_hbon           E_bon            E_angle          E_dih           
L8  E_14vdw          E_14el           E_const          E_pol           
L9  AV_permMoment    AV_indMoment     AV_totMoment     Density          dV/dlambda      
L0     1000  0.2000000000E+01  -.7742911671E+04  0.1781587218E+04
L1 0.2932728696E+03  0.2932728696E+03  -.9524498889E+10  0.1000000000E+01
L2 0.1000000000E+01  0.3513443554E+02  0.3513443554E+02  0.3513443554E+02
L3 0.3338847457E+05  -.5840383483E+03  -.1146585346E+04  0.2235466604E+03
L4 -.5023590113E+03  0.2871160112E+03  0.3091477970E+03  0.3107584401E+03
L5 0.9070222482E+03  0.4274602282E+03  0.5846718668E+03  0.2570402534E+03
L6 0.1269172348E+04  -.9524498889E+04  0.1442908896E+04  -.1104972889E+05
L7 0.0000000000E+00  0.2963830775E+01  0.9592261448E+01  0.1297276280E+02
L8 0.4723490411E+01  0.4903523806E+02  0.3033525978E+01  0.0000000000E+00
L9 0.0000000000E+00  0.0000000000E+00  0.0000000000E+00  0.9121517047E+00  0.0000000000E+00
L0     2000  0.4000000000E+01  -.7855274156E+04  0.1803101442E+04
L1 0.2968143960E+03  0.2968143960E+03  -.9658375598E+10  0.1000000000E+01
L2 0.1000000000E+01  0.3461774690E+02  0.3461774690E+02  0.3461774690E+02
L3 0.3193533008E+05  -.5038871757E+01  0.2477772672E+03  0.1981653070E+01
L4 0.8157334951E+02  0.2884084361E+03  0.2796936318E+03  0.2983842325E+03
L5 0.8664863003E+03  0.2895665767E+03  0.2227441931E+03  0.2979287668E+03
L6 0.8102395366E+03  -.9658375598E+04  0.1524220222E+04  -.1126186595E+05
L7 0.0000000000E+00  0.3814099994E+01  0.6785546272E+01  0.1385965297E+02
L8 0.4553153109E+01  0.4773335863E+02  0.2524318795E+01  0.0000000000E+00
L9 0.0000000000E+00  0.0000000000E+00  0.0000000000E+00  0.9536570916E+00  0.0000000000E+00
L0     3000  0.6000000000E+01  -.7864897548E+04  0.1775601800E+04
L1 0.2922875906E+03  0.2922875906E+03  -.9640499348E+10  0.1000000000E+01
L2 0.1000000000E+01  0.3435630158E+02  0.3435630158E+02  0.3435630158E+02
L3 0.3121675878E+05  0.1787616297E+03  -.2387148341E+03  0.8022013687E+03
L4 0.2474160548E+03  0.2904248807E+03  0.3076359017E+03  0.2941789461E+03
L5 0.8922397285E+03  0.2502625698E+03  0.3612678774E+03  0.1139486537E+03
L6 0.7254791009E+03  -.9640499348E+04  0.1472802694E+04  -.1118459911E+05
L7 0.0000000000E+00  0.2304431556E+01  0.5740115506E+01  0.1047248170E+02
L8 0.3539612280E+01  0.4549285203E+02  0.3747575537E+01  0.0000000000E+00
L9 0.0000000000E+00  0.0000000000E+00  0.0000000000E+00  0.9756091018E+00  0.0000000000E+00
L0     4000  0.8000000000E+01  -.7813538226E+04  0.1806606816E+04
L1 0.2973914271E+03  0.2973914271E+03  -.9620145042E+10  0.1000000000E+01
L2 0.1000000000E+01  0.3425272590E+02  0.3425272590E+02  0.3425272590E+02
L3 0.3093588355E+05  0.3133410330E+03  -.4801047640E+03  0.2494496275E+03
L4 0.2756196550E+02  0.3029700419E+03  0.3016074295E+03  0.3035751352E+03
L5 0.9081526067E+03  0.2332052385E+03  0.4085018704E+03  0.2480356354E+03
L6 0.8897427443E+03  -.9620145042E+04  0.1416381427E+04  -.1111148881E+05
L7 0.0000000000E+00  0.1714824274E+01  0.6375873640E+01  0.1184372842E+02
L8 0.4694840325E+01  0.4666426778E+02  0.3668805488E+01  0.0000000000E+00
L9 0.0000000000E+00  0.0000000000E+00  0.0000000000E+00  0.9844669202E+00  0.0000000000E+00
L0     5000  0.1000000000E+02  -.7876469090E+04  0.1795019917E+04
L1 0.2954840699E+03  0.2954840699E+03  -.9671489006E+10  0.1000000000E+01
L2 0.1000000000E+01  0.3436206403E+02  0.3436206403E+02  0.3436206403E+02
L3 0.3123298110E+05  -.4260423153E+03  0.1231693179E+02  0.6045635214E+03
L4 0.6361271264E+02  0.2911813188E+03  0.2955520817E+03  0.3017186073E+03
L5 0.8884520077E+03  0.3869498341E+03  0.2927834030E+03  0.1658209540E+03
L6 0.8455541911E+03  -.9671489006E+04  0.1462914522E+04  -.1120658852E+05
L7 0.0000000000E+00  0.2220104070E+01  0.4955328980E+01  0.9456857960E+01
L8 0.4234827987E+01  0.4637302854E+02  0.4944842421E+01  0.0000000000E+00
L9 0.0000000000E+00  0.0000000000E+00  0.0000000000E+00  0.9751023733E+00  0.0000000000E+00
L0     6000  0.1200000000E+02  -.7833879071E+04  0.1784879835E+04
L1 0.2938148780E+03  0.2938148780E+03  -.9618758906E+10  0.1000000000E+01
L2 0.1000000000E+01  0.3429403368E+02  0.3429403368E+02  0.3429403368E+02
L3 0.3104830794E+05  0.3128537824E+03  0.2464997338E+03  -.8731951052E+03
L4 -.1046138630E+03  0.2960733843E+03  0.3144229543E+03  0.2888745150E+03
L5 0.8993708536E+03  0.2261639276E+03  0.2593407931E+03  0.4839963222E+03
L6 0.9695010429E+03  -.9618758906E+04  0.1407079459E+04  -.1110519083E+05
L7 0.0000000000E+00  0.4415372912E+01  0.9061730093E+01  0.1126766067E+02
L8 0.3255748866E+01  0.4691718164E+02  0.4434766971E+01  0.0000000000E+00
L9 0.0000000000E+00  0.0000000000E+00  0.0000000000E+00  0.9809022142E+00  0.0000000000E+00
L0     7000  0.1400000000E+02  -.7905097852E+04  0.1825211905E+04
L1 0.3004540714E+03  0.3004540714E+03  -.9730309757E+10  0.1000000000E+01
L2 0.1000000000E+01  0.3433783744E+02  0.3433783744E+02  0.3433783744E+02
L3 0.3116654854E+05  0.4564444168E+02  -.8757751972E+02  0.6835406966E+03
L4 0.2138692062E+03  0.3003010151E+03  0.3096029633E+03  0.2975807698E+03
L5 0.9074847483E+03  0.2900625893E+03  0.3292473255E+03  0.1442569372E+03
L6 0.7635668519E+03  -.9730309757E+04  0.1501561572E+04  -.1130537512E+05
L7 0.0000000000E+00  0.2865442896E+01  0.7329924236E+01  0.9831095606E+01
L8 0.4083602164E+01  0.4636133713E+02  0.3032384904E+01  0.0000000000E+00
L9 0.0000000000E+00  0.0000000000E+00  0.0000000000E+00  0.9771808373E+00  0.0000000000E+00
L0     8000  0.1600000000E+02  -.7968413821E+04  0.1814750414E+04
L1 0.2987319713E+03  0.2987319713E+03  -.9783164236E+10  0.1000000000E+01
L2 0.1000000000E+01  0.3426608900E+02  0.3426608900E+02  0.3426608900E+02
L3 0.3097341662E+05  -.1025913206E+04  -.3309001601E+03  0.1523317281E+02
L4 -.4471933977E+03  0.3091389300E+03  0.2915872741E+03  0.2810879503E+03
L5 0.8818141543E+03  0.5378337429E+03  0.3653509704E+03  0.2776921975E+03
L6 0.1180876911E+04  -.9783164236E+04  0.1421942218E+04  -.1127596344E+05
L7 0.0000000000E+00  0.2952149334E+01  0.3707603968E+01  0.1152285205E+02
L8 0.3144484000E+01  0.4811507237E+02  0.1414824879E+01  0.0000000000E+00
L9 0.0000000000E+00  0.0000000000E+00  0.0000000000E+00  0.9832739596E+00  0.0000000000E+00
L0     9000  0.1800000000E+02  -.7971893905E+04  0.1763344403E+04
L1 0.2902698605E+03  0.2902698605E+03  -.9735238308E+10  0.1000000000E+01
L2 0.1000000000E+01  0.3417557236E+02  0.3417557236E+02  0.3417557236E+02
L3 0.3072735745E+05  -.7000524235E+02  -.1318225705E+03  0.2290851967E+03
L4 0.9085794614E+01  0.2983528653E+03  0.2909474181E+03  0.2909113042E+03
L5 0.8802115876E+03  0.3138343411E+03  0.3200996338E+03  0.2402497139E+03
L6 0.8741836887E+03  -.9735238308E+04  0.1455714370E+04  -.1126573325E+05
L7 0.0000000000E+00  0.3396226769E+01  0.1228879289E+02  0.1077838970E+02
L8 0.2870917256E+01  0.4439055884E+02  0.1055682399E+01  0.0000000000E+00
L9 0.0000000000E+00  0.0000000000E+00  0.0000000000E+00  0.9911478411E+00  0.0000000000E+00
L0    10000  0.2000000000E+02  -.7913460979E+04  0.1830325599E+04
L1 0.3012958532E+03  0.3012958532E+03  -.9743786578E+10  0.1000000000E+01
L2 0.1000000000E+01  0.3418491214E+02  0.3418491214E+02  0.3418491214E+02
L3 0.3075239214E+05  0.2439641423E+03  0.2262042953E+03  -.2630498230E+03
L4 0.6903953818E+02  0.3131009086E+03  0.2868604236E+03  0.2899354335E+03
L5 0.8898967657E+03  0.2591049218E+03  0.2367951802E+03  0.3481556074E+03
L6 0.8440557094E+03  -.9743786578E+04  0.1452243775E+04  -.1127765792E+05
L7 0.0000000000E+00  0.1731056811E+01  0.1240865734E+02  0.1320686240E+02
L8 0.2812996804E+01  0.4431414939E+02  0.7153848578E+01  0.0000000000E+00
L9 0.0000000000E+00  0.0000000000E+00  0.0000000000E+00  0.9903409745E+00  0.0000000000E+00
