L0  Nsteps           time(ps)         Etot             EKinetic        
L1  Temp             T_solute         T_solv           Pres_scal_solu  
L2  Pres_scal_solv   BoxX             BoxY             BoxZ            
L3  volume           pres_X           pres_Y           pres_Z          
L4  Pressure         EKCoM_x          EKCoM_y          EKCoM_z         
L5  EKComTot         VIRIAL_x         VIRIAL_y         VIRIAL_z        
L6  VIRIAL_tot       E_pot            E_vdw            E_el            
L7  E_hbon           E_bon            E_angle          E_dih           
L8  E_14vdw          E_14el           E_const          E_pol           
L9  AV_permMoment    AV_indMoment     AV_totMoment     Density          dV/dlambda      
L0     1000  0.2000000000E+01  -.7885939073E+04  0.1804951379E+04
L1 0.2928086843E+03  0.2928086843E+03  -.9690890451E+10  0.1000000000E+01
L2 0.1000000000E+01  0.3526202798E+02  0.3526202798E+02  0.3526202798E+02
L3 0.3375363536E+05  -.4891416959E+03  -.9881239813E+03  -.1120146020E+03
L4 -.5297600931E+03  0.3079365246E+03  0.2827439024E+03  0.3122680301E+03
L5 0.9029484571E+03  0.4267626181E+03  0.5227866416E+03  0.3394794857E+03
L6 0.1289028745E+04  -.9690890451E+04  0.1437498861E+04  -.1120217888E+05
L7 0.0000000000E+00  0.3114777950E+01  0.6277291467E+01  0.9862481222E+01
L8 0.3433791600E+01  0.4883356216E+02  0.2267660926E+01  0.0000000000E+00
L9 0.0000000000E+00  0.0000000000E+00  0.0000000000E+00  0.9155785816E+00  0.0000000000E+00
L0     2000  0.4000000000E+01  -.7909285730E+04  0.1847658187E+04
L1 0.2997368069E+03  0.2997368069E+03  -.9756943917E+10  0.1000000000E+01
L2 0.1000000000E+01  0.3485871828E+02  0.3485871828E+02  0.3485871828E+02
L3 0.3260906488E+05  -.7754926594E+03  -.1193037614E+04  -.3924201524E+02
L4 -.6692574297E+03  0.3084813327E+03  0.2978485426E+03  0.3083027203E+03
L5 0.9146325956E+03  0.4904818474E+03  0.5778427595E+03  0.3175124360E+03
L6 0.1385837043E+04  -.9756943917E+04  0.1405686422E+04  -.1123172076E+05
L7 0.0000000000E+00  0.2930997529E+01  0.1025305441E+02  0.9605977283E+01
L8 0.2484483265E+01  0.4137217087E+02  0.2443735080E+01  0.0000000000E+00
L9 0.0000000000E+00  0.0000000000E+00  0.0000000000E+00  0.9477151737E+00  0.0000000000E+00
L0     3000  0.6000000000E+01  -.8027727137E+04  0.1790383496E+04
L1 0.2904454060E+03  0.2904454060E+03  -.9818110633E+10  0.1000000000E+01
L2 0.1000000000E+01  0.3450260226E+02  0.3450260226E+02  0.3450260226E+02
L3 0.3161867816E+05  -.2732819853E+03  -.2961379136E+03  -.2034785742E+03
L4 -.2576328244E+03  0.3106376530E+03  0.2829184450E+03  0.3176980901E+03
L5 0.9112541881E+03  0.3728263266E+03  0.3503082659E+03  0.3640021399E+03
L6 0.1087136732E+04  -.9818110633E+04  0.1438846270E+04  -.1133572487E+05
L7 0.0000000000E+00  0.5340507839E+01  0.1111917728E+02  0.1083810148E+02
L8 0.4103649605E+01  0.4485619587E+02  0.2510334763E+01  0.0000000000E+00
L9 0.0000000000E+00  0.0000000000E+00  0.0000000000E+00  0.9774003019E+00  0.0000000000E+00
L0     4000  0.8000000000E+01  -.8017139724E+04  0.1863112470E+04
L1 0.3022438818E+03  0.3022438818E+03  -.9880252194E+10  0.1000000000E+01
L2 0.1000000000E+01  0.3442762228E+02  0.3442762228E+02  0.3442762228E+02
L3 0.3141216125E+05  -.7601932273E+02  -.4718212392E+03  0.6597222663E+03
L4 0.3729390145E+02  0.3167492193E+03  0.3163680804E+03  0.3095860477E+03
L5 0.9427033474E+03  0.3339353612E+03  0.4230355236E+03  0.1604386980E+03
L6 0.9174095828E+03  -.9880252194E+04  0.1481949209E+04  -.1144153473E+05
L7 0.0000000000E+00  0.7346670417E+01  0.9636251402E+01  0.9240722368E+01
L8 0.4292314141E+01  0.4733364098E+02  0.1483727205E+01  0.0000000000E+00
L9 0.0000000000E+00  0.0000000000E+00  0.0000000000E+00  0.9838261475E+00  0.0000000000E+00
L0     5000  0.1000000000E+02  -.8062628460E+04  0.1836911001E+04
L1 0.2979933420E+03  0.2979933420E+03  -.9899539461E+10  0.1000000000E+01
L2 0.1000000000E+01  0.3429365422E+02  0.3429365422E+02  0.3429365422E+02
L3 0.3104698912E+05  -.5281335417E+03  0.3609737686E+03  0.1654921433E+03
L4 -.5558766053E+00  0.2859045676E+03  0.3080761775E+03  0.3222252117E+03
L5 0.9162059568E+03  0.4039148419E+03  0.2274173856E+03  0.2852463575E+03
L6 0.9165785850E+03  -.9899539461E+04  0.1465332656E+04  -.1144202660E+05
L7 0.0000000000E+00  0.2428180282E+01  0.7759734898E+01  0.1000148833E+02
L8 0.3449935157E+01  0.5128953462E+02  0.2225607293E+01  0.0000000000E+00
L9 0.0000000000E+00  0.0000000000E+00  0.0000000000E+00  0.9953978297E+00  0.0000000000E+00
L0     6000  0.1200000000E+02  -.8025126112E+04  0.1826103475E+04
L1 0.2962400884E+03  0.2962400884E+03  -.9851229587E+10  0.1000000000E+01
L2 0.1000000000E+01  0.3438785189E+02  0.3438785189E+02  0.3438785189E+02
L3 0.3130277706E+05  0.2871980828E+03  0.1477700093E+03  0.3742031569E+03
L4 0.2697237497E+03  0.2919437455E+03  0.2896253125E+03  0.2938044445E+03
L5 0.8753735025E+03  0.2272412569E+03  0.2563343962E+03  0.2095006941E+03
L6 0.6930763472E+03  -.9851229587E+04  0.1517027037E+04  -.1144182343E+05
L7 0.0000000000E+00  0.1959121767E+01  0.3965942683E+01  0.1075246913E+02
L8 0.3921526531E+01  0.4992539371E+02  0.3042349121E+01  0.0000000000E+00
L9 0.0000000000E+00  0.0000000000E+00  0.0000000000E+00  0.9872640222E+00  0.0000000000E+00
L0     7000  0.1400000000E+02  -.7928688198E+04  0.1898098643E+04
L1 0.3079195224E+03  0.3079195224E+03  -.9826786841E+10  0.1000000000E+01
L2 0.1000000000E+01  0.3443886453E+02  0.3443886453E+02  0.3443886453E+02
L3 0.3144357428E+05  -.9512855684E+03  0.5379786356E+03  -.1489918905E+03
L4 -.1874329411E+03  0.2986322648E+03  0.3284669906E+03  0.3314786506E+03
L5 0.9585779060E+03  0.5139101389E+03  0.2067213226E+03  0.3651958209E+03
L6 0.1085827282E+04  -.9826786841E+04  0.1430940716E+04  -.1133106125E+05
L7 0.0000000000E+00  0.2717681457E+01  0.8380747640E+01  0.9688607817E+01
L8 0.3231248759E+01  0.4393321634E+02  0.5382187183E+01  0.0000000000E+00
L9 0.0000000000E+00  0.0000000000E+00  0.0000000000E+00  0.9828432770E+00  0.0000000000E+00
L0     8000  0.1600000000E+02  -.7916623685E+04  0.1859841253E+04
L1 0.3017132078E+03  0.3017132078E+03  -.9776464938E+10  0.1000000000E+01
L2 0.1000000000E+01  0.3448763809E+02  0.3448763809E+02  0.3448763809E+02
L3 0.3157777687E+05  -.4331789321E+03  -.4851571702E+03  -.8994263683E+02
L4 -.3360929130E+03  0.2983481877E+03  0.3142190551E+03  0.3019350269E+03
L5 0.9145022697E+03  0.3967958613E+03  0.4244797146E+03  0.3223761026E+03
L6 0.1143651679E+04  -.9776464938E+04  0.1396338005E+04  -.1124322438E+05
L7 0.0000000000E+00  0.1811933284E+01  0.8174172205E+01  0.1118195278E+02
L8 0.2584872086E+01  0.4470447207E+02  0.1964030678E+01  0.0000000000E+00
L9 0.0000000000E+00  0.0000000000E+00  0.0000000000E+00  0.9786662853E+00  0.0000000000E+00
L0     9000  0.1800000000E+02  -.7971514646E+04  0.1846612019E+04
L1 0.2995670921E+03  0.2995670921E+03  -.9818126665E+10  0.1000000000E+01
L2 0.1000000000E+01  0.3434713612E+02  0.3434713612E+02  0.3434713612E+02
L3 0.3119215509E+05  0.2986609129E+03  0.6183782343E+03  -.5773492534E+03
L4 0.1132299646E+03  0.3069093779E+03  0.3037583068E+03  0.2998584202E+03
L5 0.9105261049E+03  0.2398622235E+03  0.1649369911E+03  0.4294690348E+03
L6 0.8342682494E+03  -.9818126665E+04  0.1463473008E+04  -.1135700582E+05
L7 0.0000000000E+00  0.2859676060E+01  0.1594235826E+02  0.1075111595E+02
L8 0.1701305633E+01  0.4181502290E+02  0.2336668733E+01  0.0000000000E+00
L9 0.0000000000E+00  0.0000000000E+00  0.0000000000E+00  0.9907653221E+00  0.0000000000E+00
L0    10000  0.2000000000E+02  -.7923900713E+04  0.1872394065E+04
L1 0.3037495908E+03  0.3037495908E+03  -.9796294777E+10  0.1000000000E+01
L2 0.1000000000E+01  0.3439111876E+02  0.3439111876E+02  0.3439111876E+02
L3 0.3131312869E+05  -.2790597362E+03  0.7939265240E+02  -.5264879513E+03
L4 -.2420516784E+03  0.2975117538E+03  0.3197382767E+03  0.3087384155E+03
L5 0.9259884460E+03  0.3604015550E+03  0.3018460928E+03  0.4273894365E+03
L6 0.1089637084E+04  -.9796294777E+04  0.1423960756E+04  -.1129855119E+05
L7 0.0000000000E+00  0.4770719308E+01  0.9531183487E+01  0.1042819102E+02
L8 0.3648300976E+01  0.4692762340E+02  0.2989636647E+01  0.0000000000E+00
L9 0.0000000000E+00  0.0000000000E+00  0.0000000000E+00  0.9869376480E+00  0.0000000000E+00
