L0  Nsteps           time(ps)         Etot             EKinetic        
L1  Temp             T_solute         T_solv           Pres_scal_solu  
L2  Pres_scal_solv   BoxX             BoxY             BoxZ            
L3  volume           pres_X           pres_Y           pres_Z          
L4  Pressure         EKCoM_x          EKCoM_y          EKCoM_z         
L5  EKComTot         VIRIAL_x         VIRIAL_y         VIRIAL_z        
L6  VIRIAL_tot       E_pot            E_vdw            E_el            
L7  E_hbon           E_bon            E_angle          E_dih           
L8  E_14vdw          E_14el           E_const          E_pol           
L9  AV_permMoment    AV_indMoment     AV_totMoment     Density          dV/dlambda      
L0     1000  0.2000000000E+01  -.7613230996E+04  0.1723556691E+04
L1 0.2894003614E+03  0.2894003614E+03  -.9336787688E+10  0.1000000000E+01
L2 0.1000000000E+01  0.3505506429E+02  0.3505506429E+02  0.3505506429E+02
L3 0.3316391575E+05  -.7173663522E+03  -.1034227299E+04  -.9839169184E+03
L4 -.9118368566E+03  0.2902717033E+03  0.2863945295E+03  0.2852903086E+03
L5 0.8619565414E+03  0.4614952093E+03  0.5332475129E+03  0.5201350346E+03
L6 0.1514877757E+04  -.9336787688E+04  0.1355831807E+04  -.1076620908E+05
L7 0.0000000000E+00  0.2073537362E+01  0.7045246662E+01  0.1163191074E+02
L8 0.3532928562E+01  0.4710816735E+02  0.2197792815E+01  0.0000000000E+00
L9 0.0000000000E+00  0.0000000000E+00  0.0000000000E+00  0.9002862864E+00  0.0000000000E+00
L0     2000  0.4000000000E+01  -.7623914685E+04  0.1808195419E+04
L1 0.3036119498E+03  0.3036119498E+03  -.9432110104E+10  0.1000000000E+01
L2 0.1000000000E+01  0.3445061727E+02  0.3445061727E+02  0.3445061727E+02
L3 0.3147585723E+05  -.8201823845E+02  -.8049048431E+02  -.4856105519E+03
L4 -.2160397582E+03  0.2849801980E+03  0.2920489229E+03  0.2867861694E+03
L5 0.8638152903E+03  0.3035601499E+03  0.3102827859E+03  0.3967936609E+03
L6 0.1010636597E+04  -.9432110104E+04  0.1431844976E+04  -.1093534517E+05
L7 0.0000000000E+00  0.2897264102E+01  0.7165909301E+01  0.1122898913E+02
L8 0.3955238112E+01  0.4492441189E+02  0.1218274402E+01  0.0000000000E+00
L9 0.0000000000E+00  0.0000000000E+00  0.0000000000E+00  0.9485688772E+00  0.0000000000E+00
L0     3000  0.6000000000E+01  -.7808027558E+04  0.1754712115E+04
L1 0.2946316316E+03  0.2946316316E+03  -.9562739673E+10  0.1000000000E+01
L2 0.1000000000E+01  0.3416062670E+02  0.3416062670E+02  0.3416062670E+02
L3 0.3068790473E+05  -.6753151660E+03  -.9627215302E+02  -.1247459270E+03
L4 -.2987777487E+03  0.2954180921E+03  0.2885373177E+03  0.2935658681E+03
L5 0.8775212779E+03  0.4445705177E+03  0.3098003158E+03  0.3211176817E+03
L6 0.1075488515E+04  -.9562739673E+04  0.1423510803E+04  -.1106282212E+05
L7 0.0000000000E+00  0.4308603038E+01  0.8044650126E+01  0.1196925997E+02
L8 0.2811719826E+01  0.4695448946E+02  0.2482922634E+01  0.0000000000E+00
L9 0.0000000000E+00  0.0000000000E+00  0.0000000000E+00  0.9729246363E+00  0.0000000000E+00
L0     4000  0.8000000000E+01  -.7768246433E+04  0.1769637293E+04
L1 0.2971377006E+03  0.2971377006E+03  -.9537883725E+10  0.1000000000E+01
L2 0.1000000000E+01  0.3399267376E+02  0.3399267376E+02  0.3399267376E+02
L3 0.3023546036E+05  0.3326043646E+03  0.2546069861E+03  0.7732580004E+03
L4 0.4534897837E+03  0.3016334185E+03  0.3095930011E+03  0.2894714014E+03
L5 0.9006978211E+03  0.2292563299E+03  0.2541886999E+03  0.1212049300E+03
L6 0.6046499598E+03  -.9537883725E+04  0.1484372934E+04  -.1109840481E+05
L7 0.0000000000E+00  0.6375060069E+01  0.5840106939E+01  0.1094589697E+02
L8 0.3371491329E+01  0.4545339923E+02  0.4162197701E+01  0.0000000000E+00
L9 0.0000000000E+00  0.0000000000E+00  0.0000000000E+00  0.9874835110E+00  0.0000000000E+00
L0     5000  0.1000000000E+02  -.7818289677E+04  0.1766934559E+04
L1 0.2966838877E+03  0.2966838877E+03  -.9585224236E+10  0.1000000000E+01
L2 0.1000000000E+01  0.3401479000E+02  0.3401479000E+02  0.3401479000E+02
L3 0.3029501317E+05  0.1115559509E+03  0.7289389655E+03  -.3425187528E+02
L4 0.2687476804E+03  0.2871082056E+03  0.3061421765E+03  0.2885906390E+03
L5 0.8818410211E+03  0.2627850192E+03  0.1472074160E+03  0.2960587726E+03
L6 0.7060512078E+03  -.9585224236E+04  0.1492851913E+04  -.1115410073E+05
L7 0.0000000000E+00  0.4211578600E+01  0.7258958232E+01  0.1356052085E+02
L8 0.1833515902E+01  0.4372493590E+02  0.5435073595E+01  0.0000000000E+00
L9 0.0000000000E+00  0.0000000000E+00  0.0000000000E+00  0.9855423525E+00  0.0000000000E+00
L0     6000  0.1200000000E+02  -.7683893487E+04  0.1860453606E+04
L1 0.3123865600E+03  0.3123865600E+03  -.9544347093E+10  0.1000000000E+01
L2 0.1000000000E+01  0.3405226316E+02  0.3405226316E+02  0.3405226316E+02
L3 0.3039747277E+05  -.6257188016E+03  -.2191274387E+03  -.8093277006E+03
L4 -.5513913136E+03  0.3144275171E+03  0.3115688675E+03  0.3064038450E+03
L5 0.9324002295E+03  0.4513180023E+03  0.3595080717E+03  0.4834630309E+03
L6 0.1294289105E+04  -.9544347093E+04  0.1342398446E+04  -.1096310190E+05
L7 0.0000000000E+00  0.3108655620E+01  0.6699133644E+01  0.1255439581E+02
L8 0.2271316424E+01  0.4852001934E+02  0.3202836311E+01  0.0000000000E+00
L9 0.0000000000E+00  0.0000000000E+00  0.0000000000E+00  0.9822204228E+00  0.0000000000E+00
L0     7000  0.1400000000E+02  -.7749192423E+04  0.1846574764E+04
L1 0.3100561801E+03  0.3100561801E+03  -.9595767186E+10  0.1000000000E+01
L2 0.1000000000E+01  0.3409557584E+02  0.3409557584E+02  0.3409557584E+02
L3 0.3051173112E+05  0.1663882274E+03  -.1641062840E+02  0.2693532796E+03
L4 0.1397769595E+03  0.3140151082E+03  0.2982446288E+03  0.3132149710E+03
L5 0.9254747080E+03  0.2774770029E+03  0.3018483289E+03  0.2540662039E+03
L6 0.8333915357E+03  -.9595767186E+04  0.1470557049E+04  -.1114543792E+05
L7 0.0000000000E+00  0.2333735494E+01  0.7412192777E+01  0.1051665548E+02
L8 0.3958217911E+01  0.5152445438E+02  0.3368425139E+01  0.0000000000E+00
L9 0.0000000000E+00  0.0000000000E+00  0.0000000000E+00  0.9785422675E+00  0.0000000000E+00
L0     8000  0.1600000000E+02  -.7751909385E+04  0.1798153649E+04
L1 0.3019258481E+03  0.3019258481E+03  -.9550063034E+10  0.1000000000E+01
L2 0.1000000000E+01  0.3404920674E+02  0.3404920674E+02  0.3404920674E+02
L3 0.3038822921E+05  -.3423181863E+03  0.2321297929E+03  -.3717967993E+03
L4 -.1606617309E+03  0.3075778759E+03  0.2816031328E+03  0.2893059856E+03
L5 0.8784869943E+03  0.3824451371E+03  0.2308348051E+03  0.3706204153E+03
L6 0.9839003576E+03  -.9550063034E+04  0.1413523174E+04  -.1104046192E+05
L7 0.0000000000E+00  0.2696335939E+01  0.8836103244E+01  0.1213196611E+02
L8 0.3551676434E+01  0.4554775910E+02  0.4111870265E+01  0.0000000000E+00
L9 0.0000000000E+00  0.0000000000E+00  0.0000000000E+00  0.9825191966E+00  0.0000000000E+00
L0     9000  0.1800000000E+02  -.7705652058E+04  0.1772205748E+04
L1 0.2975689669E+03  0.2975689669E+03  -.9477857806E+10  0.1000000000E+01
L2 0.1000000000E+01  0.3409245319E+02  0.3409245319E+02  0.3409245319E+02
L3 0.3050466625E+05  -.3481192220E+03  -.4822695973E+03  -.2030387376E+03
L4 -.3444758523E+03  0.3034458680E+03  0.2856838090E+03  0.2800330257E+03
L5 0.8691627027E+03  0.3798735807E+03  0.3915635188E+03  0.3246090942E+03
L6 0.1096046194E+04  -.9477857806E+04  0.1364765975E+04  -.1092124276E+05
L7 0.0000000000E+00  0.4973221264E+01  0.1489906481E+02  0.1094058981E+02
L8 0.3054041374E+01  0.3996275475E+02  0.4789302954E+01  0.0000000000E+00
L9 0.0000000000E+00  0.0000000000E+00  0.0000000000E+00  0.9787688973E+00  0.0000000000E+00
L0    10000  0.2000000000E+02  -.7749611850E+04  0.1747514578E+04
L1 0.2934231018E+03  0.2934231018E+03  -.9497126428E+10  0.1000000000E+01
L2 0.1000000000E+01  0.3401926986E+02  0.3401926986E+02  0.3401926986E+02
L3 0.3030777462E+05  0.1306919127E+03  0.1279121576E+03  -.3290505455E+03
L4 -.2348215838E+02  0.3185359376E+03  0.2996822139E+03  0.2844378942E+03
L5 0.9026560458E+03  0.2900284238E+03  0.2717810415E+03  0.3562129013E+03
L6 0.9180223666E+03  -.9497126428E+04  0.1417875600E+04  -.1099375772E+05
L7 0.0000000000E+00  0.4251461125E+01  0.1263564489E+02  0.1323264526E+02
L8 0.3246311527E+01  0.4414940112E+02  0.1240229160E+01  0.0000000000E+00
L9 0.0000000000E+00  0.0000000000E+00  0.0000000000E+00  0.9851273781E+00  0.0000000000E+00
