L0  Nsteps           time(ps)         Etot             EKinetic        
L1  Temp             T_solute         T_solv           Pres_scal_solu  
L2  Pres_scal_solv   BoxX             BoxY             BoxZ            
L3  volume           pres_X           pres_Y           pres_Z          
L4  Pressure         EKCoM_x          EKCoM_y          EKCoM_z         
L5  EKComTot         VIRIAL_x         VIRIAL_y         VIRIAL_z        
L6  VIRIAL_tot       E_pot            E_vdw            E_el            
L7  E_hbon           E_bon            E_angle          E_dih           
L8  E_14vdw          E_14el           E_const          E_pol           
L9  AV_permMoment    AV_indMoment     AV_totMoment     Density          dV/dlambda      
L0     1000  0.2000000000E+01  -.6960743493E+04  0.1574882062E+04
L1 0.2928737739E+03  0.2928737739E+03  -.8535625556E+10  0.1000000000E+01
L2 0.1000000000E+01  0.3370321029E+02  0.3370321029E+02  0.3370321029E+02
L3 0.2947238904E+05  -.6176292955E+03  -.5874596072E+03  -.6036286558E+03
L4 -.6029058528E+03  0.2570148893E+03  0.2619608461E+03  0.2528533057E+03
L5 0.7718290412E+03  0.3880234903E+03  0.3865699956E+03  0.3808921573E+03
L6 0.1155485643E+04  -.8535625556E+04  0.1290225371E+04  -.9904426567E+04
L7 0.0000000000E+00  0.3584730634E+01  0.1116947217E+02  0.1323428197E+02
L8 0.3355532145E+01  0.4583326897E+02  0.1398354085E+01  0.0000000000E+00
L9 0.0000000000E+00  0.0000000000E+00  0.0000000000E+00  0.9145879417E+00  0.0000000000E+00
L0     2000  0.4000000000E+01  -.6897127730E+04  0.1613077320E+04
L1 0.2999767751E+03  0.2999767751E+03  -.8510205050E+10  0.1000000000E+01
L2 0.1000000000E+01  0.3319799947E+02  0.3319799947E+02  0.3319799947E+02
L3 0.2816606921E+05  -.2972743361E+02  -.4778312762E+03  -.4470400101E+03
L4 -.3181995733E+03  0.2527048984E+03  0.2424737518E+03  0.2901829844E+03
L5 0.7853616347E+03  0.2587310526E+03  0.3393366357E+03  0.3808040608E+03
L6 0.9788717491E+03  -.8510205050E+04  0.1264347311E+04  -.9855025120E+04
L7 0.0000000000E+00  0.6289861414E+01  0.8134603436E+01  0.1141465833E+02
L8 0.3109967702E+01  0.4825365212E+02  0.3270015833E+01  0.0000000000E+00
L9 0.0000000000E+00  0.0000000000E+00  0.0000000000E+00  0.9570058013E+00  0.0000000000E+00
L0     3000  0.6000000000E+01  -.6887429888E+04  0.1636393041E+04
L1 0.3043126956E+03  0.3043126956E+03  -.8523822930E+10  0.1000000000E+01
L2 0.1000000000E+01  0.3299710187E+02  0.3299710187E+02  0.3299710187E+02
L3 0.2765789312E+05  -.5637563191E+03  0.1377882682E+03  -.6215829762E+03
L4 -.3491836757E+03  0.2804537843E+03  0.2833518319E+03  0.2506583493E+03
L5 0.8144639655E+03  0.3926729659E+03  0.2559242250E+03  0.3743882846E+03
L6 0.1022985475E+04  -.8523822930E+04  0.1225768649E+04  -.9826002205E+04
L7 0.0000000000E+00  0.2142559513E+01  0.1025989885E+02  0.1352667082E+02
L8 0.2715251727E+01  0.4430136345E+02  0.3464882130E+01  0.0000000000E+00
L9 0.0000000000E+00  0.0000000000E+00  0.0000000000E+00  0.9745894786E+00  0.0000000000E+00
L0     4000  0.8000000000E+01  -.6963242639E+04  0.1610188512E+04
L1 0.2994395564E+03  0.2994395564E+03  -.8573431151E+10  0.1000000000E+01
L2 0.1000000000E+01  0.3299975739E+02  0.3299975739E+02  0.3299975739E+02
L3 0.2766242668E+05  0.6741581678E+03  0.6623911949E+03  0.2231279642E+03
L4 0.5198924423E+03  0.2653217431E+03  0.2767135726E+03  0.2622749439E+03
L5 0.8043102596E+03  0.1311043942E+03  0.1448388963E+03  0.2178526625E+03
L6 0.4937959530E+03  -.8573431151E+04  0.1358541476E+04  -.1001092029E+05
L7 0.0000000000E+00  0.2341781540E+01  0.9348267597E+01  0.1205815286E+02
L8 0.4205087624E+01  0.4790355734E+02  0.3090814517E+01  0.0000000000E+00
L9 0.0000000000E+00  0.0000000000E+00  0.0000000000E+00  0.9744297542E+00  0.0000000000E+00
L0     5000  0.1000000000E+02  -.7023248144E+04  0.1620879794E+04
L1 0.3014277663E+03  0.3014277663E+03  -.8644127938E+10  0.1000000000E+01
L2 0.1000000000E+01  0.3283287761E+02  0.3283287761E+02  0.3283287761E+02
L3 0.2724607383E+05  0.6823497656E+03  -.4415488608E+03  -.1565016432E+03
L4 0.2809975387E+02  0.2552873787E+03  0.2582945324E+03  0.2637502458E+03
L5 0.7773321569E+03  0.1214838534E+03  0.3448788578E+03  0.2944390107E+03
L6 0.7608017220E+03  -.8644127938E+04  0.1302988220E+04  -.1002286151E+05
L7 0.0000000000E+00  0.1704309067E+01  0.8364706062E+01  0.1361799804E+02
L8 0.3392654655E+01  0.4634139237E+02  0.2324288229E+01  0.0000000000E+00
L9 0.0000000000E+00  0.0000000000E+00  0.0000000000E+00  0.9893202153E+00  0.0000000000E+00
L0     6000  0.1200000000E+02  -.7003588739E+04  0.1594085425E+04
L1 0.2964449373E+03  0.2964449373E+03  -.8597674164E+10  0.1000000000E+01
L2 0.1000000000E+01  0.3286126606E+02  0.3286126606E+02  0.3286126606E+02
L3 0.2731702864E+05  -.4202362907E+03  0.4965579847E+03  -.2628370764E+03
L4 -.6217179412E+02  0.2625762728E+03  0.2630519696E+03  0.2608688297E+03
L5 0.7864970721E+03  0.3451959688E+03  0.1654272032E+03  0.3125433753E+03
L6 0.8231665472E+03  -.8597674164E+04  0.1268644157E+04  -.9942572505E+04
L7 0.0000000000E+00  0.2428688927E+01  0.1455210000E+02  0.1094872947E+02
L8 0.2440520679E+01  0.4319924052E+02  0.2684904731E+01  0.0000000000E+00
L9 0.0000000000E+00  0.0000000000E+00  0.0000000000E+00  0.9867504987E+00  0.0000000000E+00
L0     7000  0.1400000000E+02  -.6995005323E+04  0.1614296962E+04
L1 0.3002035866E+03  0.3002035866E+03  -.8609302285E+10  0.1000000000E+01
L2 0.1000000000E+01  0.3290955943E+02  0.3290955943E+02  0.3290955943E+02
L3 0.2743864438E+05  -.3548816347E+03  -.3359725197E+03  -.7241268348E+03
L4 -.4716603297E+03  0.2546732904E+03  0.2779410584E+03  0.2622515253E+03
L5 0.7948658741E+03  0.3247546883E+03  0.3442883177E+03  0.4052508126E+03
L6 0.1074293819E+04  -.8609302285E+04  0.1229244824E+04  -.9915013587E+04
L7 0.0000000000E+00  0.3229892724E+01  0.8211664403E+01  0.1400428152E+02
L8 0.3273570714E+01  0.4460691441E+02  0.3140153935E+01  0.0000000000E+00
L9 0.0000000000E+00  0.0000000000E+00  0.0000000000E+00  0.9823769445E+00  0.0000000000E+00
L0     8000  0.1600000000E+02  -.6961632439E+04  0.1605277717E+04
L1 0.2985263178E+03  0.2985263178E+03  -.8566910156E+10  0.1000000000E+01
L2 0.1000000000E+01  0.3285671773E+02  0.3285671773E+02  0.3285671773E+02
L3 0.2730639756E+05  -.9071081243E+03  -.3668517314E+03  0.2126941653E+03
L4 -.3537552301E+03  0.2491682720E+03  0.2675495825E+03  0.2595798021E+03
L5 0.7762976565E+03  0.4274390031E+03  0.3396456476E+03  0.2177797748E+03
L6 0.9848644254E+03  -.8566910156E+04  0.1218742930E+04  -.9857637029E+04
L7 0.0000000000E+00  0.9112513330E+00  0.7833702691E+01  0.1056008585E+02
L8 0.3103013858E+01  0.4754182491E+02  0.2034064766E+01  0.0000000000E+00
L9 0.0000000000E+00  0.0000000000E+00  0.0000000000E+00  0.9871346659E+00  0.0000000000E+00
L0     9000  0.1800000000E+02  -.6929745488E+04  0.1657906447E+04
L1 0.3083134475E+03  0.3083134475E+03  -.8587651935E+10  0.1000000000E+01
L2 0.1000000000E+01  0.3287359129E+02  0.3287359129E+02  0.3287359129E+02
L3 0.2734751249E+05  0.5880920587E+01  0.5003345538E+03  -.3668906030E+03
L4 0.4644162382E+02  0.2789747890E+03  0.2674826310E+03  0.2696034806E+03
L5 0.8160609006E+03  0.2778172924E+03  0.1690056091E+03  0.3418157507E+03
L6 0.7886386522E+03  -.8587651935E+04  0.1275499638E+04  -.9942245811E+04
L7 0.0000000000E+00  0.3043508713E+01  0.1110308211E+02  0.1392972608E+02
L8 0.1899213997E+01  0.4681970321E+02  0.2299004624E+01  0.0000000000E+00
L9 0.0000000000E+00  0.0000000000E+00  0.0000000000E+00  0.9856505831E+00  0.0000000000E+00
L0    10000  0.2000000000E+02  -.6937831369E+04  0.1603408395E+04
L1 0.2981786884E+03  0.2981786884E+03  -.8541239763E+10  0.1000000000E+01
L2 0.1000000000E+01  0.3285287827E+02  0.3285287827E+02  0.3285287827E+02
L3 0.2729577017E+05  0.1278063359E+02  -.3380426904E+02  0.2607039370E+03
L4 0.7989343386E+02  0.2602597597E+03  0.2531253207E+03  0.2713860825E+03
L5 0.7847711629E+03  0.2577490049E+03  0.2597661678E+03  0.2201708059E+03
L6 0.7376859786E+03  -.8541239763E+04  0.1263508897E+04  -.9883569707E+04
L7 0.0000000000E+00  0.3154001390E+01  0.9987307547E+01  0.1408064802E+02
L8 0.3736383525E+01  0.4524806432E+02  0.2614642225E+01  0.0000000000E+00
L9 0.0000000000E+00  0.0000000000E+00  0.0000000000E+00  0.9875189989E+00  0.0000000000E+00
