L0  Nsteps           time(ps)         Etot             EKinetic        
L1  Temp             T_solute         T_solv           Pres_scal_solu  
L2  Pres_scal_solv   BoxX             BoxY             BoxZ            
L3  volume           pres_X           pres_Y           pres_Z          
L4  Pressure         EKCoM_x          EKCoM_y          EKCoM_z         
L5  EKComTot         VIRIAL_x         VIRIAL_y         VIRIAL_z        
L6  VIRIAL_tot       E_pot            E_vdw            E_el            
L7  E_hbon           E_bon            E_angle          E_dih           
L8  E_14vdw          E_14el           E_const          E_pol           
L9  AV_permMoment    AV_indMoment     AV_totMoment     Density          dV/dlambda      
L0     1000  0.2000000000E+01  -.6994766204E+04  0.1624567306E+04
L1 0.2965249095E+03  0.2965249095E+03  -.8619333510E+10  0.1000000000E+01
L2 0.1000000000E+01  0.3401956376E+02  0.3401956376E+02  0.3401956376E+02
L3 0.3031080920E+05  -.1216220819E+04  -.5581357835E+03  -.7916244657E+03
L4 -.8553270226E+03  0.2712119184E+03  0.2592277316E+03  0.2745353876E+03
L5 0.8049750376E+03  0.5365298140E+03  0.3809847426E+03  0.4472278248E+03
L6 0.1364742381E+04  -.8619333510E+04  0.1263510621E+04  -.9954294107E+04
L7 0.0000000000E+00  0.1208334413E+01  0.9768534232E+01  0.1254650578E+02
L8 0.2683276371E+01  0.4280159360E+02  0.2441732289E+01  0.0000000000E+00
L9 0.0000000000E+00  0.0000000000E+00  0.0000000000E+00  0.9060687420E+00  0.0000000000E+00
L0     2000  0.4000000000E+01  -.7141731183E+04  0.1592736700E+04
L1 0.2907150133E+03  0.2907150133E+03  -.8734467883E+10  0.1000000000E+01
L2 0.1000000000E+01  0.3350583550E+02  0.3350583550E+02  0.3350583550E+02
L3 0.2895702660E+05  -.8821003794E+03  0.3524508227E+02  -.2709894501E+03
L4 -.3726149157E+03  0.2652606393E+03  0.2704950391E+03  0.2488630005E+03
L5 0.7846186789E+03  0.4490957894E+03  0.2631497470E+03  0.3053388703E+03
L6 0.1017584407E+04  -.8734467883E+04  0.1319170035E+04  -.1012676379E+05
L7 0.0000000000E+00  0.3088715434E+01  0.1288272118E+02  0.1038161677E+02
L8 0.1859417451E+01  0.4121342589E+02  0.3699973013E+01  0.0000000000E+00
L9 0.0000000000E+00  0.0000000000E+00  0.0000000000E+00  0.9484287574E+00  0.0000000000E+00
L0     3000  0.6000000000E+01  -.7097997751E+04  0.1626209570E+04
L1 0.2968246646E+03  0.2968246646E+03  -.8724207322E+10  0.1000000000E+01
L2 0.1000000000E+01  0.3321691714E+02  0.3321691714E+02  0.3321691714E+02
L3 0.2821392769E+05  -.4775019761E+03  -.3467972084E+03  0.2508353609E+03
L4 -.1911546079E+03  0.2696358642E+03  0.2577602017E+03  0.2785085278E+03
L5 0.8059045937E+03  0.3665964659E+03  0.3281801533E+03  0.2275743982E+03
L6 0.9223510174E+03  -.8724207322E+04  0.1279163356E+04  -.1007697817E+05
L7 0.0000000000E+00  0.1674259772E+01  0.6033748474E+01  0.1149241488E+02
L8 0.3875805637E+01  0.4821748480E+02  0.2313777029E+01  0.0000000000E+00
L9 0.0000000000E+00  0.0000000000E+00  0.0000000000E+00  0.9734084904E+00  0.0000000000E+00
L0     4000  0.8000000000E+01  -.7124465356E+04  0.1608014826E+04
L1 0.2935036603E+03  0.2935036603E+03  -.8732480182E+10  0.1000000000E+01
L2 0.1000000000E+01  0.3311720932E+02  0.3311720932E+02  0.3311720932E+02
L3 0.2795844801E+05  0.6006818321E+03  0.8107277505E+03  0.6264040281E+03
L4 0.6792712036E+03  0.2557757882E+03  0.2454042117E+03  0.2565498668E+03
L5 0.7577298666E+03  0.1349070087E+03  0.8227013897E+02  0.1305052850E+03
L6 0.3476824327E+03  -.8732480182E+04  0.1396760126E+04  -.1020528017E+05
L7 0.0000000000E+00  0.2595279487E+01  0.4128122418E+01  0.1295285616E+02
L8 0.5796272502E+01  0.4978929650E+02  0.7780363849E+00  0.0000000000E+00
L9 0.0000000000E+00  0.0000000000E+00  0.0000000000E+00  0.9823033364E+00  0.0000000000E+00
L0     5000  0.1000000000E+02  -.7084654110E+04  0.1640865571E+04
L1 0.2994997581E+03  0.2994997581E+03  -.8725519681E+10  0.1000000000E+01
L2 0.1000000000E+01  0.3310747880E+02  0.3310747880E+02  0.3310747880E+02
L3 0.2793530441E+05  -.1982413383E+03  0.1350285357E+03  0.3028888043E+03
L4 0.7989200054E+02  0.2891617505E+03  0.2745812162E+03  0.2638770783E+03
L5 0.8276200450E+03  0.3290187140E+03  0.2474333596E+03  0.2029804554E+03
L6 0.7794325291E+03  -.8725519681E+04  0.1297856907E+04  -.1009915608E+05
L7 0.0000000000E+00  0.4404039977E+01  0.7506920222E+01  0.1098794566E+02
L8 0.3952882227E+01  0.4488644950E+02  0.4041248801E+01  0.0000000000E+00
L9 0.0000000000E+00  0.0000000000E+00  0.0000000000E+00  0.9831171466E+00  0.0000000000E+00
L0     6000  0.1200000000E+02  -.7120338392E+04  0.1613240109E+04
L1 0.2944574076E+03  0.2944574076E+03  -.8733578502E+10  0.1000000000E+01
L2 0.1000000000E+01  0.3302535019E+02  0.3302535019E+02  0.3302535019E+02
L3 0.2772867447E+05  -.2025677349E+03  -.3032832841E+03  -.1633038504E+03
L4 -.2230516231E+03  0.2747220727E+03  0.2716147401E+03  0.2671551801E+03
L5 0.8134919930E+03  0.3151476250E+03  0.3321396517E+03  0.2997450115E+03
L6 0.9470322882E+03  -.8733578502E+04  0.1260340476E+04  -.1006527890E+05
L7 0.0000000000E+00  0.3591660421E+01  0.7203554711E+01  0.9649506745E+01
L8 0.2988091292E+01  0.4422281812E+02  0.3704293466E+01  0.0000000000E+00
L9 0.0000000000E+00  0.0000000000E+00  0.0000000000E+00  0.9904431887E+00  0.0000000000E+00
L0     7000  0.1400000000E+02  -.6969212992E+04  0.1676508606E+04
L1 0.3060055197E+03  0.3060055197E+03  -.8645721598E+10  0.1000000000E+01
L2 0.1000000000E+01  0.3305606111E+02  0.3305606111E+02  0.3305606111E+02
L3 0.2780426556E+05  0.1441947261E+04  0.3109584829E+03  -.1998259682E+03
L4 0.5176932587E+03  0.2971517559E+03  0.2614885623E+03  0.2694844826E+03
L5 0.8281248008E+03  0.8604210421E+01  0.1992627726E+03  0.3094715849E+03
L6 0.5173385680E+03  -.8645721598E+04  0.1317687417E+04  -.1003935258E+05
L7 0.0000000000E+00  0.2695342836E+01  0.1444253660E+02  0.9776534558E+01
L8 0.3537167166E+01  0.4363104659E+02  0.1860942337E+01  0.0000000000E+00
L9 0.0000000000E+00  0.0000000000E+00  0.0000000000E+00  0.9877504839E+00  0.0000000000E+00
L0     8000  0.1600000000E+02  -.7083771431E+04  0.1626793958E+04
L1 0.2969313302E+03  0.2969313302E+03  -.8710565389E+10  0.1000000000E+01
L2 0.1000000000E+01  0.3308581145E+02  0.3308581145E+02  0.3308581145E+02
L3 0.2788092291E+05  0.3268775801E+03  -.7880769064E+02  -.5268627472E+03
L4 -.9293095259E+02  0.2696054911E+03  0.2759142040E+03  0.2748150727E+03
L5 0.8203347678E+03  0.2040137952E+03  0.2917278614E+03  0.3805360619E+03
L6 0.8762777185E+03  -.8710565389E+04  0.1277463559E+04  -.1006165844E+05
L7 0.0000000000E+00  0.2942635500E+01  0.8090224810E+01  0.1323616665E+02
L8 0.2384046885E+01  0.4279860385E+02  0.4177813304E+01  0.0000000000E+00
L9 0.0000000000E+00  0.0000000000E+00  0.0000000000E+00  0.9850347080E+00  0.0000000000E+00
L0     9000  0.1800000000E+02  -.7162319217E+04  0.1575678473E+04
L1 0.2876014523E+03  0.2876014523E+03  -.8737997690E+10  0.1000000000E+01
L2 0.1000000000E+01  0.3301064560E+02  0.3301064560E+02  0.3301064560E+02
L3 0.2769194463E+05  -.3427054928E+02  -.1038138971E+04  0.4817725015E+02
L4 -.3414107568E+03  0.2447415776E+03  0.2721486267E+03  0.2447618104E+03
L5 0.7616520147E+03  0.2515717411E+03  0.4790510271E+03  0.2351600239E+03
L6 0.9657827922E+03  -.8737997690E+04  0.1250027899E+04  -.1006468587E+05
L7 0.0000000000E+00  0.5711580945E+01  0.8845922548E+01  0.1045298519E+02
L8 0.3230633060E+01  0.4508634969E+02  0.3332806222E+01  0.0000000000E+00
L9 0.0000000000E+00  0.0000000000E+00  0.0000000000E+00  0.9917568854E+00  0.0000000000E+00
L0    10000  0.2000000000E+02  -.7041101528E+04  0.1641529079E+04
L1 0.2996208651E+03  0.2996208651E+03  -.8682630607E+10  0.1000000000E+01
L2 0.1000000000E+01  0.3312805978E+02  0.3312805978E+02  0.3312805978E+02
L3 0.2798667960E+05  0.4412139109E+03  -.2572051074E+02  0.7308005658E+03
L4 0.3820979887E+03  0.2700539498E+03  0.2724308162E+03  0.2880039856E+03
L5 0.8304887517E+03  0.1811835462E+03  0.2776115055E+03  0.1408043175E+03
L6 0.5995993692E+03  -.8682630607E+04  0.1323706574E+04  -.1009118456E+05
L7 0.0000000000E+00  0.8412305081E+01  0.1288064673E+02  0.9611122195E+01
L8 0.4269506390E+01  0.4632766879E+02  0.3346130899E+01  0.0000000000E+00
L9 0.0000000000E+00  0.0000000000E+00  0.0000000000E+00  0.9813124370E+00  0.0000000000E+00
