L0  Nsteps           time(ps)         Etot             EKinetic        
L1  Temp             T_solute         T_solv           Pres_scal_solu  
L2  Pres_scal_solv   BoxX             BoxY             BoxZ            
L3  volume           pres_X           pres_Y           pres_Z          
L4  Pressure         EKCoM_x          EKCoM_y          EKCoM_z         
L5  EKComTot         VIRIAL_x         VIRIAL_y         VIRIAL_z        
L6  VIRIAL_tot       E_pot            E_vdw            E_el            
L7  E_hbon           E_bon            E_angle          E_dih           
L8  E_14vdw          E_14el           E_const          E_pol           
L9  AV_permMoment    AV_indMoment     AV_totMoment     Density          dV/dlambda      
L0     1000  0.2000000000E+01  -.7073246612E+04  0.1737447047E+04
L1 0.3087298113E+03  0.3087298113E+03  -.8810693659E+10  0.1000000000E+01
L2 0.1000000000E+01  0.3433200754E+02  0.3433200754E+02  0.3433200754E+02
L3 0.3115424774E+05  -.7887342326E+03  -.3851903146E+03  -.2039518609E+04
L4 -.1071147719E+04  0.3093367307E+03  0.2960839694E+03  0.2829733878E+03
L5 0.8883940879E+03  0.4861865171E+03  0.3824512425E+03  0.7402737248E+03
L6 0.1608911484E+04  -.8810693659E+04  0.1247833538E+04  -.1013338014E+05
L7 0.0000000000E+00  0.2069348106E+01  0.1305201893E+02  0.1051553446E+02
L8 0.3943573897E+01  0.4345209762E+02  0.1820369431E+01  0.0000000000E+00
L9 0.0000000000E+00  0.0000000000E+00  0.0000000000E+00  0.9055457318E+00  0.0000000000E+00
L0     2000  0.4000000000E+01  -.7153525658E+04  0.1669430967E+04
L1 0.2966439227E+03  0.2966439227E+03  -.8822956625E+10  0.1000000000E+01
L2 0.1000000000E+01  0.3383237211E+02  0.3383237211E+02  0.3383237211E+02
L3 0.2981100263E+05  0.3768889426E+03  0.2993834839E+03  -.7585396477E+03
L4 -.2742240706E+02  0.2761344428E+03  0.2688252230E+03  0.2740775912E+03
L5 0.8190372570E+03  0.1952720554E+03  0.2045918096E+03  0.4368240129E+03
L6 0.8366878780E+03  -.8822956625E+04  0.1338075940E+04  -.1023920745E+05
L7 0.0000000000E+00  0.7768005103E+01  0.9714913907E+01  0.1051402544E+02
L8 0.2551440582E+01  0.4566002407E+02  0.1966480742E+01  0.0000000000E+00
L9 0.0000000000E+00  0.0000000000E+00  0.0000000000E+00  0.9463484479E+00  0.0000000000E+00
L0     3000  0.6000000000E+01  -.7229511006E+04  0.1731373239E+04
L1 0.3076505465E+03  0.3076505465E+03  -.8960884246E+10  0.1000000000E+01
L2 0.1000000000E+01  0.3359295544E+02  0.3359295544E+02  0.3359295544E+02
L3 0.2918261378E+05  -.9734941754E+02  0.1757182856E+03  -.1845878844E+03
L4 -.3540633879E+02  0.2967200907E+03  0.2764406280E+03  0.2801429653E+03
L5 0.8533036840E+03  0.3171663623E+03  0.2395345644E+03  0.3189119082E+03
L6 0.8756128350E+03  -.8960884246E+04  0.1357315401E+04  -.1039494268E+05
L7 0.0000000000E+00  0.2445806231E+01  0.8023543310E+01  0.1459429330E+02
L8 0.2835972680E+01  0.4604743478E+02  0.2795978671E+01  0.0000000000E+00
L9 0.0000000000E+00  0.0000000000E+00  0.0000000000E+00  0.9667261569E+00  0.0000000000E+00
L0     4000  0.8000000000E+01  -.7232119677E+04  0.1752220627E+04
L1 0.3113549529E+03  0.3113549529E+03  -.8984340304E+10  0.1000000000E+01
L2 0.1000000000E+01  0.3343448464E+02  0.3343448464E+02  0.3343448464E+02
L3 0.2877269603E+05  -.1528873018E+03  -.9227638371E+03  -.3556831801E+03
L4 -.4771114397E+03  0.3098752671E+03  0.2808361560E+03  0.2864760935E+03
L5 0.8771875166E+03  0.3415350953E+03  0.4719216432E+03  0.3601307937E+03
L6 0.1173587532E+04  -.8984340304E+04  0.1275620613E+04  -.1033185253E+05
L7 0.0000000000E+00  0.2988087584E+01  0.4406603545E+01  0.1195926119E+02
L8 0.2998111498E+01  0.4828499659E+02  0.1254549924E+01  0.0000000000E+00
L9 0.0000000000E+00  0.0000000000E+00  0.0000000000E+00  0.9804988743E+00  0.0000000000E+00
L0     5000  0.1000000000E+02  -.7294020863E+04  0.1721492176E+04
L1 0.3058947642E+03  0.3058947642E+03  -.9015513039E+10  0.1000000000E+01
L2 0.1000000000E+01  0.3340414181E+02  0.3340414181E+02  0.3340414181E+02
L3 0.2869407723E+05  -.6883774984E+03  -.5028102758E+03  0.1742262792E+03
L4 -.3389871650E+03  0.2892720454E+03  0.2762180587E+03  0.2898697214E+03
L5 0.8553598255E+03  0.4314314215E+03  0.3800552632E+03  0.2538896099E+03
L6 0.1065376295E+04  -.9015513039E+04  0.1295824340E+04  -.1038933086E+05
L7 0.0000000000E+00  0.2229461682E+01  0.1179737218E+02  0.1241817638E+02
L8 0.3749526603E+01  0.4421770514E+02  0.3581239260E+01  0.0000000000E+00
L9 0.0000000000E+00  0.0000000000E+00  0.0000000000E+00  0.9831853398E+00  0.0000000000E+00
L0     6000  0.1200000000E+02  -.7221056425E+04  0.1700055120E+04
L1 0.3020855785E+03  0.3020855785E+03  -.8921111545E+10  0.1000000000E+01
L2 0.1000000000E+01  0.3335516224E+02  0.3335516224E+02  0.3335516224E+02
L3 0.2856691333E+05  -.1101243578E+03  -.4516892901E+03  0.8738508742E+03
L4 0.1040124088E+03  0.2684927563E+03  0.2713963106E+03  0.3004846668E+03
L5 0.8403737337E+03  0.2911341567E+03  0.3642629416E+03  0.1208222563E+03
L6 0.7762193546E+03  -.8921111545E+04  0.1318280783E+04  -.1031154332E+05
L7 0.0000000000E+00  0.3335736719E+01  0.7724005826E+01  0.1044015180E+02
L8 0.3193441817E+01  0.4408742005E+02  0.3370232457E+01  0.0000000000E+00
L9 0.0000000000E+00  0.0000000000E+00  0.0000000000E+00  0.9875619304E+00  0.0000000000E+00
L0     7000  0.1400000000E+02  -.7275220732E+04  0.1675583312E+04
L1 0.2977371429E+03  0.2977371429E+03  -.8950804044E+10  0.1000000000E+01
L2 0.1000000000E+01  0.3334643949E+02  0.3334643949E+02  0.3334643949E+02
L3 0.2854427847E+05  -.7654285838E+02  0.3068675994E+03  0.3515476591E+03
L4 0.1939574667E+03  0.2581192770E+03  0.2941231241E+03  0.2814416396E+03
L5 0.8336840407E+03  0.2738439030E+03  0.2310816028E+03  0.2092212445E+03
L6 0.7141467503E+03  -.8950804044E+04  0.1332526811E+04  -.1036536905E+05
L7 0.0000000000E+00  0.2474965890E+01  0.7063813984E+01  0.1180492972E+02
L8 0.4945917490E+01  0.5137199163E+02  0.4376574389E+01  0.0000000000E+00
L9 0.0000000000E+00  0.0000000000E+00  0.0000000000E+00  0.9883450409E+00  0.0000000000E+00
L0     8000  0.1600000000E+02  -.7350083835E+04  0.1631914711E+04
L1 0.2899775976E+03  0.2899775976E+03  -.8981998546E+10  0.1000000000E+01
L2 0.1000000000E+01  0.3333696193E+02  0.3333696193E+02  0.3333696193E+02
L3 0.2852046999E+05  0.2160828118E+03  0.4775341235E+03  -.7282013760E+03
L4 -.1152814689E+02  0.2835120896E+03  0.2585576955E+03  0.2566192500E+03
L5 0.7986890351E+03  0.2391580193E+03  0.1605370250E+03  0.4060929391E+03
L6 0.8057879834E+03  -.8981998546E+04  0.1334795684E+04  -.1038963626E+05
L7 0.0000000000E+00  0.3057487552E+01  0.6015226438E+01  0.1180821850E+02
L8 0.3322260572E+01  0.4791632243E+02  0.7225162155E+00  0.0000000000E+00
L9 0.0000000000E+00  0.0000000000E+00  0.0000000000E+00  0.9891700971E+00  0.0000000000E+00
L0     9000  0.1800000000E+02  -.7302757276E+04  0.1678078650E+04
L1 0.2981805437E+03  0.2981805437E+03  -.8980835926E+10  0.1000000000E+01
L2 0.1000000000E+01  0.3339769330E+02  0.3339769330E+02  0.3339769330E+02
L3 0.2867553786E+05  0.2948719457E+03  0.2644405334E+03  0.6811705965E+03
L4 0.4134943585E+03  0.2888319712E+03  0.2741696893E+03  0.2705203535E+03
L5 0.8335220140E+03  0.2279762227E+03  0.2195943836E+03  0.1299401895E+03
L6 0.5775107959E+03  -.8980835926E+04  0.1400040557E+04  -.1045214838E+05
L7 0.0000000000E+00  0.1893696614E+01  0.7762133054E+01  0.1065804950E+02
L8 0.2845572756E+01  0.4523981451E+02  0.2872625675E+01  0.0000000000E+00
L9 0.0000000000E+00  0.0000000000E+00  0.0000000000E+00  0.9838209909E+00  0.0000000000E+00
L0    10000  0.2000000000E+02  -.7389217941E+04  0.1628076777E+04
L1 0.2892956289E+03  0.2892956289E+03  -.9017294718E+10  0.1000000000E+01
L2 0.1000000000E+01  0.3337196255E+02  0.3337196255E+02  0.3337196255E+02
L3 0.2861069787E+05  0.1910428798E+03  -.1237974903E+03  -.4570975266E+03
L4 -.1299507123E+03  0.2557133040E+03  0.2573509548E+03  0.2743475125E+03
L5 0.7874117713E+03  0.2163749769E+03  0.2828425417E+03  0.3684701097E+03
L6 0.8676876282E+03  -.9017294718E+04  0.1337270356E+04  -.1043001018E+05
L7 0.0000000000E+00  0.3378118315E+01  0.9904935007E+01  0.9968551704E+01
L8 0.3548307948E+01  0.4488147182E+02  0.3763721959E+01  0.0000000000E+00
L9 0.0000000000E+00  0.0000000000E+00  0.0000000000E+00  0.9860506095E+00  0.0000000000E+00
