L0  Nsteps           time(ps)         Etot             EKinetic        
L1  Temp             T_solute         T_solv           Pres_scal_solu  
L2  Pres_scal_solv   BoxX             BoxY             BoxZ            
L3  volume           pres_X           pres_Y           pres_Z          
L4  Pressure         EKCoM_x          EKCoM_y          EKCoM_z         
L5  EKComTot         VIRIAL_x         VIRIAL_y         VIRIAL_z        
L6  VIRIAL_tot       E_pot            E_vdw            E_el            
L7  E_hbon           E_bon            E_angle          E_dih           
L8  E_14vdw          E_14el           E_const          E_pol           
L9  AV_permMoment    AV_indMoment     AV_totMoment     Density          dV/dlambda      
L0     1000  0.2000000000E+01  -.7542050406E+04  0.1706673324E+04
L1 0.2897560018E+03  0.2897560018E+03  -.9248723730E+10  0.1000000000E+01
L2 0.1000000000E+01  0.3481548850E+02  0.3481548850E+02  0.3481548850E+02
L3 0.3248749941E+05  -.5684691242E+03  -.5545766809E+03  -.4745858503E+03
L4 -.5325438851E+03  0.2592033842E+03  0.3018918519E+03  0.2889864367E+03
L5 0.8500816728E+03  0.3921201441E+03  0.4315603465E+03  0.3999518539E+03
L6 0.1223632345E+04  -.9248723730E+04  0.1390577482E+04  -.1071229398E+05
L7 0.0000000000E+00  0.4081701015E+01  0.1097559525E+02  0.1169969841E+02
L8 0.1368238999E+01  0.4051994418E+02  0.4347591205E+01  0.0000000000E+00
L9 0.0000000000E+00  0.0000000000E+00  0.0000000000E+00  0.9089014109E+00  0.0000000000E+00
L0     2000  0.4000000000E+01  -.7493138920E+04  0.1762809521E+04
L1 0.2992867067E+03  0.2992867067E+03  -.9255948441E+10  0.1000000000E+01
L2 0.1000000000E+01  0.3431757071E+02  0.3431757071E+02  0.3431757071E+02
L3 0.3111327212E+05  0.7176716689E+02  -.1093421177E+04  -.3646174533E+03
L4 -.4620904878E+03  0.2944957615E+03  0.2845046001E+03  0.2908416164E+03
L5 0.8698419780E+03  0.2784253103E+03  0.5293487593E+03  0.3724885204E+03
L6 0.1180262590E+04  -.9255948441E+04  0.1337373711E+04  -.1066815579E+05
L7 0.0000000000E+00  0.4394580442E+01  0.1175810563E+02  0.1057826797E+02
L8 0.2921841844E+01  0.4261970094E+02  0.2561139868E+01  0.0000000000E+00
L9 0.0000000000E+00  0.0000000000E+00  0.0000000000E+00  0.9490462445E+00  0.0000000000E+00
L0     3000  0.6000000000E+01  -.7613277841E+04  0.1711401006E+04
L1 0.2905586592E+03  0.2905586592E+03  -.9324678847E+10  0.1000000000E+01
L2 0.1000000000E+01  0.3402016244E+02  0.3402016244E+02  0.3402016244E+02
L3 0.3031037477E+05  -.1057009320E+03  0.4947845125E+01  -.2077114556E+03
L4 -.1028215142E+03  0.2739779439E+03  0.2646325862E+03  0.2893453675E+03
L5 0.8279558977E+03  0.2970362130E+03  0.2635532320E+03  0.3346568567E+03
L6 0.8952463017E+03  -.9324678847E+04  0.1383623027E+04  -.1078054178E+05
L7 0.0000000000E+00  0.2180572108E+01  0.1045512509E+02  0.1106263256E+02
L8 0.1988270672E+01  0.4468555092E+02  0.1867751040E+01  0.0000000000E+00
L9 0.0000000000E+00  0.0000000000E+00  0.0000000000E+00  0.9741857130E+00  0.0000000000E+00
L0     4000  0.8000000000E+01  -.7670954641E+04  0.1738777022E+04
L1 0.2952065113E+03  0.2952065113E+03  -.9409731664E+10  0.1000000000E+01
L2 0.1000000000E+01  0.3393284708E+02  0.3393284708E+02  0.3393284708E+02
L3 0.3007690318E+05  0.2328043532E+03  0.6208842024E+03  -.3924141300E+03
L4 0.1537581419E+03  0.2918574542E+03  0.3048032530E+03  0.2824787943E+03
L5 0.8791395015E+03  0.2414632264E+03  0.1704029315E+03  0.3674231125E+03
L6 0.7792892704E+03  -.9409731664E+04  0.1435899756E+04  -.1092599548E+05
L7 0.0000000000E+00  0.5126330742E+01  0.1381914051E+02  0.1136956120E+02
L8 0.3350057294E+01  0.4312817592E+02  0.3570799223E+01  0.0000000000E+00
L9 0.0000000000E+00  0.0000000000E+00  0.0000000000E+00  0.9817478175E+00  0.0000000000E+00
L0     5000  0.1000000000E+02  -.7556939823E+04  0.1782921141E+04
L1 0.3027012223E+03  0.3027012223E+03  -.9339860964E+10  0.1000000000E+01
L2 0.1000000000E+01  0.3391104564E+02  0.3391104564E+02  0.3391104564E+02
L3 0.3001744290E+05  0.1050973119E+04  0.2101374987E+03  0.9092659634E+03
L4 0.7234588604E+03  0.2845902485E+03  0.3006688015E+03  0.3271446517E+03
L5 0.9124037018E+03  0.5754005238E+02  0.2552711035E+03  0.1307085949E+03
L6 0.4435197509E+03  -.9339860964E+04  0.1462320389E+04  -.1087711225E+05
L7 0.0000000000E+00  0.3086849076E+01  0.8934178701E+01  0.1147776613E+02
L8 0.2732749246E+01  0.4659919514E+02  0.2100154689E+01  0.0000000000E+00
L9 0.0000000000E+00  0.0000000000E+00  0.0000000000E+00  0.9836925203E+00  0.0000000000E+00
L0     6000  0.1200000000E+02  -.7645273016E+04  0.1743040685E+04
L1 0.2959303885E+03  0.2959303885E+03  -.9388313701E+10  0.1000000000E+01
L2 0.1000000000E+01  0.3385823773E+02  0.3385823773E+02  0.3385823773E+02
L3 0.2987940475E+05  -.8425254402E+02  0.7007267506E+02  -.4135450325E+02
L4 -.1851145740E+02  0.2871525392E+03  0.2699574628E+03  0.2683149089E+03
L5 0.8254249109E+03  0.3052705930E+03  0.2548887131E+03  0.2772079710E+03
L6 0.8373672772E+03  -.9388313701E+04  0.1378453981E+04  -.1084236200E+05
L7 0.0000000000E+00  0.1395476119E+01  0.7400193184E+01  0.1339288612E+02
L8 0.3083688374E+01  0.4549783865E+02  0.4824239418E+01  0.0000000000E+00
L9 0.0000000000E+00  0.0000000000E+00  0.0000000000E+00  0.9882370249E+00  0.0000000000E+00
L0     7000  0.1400000000E+02  -.7592318386E+04  0.1777398597E+04
L1 0.3017636145E+03  0.3017636145E+03  -.9369716984E+10  0.1000000000E+01
L2 0.1000000000E+01  0.3392798124E+02  0.3392798124E+02  0.3392798124E+02
L3 0.3006429163E+05  0.5302464827E+03  0.2092465576E+03  -.6421823019E+03
L4 0.3243691280E+02  0.3106047181E+03  0.2855889899E+03  0.3042485918E+03
L5 0.9004422999E+03  0.1958725100E+03  0.2403132165E+03  0.4432009393E+03
L6 0.8793866658E+03  -.9369716984E+04  0.1385865253E+04  -.1083362327E+05
L7 0.0000000000E+00  0.1810899788E+01  0.1101736287E+02  0.1262492035E+02
L8 0.2203984647E+01  0.4663605438E+02  0.3747807786E+01  0.0000000000E+00
L9 0.0000000000E+00  0.0000000000E+00  0.0000000000E+00  0.9821596470E+00  0.0000000000E+00
L0     8000  0.1600000000E+02  -.7672196197E+04  0.1745282932E+04
L1 0.2963110732E+03  0.2963110732E+03  -.9417479129E+10  0.1000000000E+01
L2 0.1000000000E+01  0.3386061443E+02  0.3386061443E+02  0.3386061443E+02
L3 0.2988602063E+05  0.9199715966E+02  -.8695991526E+02  -.4243250320E+03
L4 -.1397625959E+03  0.2701821076E+03  0.2811691908E+03  0.3022236621E+03
L5 0.8535749605E+03  0.2503942356E+03  0.2998735907E+03  0.3934926689E+03
L6 0.9437604953E+03  -.9417479129E+04  0.1387612518E+04  -.1087788929E+05
L7 0.0000000000E+00  0.3530075423E+01  0.7807145732E+01  0.9821045440E+01
L8 0.2201867289E+01  0.4622800213E+02  0.3209506199E+01  0.0000000000E+00
L9 0.0000000000E+00  0.0000000000E+00  0.0000000000E+00  0.9880182586E+00  0.0000000000E+00
L0     9000  0.1800000000E+02  -.7695912993E+04  0.1749320059E+04
L1 0.2969964895E+03  0.2969964895E+03  -.9445233052E+10  0.1000000000E+01
L2 0.1000000000E+01  0.3391497336E+02  0.3391497336E+02  0.3391497336E+02
L3 0.3002910452E+05  0.4590212531E+03  -.3645310566E+02  0.3699312452E+03
L4 0.2641664642E+03  0.3067687966E+03  0.2859307943E+03  0.3052317660E+03
L5 0.8979313570E+03  0.2075642091E+03  0.2938091121E+03  0.2252814884E+03
L6 0.7266548097E+03  -.9445233052E+04  0.1452342446E+04  -.1097307300E+05
L7 0.0000000000E+00  0.1113639612E+01  0.1056592790E+02  0.9518529936E+01
L8 0.3796992478E+01  0.4804855877E+02  0.2453855440E+01  0.0000000000E+00
L9 0.0000000000E+00  0.0000000000E+00  0.0000000000E+00  0.9833105093E+00  0.0000000000E+00
L0    10000  0.2000000000E+02  -.7585242280E+04  0.1772365108E+04
L1 0.3009090375E+03  0.3009090375E+03  -.9357607388E+10  0.1000000000E+01
L2 0.1000000000E+01  0.3397072380E+02  0.3397072380E+02  0.3397072380E+02
L3 0.3017828433E+05  -.2459814165E+03  0.6519155203E+03  -.5585542188E+03
L4 -.5087337166E+02  0.3181670563E+03  0.2797440270E+03  0.2966350807E+03
L5 0.8945461639E+03  0.3715931503E+03  0.1381508108E+03  0.4179506282E+03
L6 0.9276945892E+03  -.9357607388E+04  0.1383187284E+04  -.1081492745E+05
L7 0.0000000000E+00  0.3447917173E+01  0.1152157737E+02  0.1039398106E+02
L8 0.2055076105E+01  0.4500822982E+02  0.1705997710E+01  0.0000000000E+00
L9 0.0000000000E+00  0.0000000000E+00  0.0000000000E+00  0.9784497269E+00  0.0000000000E+00
