L0  Nsteps           time(ps)         Etot             EKinetic        
L1  Temp             T_solute         T_solv           Pres_scal_solu  
L2  Pres_scal_solv   BoxX             BoxY             BoxZ            
L3  volume           pres_X           pres_Y           pres_Z          
L4  Pressure         EKCoM_x          EKCoM_y          EKCoM_z         
L5  EKComTot         VIRIAL_x         VIRIAL_y         VIRIAL_z        
L6  VIRIAL_tot       E_pot            E_vdw            E_el            
L7  E_hbon           E_bon            E_angle          E_dih           
L8  E_14vdw          E_14el           E_const          E_pol           
L9  AV_permMoment    AV_indMoment     AV_totMoment     Density          dV/dlambda      
L0     1000  0.2000000000E+01  -.7664804738E+04  0.1784680791E+04
L1 0.2955221845E+03  0.2955221845E+03  -.9449485530E+10  0.1000000000E+01
L2 0.1000000000E+01  0.3510732782E+02  0.3510732782E+02  0.3510732782E+02
L3 0.3331266991E+05  -.1137383539E+04  -.4741044081E+03  -.1326769989E+04
L4 -.9794193120E+03  0.2867274902E+03  0.3071923859E+03  0.2798207051E+03
L5 0.8737405811E+03  0.5594198437E+03  0.4208608560E+03  0.5979192341E+03
L6 0.1578199934E+04  -.9449485530E+04  0.1361144604E+04  -.1088691584E+05
L7 0.0000000000E+00  0.2691548260E+01  0.9085164464E+01  0.1110204125E+02
L8 0.3409574071E+01  0.4643733154E+02  0.3560043869E+01  0.0000000000E+00
L9 0.0000000000E+00  0.0000000000E+00  0.0000000000E+00  0.9088389926E+00  0.0000000000E+00
L0     2000  0.4000000000E+01  -.7883197904E+04  0.1762463716E+04
L1 0.2918432977E+03  0.2918432977E+03  -.9645661619E+10  0.1000000000E+01
L2 0.1000000000E+01  0.3454338647E+02  0.3454338647E+02  0.3454338647E+02
L3 0.3173105101E+05  -.9487030684E+03  -.2534302206E+03  0.3078127250E+03
L4 -.2981068547E+03  0.3080511604E+03  0.2873268908E+03  0.2957133294E+03
L5 0.8910913806E+03  0.5247074706E+03  0.3452030148E+03  0.2254178161E+03
L6 0.1095328301E+04  -.9645661619E+04  0.1447278568E+04  -.1116768081E+05
L7 0.0000000000E+00  0.3219705777E+01  0.1116830845E+02  0.9948205983E+01
L8 0.2090917980E+01  0.4355385943E+02  0.4759625695E+01  0.0000000000E+00
L9 0.0000000000E+00  0.0000000000E+00  0.0000000000E+00  0.9541396329E+00  0.0000000000E+00
L0     3000  0.6000000000E+01  -.7827772167E+04  0.1815522512E+04
L1 0.3006292114E+03  0.3006292114E+03  -.9643294679E+10  0.1000000000E+01
L2 0.1000000000E+01  0.3437383726E+02  0.3437383726E+02  0.3437383726E+02
L3 0.3126646827E+05  -.6591876083E+03  -.1562856172E+03  -.4703495561E+03
L4 -.4286075939E+03  0.3011321677E+03  0.3052166166E+03  0.3161435036E+03
L5 0.9224922879E+03  0.4494674432E+03  0.3403851632E+03  0.4219850427E+03
L6 0.1211837649E+04  -.9643294679E+04  0.1401632089E+04  -.1111634512E+05
L7 0.0000000000E+00  0.2197859803E+01  0.9499349523E+01  0.1014403083E+02
L8 0.2552427852E+01  0.4267979692E+02  0.4344882964E+01  0.0000000000E+00
L9 0.0000000000E+00  0.0000000000E+00  0.0000000000E+00  0.9683170196E+00  0.0000000000E+00
L0     4000  0.8000000000E+01  -.7762147982E+04  0.1814851119E+04
L1 0.3005180366E+03  0.3005180366E+03  -.9576999101E+10  0.1000000000E+01
L2 0.1000000000E+01  0.3422823455E+02  0.3422823455E+02  0.3422823455E+02
L3 0.3087078066E+05  0.8450801578E+02  -.8937782279E+03  -.4251044124E+03
L4 -.4114582082E+03  0.2975220450E+03  0.3106125613E+03  0.2992326381E+03
L5 0.9073672443E+03  0.2787460873E+03  0.5091918557E+03  0.3936821689E+03
L6 0.1181620112E+04  -.9576999101E+04  0.1357258120E+04  -.1100828791E+05
L7 0.0000000000E+00  0.4779266235E+01  0.1048077007E+02  0.1093300081E+02
L8 0.2539495795E+01  0.4338984801E+02  0.1908309181E+01  0.0000000000E+00
L9 0.0000000000E+00  0.0000000000E+00  0.0000000000E+00  0.9807284663E+00  0.0000000000E+00
L0     5000  0.1000000000E+02  -.7863468710E+04  0.1790298968E+04
L1 0.2964524886E+03  0.2964524886E+03  -.9653767678E+10  0.1000000000E+01
L2 0.1000000000E+01  0.3413854021E+02  0.3413854021E+02  0.3413854021E+02
L3 0.3062715491E+05  -.1630962170E+03  -.2170583579E+03  0.8725520585E+03
L4 0.1641324945E+03  0.2929950642E+03  0.3168575180E+03  0.2958402328E+03
L5 0.9056928150E+03  0.3289457453E+03  0.3647028694E+03  0.1035068887E+03
L6 0.7971555034E+03  -.9653767678E+04  0.1450928711E+04  -.1118381396E+05
L7 0.0000000000E+00  0.3412859274E+01  0.1283358982E+02  0.1296150018E+02
L8 0.2507278201E+01  0.4518176229E+02  0.2220582057E+01  0.0000000000E+00
L9 0.0000000000E+00  0.0000000000E+00  0.0000000000E+00  0.9885297362E+00  0.0000000000E+00
L0     6000  0.1200000000E+02  -.7848510903E+04  0.1827933623E+04
L1 0.3026843457E+03  0.3026843457E+03  -.9676444526E+10  0.1000000000E+01
L2 0.1000000000E+01  0.3407044699E+02  0.3407044699E+02  0.3407044699E+02
L3 0.3044544335E+05  -.7625787758E+03  0.8939561395E+02  -.1503394971E+03
L4 -.2745075530E+03  0.3238077753E+03  0.2975295093E+03  0.3078038947E+03
L5 0.9291411794E+03  0.4909028299E+03  0.2779412839E+03  0.3407460474E+03
L6 0.1109590161E+04  -.9676444526E+04  0.1370349511E+04  -.1112350630E+05
L7 0.0000000000E+00  0.4743880406E+01  0.1036318095E+02  0.1119832420E+02
L8 0.3527961265E+01  0.4516219484E+02  0.1716722072E+01  0.0000000000E+00
L9 0.0000000000E+00  0.0000000000E+00  0.0000000000E+00  0.9944297089E+00  0.0000000000E+00
L0     7000  0.1400000000E+02  -.7792412606E+04  0.1827360221E+04
L1 0.3025893971E+03  0.3025893971E+03  -.9619772827E+10  0.1000000000E+01
L2 0.1000000000E+01  0.3416298566E+02  0.3416298566E+02  0.3416298566E+02
L3 0.3069313897E+05  0.5897121173E+03  -.7553205506E+02  -.1792890662E+03
L4 0.1116303320E+03  0.3084201813E+03  0.3405126971E+03  0.2772804366E+03
L5 0.9262133149E+03  0.1781521237E+03  0.3571978114E+03  0.3168855892E+03
L6 0.8522355243E+03  -.9619772827E+04  0.1437242860E+04  -.1113323474E+05
L7 0.0000000000E+00  0.4242406439E+01  0.7961456011E+01  0.1095848510E+02
L8 0.4469044528E+01  0.4439523278E+02  0.4192426408E+01  0.0000000000E+00
L9 0.0000000000E+00  0.0000000000E+00  0.0000000000E+00  0.9864045967E+00  0.0000000000E+00
L0     8000  0.1600000000E+02  -.7888366496E+04  0.1800182571E+04
L1 0.2980890973E+03  0.2980890973E+03  -.9688549067E+10  0.1000000000E+01
L2 0.1000000000E+01  0.3417092680E+02  0.3417092680E+02  0.3417092680E+02
L3 0.3071503797E+05  -.6733402358E+03  0.3490429126E+03  0.1223358053E+03
L4 -.6732050594E+02  0.2706883496E+03  0.3062221174E+03  0.3197128884E+03
L5 0.8966233555E+03  0.4195360753E+03  0.2290631405E+03  0.2926694928E+03
L6 0.9412687086E+03  -.9688549067E+04  0.1436130195E+04  -.1120243631E+05
L7 0.0000000000E+00  0.3588630976E+01  0.8545126277E+01  0.1341012648E+02
L8 0.5687793963E+01  0.4472737882E+02  0.1797988976E+01  0.0000000000E+00
L9 0.0000000000E+00  0.0000000000E+00  0.0000000000E+00  0.9857013166E+00  0.0000000000E+00
L0     9000  0.1800000000E+02  -.7884446688E+04  0.1795093565E+04
L1 0.2972464177E+03  0.2972464177E+03  -.9679540253E+10  0.1000000000E+01
L2 0.1000000000E+01  0.3422266743E+02  0.3422266743E+02  0.3422266743E+02
L3 0.3085516010E+05  -.6059118716E+03  0.7182776809E+02  -.9003290518E+02
L4 -.2080390029E+03  0.2969804489E+03  0.3101730302E+03  0.2916885741E+03
L5 0.8988420532E+03  0.4315335916E+03  0.2942224401E+03  0.3116819277E+03
L6 0.1037437959E+04  -.9679540253E+04  0.1438067491E+04  -.1118851148E+05
L7 0.0000000000E+00  0.2472118798E+01  0.6774911560E+01  0.1014620092E+02
L8 0.2475257513E+01  0.4599838124E+02  0.3036870703E+01  0.0000000000E+00
L9 0.0000000000E+00  0.0000000000E+00  0.0000000000E+00  0.9812249641E+00  0.0000000000E+00
L0    10000  0.2000000000E+02  -.7891617423E+04  0.1754043144E+04
L1 0.2904489499E+03  0.2904489499E+03  -.9645660567E+10  0.1000000000E+01
L2 0.1000000000E+01  0.3419247852E+02  0.3419247852E+02  0.3419247852E+02
L3 0.3077298009E+05  -.4858833315E+03  0.2643305403E+03  0.2499449102E+03
L4 0.9464039672E+01  0.2887436565E+03  0.2849256053E+03  0.3213868947E+03
L5 0.8950561565E+03  0.3963550206E+03  0.2263828067E+03  0.2660301640E+03
L6 0.8887679913E+03  -.9645660567E+04  0.1448509445E+04  -.1116982350E+05
L7 0.0000000000E+00  0.4187670080E+01  0.1010559048E+02  0.1030367301E+02
L8 0.3368328202E+01  0.4382941657E+02  0.3858812455E+01  0.0000000000E+00
L9 0.0000000000E+00  0.0000000000E+00  0.0000000000E+00  0.9838453500E+00  0.0000000000E+00
