L0  Nsteps           time(ps)         Etot             EKinetic        
L1  Temp             T_solute         T_solv           Pres_scal_solu  
L2  Pres_scal_solv   BoxX             BoxY             BoxZ            
L3  volume           pres_X           pres_Y           pres_Z          
L4  Pressure         EKCoM_x          EKCoM_y          EKCoM_z         
L5  EKComTot         VIRIAL_x         VIRIAL_y         VIRIAL_z        
L6  VIRIAL_tot       E_pot            E_vdw            E_el            
L7  E_hbon           E_bon            E_angle          E_dih           
L8  E_14vdw          E_14el           E_const          E_pol           
L9  AV_permMoment    AV_indMoment     AV_totMoment     Density          dV/dlambda      
L0     1000  0.2000000000E+01  -.7684470174E+04  0.1732216803E+04
L1 0.2914379298E+03  0.2914379298E+03  -.9416686977E+10  0.1000000000E+01
L2 0.1000000000E+01  0.3494433999E+02  0.3494433999E+02  0.3494433999E+02
L3 0.3285045523E+05  -.1343523631E+04  -.1063962642E+04  -.1240940203E+03
L4 -.8438600978E+03  0.2819059045E+03  0.2906620172E+03  0.2867810802E+03
L5 0.8593490019E+03  0.5995518248E+03  0.5422120346E+03  0.3161203180E+03
L6 0.1457884177E+04  -.9416686977E+04  0.1401376611E+04  -.1089597601E+05
L7 0.0000000000E+00  0.4564953870E+01  0.7022240201E+01  0.1448219510E+02
L8 0.2307054061E+01  0.4784801649E+02  0.1687964621E+01  0.0000000000E+00
L9 0.0000000000E+00  0.0000000000E+00  0.0000000000E+00  0.9070554669E+00  0.0000000000E+00
L0     2000  0.4000000000E+01  -.7603473083E+04  0.1753752480E+04
L1 0.2950612135E+03  0.2950612135E+03  -.9357225562E+10  0.1000000000E+01
L2 0.1000000000E+01  0.3439430235E+02  0.3439430235E+02  0.3439430235E+02
L3 0.3132091155E+05  0.2807807335E+03  -.3546182589E+03  0.3290298327E+03
L4 0.8506410240E+02  0.2979775132E+03  0.2682814723E+03  0.3136442401E+03
L5 0.8799032256E+03  0.2346841348E+03  0.3482192493E+03  0.2394745866E+03
L6 0.8223779707E+03  -.9357225562E+04  0.1443951780E+04  -.1087396207E+05
L7 0.0000000000E+00  0.1980053167E+01  0.7804806032E+01  0.1085973848E+02
L8 0.2999538678E+01  0.4551421053E+02  0.3626378770E+01  0.0000000000E+00
L9 0.0000000000E+00  0.0000000000E+00  0.0000000000E+00  0.9513511432E+00  0.0000000000E+00
L0     3000  0.6000000000E+01  -.7692767538E+04  0.1782755852E+04
L1 0.2999409046E+03  0.2999409046E+03  -.9475523390E+10  0.1000000000E+01
L2 0.1000000000E+01  0.3422016459E+02  0.3422016459E+02  0.3422016459E+02
L3 0.3084799568E+05  -.1020989459E+03  -.6514224391E+03  0.5602958707E+03
L4 -.6440850477E+02  0.3101772220E+03  0.2817983413E+03  0.3276971304E+03
L5 0.9196726937E+03  0.3328447828E+03  0.4264242983E+03  0.2033026951E+03
L6 0.9625717761E+03  -.9475523390E+04  0.1417892053E+04  -.1096927781E+05
L7 0.0000000000E+00  0.3155643355E+01  0.1280138853E+02  0.1127114296E+02
L8 0.2847164734E+01  0.4335872394E+02  0.2428306704E+01  0.0000000000E+00
L9 0.0000000000E+00  0.0000000000E+00  0.0000000000E+00  0.9659358526E+00  0.0000000000E+00
L0     4000  0.8000000000E+01  -.7646697852E+04  0.1771677336E+04
L1 0.2980769925E+03  0.2980769925E+03  -.9418375188E+10  0.1000000000E+01
L2 0.1000000000E+01  0.3410083050E+02  0.3410083050E+02  0.3410083050E+02
L3 0.3052575414E+05  0.8334944375E+02  0.2066715463E+03  0.2242221342E+03
L4 0.1714143747E+03  0.2766484507E+03  0.2909067659E+03  0.2959940003E+03
L5 0.8635492170E+03  0.2583368762E+03  0.2455017669E+03  0.2467331999E+03
L6 0.7505718431E+03  -.9418375188E+04  0.1420087743E+04  -.1090908782E+05
L7 0.0000000000E+00  0.1273329169E+01  0.7310153622E+01  0.1049858590E+02
L8 0.1836905758E+01  0.4712897137E+02  0.2576939627E+01  0.0000000000E+00
L9 0.0000000000E+00  0.0000000000E+00  0.0000000000E+00  0.9761326409E+00  0.0000000000E+00
L0     5000  0.1000000000E+02  -.7771494368E+04  0.1727064366E+04
L1 0.2905710547E+03  0.2905710547E+03  -.9498558734E+10  0.1000000000E+01
L2 0.1000000000E+01  0.3402850792E+02  0.3402850792E+02  0.3402850792E+02
L3 0.3033374881E+05  -.6343277893E+03  -.5731704491E+03  -.2787049226E+03
L4 -.4954010536E+03  0.2943624109E+03  0.2967493278E+03  0.2831281654E+03
L5 0.8742399041E+03  0.4328453920E+03  0.4218807722E+03  0.3439735031E+03
L6 0.1198699667E+04  -.9498558734E+04  0.1351375283E+04  -.1093750513E+05
L7 0.0000000000E+00  0.5637707964E+01  0.1309731151E+02  0.1271675607E+02
L8 0.2813914495E+01  0.4889707110E+02  0.4408356312E+01  0.0000000000E+00
L9 0.0000000000E+00  0.0000000000E+00  0.0000000000E+00  0.9823113258E+00  0.0000000000E+00
L0     6000  0.1200000000E+02  -.7718380806E+04  0.1757548658E+04
L1 0.2956999040E+03  0.2956999040E+03  -.9475929464E+10  0.1000000000E+01
L2 0.1000000000E+01  0.3395632869E+02  0.3395632869E+02  0.3395632869E+02
L3 0.3013942247E+05  0.9945551254E+03  -.1544974508E+03  -.4191920630E+03
L4 0.1402885372E+03  0.2722502174E+03  0.2878817644E+03  0.2891986796E+03
L5 0.8493306615E+03  0.5651533817E+02  0.3213947272E+03  0.3801281282E+03
L6 0.7580381935E+03  -.9475929464E+04  0.1426511164E+04  -.1098093666E+05
L7 0.0000000000E+00  0.3333389994E+01  0.8252246490E+01  0.1158582738E+02
L8 0.3053574773E+01  0.4797856048E+02  0.4292434341E+01  0.0000000000E+00
L9 0.0000000000E+00  0.0000000000E+00  0.0000000000E+00  0.9886448567E+00  0.0000000000E+00
L0     7000  0.1400000000E+02  -.7802390664E+04  0.1729477810E+04
L1 0.2909771061E+03  0.2909771061E+03  -.9531868474E+10  0.1000000000E+01
L2 0.1000000000E+01  0.3399480759E+02  0.3399480759E+02  0.3399480759E+02
L3 0.3024223585E+05  -.1235651724E+02  0.2681246206E+02  0.1435615396E+03
L4 0.5267249482E+02  0.2661864873E+03  0.2929079659E+03  0.2846230241E+03
L5 0.8437174773E+03  0.2688759564E+03  0.2870720749E+03  0.2533760057E+03
L6 0.8093240370E+03  -.9531868474E+04  0.1435287830E+04  -.1104599494E+05
L7 0.0000000000E+00  0.2863299942E+01  0.1056339554E+02  0.1313422287E+02
L8 0.2147634011E+01  0.4717412833E+02  0.2955951020E+01  0.0000000000E+00
L9 0.0000000000E+00  0.0000000000E+00  0.0000000000E+00  0.9852837981E+00  0.0000000000E+00
L0     8000  0.1600000000E+02  -.7671977222E+04  0.1744050795E+04
L1 0.2934289474E+03  0.2934289474E+03  -.9416028017E+10  0.1000000000E+01
L2 0.1000000000E+01  0.3394620351E+02  0.3394620351E+02  0.3394620351E+02
L3 0.3011291946E+05  0.1138087245E+03  0.1996301638E+03  -.3952829134E+03
L4 -.2728134169E+02  0.2770151917E+03  0.2852325824E+03  0.2767043823E+03
L5 0.8389521564E+03  0.2523499714E+03  0.2419676922E+03  0.3623721567E+03
L6 0.8566898203E+03  -.9416028017E+04  0.1373644138E+04  -.1086463747E+05
L7 0.0000000000E+00  0.1616925303E+01  0.7473138105E+01  0.1194782341E+02
L8 0.3649895703E+01  0.4852287500E+02  0.1754662268E+01  0.0000000000E+00
L9 0.0000000000E+00  0.0000000000E+00  0.0000000000E+00  0.9895149835E+00  0.0000000000E+00
L0     9000  0.1800000000E+02  -.7654500996E+04  0.1778765034E+04
L1 0.2992694669E+03  0.2992694669E+03  -.9433266031E+10  0.1000000000E+01
L2 0.1000000000E+01  0.3396322955E+02  0.3396322955E+02  0.3396322955E+02
L3 0.3015723085E+05  0.4235151016E+03  0.4256544530E+03  0.2083158836E+03
L4 0.3524951461E+03  0.2876514200E+03  0.2808353556E+03  0.2951529319E+03
L5 0.8636397076E+03  0.1957299541E+03  0.1884495561E+03  0.2499391927E+03
L6 0.6341187029E+03  -.9433266031E+04  0.1412478688E+04  -.1091736193E+05
L7 0.0000000000E+00  0.1267363741E+01  0.6825609344E+01  0.1122513015E+02
L8 0.3540077462E+01  0.4664559688E+02  0.2113437780E+01  0.0000000000E+00
L9 0.0000000000E+00  0.0000000000E+00  0.0000000000E+00  0.9880610443E+00  0.0000000000E+00
L0    10000  0.2000000000E+02  -.7787865242E+04  0.1712061383E+04
L1 0.2880468683E+03  0.2880468683E+03  -.9499926625E+10  0.1000000000E+01
L2 0.1000000000E+01  0.3389412500E+02  0.3389412500E+02  0.3389412500E+02
L3 0.2997527054E+05  -.3011132677E+03  -.2472664550E+03  -.3543215268E+03
L4 -.3009004165E+03  0.2870663735E+03  0.2801234704E+03  0.2884333494E+03
L5 0.8556231933E+03  0.3520269071E+03  0.3334673864E+03  0.3648727425E+03
L6 0.1050367036E+04  -.9499926625E+04  0.1371695197E+04  -.1094631541E+05
L7 0.0000000000E+00  0.3921118250E+01  0.8210599603E+01  0.1028536411E+02
L8 0.2838840694E+01  0.4727726835E+02  0.2160396023E+01  0.0000000000E+00
L9 0.0000000000E+00  0.0000000000E+00  0.0000000000E+00  0.9940589181E+00  0.0000000000E+00
