L0  Nsteps           time(ps)         Etot             EKinetic        
L1  Temp             T_solute         T_solv           Pres_scal_solu  
L2  Pres_scal_solv   BoxX             BoxY             BoxZ            
L3  volume           pres_X           pres_Y           pres_Z          
L4  Pressure         EKCoM_x          EKCoM_y          EKCoM_z         
L5  EKComTot         VIRIAL_x         VIRIAL_y         VIRIAL_z        
L6  VIRIAL_tot       E_pot            E_vdw            E_el            
L7  E_hbon           E_bon            E_angle          E_dih           
L8  E_14vdw          E_14el           E_const          E_pol           
L9  AV_permMoment    AV_indMoment     AV_totMoment     Density          dV/dlambda      
L0     1000  0.2000000000E+01  -.7388951540E+04  0.1688673923E+04
L1 0.2920203029E+03  0.2920203029E+03  -.9077625462E+10  0.1000000000E+01
L2 0.1000000000E+01  0.3462918931E+02  0.3462918931E+02  0.3462918931E+02
L3 0.3196790465E+05  0.3805299544E+03  -.4957202928E+03  -.5835796760E+03
L4 -.2329233381E+03  0.2828687688E+03  0.2826720981E+03  0.2625889757E+03
L5 0.8281298425E+03  0.1953180733E+03  0.3967252912E+03  0.3968564779E+03
L6 0.9888998424E+03  -.9077625462E+04  0.1412894934E+04  -.1056942833E+05
L7 0.0000000000E+00  0.2174863301E+01  0.9869909597E+01  0.1261063011E+02
L8 0.4048711441E+01  0.4622225239E+02  0.3981568580E+01  0.0000000000E+00
L9 0.0000000000E+00  0.0000000000E+00  0.0000000000E+00  0.9068292861E+00  0.0000000000E+00
L0     2000  0.4000000000E+01  -.7501767863E+04  0.1742282802E+04
L1 0.3012908205E+03  0.3012908205E+03  -.9244050665E+10  0.1000000000E+01
L2 0.1000000000E+01  0.3410419332E+02  0.3410419332E+02  0.3410419332E+02
L3 0.3053632140E+05  -.4176455391E+03  -.8658846237E+03  0.1064905936E+03
L4 -.3923465231E+03  0.3057068313E+03  0.2864124618E+03  0.3180379696E+03
L5 0.9101572628E+03  0.3974938249E+03  0.4767100682E+03  0.2946342683E+03
L6 0.1168838161E+04  -.9244050665E+04  0.1390784595E+04  -.1071682315E+05
L7 0.0000000000E+00  0.2548698680E+01  0.9693538263E+01  0.1330636151E+02
L8 0.3412647226E+01  0.4789298921E+02  0.5133659901E+01  0.0000000000E+00
L9 0.0000000000E+00  0.0000000000E+00  0.0000000000E+00  0.9493426460E+00  0.0000000000E+00
L0     3000  0.6000000000E+01  -.7411512728E+04  0.1763350710E+04
L1 0.3049340679E+03  0.3049340679E+03  -.9174863438E+10  0.1000000000E+01
L2 0.1000000000E+01  0.3394458767E+02  0.3394458767E+02  0.3394458767E+02
L3 0.3010920565E+05  -.3608704089E+03  -.3544360953E+03  -.2120594067E+02
L4 -.2455041483E+03  0.3055262505E+03  0.2959039409E+03  0.2606043993E+03
L5 0.8620345908E+03  0.3837263220E+03  0.3727097063E+03  0.2651996946E+03
L6 0.1021635723E+04  -.9174863438E+04  0.1359179953E+04  -.1061153522E+05
L7 0.0000000000E+00  0.5653898254E+01  0.7513358675E+01  0.1232069543E+02
L8 0.3406344200E+01  0.4539393350E+02  0.3203602617E+01  0.0000000000E+00
L9 0.0000000000E+00  0.0000000000E+00  0.0000000000E+00  0.9628095969E+00  0.0000000000E+00
L0     4000  0.8000000000E+01  -.7411165012E+04  0.1750644545E+04
L1 0.3027368063E+03  0.3027368063E+03  -.9161809557E+10  0.1000000000E+01
L2 0.1000000000E+01  0.3377999570E+02  0.3377999570E+02  0.3377999570E+02
L3 0.2967456361E+05  -.5368915300E+03  -.4499461481E+03  -.1134722330E+04
L4 -.7071866693E+03  0.3012142460E+03  0.2681106523E+03  0.2831651140E+03
L5 0.8524900122E+03  0.4158783478E+03  0.3642058001E+03  0.5255081377E+03
L6 0.1305592286E+04  -.9161809557E+04  0.1282554725E+04  -.1052273517E+05
L7 0.0000000000E+00  0.1591516249E+01  0.1041359043E+02  0.1072159194E+02
L8 0.3304053538E+01  0.4843852960E+02  0.3901602405E+01  0.0000000000E+00
L9 0.0000000000E+00  0.0000000000E+00  0.0000000000E+00  0.9769118272E+00  0.0000000000E+00
L0     5000  0.1000000000E+02  -.7401566893E+04  0.1754560741E+04
L1 0.3034140293E+03  0.3034140293E+03  -.9156127634E+10  0.1000000000E+01
L2 0.1000000000E+01  0.3372333890E+02  0.3372333890E+02  0.3372333890E+02
L3 0.2952394931E+05  0.4585966081E+03  -.4759943913E+03  -.3369753553E+03
L4 -.1181243795E+03  0.3045447038E+03  0.2783685822E+03  0.2880770332E+03
L5 0.8709903192E+03  0.2070991857E+03  0.3795108917E+03  0.3596796956E+03
L6 0.9462897730E+03  -.9156127634E+04  0.1343243316E+04  -.1057244890E+05
L7 0.0000000000E+00  0.2640811424E+01  0.7315585518E+01  0.1233375592E+02
L8 0.3785769174E+01  0.4279959451E+02  0.4202430141E+01  0.0000000000E+00
L9 0.0000000000E+00  0.0000000000E+00  0.0000000000E+00  0.9818954722E+00  0.0000000000E+00
L0     6000  0.1200000000E+02  -.7476699794E+04  0.1714375340E+04
L1 0.2964648174E+03  0.2964648174E+03  -.9191075135E+10  0.1000000000E+01
L2 0.1000000000E+01  0.3357586285E+02  0.3357586285E+02  0.3357586285E+02
L3 0.2913943496E+05  -.7177834048E+03  -.2727814847E+02  -.9125588219E+03
L4 -.5525401251E+03  0.2837157719E+03  0.2925495907E+03  0.2815626287E+03
L5 0.8578279914E+03  0.4342485649E+03  0.2982703358E+03  0.4729435205E+03
L6 0.1205462421E+04  -.9191075135E+04  0.1261091285E+04  -.1053254524E+05
L7 0.0000000000E+00  0.4045352882E+01  0.7579537898E+01  0.1277200862E+02
L8 0.3653879553E+01  0.4734654752E+02  0.4981497982E+01  0.0000000000E+00
L9 0.0000000000E+00  0.0000000000E+00  0.0000000000E+00  0.9948522403E+00  0.0000000000E+00
L0     7000  0.1400000000E+02  -.7507916413E+04  0.1679340537E+04
L1 0.2904062920E+03  0.2904062920E+03  -.9187256950E+10  0.1000000000E+01
L2 0.1000000000E+01  0.3359134418E+02  0.3359134418E+02  0.3359134418E+02
L3 0.2917814938E+05  0.3024362614E+02  0.2542118907E+03  -.8471995717E+02
L4 0.6657851990E+02  0.3021474817E+03  0.2875420538E+03  0.2912789547E+03
L5 0.8809684902E+03  0.2957963929E+03  0.2341581679E+03  0.3090699420E+03
L6 0.8390245028E+03  -.9187256950E+04  0.1345053618E+04  -.1060576590E+05
L7 0.0000000000E+00  0.5492979264E+01  0.6247732441E+01  0.1014573423E+02
L8 0.2647319840E+01  0.4427058875E+02  0.4650979040E+01  0.0000000000E+00
L9 0.0000000000E+00  0.0000000000E+00  0.0000000000E+00  0.9935322413E+00  0.0000000000E+00
L0     8000  0.1600000000E+02  -.7450643390E+04  0.1721036722E+04
L1 0.2976167620E+03  0.2976167620E+03  -.9171680113E+10  0.1000000000E+01
L2 0.1000000000E+01  0.3369078752E+02  0.3369078752E+02  0.3369078752E+02
L3 0.2943838275E+05  -.7480323966E+03  0.3274246433E+03  0.2436216731E+03
L4 -.5899536006E+02  0.2599928716E+03  0.3045809231E+03  0.2973068862E+03
L5 0.8618806809E+03  0.4184788827E+03  0.2352092944E+03  0.2456906362E+03
L6 0.8993788133E+03  -.9171680113E+04  0.1349005867E+04  -.1059520960E+05
L7 0.0000000000E+00  0.1974961493E+01  0.9641407955E+01  0.1404374795E+02
L8 0.2607550059E+01  0.4377783398E+02  0.2478117468E+01  0.0000000000E+00
L9 0.0000000000E+00  0.0000000000E+00  0.0000000000E+00  0.9847494815E+00  0.0000000000E+00
L0     9000  0.1800000000E+02  -.7553533439E+04  0.1780749914E+04
L1 0.3079428908E+03  0.3079428908E+03  -.9334283353E+10  0.1000000000E+01
L2 0.1000000000E+01  0.3366902597E+02  0.3366902597E+02  0.3366902597E+02
L3 0.2938198055E+05  0.3929650872E+03  0.6374154805E+02  -.1326739648E+04
L4 -.2900110043E+03  0.2956231585E+03  0.3125224527E+03  0.2742277321E+03
L5 0.8823733434E+03  0.2125249589E+03  0.2990433727E+03  0.5547861828E+03
L6 0.1066354514E+04  -.9334283353E+04  0.1366785298E+04  -.1077353686E+05
L7 0.0000000000E+00  0.3155938002E+01  0.9653919064E+01  0.1074621946E+02
L8 0.2879616091E+01  0.4284696350E+02  0.3185554660E+01  0.0000000000E+00
L9 0.0000000000E+00  0.0000000000E+00  0.0000000000E+00  0.9866398253E+00  0.0000000000E+00
L0    10000  0.2000000000E+02  -.7541044390E+04  0.1736037690E+04
L1 0.3002108609E+03  0.3002108609E+03  -.9277082080E+10  0.1000000000E+01
L2 0.1000000000E+01  0.3360850599E+02  0.3360850599E+02  0.3360850599E+02
L3 0.2922341735E+05  0.4033919286E+03  -.4558433801E+03  -.3506187815E+03
L4 -.1343567444E+03  0.2767460630E+03  0.3006089301E+03  0.2951180512E+03
L5 0.8724730443E+03  0.1919033037E+03  0.3964834567E+03  0.3688613832E+03
L6 0.9572481436E+03  -.9277082080E+04  0.1348271077E+04  -.1069325399E+05
L7 0.0000000000E+00  0.8978249065E+00  0.7580072121E+01  0.9695637948E+01
L8 0.3201922150E+01  0.4342501871E+02  0.3100355978E+01  0.0000000000E+00
L9 0.0000000000E+00  0.0000000000E+00  0.0000000000E+00  0.9919932294E+00  0.0000000000E+00
