L0  Nsteps           time(ps)         Etot             EKinetic        
L1  Temp             T_solute         T_solv           Pres_scal_solu  
L2  Pres_scal_solv   BoxX             BoxY             BoxZ            
L3  volume           pres_X           pres_Y           pres_Z          
L4  Pressure         EKCoM_x          EKCoM_y          EKCoM_z         
L5  EKComTot         VIRIAL_x         VIRIAL_y         VIRIAL_z        
L6  VIRIAL_tot       E_pot            E_vdw            E_el            
L7  E_hbon           E_bon            E_angle          E_dih           
L8  E_14vdw          E_14el           E_const          E_pol           
L9  AV_permMoment    AV_indMoment     AV_totMoment     Density          dV/dlambda      
L0     1000  0.2000000000E+01  -.7340687168E+04  0.1717415818E+04
L1 0.2966847430E+03  0.2966847430E+03  -.9058102987E+10  0.1000000000E+01
L2 0.1000000000E+01  0.3471577904E+02  0.3471577904E+02  0.3471577904E+02
L3 0.3220811537E+05  0.8381003470E+02  -.1404131772E+03  -.4384227503E+03
L4 -.1650086309E+03  0.3003954948E+03  0.2861003276E+03  0.2817435914E+03
L5 0.8682394138E+03  0.2809679502E+03  0.3186487362E+03  0.3833719650E+03
L6 0.9829886515E+03  -.9058102987E+04  0.1426653026E+04  -.1055998208E+05
L7 0.0000000000E+00  0.6002120482E+01  0.1004952953E+02  0.9425076392E+01
L8 0.2610680524E+01  0.4242023650E+02  0.4718421992E+01  0.0000000000E+00
L9 0.0000000000E+00  0.0000000000E+00  0.0000000000E+00  0.9009949385E+00  0.0000000000E+00
L0     2000  0.4000000000E+01  -.7485318803E+04  0.1686475552E+04
L1 0.2913397910E+03  0.2913397910E+03  -.9171794355E+10  0.1000000000E+01
L2 0.1000000000E+01  0.3407147196E+02  0.3407147196E+02  0.3407147196E+02
L3 0.3044870135E+05  -.5956784192E+03  -.8759624709E+02  -.7037393222E+03
L4 -.4623379962E+03  0.2796742110E+03  0.2758617505E+03  0.2697110322E+03
L5 0.8252469938E+03  0.4102122911E+03  0.2950577555E+03  0.4239297801E+03
L6 0.1129199827E+04  -.9171794355E+04  0.1350451315E+04  -.1058980493E+05
L7 0.0000000000E+00  0.3474807104E+01  0.7269130851E+01  0.9090738640E+01
L8 0.2917628513E+01  0.4304317931E+02  0.1763780126E+01  0.0000000000E+00
L9 0.0000000000E+00  0.0000000000E+00  0.0000000000E+00  0.9530570317E+00  0.0000000000E+00
L0     3000  0.6000000000E+01  -.7485265466E+04  0.1719043361E+04
L1 0.2969659020E+03  0.2969659020E+03  -.9204308827E+10  0.1000000000E+01
L2 0.1000000000E+01  0.3376149739E+02  0.3376149739E+02  0.3376149739E+02
L3 0.2962470890E+05  -.1245663449E+03  -.2889361247E+03  -.4241304091E+03
L4 -.2792109596E+03  0.2762052773E+03  0.3128721700E+03  0.2696119899E+03
L5 0.8586894372E+03  0.3027642574E+03  0.3744766811E+03  0.3600414802E+03
L6 0.1037282419E+04  -.9204308827E+04  0.1339140116E+04  -.1061864083E+05
L7 0.0000000000E+00  0.2626383894E+01  0.1398283102E+02  0.1033150146E+02
L8 0.2733142167E+01  0.4064662058E+02  0.4871410683E+01  0.0000000000E+00
L9 0.0000000000E+00  0.0000000000E+00  0.0000000000E+00  0.9795657073E+00  0.0000000000E+00
L0     4000  0.8000000000E+01  -.7499404939E+04  0.1726690231E+04
L1 0.2982869040E+03  0.2982869040E+03  -.9226095170E+10  0.1000000000E+01
L2 0.1000000000E+01  0.3379594734E+02  0.3379594734E+02  0.3379594734E+02
L3 0.2971491418E+05  0.2486837545E+02  -.3420855141E+03  0.1288875166E+03
L4 -.6277654066E+02  0.2949561021E+03  0.2813691229E+03  0.2933343173E+03
L5 0.8696595424E+03  0.2896377330E+03  0.3545277833E+03  0.2657703380E+03
L6 0.9099358542E+03  -.9226095170E+04  0.1387027241E+04  -.1068414247E+05
L7 0.0000000000E+00  0.4041049039E+01  0.9339059660E+01  0.8778751055E+01
L8 0.3170721472E+01  0.4403542769E+02  0.1655054524E+01  0.0000000000E+00
L9 0.0000000000E+00  0.0000000000E+00  0.0000000000E+00  0.9765920490E+00  0.0000000000E+00
L0     5000  0.1000000000E+02  -.7491255595E+04  0.1728512545E+04
L1 0.2986017101E+03  0.2986017101E+03  -.9219768140E+10  0.1000000000E+01
L2 0.1000000000E+01  0.3378394660E+02  0.3378394660E+02  0.3378394660E+02
L3 0.2968408079E+05  -.9217346099E+03  -.6195001599E+03  0.4350268652E+03
L4 -.3687359682E+03  0.2900602185E+03  0.2878031732E+03  0.2760585796E+03
L5 0.8539219713E+03  0.4869785194E+03  0.4201524607E+03  0.1831199504E+03
L6 0.1090250931E+04  -.9219768140E+04  0.1334137518E+04  -.1062875527E+05
L7 0.0000000000E+00  0.3291013154E+01  0.1138586111E+02  0.9728281256E+01
L8 0.4075059276E+01  0.4368521676E+02  0.2684182998E+01  0.0000000000E+00
L9 0.0000000000E+00  0.0000000000E+00  0.0000000000E+00  0.9776064529E+00  0.0000000000E+00
L0     6000  0.1200000000E+02  -.7525305796E+04  0.1674366272E+04
L1 0.2892479047E+03  0.2892479047E+03  -.9199672068E+10  0.1000000000E+01
L2 0.1000000000E+01  0.3377874565E+02  0.3377874565E+02  0.3377874565E+02
L3 0.2966952145E+05  -.2751955281E+03  -.5867958973E+02  0.1935307160E+03
L4 -.4678146727E+02  0.2668991075E+03  0.2658937482E+03  0.2834088144E+03
L5 0.8162016701E+03  0.3256627210E+03  0.2784238382E+03  0.2420834183E+03
L6 0.8461699775E+03  -.9199672068E+04  0.1374174040E+04  -.1064643265E+05
L7 0.0000000000E+00  0.3313377854E+01  0.9517052913E+01  0.1066728389E+02
L8 0.2577828499E+01  0.4250162555E+02  0.4009375577E+01  0.0000000000E+00
L9 0.0000000000E+00  0.0000000000E+00  0.0000000000E+00  0.9780861809E+00  0.0000000000E+00
L0     7000  0.1400000000E+02  -.7423023542E+04  0.1736788294E+04
L1 0.3000313513E+03  0.3000313513E+03  -.9159811836E+10  0.1000000000E+01
L2 0.1000000000E+01  0.3376788871E+02  0.3376788871E+02  0.3376788871E+02
L3 0.2964043252E+05  0.4014574547E+03  -.3214585671E+03  0.3351814446E+03
L4 0.1383934441E+03  0.3066577951E+03  0.2728850189E+03  0.2898492099E+03
L5 0.8693920239E+03  0.2210170094E+03  0.3414600670E+03  0.2183467332E+03
L6 0.7808238096E+03  -.9159811836E+04  0.1370585469E+04  -.1060543960E+05
L7 0.0000000000E+00  0.2549734696E+01  0.1398432389E+02  0.1153312049E+02
L8 0.2638499849E+01  0.4210481984E+02  0.2231799690E+01  0.0000000000E+00
L9 0.0000000000E+00  0.0000000000E+00  0.0000000000E+00  0.9790460685E+00  0.0000000000E+00
L0     8000  0.1600000000E+02  -.7481636068E+04  0.1697830071E+04
L1 0.2933012920E+03  0.2933012920E+03  -.9179466140E+10  0.1000000000E+01
L2 0.1000000000E+01  0.3370654842E+02  0.3370654842E+02  0.3370654842E+02
L3 0.2948056665E+05  -.8103234996E+03  -.1010058011E+03  -.2351310952E+03
L4 -.3821534653E+03  0.2899153684E+03  0.2764885681E+03  0.2693946661E+03
L5 0.8357986026E+03  0.4618450428E+03  0.2979193849E+03  0.3192833990E+03
L6 0.1079047827E+04  -.9179466140E+04  0.1306820025E+04  -.1055870780E+05
L7 0.0000000000E+00  0.1720160304E+01  0.6800908355E+01  0.1013753758E+02
L8 0.3429611460E+01  0.4532076316E+02  0.5012654997E+01  0.0000000000E+00
L9 0.0000000000E+00  0.0000000000E+00  0.0000000000E+00  0.9843551947E+00  0.0000000000E+00
L0     9000  0.1800000000E+02  -.7487671308E+04  0.1729297190E+04
L1 0.2987372579E+03  0.2987372579E+03  -.9216968498E+10  0.1000000000E+01
L2 0.1000000000E+01  0.3365608407E+02  0.3365608407E+02  0.3365608407E+02
L3 0.2934720304E+05  0.4719912948E+03  -.5041411300E+03  0.2032399400E+03
L4 0.5703003493E+02  0.3112054822E+03  0.2782875587E+03  0.2560778462E+03
L5 0.8455708871E+03  0.2115141762E+03  0.3847693693E+03  0.2131506667E+03
L6 0.8094342122E+03  -.9216968498E+04  0.1360276076E+04  -.1065360833E+05
L7 0.0000000000E+00  0.2840290726E+01  0.8409963354E+01  0.9810827845E+01
L8 0.4169975968E+01  0.4643964122E+02  0.4693058980E+01  0.0000000000E+00
L9 0.0000000000E+00  0.0000000000E+00  0.0000000000E+00  0.9888284376E+00  0.0000000000E+00
L0    10000  0.2000000000E+02  -.7569018072E+04  0.1739652866E+04
L1 0.3005262080E+03  0.3005262080E+03  -.9308670938E+10  0.1000000000E+01
L2 0.1000000000E+01  0.3369774244E+02  0.3369774244E+02  0.3369774244E+02
L3 0.2945627304E+05  -.2805048062E+03  0.3023808454E+02  0.4668963561E+03
L4 0.7220987813E+02  0.2994353757E+03  0.2710391347E+03  0.2881765599E+03
L5 0.8586510703E+03  0.3589021914E+03  0.2646286827E+03  0.1891948707E+03
L6 0.8127257448E+03  -.9308670938E+04  0.1411229859E+04  -.1079720222E+05
L7 0.0000000000E+00  0.1849286673E+01  0.1029511850E+02  0.1321327007E+02
L8 0.3221927298E+01  0.4428631853E+02  0.4435500721E+01  0.0000000000E+00
L9 0.0000000000E+00  0.0000000000E+00  0.0000000000E+00  0.9851670267E+00  0.0000000000E+00
