L0  Nsteps           time(ps)         Etot             EKinetic        
L1  Temp             T_solute         T_solv           Pres_scal_solu  
L2  Pres_scal_solv   BoxX             BoxY             BoxZ            
L3  volume           pres_X           pres_Y           pres_Z          
L4  Pressure         EKCoM_x          EKCoM_y          EKCoM_z         
L5  EKComTot         VIRIAL_x         VIRIAL_y         VIRIAL_z        
L6  VIRIAL_tot       E_pot            E_vdw            E_el            
L7  E_hbon           E_bon            E_angle          E_dih           
L8  E_14vdw          E_14el           E_const          E_pol           
L9  AV_permMoment    AV_indMoment     AV_totMoment     Density          dV/dlambda      
L0     1000  0.2000000000E+01  -.7050329006E+04  0.1638299369E+04
L1 0.2942289299E+03  0.2942289299E+03  -.8688628376E+10  0.1000000000E+01
L2 0.1000000000E+01  0.3427780003E+02  0.3427780003E+02  0.3427780003E+02
L3 0.3100482454E+05  0.3196248903E+02  -.4524282762E+03  -.5305743845E+03
L4 -.3170133905E+03  0.2670616688E+03  0.2795428215E+03  0.2718663758E+03
L5 0.8184708661E+03  0.2599294206E+03  0.3804996265E+03  0.3902610419E+03
L6 0.1030690089E+04  -.8688628376E+04  0.1335431579E+04  -.1009967734E+05
L7 0.0000000000E+00  0.5096879325E+01  0.1034209044E+02  0.1305249653E+02
L8 0.1189676771E+01  0.4178939304E+02  0.4146851739E+01  0.0000000000E+00
L9 0.0000000000E+00  0.0000000000E+00  0.0000000000E+00  0.9002608064E+00  0.0000000000E+00
L0     2000  0.4000000000E+01  -.7036570297E+04  0.1703632520E+04
L1 0.3059623794E+03  0.3059623794E+03  -.8740202816E+10  0.1000000000E+01
L2 0.1000000000E+01  0.3380160930E+02  0.3380160930E+02  0.3380160930E+02
L3 0.2973089372E+05  -.1211247798E+04  -.1619370815E+03  0.5804038039E+01
L4 -.4557936139E+03  0.2705673338E+03  0.2864855905E+03  0.3024852893E+03
L5 0.8595382135E+03  0.5297449821E+03  0.3211361979E+03  0.3012433659E+03
L6 0.1152124546E+04  -.8740202816E+04  0.1273395815E+04  -.1008663282E+05
L7 0.0000000000E+00  0.1663679519E+01  0.6573924406E+01  0.1266884681E+02
L8 0.5766833799E+01  0.4519632806E+02  0.1164577216E+01  0.0000000000E+00
L9 0.0000000000E+00  0.0000000000E+00  0.0000000000E+00  0.9388358323E+00  0.0000000000E+00
L0     3000  0.6000000000E+01  -.7254310397E+04  0.1604129119E+04
L1 0.2880921539E+03  0.2880921539E+03  -.8858439516E+10  0.1000000000E+01
L2 0.1000000000E+01  0.3354527182E+02  0.3354527182E+02  0.3354527182E+02
L3 0.2905909470E+05  -.1636569435E+03  -.6464359091E+03  0.3880673861E+02
L4 -.2570953713E+03  0.2717326933E+03  0.2460915057E+03  0.2631472281E+03
L5 0.7809714271E+03  0.3059600292E+03  0.3812875963E+03  0.2550311577E+03
L6 0.9422787831E+03  -.8858439516E+04  0.1323204077E+04  -.1025173991E+05
L7 0.0000000000E+00  0.3166391407E+01  0.7425030813E+01  0.1030627754E+02
L8 0.2557956593E+01  0.4365104721E+02  0.2989614428E+01  0.0000000000E+00
L9 0.0000000000E+00  0.0000000000E+00  0.0000000000E+00  0.9605401902E+00  0.0000000000E+00
L0     4000  0.8000000000E+01  -.7262060212E+04  0.1617488031E+04
L1 0.2904913361E+03  0.2904913361E+03  -.8879548243E+10  0.1000000000E+01
L2 0.1000000000E+01  0.3336883730E+02  0.3336883730E+02  0.3336883730E+02
L3 0.2860294305E+05  0.2651256647E+03  -.3954894731E+03  -.5916681176E+03
L4 -.2406773087E+03  0.2680306079E+03  0.2726883989E+03  0.2494820496E+03
L5 0.7902010564E+03  0.2134524251E+03  0.3541029869E+03  0.3712815394E+03
L6 0.9388369514E+03  -.8879548243E+04  0.1313647053E+04  -.1027045680E+05
L7 0.0000000000E+00  0.3112037273E+01  0.1188867203E+02  0.1018496296E+02
L8 0.3037370934E+01  0.4393986656E+02  0.5098594898E+01  0.0000000000E+00
L9 0.0000000000E+00  0.0000000000E+00  0.0000000000E+00  0.9758586136E+00  0.0000000000E+00
L0     5000  0.1000000000E+02  -.7216434211E+04  0.1708939461E+04
L1 0.3069154750E+03  0.3069154750E+03  -.8925373673E+10  0.1000000000E+01
L2 0.1000000000E+01  0.3333885033E+02  0.3333885033E+02  0.3333885033E+02
L3 0.2852627803E+05  -.2166220172E+03  0.4791887031E+02  -.9989615598E+03
L4 -.3892215689E+03  0.2924569028E+03  0.2585464990E+03  0.3190047289E+03
L5 0.8700081307E+03  0.3369307077E+03  0.2487084663E+03  0.5240975541E+03
L6 0.1109736728E+04  -.8925373673E+04  0.1298118670E+04  -.1029466678E+05
L7 0.0000000000E+00  0.1636516837E+01  0.6004788525E+01  0.1025900720E+02
L8 0.4737259858E+01  0.4476639031E+02  0.3770471684E+01  0.0000000000E+00
L9 0.0000000000E+00  0.0000000000E+00  0.0000000000E+00  0.9784812556E+00  0.0000000000E+00
L0     6000  0.1200000000E+02  -.7157169241E+04  0.1676211962E+04
L1 0.3010378086E+03  0.3010378086E+03  -.8833381203E+10  0.1000000000E+01
L2 0.1000000000E+01  0.3324300235E+02  0.3324300235E+02  0.3324300235E+02
L3 0.2827875063E+05  -.9765388618E+01  0.8809716263E+03  0.5751906540E+03
L4 0.4821322972E+03  0.2839961097E+03  0.2653753579E+03  0.2640203372E+03
L5 0.8133918048E+03  0.2859836060E+03  0.8607600612E+02  0.1469549196E+03
L6 0.5190145316E+03  -.8833381203E+04  0.1367239580E+04  -.1027524057E+05
L7 0.0000000000E+00  0.4154924480E+01  0.1071082959E+02  0.1157625717E+02
L8 0.3085275445E+01  0.4007089331E+02  0.5021604498E+01  0.0000000000E+00
L9 0.0000000000E+00  0.0000000000E+00  0.0000000000E+00  0.9870460232E+00  0.0000000000E+00
L0     7000  0.1400000000E+02  -.7185687655E+04  0.1648893690E+04
L1 0.2961316077E+03  0.2961316077E+03  -.8834581345E+10  0.1000000000E+01
L2 0.1000000000E+01  0.3322492548E+02  0.3322492548E+02  0.3322492548E+02
L3 0.2823363449E+05  0.2949488031E+03  0.1081984509E+03  -.1373156919E+03
L4 0.8861052069E+02  0.2752753233E+03  0.2585404292E+03  0.2834665290E+03
L5 0.8172822815E+03  0.2153417728E+03  0.2365545210E+03  0.3113690561E+03
L6 0.7632653498E+03  -.8834581345E+04  0.1291433868E+04  -.1019943794E+05
L7 0.0000000000E+00  0.2886768150E+01  0.9577735980E+01  0.1103273688E+02
L8 0.3052586175E+01  0.4322446659E+02  0.3648435558E+01  0.0000000000E+00
L9 0.0000000000E+00  0.0000000000E+00  0.0000000000E+00  0.9886232804E+00  0.0000000000E+00
L0     8000  0.1600000000E+02  -.7166421662E+04  0.1706226894E+04
L1 0.3064283138E+03  0.3064283138E+03  -.8872648555E+10  0.1000000000E+01
L2 0.1000000000E+01  0.3327950364E+02  0.3327950364E+02  0.3327950364E+02
L3 0.2837214712E+05  0.1508626595E+03  0.2872373104E+03  0.8390757786E+03
L4 0.4257252495E+03  0.2786451628E+03  0.2966950525E+03  0.2706592985E+03
L5 0.8459995137E+03  0.2478395010E+03  0.2380421329E+03  0.9932276818E+02
L6 0.5852044021E+03  -.8872648555E+04  0.1375667302E+04  -.1032214398E+05
L7 0.0000000000E+00  0.8805278821E+00  0.1044361948E+02  0.1140323283E+02
L8 0.3326993659E+01  0.4505103276E+02  0.2722710964E+01  0.0000000000E+00
L9 0.0000000000E+00  0.0000000000E+00  0.0000000000E+00  0.9837968281E+00  0.0000000000E+00
L0     9000  0.1800000000E+02  -.7320333132E+04  0.1610769232E+04
L1 0.2892846792E+03  0.2892846792E+03  -.8931102364E+10  0.1000000000E+01
L2 0.1000000000E+01  0.3326503808E+02  0.3326503808E+02  0.3326503808E+02
L3 0.2833792100E+05  -.1001951033E+04  -.8243756013E+03  -.1666428441E+03
L4 -.6643231594E+03  0.2593904624E+03  0.2719892293E+03  0.2808326109E+03
L5 0.8122123027E+03  0.4637387782E+03  0.4401209645E+03  0.3148194859E+03
L6 0.1218679229E+04  -.8931102364E+04  0.1256183100E+04  -.1026444524E+05
L7 0.0000000000E+00  0.3983141472E+01  0.6804741937E+01  0.1181271962E+02
L8 0.3489249649E+01  0.4390187367E+02  0.7168050605E+01  0.0000000000E+00
L9 0.0000000000E+00  0.0000000000E+00  0.0000000000E+00  0.9849850434E+00  0.0000000000E+00
L0    10000  0.2000000000E+02  -.7228520631E+04  0.1662646836E+04
L1 0.2986015918E+03  0.2986015918E+03  -.8891167467E+10  0.1000000000E+01
L2 0.1000000000E+01  0.3312602539E+02  0.3312602539E+02  0.3312602539E+02
L3 0.2798229918E+05  -.2695218507E+03  0.4257507145E+03  0.5826052942E+02
L4 0.7149646439E+02  0.2751683989E+03  0.2655392107E+03  0.2788076574E+03
L5 0.8195152670E+03  0.3294476636E+03  0.1797968649E+03  0.2670745133E+03
L6 0.7763190418E+03  -.8891167467E+04  0.1319544739E+04  -.1028643639E+05
L7 0.0000000000E+00  0.2860559691E+01  0.1184965836E+02  0.9795887764E+01
L8 0.3192318234E+01  0.4353519173E+02  0.4490563510E+01  0.0000000000E+00
L9 0.0000000000E+00  0.0000000000E+00  0.0000000000E+00  0.9975030346E+00  0.0000000000E+00
