L0  Nsteps           time(ps)         Etot             EKinetic        
L1  Temp             T_solute         T_solv           Pres_scal_solu  
L2  Pres_scal_solv   BoxX             BoxY             BoxZ            
L3  volume           pres_X           pres_Y           pres_Z          
L4  Pressure         EKCoM_x          EKCoM_y          EKCoM_z         
L5  EKComTot         VIRIAL_x         VIRIAL_y         VIRIAL_z        
L6  VIRIAL_tot       E_pot            E_vdw            E_el            
L7  E_hbon           E_bon            E_angle          E_dih           
L8  E_14vdw          E_14el           E_const          E_pol           
L9  AV_permMoment    AV_indMoment     AV_totMoment     Density          dV/dlambda      
L0     1000  0.2000000000E+01  -.7580070424E+04  0.1802622550E+04
L1 0.3035878913E+03  0.3035878913E+03  -.9382692974E+10  0.1000000000E+01
L2 0.1000000000E+01  0.3495174723E+02  0.3495174723E+02  0.3495174723E+02
L3 0.3287186736E+05  -.6895089394E+03  -.1274110182E+04  -.1097412430E+04
L4 -.1020343850E+04  0.2970142791E+03  0.3023286054E+03  0.3115935298E+03
L5 0.9109364144E+03  0.4601394040E+03  0.6037596247E+03  0.5712211132E+03
L6 0.1635120142E+04  -.9382692974E+04  0.1367729900E+04  -.1082659106E+05
L7 0.0000000000E+00  0.5246379738E+01  0.8114717875E+01  0.1104066396E+02
L8 0.3790419062E+01  0.4261789350E+02  0.5358111451E+01  0.0000000000E+00
L9 0.0000000000E+00  0.0000000000E+00  0.0000000000E+00  0.9055545250E+00  0.0000000000E+00
L0     2000  0.4000000000E+01  -.7696757735E+04  0.1724919728E+04
L1 0.2905016044E+03  0.2905016044E+03  -.9421677463E+10  0.1000000000E+01
L2 0.1000000000E+01  0.3446464232E+02  0.3446464232E+02  0.3446464232E+02
L3 0.3151501459E+05  -.5241066834E+03  -.1351200277E+03  -.7355673658E+03
L4 -.4649313590E+03  0.2951048914E+03  0.3000338769E+03  0.2612005136E+03
L5 0.8563392819E+03  0.4139807839E+03  0.3306812897E+03  0.4280391170E+03
L6 0.1172701191E+04  -.9421677463E+04  0.1411161794E+04  -.1090810730E+05
L7 0.0000000000E+00  0.3878758644E+01  0.9606385070E+01  0.1186089002E+02
L8 0.2746390005E+01  0.4388785840E+02  0.3287763183E+01  0.0000000000E+00
L9 0.0000000000E+00  0.0000000000E+00  0.0000000000E+00  0.9445424228E+00  0.0000000000E+00
L0     3000  0.6000000000E+01  -.7798653808E+04  0.1772187957E+04
L1 0.2984622626E+03  0.2984622626E+03  -.9570841765E+10  0.1000000000E+01
L2 0.1000000000E+01  0.3403496883E+02  0.3403496883E+02  0.3403496883E+02
L3 0.3034964235E+05  0.4873960650E+03  -.2215137262E+03  -.2141299294E+03
L4 0.1725080315E+02  0.3220509745E+03  0.2810852254E+03  0.2836926119E+03
L5 0.8868288119E+03  0.2155895737E+03  0.3294702315E+03  0.3304647832E+03
L6 0.8755245885E+03  -.9570841765E+04  0.1450050211E+04  -.1109182936E+05
L7 0.0000000000E+00  0.1334483013E+01  0.8672460657E+01  0.1097963707E+02
L8 0.4197308055E+01  0.4362668051E+02  0.2126818643E+01  0.0000000000E+00
L9 0.0000000000E+00  0.0000000000E+00  0.0000000000E+00  0.9808111703E+00  0.0000000000E+00
L0     4000  0.8000000000E+01  -.7710194791E+04  0.1746090934E+04
L1 0.2940671439E+03  0.2940671439E+03  -.9456285724E+10  0.1000000000E+01
L2 0.1000000000E+01  0.3402946887E+02  0.3402946887E+02  0.3402946887E+02
L3 0.3033452974E+05  -.5380383826E+03  0.1034028089E+04  0.1167661601E+01
L4 0.1657191226E+03  0.2899043142E+03  0.2895368667E+03  0.2904584653E+03
L5 0.8698996462E+03  0.4073689416E+03  0.6378768590E+02  0.2902035412E+03
L6 0.7613601687E+03  -.9456285724E+04  0.1444108639E+04  -.1097618626E+05
L7 0.0000000000E+00  0.4672034309E+01  0.1292936727E+02  0.9609772975E+01
L8 0.4207380185E+01  0.4239222787E+02  0.1981112959E+01  0.0000000000E+00
L9 0.0000000000E+00  0.0000000000E+00  0.0000000000E+00  0.9812998088E+00  0.0000000000E+00
L0     5000  0.1000000000E+02  -.7660486107E+04  0.1766134690E+04
L1 0.2974428042E+03  0.2974428042E+03  -.9426620797E+10  0.1000000000E+01
L2 0.1000000000E+01  0.3398042508E+02  0.3398042508E+02  0.3398042508E+02
L3 0.3020467501E+05  0.1921715885E+03  -.5137421496E+03  -.4195970551E+03
L4 -.2470558720E+03  0.3106901623E+03  0.3081567455E+03  0.2775771728E+03
L5 0.8964240806E+03  0.2689148286E+03  0.4198368845E+03  0.3687915252E+03
L6 0.1057543238E+04  -.9426620797E+04  0.1368222878E+04  -.1087325105E+05
L7 0.0000000000E+00  0.4905058840E+01  0.1172534755E+02  0.1118919852E+02
L8 0.3913772067E+01  0.4317019989E+02  0.3503795170E+01  0.0000000000E+00
L9 0.0000000000E+00  0.0000000000E+00  0.0000000000E+00  0.9855185737E+00  0.0000000000E+00
L0     6000  0.1200000000E+02  -.7747572191E+04  0.1759702299E+04
L1 0.2963594960E+03  0.2963594960E+03  -.9507274490E+10  0.1000000000E+01
L2 0.1000000000E+01  0.3396753332E+02  0.3396753332E+02  0.3396753332E+02
L3 0.3017026947E+05  -.5500270279E+03  -.1856436980E+03  0.3989485404E+02
L4 -.2319252906E+03  0.2834668677E+03  0.3081065045E+03  0.3195136112E+03
L5 0.9110869834E+03  0.4028986188E+03  0.3484167999E+03  0.3108509236E+03
L6 0.1062166342E+04  -.9507274490E+04  0.1388106381E+04  -.1096744950E+05
L7 0.0000000000E+00  0.3143055875E+01  0.1131598432E+02  0.1242936657E+02
L8 0.2579587047E+01  0.4013632924E+02  0.2464303495E+01  0.0000000000E+00
L9 0.0000000000E+00  0.0000000000E+00  0.0000000000E+00  0.9866424384E+00  0.0000000000E+00
L0     7000  0.1400000000E+02  -.7586041985E+04  0.1812817646E+04
L1 0.3053048940E+03  0.3053048940E+03  -.9398859631E+10  0.1000000000E+01
L2 0.1000000000E+01  0.3402952328E+02  0.3402952328E+02  0.3402952328E+02
L3 0.3033458873E+05  0.8217449449E+03  -.4634929727E+03  0.2348313307E+03
L4 0.1976944343E+03  0.3318207960E+03  0.2847986640E+03  0.2902621170E+03
L5 0.9068815770E+03  0.1524169569E+03  0.3859887221E+03  0.2389936029E+03
L6 0.7773992819E+03  -.9398859631E+04  0.1406422209E+04  -.1087870895E+05
L7 0.0000000000E+00  0.3414587805E+01  0.8109332780E+01  0.1309561742E+02
L8 0.3020334512E+01  0.4390201100E+02  0.1885226945E+01  0.0000000000E+00
L9 0.0000000000E+00  0.0000000000E+00  0.0000000000E+00  0.9812979005E+00  0.0000000000E+00
L0     8000  0.1600000000E+02  -.7717320541E+04  0.1770105671E+04
L1 0.2981115754E+03  0.2981115754E+03  -.9487426212E+10  0.1000000000E+01
L2 0.1000000000E+01  0.3396510960E+02  0.3396510960E+02  0.3396510960E+02
L3 0.3016180848E+05  0.2990211589E+02  0.1232517248E+04  0.2753756669E+03
L4 0.5125983436E+03  0.2872482334E+03  0.2933207412E+03  0.2749639770E+03
L5 0.8555329517E+03  0.2807571696E+03  0.2576950403E+02  0.2151862331E+03
L6 0.5217129068E+03  -.9487426212E+04  0.1471398340E+04  -.1103352331E+05
L7 0.0000000000E+00  0.4698865244E+01  0.7078781473E+01  0.1155555503E+02
L8 0.3947436158E+01  0.4421901125E+02  0.3199109267E+01  0.0000000000E+00
L9 0.0000000000E+00  0.0000000000E+00  0.0000000000E+00  0.9869192112E+00  0.0000000000E+00
L0     9000  0.1800000000E+02  -.7761339381E+04  0.1725765410E+04
L1 0.2906440296E+03  0.2906440296E+03  -.9487104791E+10  0.1000000000E+01
L2 0.1000000000E+01  0.3395611435E+02  0.3395611435E+02  0.3395611435E+02
L3 0.3013927018E+05  0.2874642029E+03  0.1593528611E+03  -.4928959998E+03
L4 -.1535964527E+02  0.2996256847E+03  0.2843575932E+03  0.2803147694E+03
L5 0.8642980472E+03  0.2372704264E+03  0.2497915891E+03  0.3872312379E+03
L6 0.8742932533E+03  -.9487104791E+04  0.1397415902E+04  -.1095867503E+05
L7 0.0000000000E+00  0.6320232815E+01  0.1477985717E+02  0.9273526990E+01
L8 0.2705617505E+01  0.3841691585E+02  0.2658183678E+01  0.0000000000E+00
L9 0.0000000000E+00  0.0000000000E+00  0.0000000000E+00  0.9876572345E+00  0.0000000000E+00
L0    10000  0.2000000000E+02  -.7640198883E+04  0.1772789700E+04
L1 0.2985636049E+03  0.2985636049E+03  -.9412988583E+10  0.1000000000E+01
L2 0.1000000000E+01  0.3407399556E+02  0.3407399556E+02  0.3407399556E+02
L3 0.3045403064E+05  -.1059696879E+03  0.2532356534E+03  0.5265202789E+02
L4 0.6663933111E+02  0.2923957932E+03  0.3019955313E+03  0.2923577536E+03
L5 0.8867490782E+03  0.3156222529E+03  0.2464912849E+03  0.2808174705E+03
L6 0.8429310082E+03  -.9412988583E+04  0.1402788928E+04  -.1089473561E+05
L7 0.0000000000E+00  0.7751224511E+01  0.1096021991E+02  0.1056894772E+02
L8 0.2194484173E+01  0.4392139306E+02  0.3561831586E+01  0.0000000000E+00
L9 0.0000000000E+00  0.0000000000E+00  0.0000000000E+00  0.9774492115E+00  0.0000000000E+00
