L0  Nsteps           time(ps)         Etot             EKinetic        
L1  Temp             T_solute         T_solv           Pres_scal_solu  
L2  Pres_scal_solv   BoxX             BoxY             BoxZ            
L3  volume           pres_X           pres_Y           pres_Z          
L4  Pressure         EKCoM_x          EKCoM_y          EKCoM_z         
L5  EKComTot         VIRIAL_x         VIRIAL_y         VIRIAL_z        
L6  VIRIAL_tot       E_pot            E_vdw            E_el            
L7  E_hbon           E_bon            E_angle          E_dih           
L8  E_14vdw          E_14el           E_const          E_pol           
L9  AV_permMoment    AV_indMoment     AV_totMoment     Density          dV/dlambda      
L0     1000  0.2000000000E+01  -.7181983628E+04  0.1661194377E+04
L1 0.2970684967E+03  0.2970684967E+03  -.8843178005E+10  0.1000000000E+01
L2 0.1000000000E+01  0.3428148289E+02  0.3428148289E+02  0.3428148289E+02
L3 0.3101687446E+05  -.9297912163E+03  -.1242738539E+04  -.1006980526E+04
L4 -.1059836760E+04  0.2725599320E+03  0.2971444623E+03  0.2787626518E+03
L5 0.8484670462E+03  0.4801182064E+03  0.5745622978E+03  0.5035519773E+03
L6 0.1558232482E+04  -.8843178005E+04  0.1275322150E+04  -.1019332551E+05
L7 0.0000000000E+00  0.1929828779E+01  0.8575848209E+01  0.1052484134E+02
L8 0.3833810017E+01  0.4765979913E+02  0.2301223122E+01  0.0000000000E+00
L9 0.0000000000E+00  0.0000000000E+00  0.0000000000E+00  0.9037691877E+00  0.0000000000E+00
L0     2000  0.4000000000E+01  -.7236127389E+04  0.1648056244E+04
L1 0.2947190273E+03  0.2947190273E+03  -.8884183633E+10  0.1000000000E+01
L2 0.1000000000E+01  0.3366607223E+02  0.3366607223E+02  0.3366607223E+02
L3 0.2937432575E+05  -.4661191884E+03  -.7889368098E+02  -.4136880546E+03
L4 -.3195669746E+03  0.2776139629E+03  0.2710103743E+03  0.2665543040E+03
L5 0.8151786411E+03  0.3761559847E+03  0.2876892474E+03  0.3540118863E+03
L6 0.1017857118E+04  -.8884183633E+04  0.1336656153E+04  -.1029084287E+05
L7 0.0000000000E+00  0.1614134664E+01  0.9226766594E+01  0.1056250892E+02
L8 0.2964519862E+01  0.4205648865E+02  0.3578660095E+01  0.0000000000E+00
L9 0.0000000000E+00  0.0000000000E+00  0.0000000000E+00  0.9543060042E+00  0.0000000000E+00
L0     3000  0.6000000000E+01  -.7230390252E+04  0.1644996829E+04
L1 0.2941719175E+03  0.2941719175E+03  -.8875387081E+10  0.1000000000E+01
L2 0.1000000000E+01  0.3336007371E+02  0.3336007371E+02  0.3336007371E+02
L3 0.2857909769E+05  0.9025504899E+03  0.2944110113E+03  -.3709682528E+03
L4 0.2753310828E+03  0.2828004948E+03  0.2731483230E+03  0.2720776414E+03
L5 0.8280264592E+03  0.9715834060E+02  0.2125920495E+03  0.3483806808E+03
L6 0.6581310709E+03  -.8875387081E+04  0.1341217387E+04  -.1029582993E+05
L7 0.0000000000E+00  0.3373198737E+01  0.8757966314E+01  0.1207173843E+02
L8 0.3236041531E+01  0.4660203527E+02  0.5184481108E+01  0.0000000000E+00
L9 0.0000000000E+00  0.0000000000E+00  0.0000000000E+00  0.9808600585E+00  0.0000000000E+00
L0     4000  0.8000000000E+01  -.7227688891E+04  0.1630549400E+04
L1 0.2915883088E+03  0.2915883088E+03  -.8858238291E+10  0.1000000000E+01
L2 0.1000000000E+01  0.3331447227E+02  0.3331447227E+02  0.3331447227E+02
L3 0.2846307629E+05  -.4283266491E+03  0.5499939348E+03  -.4971423286E+03
L4 -.1251583476E+03  0.2682201845E+03  0.2617586893E+03  0.2675814020E+03
L5 0.7975602759E+03  0.3559633933E+03  0.1490917966E+03  0.3694215822E+03
L6 0.8744767721E+03  -.8858238291E+04  0.1293183345E+04  -.1023030166E+05
L7 0.0000000000E+00  0.1624890525E+01  0.1065114109E+02  0.1344052799E+02
L8 0.3424351535E+01  0.4726836158E+02  0.2470749542E+01  0.0000000000E+00
L9 0.0000000000E+00  0.0000000000E+00  0.0000000000E+00  0.9848582476E+00  0.0000000000E+00
L0     5000  0.1000000000E+02  -.7333808807E+04  0.1604802092E+04
L1 0.2869839626E+03  0.2869839626E+03  -.8938610898E+10  0.1000000000E+01
L2 0.1000000000E+01  0.3320934151E+02  0.3320934151E+02  0.3320934151E+02
L3 0.2819366045E+05  -.5987840439E+03  0.5544415056E+03  0.6253101832E+03
L4 0.1936558816E+03  0.2812572491E+03  0.2599349807E+03  0.2542608878E+03
L5 0.7954531175E+03  0.4027578047E+03  0.1474320646E+03  0.1273778562E+03
L6 0.6775677256E+03  -.8938610898E+04  0.1354113643E+04  -.1036877440E+05
L7 0.0000000000E+00  0.2013131767E+01  0.9538459547E+01  0.1208583269E+02
L8 0.4985341593E+01  0.4493317946E+02  0.2493912337E+01  0.0000000000E+00
L9 0.0000000000E+00  0.0000000000E+00  0.0000000000E+00  0.9942694558E+00  0.0000000000E+00
L0     6000  0.1200000000E+02  -.7264713327E+04  0.1678528698E+04
L1 0.3001683632E+03  0.3001683632E+03  -.8943242025E+10  0.1000000000E+01
L2 0.1000000000E+01  0.3324131596E+02  0.3324131596E+02  0.3324131596E+02
L3 0.2827567135E+05  -.4452646767E+01  -.3255088828E+02  0.2724804729E+02
L4 -.3251829251E+01  0.2726851596E+03  0.3018637498E+03  0.2749020456E+03
L5 0.8494509551E+03  0.2735912839E+03  0.3084879332E+03  0.2693570030E+03
L6 0.8514362201E+03  -.8943242025E+04  0.1318914440E+04  -.1033677153E+05
L7 0.0000000000E+00  0.1490060526E+01  0.9226924993E+01  0.9936306314E+01
L8 0.3502135886E+01  0.4444695143E+02  0.6012686281E+01  0.0000000000E+00
L9 0.0000000000E+00  0.0000000000E+00  0.0000000000E+00  0.9913856717E+00  0.0000000000E+00
L0     7000  0.1400000000E+02  -.7240996056E+04  0.1665617693E+04
L1 0.2978595106E+03  0.2978595106E+03  -.8906613749E+10  0.1000000000E+01
L2 0.1000000000E+01  0.3325691868E+02  0.3325691868E+02  0.3325691868E+02
L3 0.2831532285E+05  -.8471265329E+01  0.5722632040E+03  -.3561005303E+03
L4 0.6923046944E+02  0.2750536761E+03  0.2637620744E+03  0.2878660229E+03
L5 0.8266817734E+03  0.2767800163E+03  0.1471418373E+03  0.3604349527E+03
L6 0.7843568063E+03  -.8906613749E+04  0.1322802514E+04  -.1030475367E+05
L7 0.0000000000E+00  0.4312624012E+01  0.1004657839E+02  0.1094863173E+02
L8 0.3424977244E+01  0.4261048878E+02  0.3994104769E+01  0.0000000000E+00
L9 0.0000000000E+00  0.0000000000E+00  0.0000000000E+00  0.9899973800E+00  0.0000000000E+00
L0     8000  0.1600000000E+02  -.7208149528E+04  0.1704509319E+04
L1 0.3048144323E+03  0.3048144323E+03  -.8912658847E+10  0.1000000000E+01
L2 0.1000000000E+01  0.3329181936E+02  0.3329181936E+02  0.3329181936E+02
L3 0.2840451237E+05  0.6199092875E+02  0.9871951166E+02  0.1045062671E+03
L4 0.8840556918E+02  0.2944100481E+03  0.2638759112E+03  0.2910531789E+03
L5 0.8493391382E+03  0.2817372633E+03  0.2436947145E+03  0.2696889976E+03
L6 0.7951209754E+03  -.8912658847E+04  0.1337824246E+04  -.1032717676E+05
L7 0.0000000000E+00  0.7389700572E+00  0.1406402283E+02  0.9866397945E+01
L8 0.3642017189E+01  0.4293506332E+02  0.5447197001E+01  0.0000000000E+00
L9 0.0000000000E+00  0.0000000000E+00  0.0000000000E+00  0.9868888109E+00  0.0000000000E+00
L0     9000  0.1800000000E+02  -.7268295112E+04  0.1648226374E+04
L1 0.2947494513E+03  0.2947494513E+03  -.8916521486E+10  0.1000000000E+01
L2 0.1000000000E+01  0.3322225877E+02  0.3322225877E+02  0.3322225877E+02
L3 0.2822892306E+05  -.5583873402E+03  -.7919872215E+03  -.8694626576E+03
L4 -.7399457398E+03  0.2852504215E+03  0.2883018676E+03  0.2682875342E+03
L5 0.8418398233E+03  0.3986957073E+03  0.4492066916E+03  0.4449327275E+03
L6 0.1292835126E+04  -.8916521486E+04  0.1208028390E+04  -.1019285314E+05
L7 0.0000000000E+00  0.2286769017E+01  0.7656131266E+01  0.9845240552E+01
L8 0.2803894898E+01  0.4273299333E+02  0.2978234803E+01  0.0000000000E+00
L9 0.0000000000E+00  0.0000000000E+00  0.0000000000E+00  0.9930274482E+00  0.0000000000E+00
L0    10000  0.2000000000E+02  -.7290440655E+04  0.1638841918E+04
L1 0.2930712455E+03  0.2930712455E+03  -.8929282574E+10  0.1000000000E+01
L2 0.1000000000E+01  0.3320697904E+02  0.3320697904E+02  0.3320697904E+02
L3 0.2818821939E+05  -.6238728239E+03  0.2371638816E+03  0.2810470581E+03
L4 -.3522062809E+02  0.2686259016E+03  0.2767124261E+03  0.2736990051E+03
L5 0.8190373327E+03  0.3951928447E+03  0.2285982811E+03  0.2166821490E+03
L6 0.8404732748E+03  -.8929282574E+04  0.1301700714E+04  -.1030243688E+05
L7 0.0000000000E+00  0.2110992703E+01  0.6172740760E+01  0.1354103413E+02
L8 0.3461157617E+01  0.4328433519E+02  0.2883329311E+01  0.0000000000E+00
L9 0.0000000000E+00  0.0000000000E+00  0.0000000000E+00  0.9944613759E+00  0.0000000000E+00
