L0  Nsteps           time(ps)         Etot             EKinetic        
L1  Temp             T_solute         T_solv           Pres_scal_solu  
L2  Pres_scal_solv   BoxX             BoxY             BoxZ            
L3  volume           pres_X           pres_Y           pres_Z          
L4  Pressure         EKCoM_x          EKCoM_y          EKCoM_z         
L5  EKComTot         VIRIAL_x         VIRIAL_y         VIRIAL_z        
L6  VIRIAL_tot       E_pot            E_vdw            E_el            
L7  E_hbon           E_bon            E_angle          E_dih           
L8  E_14vdw          E_14el           E_const          E_pol           
L9  AV_permMoment    AV_indMoment     AV_totMoment     Density          dV/dlambda      
L0     1000  0.2000000000E+01  -.7721178881E+04  0.1738103587E+04
L1 0.2906790334E+03  0.2906790334E+03  -.9459282468E+10  0.1000000000E+01
L2 0.1000000000E+01  0.3504384351E+02  0.3504384351E+02  0.3504384351E+02
L3 0.3313191082E+05  -.6251082391E+03  -.8134395162E+03  -.1125639669E+04
L4 -.8547291414E+03  0.2878465372E+03  0.3004307721E+03  0.2789371644E+03
L5 0.8672144736E+03  0.4369055658E+03  0.4943979870E+03  0.5473494891E+03
L6 0.1478653042E+04  -.9459282468E+04  0.1405691114E+04  -.1093551579E+05
L7 0.0000000000E+00  0.1470421640E+01  0.8811710577E+01  0.9797399966E+01
L8 0.4297458028E+01  0.4487442961E+02  0.1290785618E+01  0.0000000000E+00
L9 0.0000000000E+00  0.0000000000E+00  0.0000000000E+00  0.9047677874E+00  0.0000000000E+00
L0     2000  0.4000000000E+01  -.7646220089E+04  0.1753112019E+04
L1 0.2931890314E+03  0.2931890314E+03  -.9399332109E+10  0.1000000000E+01
L2 0.1000000000E+01  0.3451361729E+02  0.3451361729E+02  0.3451361729E+02
L3 0.3164833531E+05  0.2558162637E+01  0.1166015587E+02  -.1117933256E+03
L4 -.3252500237E+02  0.2910566106E+03  0.2727463766E+03  0.2930657855E+03
L5 0.8568687727E+03  0.2904739233E+03  0.2700904760E+03  0.3185295921E+03
L6 0.8790939914E+03  -.9399332109E+04  0.1420613369E+04  -.1089430063E+05
L7 0.0000000000E+00  0.3153019976E+01  0.1386200367E+02  0.8938583681E+01
L8 0.2440142771E+01  0.4236224163E+02  0.3599156098E+01  0.0000000000E+00
L9 0.0000000000E+00  0.0000000000E+00  0.0000000000E+00  0.9471804866E+00  0.0000000000E+00
L0     3000  0.6000000000E+01  -.7668047565E+04  0.1757158956E+04
L1 0.2938658378E+03  0.2938658378E+03  -.9425206521E+10  0.1000000000E+01
L2 0.1000000000E+01  0.3419823555E+02  0.3419823555E+02  0.3419823555E+02
L3 0.3078951037E+05  -.3816746027E+03  -.2008725977E+02  -.6444888189E+03
L4 -.3487502271E+03  0.2871706623E+03  0.2959029049E+03  0.3036843991E+03
L5 0.8867579664E+03  0.3717477302E+03  0.3003541352E+03  0.4464997035E+03
L6 0.1118601569E+04  -.9425206521E+04  0.1340919299E+04  -.1084557521E+05
L7 0.0000000000E+00  0.2076901299E+01  0.1087272137E+02  0.1346660815E+02
L8 0.3786778469E+01  0.4358234968E+02  0.5664031217E+01  0.0000000000E+00
L9 0.0000000000E+00  0.0000000000E+00  0.0000000000E+00  0.9736005958E+00  0.0000000000E+00
L0     4000  0.8000000000E+01  -.7714653627E+04  0.1810431651E+04
L1 0.3027751202E+03  0.3027751202E+03  -.9525085278E+10  0.1000000000E+01
L2 0.1000000000E+01  0.3406561250E+02  0.3406561250E+02  0.3406561250E+02
L3 0.3043314383E+05  -.6811304061E+03  -.7489954102E+03  -.1216366208E+03
L4 -.5172541457E+03  0.2990917634E+03  0.2922870629E+03  0.3054709416E+03
L5 0.8968497679E+03  0.4482796860E+03  0.4563394503E+03  0.3321129981E+03
L6 0.1236732134E+04  -.9525085278E+04  0.1344370947E+04  -.1093896116E+05
L7 0.0000000000E+00  0.1984730130E+01  0.6115316736E+01  0.9094927662E+01
L8 0.4120036994E+01  0.4620660571E+02  0.1983321600E+01  0.0000000000E+00
L9 0.0000000000E+00  0.0000000000E+00  0.0000000000E+00  0.9850012805E+00  0.0000000000E+00
L0     5000  0.1000000000E+02  -.7707190105E+04  0.1859661815E+04
L1 0.3110083327E+03  0.3110083327E+03  -.9566851919E+10  0.1000000000E+01
L2 0.1000000000E+01  0.3406110939E+02  0.3406110939E+02  0.3406110939E+02
L3 0.3041998161E+05  0.3277196931E+03  0.1036518755E+03  -.7725446746E+03
L4 -.1137243687E+03  0.3074805027E+03  0.3025043872E+03  0.3110446095E+03
L5 0.9210294993E+03  0.2357311369E+03  0.2798113465E+03  0.4801818070E+03
L6 0.9957242904E+03  -.9566851919E+04  0.1401156123E+04  -.1104350435E+05
L7 0.0000000000E+00  0.3604772375E+01  0.1075838853E+02  0.1112179571E+02
L8 0.2931380406E+01  0.4245734899E+02  0.4622621460E+01  0.0000000000E+00
L9 0.0000000000E+00  0.0000000000E+00  0.0000000000E+00  0.9854274740E+00  0.0000000000E+00
L0     6000  0.1200000000E+02  -.7796311605E+04  0.1783216427E+04
L1 0.2982236681E+03  0.2982236681E+03  -.9579528032E+10  0.1000000000E+01
L2 0.1000000000E+01  0.3405029067E+02  0.3405029067E+02  0.3405029067E+02
L3 0.3039125601E+05  -.3582158280E+03  -.3380326694E+03  0.7643477364E+02
L4 -.2066045746E+03  0.2927861596E+03  0.3090091305E+03  0.2868664178E+03
L5 0.8886617080E+03  0.3711381441E+03  0.3829464845E+03  0.2701479600E+03
L6 0.1024232589E+04  -.9579528032E+04  0.1402347662E+04  -.1105301398E+05
L7 0.0000000000E+00  0.1455619252E+01  0.8919989549E+01  0.9872258796E+01
L8 0.4059761561E+01  0.4469122491E+02  0.2139436901E+01  0.0000000000E+00
L9 0.0000000000E+00  0.0000000000E+00  0.0000000000E+00  0.9863588932E+00  0.0000000000E+00
L0     7000  0.1400000000E+02  -.7751408923E+04  0.1776647986E+04
L1 0.2971251673E+03  0.2971251673E+03  -.9528056908E+10  0.1000000000E+01
L2 0.1000000000E+01  0.3397668605E+02  0.3397668605E+02  0.3397668605E+02
L3 0.3019382697E+05  0.4596087676E+02  -.2014319774E+02  0.2114718674E+03
L4 0.7909651547E+02  0.2952270616E+03  0.2983991323E+03  0.2954542150E+03
L5 0.8890804089E+03  0.2852394177E+03  0.3027764005E+03  0.2494997894E+03
L6 0.8375156077E+03  -.9528056908E+04  0.1417696307E+04  -.1102414795E+05
L7 0.0000000000E+00  0.3085429191E+01  0.1057163474E+02  0.1089106187E+02
L8 0.2858775629E+01  0.4631420256E+02  0.4673634624E+01  0.0000000000E+00
L9 0.0000000000E+00  0.0000000000E+00  0.0000000000E+00  0.9928084197E+00  0.0000000000E+00
L0     8000  0.1600000000E+02  -.7781717111E+04  0.1731652104E+04
L1 0.2896000925E+03  0.2896000925E+03  -.9513369215E+10  0.1000000000E+01
L2 0.1000000000E+01  0.3396485174E+02  0.3396485174E+02  0.3396485174E+02
L3 0.3016183087E+05  0.1575324454E+03  0.3105871585E+03  0.2786770875E+03
L4 0.2489322305E+03  0.2802630692E+03  0.2975694753E+03  0.3128150041E+03
L5 0.8906475487E+03  0.2460663616E+03  0.2301480739E+03  0.2523205526E+03
L6 0.7285349881E+03  -.9513369215E+04  0.1423700011E+04  -.1101011178E+05
L7 0.0000000000E+00  0.2635055549E+01  0.6775884213E+01  0.1168229996E+02
L8 0.5148457375E+01  0.4367972998E+02  0.3121128903E+01  0.0000000000E+00
L9 0.0000000000E+00  0.0000000000E+00  0.0000000000E+00  0.9938616050E+00  0.0000000000E+00
L0     9000  0.1800000000E+02  -.7801728336E+04  0.1736274646E+04
L1 0.2903731629E+03  0.2903731629E+03  -.9538002983E+10  0.1000000000E+01
L2 0.1000000000E+01  0.3398388172E+02  0.3398388172E+02  0.3398388172E+02
L3 0.3021255261E+05  0.8695832043E+03  -.2478411824E+03  0.1298323101E+03
L4 0.2505247774E+03  0.2957388353E+03  0.3012759047E+03  0.2595895823E+03
L5 0.8566043223E+03  0.1066546779E+03  0.3551670573E+03  0.2313585484E+03
L6 0.6931802836E+03  -.9538002983E+04  0.1445163420E+04  -.1105661018E+05
L7 0.0000000000E+00  0.4226011005E+01  0.6813140556E+01  0.1008148577E+02
L8 0.4554299941E+01  0.4588844480E+02  0.1880396653E+01  0.0000000000E+00
L9 0.0000000000E+00  0.0000000000E+00  0.0000000000E+00  0.9921930805E+00  0.0000000000E+00
L0    10000  0.2000000000E+02  -.7860292748E+04  0.1731007354E+04
L1 0.2894922651E+03  0.2894922651E+03  -.9591300101E+10  0.1000000000E+01
L2 0.1000000000E+01  0.3399586092E+02  0.3399586092E+02  0.3399586092E+02
L3 0.3024679600E+05  -.2392403223E+03  -.5580809905E+03  -.9892989987E+03
L4 -.5955401038E+03  0.2817137962E+03  0.2966005950E+03  0.2862696783E+03
L5 0.8645840696E+03  0.3337937196E+03  0.4180885403E+03  0.5016289267E+03
L6 0.1253511187E+04  -.9591300101E+04  0.1348679202E+04  -.1101751583E+05
L7 0.0000000000E+00  0.1730386517E+01  0.7926777180E+01  0.1265001164E+02
L8 0.4198395621E+01  0.4748911097E+02  0.3541844263E+01  0.0000000000E+00
L9 0.0000000000E+00  0.0000000000E+00  0.0000000000E+00  0.9910697861E+00  0.0000000000E+00
