L0  Nsteps           time(ps)         Etot             EKinetic        
L1  Temp             T_solute         T_solv           Pres_scal_solu  
L2  Pres_scal_solv   BoxX             BoxY             BoxZ            
L3  volume           pres_X           pres_Y           pres_Z          
L4  Pressure         EKCoM_x          EKCoM_y          EKCoM_z         
L5  EKComTot         VIRIAL_x         VIRIAL_y         VIRIAL_z        
L6  VIRIAL_tot       E_pot            E_vdw            E_el            
L7  E_hbon           E_bon            E_angle          E_dih           
L8  E_14vdw          E_14el           E_const          E_pol           
L9  AV_permMoment    AV_indMoment     AV_totMoment     Density          dV/dlambda      
L0     1000  0.2000000000E+01  -.6998237102E+04  0.1608695852E+04
L1 0.2936279649E+03  0.2936279649E+03  -.8606932954E+10  0.1000000000E+01
L2 0.1000000000E+01  0.3408019803E+02  0.3408019803E+02  0.3408019803E+02
L3 0.3047249547E+05  -.8931602653E+03  -.1199240857E+04  0.2711950145E+03
L4 -.6070687027E+03  0.2775785333E+03  0.2665002611E+03  0.2525228533E+03
L5 0.7966016477E+03  0.4734602923E+03  0.5295095078E+03  0.1930462302E+03
L6 0.1196016030E+04  -.8606932954E+04  0.1302090581E+04  -.9984833489E+04
L7 0.0000000000E+00  0.2420327590E+01  0.8833645309E+01  0.1030901986E+02
L8 0.3101621889E+01  0.4522864973E+02  0.5916689798E+01  0.0000000000E+00
L9 0.0000000000E+00  0.0000000000E+00  0.0000000000E+00  0.9012611649E+00  0.0000000000E+00
L0     2000  0.4000000000E+01  -.7004092779E+04  0.1618428768E+04
L1 0.2954044700E+03  0.2954044700E+03  -.8622521547E+10  0.1000000000E+01
L2 0.1000000000E+01  0.3355303922E+02  0.3355303922E+02  0.3355303922E+02
L3 0.2908103297E+05  -.1135015853E+04  -.1025971938E+04  -.6315168085E+03
L4 -.9308348664E+03  0.2551065104E+03  0.2695951535E+03  0.2553796715E+03
L5 0.7800813354E+03  0.4926637862E+03  0.4843296860E+03  0.3875552814E+03
L6 0.1364548754E+04  -.8622521547E+04  0.1226880378E+04  -.9921890308E+04
L7 0.0000000000E+00  0.1871256668E+01  0.8004285503E+01  0.1006847631E+02
L8 0.3268272511E+01  0.4423599123E+02  0.5040100908E+01  0.0000000000E+00
L9 0.0000000000E+00  0.0000000000E+00  0.0000000000E+00  0.9443844993E+00  0.0000000000E+00
L0     3000  0.6000000000E+01  -.6973356325E+04  0.1678469085E+04
L1 0.3063633570E+03  0.3063633570E+03  -.8651825410E+10  0.1000000000E+01
L2 0.1000000000E+01  0.3328977524E+02  0.3328977524E+02  0.3328977524E+02
L3 0.2839974577E+05  -.1760458661E+03  0.1979240790E+03  -.3075762166E+03
L4 -.9523266789E+02  0.2956131419E+03  0.2821270727E+03  0.2764891206E+03
L5 0.8542293352E+03  0.3315961001E+03  0.2416723093E+03  0.3393562720E+03
L6 0.9126246815E+03  -.8651825410E+04  0.1283973885E+04  -.1000944257E+05
L7 0.0000000000E+00  0.2047902408E+01  0.8303724037E+01  0.1072658117E+02
L8 0.3261018185E+01  0.4661545577E+02  0.2688591254E+01  0.0000000000E+00
L9 0.0000000000E+00  0.0000000000E+00  0.0000000000E+00  0.9670395287E+00  0.0000000000E+00
L0     4000  0.8000000000E+01  -.7063457221E+04  0.1672938441E+04
L1 0.3053538736E+03  0.3053538736E+03  -.8736395662E+10  0.1000000000E+01
L2 0.1000000000E+01  0.3320805166E+02  0.3320805166E+02  0.3320805166E+02
L3 0.2819136394E+05  -.5954031230E+02  0.3391821718E+03  -.8779581881E+03
L4 -.1994387762E+03  0.2536910562E+03  0.2838020644E+03  0.2839928193E+03
L5 0.8214859399E+03  0.2657715246E+03  0.2149834880E+03  0.4621266887E+03
L6 0.9428817013E+03  -.8736395662E+04  0.1279781154E+04  -.1008802902E+05
L7 0.0000000000E+00  0.3436409506E+01  0.7917006332E+01  0.8776067021E+01
L8 0.3954208892E+01  0.4645445937E+02  0.1314049271E+01  0.0000000000E+00
L9 0.0000000000E+00  0.0000000000E+00  0.0000000000E+00  0.9741875853E+00  0.0000000000E+00
L0     5000  0.1000000000E+02  -.7134369329E+04  0.1605228478E+04
L1 0.2929950809E+03  0.2929950809E+03  -.8739597808E+10  0.1000000000E+01
L2 0.1000000000E+01  0.3315841468E+02  0.3315841468E+02  0.3315841468E+02
L3 0.2806509516E+05  -.5251422372E+03  0.6186112288E+03  -.6409161574E+03
L4 -.1824823886E+03  0.2569277221E+03  0.2600791524E+03  0.2684268358E+03
L5 0.7854337103E+03  0.3629995491E+03  0.1351278181E+03  0.3978834724E+03
L6 0.8960108396E+03  -.8739597808E+04  0.1299939245E+04  -.1011094186E+05
L7 0.0000000000E+00  0.2906608248E+01  0.6240053248E+01  0.9519793739E+01
L8 0.2984894718E+01  0.4727555495E+02  0.2477901527E+01  0.0000000000E+00
L9 0.0000000000E+00  0.0000000000E+00  0.0000000000E+00  0.9785705910E+00  0.0000000000E+00
L0     6000  0.1200000000E+02  -.7093676208E+04  0.1677351408E+04
L1 0.3061593524E+03  0.3061593524E+03  -.8771027616E+10  0.1000000000E+01
L2 0.1000000000E+01  0.3319986215E+02  0.3319986215E+02  0.3319986215E+02
L3 0.2817028667E+05  -.9670827928E+03  0.2344773937E+03  0.4034259973E+03
L4 -.1097264673E+03  0.2765556608E+03  0.2509018657E+03  0.2727812886E+03
L5 0.8002388150E+03  0.4726258205E+03  0.2033629989E+03  0.1909891190E+03
L6 0.8669779384E+03  -.8771027616E+04  0.1317383025E+04  -.1016219892E+05
L7 0.0000000000E+00  0.3043340644E+01  0.8267714372E+01  0.9587400254E+01
L8 0.3488688073E+01  0.4563034110E+02  0.3770796131E+01  0.0000000000E+00
L9 0.0000000000E+00  0.0000000000E+00  0.0000000000E+00  0.9749164814E+00  0.0000000000E+00
L0     7000  0.1400000000E+02  -.7111008210E+04  0.1584300593E+04
L1 0.2891752089E+03  0.2891752089E+03  -.8695308803E+10  0.1000000000E+01
L2 0.1000000000E+01  0.3311075619E+02  0.3311075619E+02  0.3311075619E+02
L3 0.2794267951E+05  0.8016075874E+03  -.2910361729E+03  0.8386902005E+03
L4 0.4497538717E+03  0.2558162325E+03  0.2548152349E+03  0.2696170619E+03
L5 0.7802485293E+03  0.9460828488E+02  0.3133443018E+03  0.1009515851E+03
L6 0.5089041718E+03  -.8695308803E+04  0.1349679947E+04  -.1011473387E+05
L7 0.0000000000E+00  0.4340001383E+01  0.5232817045E+01  0.1032677059E+02
L8 0.2204874878E+01  0.4568867785E+02  0.1951975765E+01  0.0000000000E+00
L9 0.0000000000E+00  0.0000000000E+00  0.0000000000E+00  0.9828576658E+00  0.0000000000E+00
L0     8000  0.1600000000E+02  -.7115063128E+04  0.1654381458E+04
L1 0.3019667516E+03  0.3019667516E+03  -.8769444586E+10  0.1000000000E+01
L2 0.1000000000E+01  0.3314623292E+02  0.3314623292E+02  0.3314623292E+02
L3 0.2803325850E+05  0.4017151513E+03  0.1655772813E+03  -.1543069570E+02
L4 0.1839539123E+03  0.2712825946E+03  0.2716658358E+03  0.2677894707E+03
L5 0.8107379011E+03  0.1902334615E+03  0.2382593410E+03  0.2709027327E+03
L6 0.6993955352E+03  -.8769444586E+04  0.1330903519E+04  -.1017168238E+05
L7 0.0000000000E+00  0.3411713125E+01  0.8364732217E+01  0.1006344874E+02
L8 0.2762365133E+01  0.4345794404E+02  0.3274073376E+01  0.0000000000E+00
L9 0.0000000000E+00  0.0000000000E+00  0.0000000000E+00  0.9796819289E+00  0.0000000000E+00
L0     9000  0.1800000000E+02  -.7116078742E+04  0.1631534944E+04
L1 0.2977966809E+03  0.2977966809E+03  -.8747613686E+10  0.1000000000E+01
L2 0.1000000000E+01  0.3318329204E+02  0.3318329204E+02  0.3318329204E+02
L3 0.2812809144E+05  0.2607221282E+03  -.3831217231E+03  -.1628364677E+03
L4 -.9507868753E+02  0.2655911852E+03  0.2649487793E+03  0.2790019022E+03
L5 0.8095418668E+03  0.2128105348E+03  0.3425080332E+03  0.3119665559E+03
L6 0.8672851240E+03  -.8747613686E+04  0.1308832834E+04  -.1012611959E+05
L7 0.0000000000E+00  0.1805260500E+01  0.6398752384E+01  0.1084208467E+02
L8 0.2959519502E+01  0.4633486601E+02  0.1332589067E+01  0.0000000000E+00
L9 0.0000000000E+00  0.0000000000E+00  0.0000000000E+00  0.9763789632E+00  0.0000000000E+00
L0    10000  0.2000000000E+02  -.7113973065E+04  0.1658272339E+04
L1 0.3026769365E+03  0.3026769365E+03  -.8772245404E+10  0.1000000000E+01
L2 0.1000000000E+01  0.3310789953E+02  0.3310789953E+02  0.3310789953E+02
L3 0.2793631896E+05  0.1546742774E+03  0.7729166276E+02  0.6848359545E+02
L4 0.1001498452E+03  0.2758636444E+03  0.2837859826E+03  0.2604268760E+03
L5 0.8200765030E+03  0.2447648282E+03  0.2682457179E+03  0.2466575617E+03
L6 0.7596681079E+03  -.8772245404E+04  0.1335397845E+04  -.1018367432E+05
L7 0.0000000000E+00  0.3047380275E+01  0.4610628259E+01  0.1164787076E+02
L8 0.4003576974E+01  0.4947267154E+02  0.3248939092E+01  0.0000000000E+00
L9 0.0000000000E+00  0.0000000000E+00  0.0000000000E+00  0.9830814431E+00  0.0000000000E+00
