L0  Nsteps           time(ps)         Etot             EKinetic        
L1  Temp             T_solute         T_solv           Pres_scal_solu  
L2  Pres_scal_solv   BoxX             BoxY             BoxZ            
L3  volume           pres_X           pres_Y           pres_Z          
L4  Pressure         EKCoM_x          EKCoM_y          EKCoM_z         
L5  EKComTot         VIRIAL_x         VIRIAL_y         VIRIAL_z        
L6  VIRIAL_tot       E_pot            E_vdw            E_el            
L7  E_hbon           E_bon            E_angle          E_dih           
L8  E_14vdw          E_14el           E_const          E_pol           
L9  AV_permMoment    AV_indMoment     AV_totMoment     Density          dV/dlambda      
L0     1000  0.2000000000E+01  -.7098799289E+04  0.1660224106E+04
L1 0.2975293759E+03  0.2975293759E+03  -.8759023395E+10  0.1000000000E+01
L2 0.1000000000E+01  0.3423012609E+02  0.3423012609E+02  0.3423012609E+02
L3 0.3087687549E+05  -.5800302199E+03  -.1407144308E+04  -.3108504096E+03
L4 -.7660083124E+03  0.2770216011E+03  0.2862350655E+03  0.2772990931E+03
L5 0.8405557597E+03  0.4059179298E+03  0.5989355576E+03  0.3463773501E+03
L6 0.1351230837E+04  -.8759023395E+04  0.1293229506E+04  -.1012514259E+05
L7 0.0000000000E+00  0.1454314270E+01  0.6042661936E+01  0.1026228146E+02
L8 0.4457239128E+01  0.4701577547E+02  0.3657413164E+01  0.0000000000E+00
L9 0.0000000000E+00  0.0000000000E+00  0.0000000000E+00  0.9059291604E+00  0.0000000000E+00
L0     2000  0.4000000000E+01  -.7084587909E+04  0.1690761598E+04
L1 0.3030020110E+03  0.3030020110E+03  -.8775349507E+10  0.1000000000E+01
L2 0.1000000000E+01  0.3362901673E+02  0.3362901673E+02  0.3362901673E+02
L3 0.2927684577E+05  0.5420784482E+02  0.1238620981E+02  -.3455851913E+03
L4 -.9299704555E+02  0.2658456364E+03  0.2857592211E+03  0.2874055858E+03
L5 0.8390104432E+03  0.2544236141E+03  0.2831493485E+03  0.3602231234E+03
L6 0.8977960860E+03  -.8775349507E+04  0.1312928736E+04  -.1016225288E+05
L7 0.0000000000E+00  0.2189583474E+01  0.1387999403E+02  0.1093979826E+02
L8 0.2319139737E+01  0.4168613668E+02  0.2959985520E+01  0.0000000000E+00
L9 0.0000000000E+00  0.0000000000E+00  0.0000000000E+00  0.9554397393E+00  0.0000000000E+00
L0     3000  0.6000000000E+01  -.7163609185E+04  0.1704820836E+04
L1 0.3055215723E+03  0.3055215723E+03  -.8868430022E+10  0.1000000000E+01
L2 0.1000000000E+01  0.3344329811E+02  0.3344329811E+02  0.3344329811E+02
L3 0.2879483170E+05  -.3513734459E+03  -.3439255213E+01  -.3475747061E+03
L4 -.2341291358E+03  0.2933985395E+03  0.2777908401E+03  0.2736937331E+03
L5 0.8448831128E+03  0.3662167602E+03  0.2785035873E+03  0.3457247074E+03
L6 0.9904450548E+03  -.8868430022E+04  0.1301686810E+04  -.1024591807E+05
L7 0.0000000000E+00  0.3546987700E+01  0.9731744682E+01  0.1167607321E+02
L8 0.2850008534E+01  0.4600072944E+02  0.1995691161E+01  0.0000000000E+00
L9 0.0000000000E+00  0.0000000000E+00  0.0000000000E+00  0.9714334218E+00  0.0000000000E+00
L0     4000  0.8000000000E+01  -.7268422509E+04  0.1665231563E+04
L1 0.2984267640E+03  0.2984267640E+03  -.8933654071E+10  0.1000000000E+01
L2 0.1000000000E+01  0.3335117061E+02  0.3335117061E+02  0.3335117061E+02
L3 0.2855657472E+05  0.8478736085E+03  -.2348184420E+03  -.2020892062E+03
L4 0.1369886534E+03  0.2816612207E+03  0.2688435810E+03  0.2704233095E+03
L5 0.8209281112E+03  0.1074027850E+03  0.3171044232E+03  0.3119575058E+03
L6 0.7364647140E+03  -.8933654071E+04  0.1351579330E+04  -.1035744135E+05
L7 0.0000000000E+00  0.1341800557E+01  0.7347175583E+01  0.1068640255E+02
L8 0.3332965370E+01  0.4614586345E+02  0.3353743788E+01  0.0000000000E+00
L9 0.0000000000E+00  0.0000000000E+00  0.0000000000E+00  0.9795384135E+00  0.0000000000E+00
L0     5000  0.1000000000E+02  -.7130818735E+04  0.1685344593E+04
L1 0.3020312277E+03  0.3020312277E+03  -.8816163329E+10  0.1000000000E+01
L2 0.1000000000E+01  0.3331616609E+02  0.3331616609E+02  0.3331616609E+02
L3 0.2846575274E+05  0.1622144226E+04  -.3478401207E+03  0.3176952254E+03
L4 0.5306664435E+03  0.2896914731E+03  0.2592607053E+03  0.2790763260E+03
L5 0.8280285044E+03  -.4263789187E+02  0.3305228561E+03  0.2139899725E+03
L6 0.5018749367E+03  -.8816163329E+04  0.1372947015E+04  -.1026521796E+05
L7 0.0000000000E+00  0.6063308337E+01  0.1174781762E+02  0.9227531093E+01
L8 0.3602250463E+01  0.4149621836E+02  0.3970487747E+01  0.0000000000E+00
L9 0.0000000000E+00  0.0000000000E+00  0.0000000000E+00  0.9826636992E+00  0.0000000000E+00
L0     6000  0.1200000000E+02  -.7256815880E+04  0.1660769242E+04
L1 0.2976270698E+03  0.2976270698E+03  -.8917585122E+10  0.1000000000E+01
L2 0.1000000000E+01  0.3323979520E+02  0.3323979520E+02  0.3323979520E+02
L3 0.2827183562E+05  -.4247159612E+03  0.4876766433E+03  -.1260647501E+03
L4 -.2103468933E+02  0.2720707806E+03  0.2831046856E+03  0.2654381082E+03
L5 0.8206135743E+03  0.3584897672E+03  0.1838747880E+03  0.2910891054E+03
L6 0.8334536607E+03  -.8917585122E+04  0.1320663280E+04  -.1031568575E+05
L7 0.0000000000E+00  0.5235195761E+01  0.8435286204E+01  0.1138998045E+02
L8 0.3840076626E+01  0.4679233796E+02  0.1744471926E+01  0.0000000000E+00
L9 0.0000000000E+00  0.0000000000E+00  0.0000000000E+00  0.9894038105E+00  0.0000000000E+00
L0     7000  0.1400000000E+02  -.7243856336E+04  0.1633546625E+04
L1 0.2927484947E+03  0.2927484947E+03  -.8877402961E+10  0.1000000000E+01
L2 0.1000000000E+01  0.3321925551E+02  0.3321925551E+02  0.3321925551E+02
L3 0.2821932874E+05  0.2365893125E+03  -.6350072020E+03  0.4898363315E+03
L4 0.3047281400E+02  0.2751313620E+03  0.2532113671E+03  0.2866151248E+03
L5 0.8149578539E+03  0.2270808100E+03  0.3821793507E+03  0.1871308925E+03
L6 0.7963910532E+03  -.8877402961E+04  0.1307097497E+04  -.1025977690E+05
L7 0.0000000000E+00  0.2503833524E+01  0.6049873849E+01  0.1178878943E+02
L8 0.4094277695E+01  0.4863728117E+02  0.2202388084E+01  0.0000000000E+00
L9 0.0000000000E+00  0.0000000000E+00  0.0000000000E+00  0.9912447652E+00  0.0000000000E+00
L0     8000  0.1600000000E+02  -.7216903913E+04  0.1655251714E+04
L1 0.2966382717E+03  0.2966382717E+03  -.8872155628E+10  0.1000000000E+01
L2 0.1000000000E+01  0.3316681431E+02  0.3316681431E+02  0.3316681431E+02
L3 0.2808585905E+05  -.8220789803E+03  0.4342926115E+03  0.5225629529E+03
L4 0.4492552805E+02  0.2853417859E+03  0.2724686669E+03  0.2695548391E+03
L5 0.8273652918E+03  0.4515137817E+03  0.1846823693E+03  0.1639259021E+03
L6 0.8001220530E+03  -.8872155628E+04  0.1282265778E+04  -.1022733343E+05
L7 0.0000000000E+00  0.2255926417E+01  0.1018084167E+02  0.1101732349E+02
L8 0.3988279752E+01  0.4292939504E+02  0.2540259787E+01  0.0000000000E+00
L9 0.0000000000E+00  0.0000000000E+00  0.0000000000E+00  0.9959553612E+00  0.0000000000E+00
L0     9000  0.1800000000E+02  -.7258907985E+04  0.1654857241E+04
L1 0.2965675781E+03  0.2965675781E+03  -.8913765226E+10  0.1000000000E+01
L2 0.1000000000E+01  0.3322386988E+02  0.3322386988E+02  0.3322386988E+02
L3 0.2823162432E+05  -.1769610684E+03  0.5633260605E+03  -.9315605543E+03
L4 -.1817318540E+03  0.2644038063E+03  0.2993548634E+03  0.2657827093E+03
L5 0.8295413789E+03  0.3003597074E+03  0.1848952461E+03  0.4550621905E+03
L6 0.9403171440E+03  -.8913765226E+04  0.1287997516E+04  -.1027648046E+05
L7 0.0000000000E+00  0.4343280506E+01  0.1071924388E+02  0.1129124836E+02
L8 0.2990990426E+01  0.4404782198E+02  0.1325129580E+01  0.0000000000E+00
L9 0.0000000000E+00  0.0000000000E+00  0.0000000000E+00  0.9908130532E+00  0.0000000000E+00
L0    10000  0.2000000000E+02  -.7198575054E+04  0.1655981133E+04
L1 0.2967689912E+03  0.2967689912E+03  -.8854556187E+10  0.1000000000E+01
L2 0.1000000000E+01  0.3317477295E+02  0.3317477295E+02  0.3317477295E+02
L3 0.2810691201E+05  -.6306042101E+03  -.1529491573E+03  -.7464309084E+02
L4 -.2860654861E+03  0.2862734974E+03  0.2710706594E+03  0.2844828494E+03
L5 0.8418270062E+03  0.4138370425E+03  0.3020104095E+03  0.2995822369E+03
L6 0.1015429689E+04  -.8854556187E+04  0.1256111213E+04  -.1018784816E+05
L7 0.0000000000E+00  0.5079901462E+01  0.7727130777E+01  0.1036263570E+02
L8 0.2739453221E+01  0.4770590966E+02  0.3565729286E+01  0.0000000000E+00
L9 0.0000000000E+00  0.0000000000E+00  0.0000000000E+00  0.9952093593E+00  0.0000000000E+00
