L0  Nsteps           time(ps)         Etot             EKinetic        
L1  Temp             T_solute         T_solv           Pres_scal_solu  
L2  Pres_scal_solv   BoxX             BoxY             BoxZ            
L3  volume           pres_X           pres_Y           pres_Z          
L4  Pressure         EKCoM_x          EKCoM_y          EKCoM_z         
L5  EKComTot         VIRIAL_x         VIRIAL_y         VIRIAL_z        
L6  VIRIAL_tot       E_pot            E_vdw            E_el            
L7  E_hbon           E_bon            E_angle          E_dih           
L8  E_14vdw          E_14el           E_const          E_pol           
L9  AV_permMoment    AV_indMoment     AV_totMoment     Density          dV/dlambda      
L0     1000  0.2000000000E+01  -.7245871683E+04  0.1658265326E+04
L1 0.2921837482E+03  0.2921837482E+03  -.8904137009E+10  0.1000000000E+01
L2 0.1000000000E+01  0.3436659972E+02  0.3436659972E+02  0.3436659972E+02
L3 0.3124673689E+05  0.1937732356E+03  -.7511589202E+03  -.7438097536E+03
L4 -.4337318127E+03  0.2717101890E+03  0.2831933543E+03  0.2860599111E+03
L5 0.8409634545E+03  0.2281334185E+03  0.4521180244E+03  0.4533318610E+03
L6 0.1133583304E+04  -.8904137009E+04  0.1355675276E+04  -.1033875535E+05
L7 0.0000000000E+00  0.3632351812E+01  0.7918889560E+01  0.1105560768E+02
L8 0.3137744145E+01  0.4985637339E+02  0.3342099776E+01  0.0000000000E+00
L9 0.0000000000E+00  0.0000000000E+00  0.0000000000E+00  0.9105248444E+00  0.0000000000E+00
L0     2000  0.4000000000E+01  -.7309240117E+04  0.1691700283E+04
L1 0.2980749351E+03  0.2980749351E+03  -.9000940400E+10  0.1000000000E+01
L2 0.1000000000E+01  0.3396576459E+02  0.3396576459E+02  0.3396576459E+02
L3 0.3016587359E+05  -.7508087609E+03  -.3548215422E+03  0.5657863151E+02
L4 -.3496838905E+03  0.2902471117E+03  0.2712123079E+03  0.2875569665E+03
L5 0.8490163861E+03  0.4532524466E+03  0.3482463109E+03  0.2752733874E+03
L6 0.1076772145E+04  -.9000940400E+04  0.1374582644E+04  -.1045060196E+05
L7 0.0000000000E+00  0.2158047228E+01  0.7720259215E+01  0.1100141304E+02
L8 0.3848914217E+01  0.4667591166E+02  0.3674369653E+01  0.0000000000E+00
L9 0.0000000000E+00  0.0000000000E+00  0.0000000000E+00  0.9431495550E+00  0.0000000000E+00
L0     3000  0.6000000000E+01  -.7263298072E+04  0.1675677410E+04
L1 0.2952517300E+03  0.2952517300E+03  -.8938975482E+10  0.1000000000E+01
L2 0.1000000000E+01  0.3366255354E+02  0.3366255354E+02  0.3366255354E+02
L3 0.2936427893E+05  0.3460048766E+03  0.4612460853E+03  -.8068578570E+03
L4 0.1310349851E+00  0.2791912079E+03  0.2861587122E+03  0.2757203967E+03
L5 0.8410703168E+03  0.2060675109E+03  0.1886802624E+03  0.4462394658E+03
L6 0.8409872391E+03  -.8938975482E+04  0.1349439295E+04  -.1036437215E+05
L7 0.0000000000E+00  0.3313401190E+01  0.7974528279E+01  0.1012848114E+02
L8 0.4009182154E+01  0.4642007613E+02  0.4111707314E+01  0.0000000000E+00
L9 0.0000000000E+00  0.0000000000E+00  0.0000000000E+00  0.9688959268E+00  0.0000000000E+00
L0     4000  0.8000000000E+01  -.7339239876E+04  0.1731356375E+04
L1 0.3050622762E+03  0.3050622762E+03  -.9070596251E+10  0.1000000000E+01
L2 0.1000000000E+01  0.3352670914E+02  0.3352670914E+02  0.3352670914E+02
L3 0.2900942425E+05  -.7744261818E+02  0.1022383152E+04  -.2761641757E+02
L4 0.3057747055E+03  0.2885119875E+03  0.2714696957E+03  0.3096098270E+03
L5 0.8695915102E+03  0.3046807103E+03  0.5801320083E+02  0.3153756729E+03
L6 0.6780695841E+03  -.9070596251E+04  0.1389608881E+04  -.1053574112E+05
L7 0.0000000000E+00  0.3636344410E+01  0.9782149901E+01  0.9934940704E+01
L8 0.2594969479E+01  0.4602281289E+02  0.3564771278E+01  0.0000000000E+00
L9 0.0000000000E+00  0.0000000000E+00  0.0000000000E+00  0.9807478427E+00  0.0000000000E+00
L0     5000  0.1000000000E+02  -.7355816159E+04  0.1714965054E+04
L1 0.3021741513E+03  0.3021741513E+03  -.9070781213E+10  0.1000000000E+01
L2 0.1000000000E+01  0.3352434482E+02  0.3352434482E+02  0.3352434482E+02
L3 0.2900372412E+05  0.5346886808E+03  -.2470440324E+03  0.1232390694E+03
L4 0.1369612393E+03  0.2894354642E+03  0.2883348692E+03  0.2897210110E+03
L5 0.8674913444E+03  0.1778233497E+03  0.3399033947E+03  0.2639958113E+03
L6 0.7817225556E+03  -.9070781213E+04  0.1361661841E+04  -.1050497065E+05
L7 0.0000000000E+00  0.2094134531E+01  0.9993537266E+01  0.1067340576E+02
L8 0.3688472986E+01  0.4480128317E+02  0.1276766105E+01  0.0000000000E+00
L9 0.0000000000E+00  0.0000000000E+00  0.0000000000E+00  0.9809405899E+00  0.0000000000E+00
L0     6000  0.1200000000E+02  -.7369830806E+04  0.1641058504E+04
L1 0.2891519330E+03  0.2891519330E+03  -.9010889309E+10  0.1000000000E+01
L2 0.1000000000E+01  0.3360484757E+02  0.3360484757E+02  0.3360484757E+02
L3 0.2921367984E+05  0.1507970085E+03  0.1855694688E+03  -.5146211562E+03
L4 -.5941822632E+02  0.2600067188E+03  0.2707841535E+03  0.2623722105E+03
L5 0.7931630828E+03  0.2283011483E+03  0.2317675581E+03  0.3705730130E+03
L6 0.8306417194E+03  -.9010889309E+04  0.1349407472E+04  -.1044223669E+05
L7 0.0000000000E+00  0.4785554103E+01  0.8307109391E+01  0.1155102099E+02
L8 0.3449423904E+01  0.4746933886E+02  0.6377457227E+01  0.0000000000E+00
L9 0.0000000000E+00  0.0000000000E+00  0.0000000000E+00  0.9738906707E+00  0.0000000000E+00
L0     7000  0.1400000000E+02  -.7302723625E+04  0.1693128220E+04
L1 0.2983265354E+03  0.2983265354E+03  -.8995851845E+10  0.1000000000E+01
L2 0.1000000000E+01  0.3360548596E+02  0.3360548596E+02  0.3360548596E+02
L3 0.2921627305E+05  -.3168226770E+03  -.7597129250E+03  -.1702700573E+03
L4 -.4156018864E+03  0.2720239726E+03  0.2909727755E+03  0.2713954735E+03
L5 0.8343922217E+03  0.3386429028E+03  0.4507191130E+03  0.3071984948E+03
L6 0.1096560511E+04  -.8995851845E+04  0.1285713812E+04  -.1035466901E+05
L7 0.0000000000E+00  0.2206197032E+01  0.5700476280E+01  0.1228162407E+02
L8 0.3119634529E+01  0.4743636927E+02  0.2359050344E+01  0.0000000000E+00
L9 0.0000000000E+00  0.0000000000E+00  0.0000000000E+00  0.9738042290E+00  0.0000000000E+00
L0     8000  0.1600000000E+02  -.7339683936E+04  0.1689024927E+04
L1 0.2976035416E+03  0.2976035416E+03  -.9028708863E+10  0.1000000000E+01
L2 0.1000000000E+01  0.3345223407E+02  0.3345223407E+02  0.3345223407E+02
L3 0.2881789935E+05  -.9090485656E+02  -.2985648084E+03  -.2893208971E+03
L4 -.2262635207E+03  0.2606120577E+03  0.3015363734E+03  0.2770272833E+03
L5 0.8391757144E+03  0.2794661655E+03  0.3634601617E+03  0.3370338395E+03
L6 0.9799601667E+03  -.9028708863E+04  0.1294078275E+04  -.1039451267E+05
L7 0.0000000000E+00  0.1585675865E+01  0.7458429401E+01  0.1084602106E+02
L8 0.2537168469E+01  0.4734489407E+02  0.1953338778E+01  0.0000000000E+00
L9 0.0000000000E+00  0.0000000000E+00  0.0000000000E+00  0.9872659315E+00  0.0000000000E+00
L0     9000  0.1800000000E+02  -.7367902300E+04  0.1718268907E+04
L1 0.3027562850E+03  0.3027562850E+03  -.9086171207E+10  0.1000000000E+01
L2 0.1000000000E+01  0.3339882960E+02  0.3339882960E+02  0.3339882960E+02
L3 0.2868001186E+05  -.6110073610E+03  0.9239456612E+02  -.5509277630E+02
L4 -.1912351904E+03  0.2912064131E+03  0.2734879168E+03  0.2864185235E+03
L5 0.8511128535E+03  0.4173259447E+03  0.2544165273E+03  0.2977903589E+03
L6 0.9695328309E+03  -.9086171207E+04  0.1320936743E+04  -.1048854154E+05
L7 0.0000000000E+00  0.3958267830E+01  0.1210902254E+02  0.1211105142E+02
L8 0.3051462198E+01  0.4691569045E+02  0.3288097593E+01  0.0000000000E+00
L9 0.0000000000E+00  0.0000000000E+00  0.0000000000E+00  0.9920124995E+00  0.0000000000E+00
L0    10000  0.2000000000E+02  -.7334212105E+04  0.1742778103E+04
L1 0.3070747669E+03  0.3070747669E+03  -.9076990208E+10  0.1000000000E+01
L2 0.1000000000E+01  0.3341265106E+02  0.3341265106E+02  0.3341265106E+02
L3 0.2871417820E+05  0.2595528906E+03  0.2130424265E+03  0.6572013884E+03
L4 0.3765989019E+03  0.2975825138E+03  0.2611385606E+03  0.2762495913E+03
L5 0.8349706657E+03  0.2439437400E+03  0.2171115629E+03  0.1404334324E+03
L6 0.6014887353E+03  -.9076990208E+04  0.1386083784E+04  -.1053913259E+05
L7 0.0000000000E+00  0.3246985374E+01  0.7688824828E+01  0.1188222456E+02
L8 0.3256522388E+01  0.4846861732E+02  0.1515423778E+01  0.0000000000E+00
L9 0.0000000000E+00  0.0000000000E+00  0.0000000000E+00  0.9908321268E+00  0.0000000000E+00
