L0  Nsteps           time(ps)         Etot             EKinetic        
L1  Temp             T_solute         T_solv           Pres_scal_solu  
L2  Pres_scal_solv   BoxX             BoxY             BoxZ            
L3  volume           pres_X           pres_Y           pres_Z          
L4  Pressure         EKCoM_x          EKCoM_y          EKCoM_z         
L5  EKComTot         VIRIAL_x         VIRIAL_y         VIRIAL_z        
L6  VIRIAL_tot       E_pot            E_vdw            E_el            
L7  E_hbon           E_bon            E_angle          E_dih           
L8  E_14vdw          E_14el           E_const          E_pol           
L9  AV_permMoment    AV_indMoment     AV_totMoment     Density          dV/dlambda      
L0     1000  0.2000000000E+01  -.7275941568E+04  0.1652023603E+04
L1 0.2932401439E+03  0.2932401439E+03  -.8927965171E+10  0.1000000000E+01
L2 0.1000000000E+01  0.3438729384E+02  0.3438729384E+02  0.3438729384E+02
L3 0.3130432010E+05  -.1374431624E+04  -.2588072997E+03  -.8526981430E+03
L4 -.8286456889E+03  0.2790352080E+03  0.2902122187E+03  0.2464353548E+03
L5 0.8156827816E+03  0.5886944134E+03  0.3485214582E+03  0.4385480978E+03
L6 0.1375763969E+04  -.8927965171E+04  0.1335260635E+04  -.1033733581E+05
L7 0.0000000000E+00  0.3534107246E+01  0.6761203734E+01  0.1353366184E+02
L8 0.2945286583E+01  0.4374166489E+02  0.3594084330E+01  0.0000000000E+00
L9 0.0000000000E+00  0.0000000000E+00  0.0000000000E+00  0.9021602372E+00  0.0000000000E+00
L0     2000  0.4000000000E+01  -.7204035705E+04  0.1694488077E+04
L1 0.3007777411E+03  0.3007777411E+03  -.8898523781E+10  0.1000000000E+01
L2 0.1000000000E+01  0.3384888617E+02  0.3384888617E+02  0.3384888617E+02
L3 0.2985551023E+05  0.8242213430E+02  -.8153562936E+03  -.2874476628E+03
L4 -.3401272740E+03  0.2895102354E+03  0.2673459693E+03  0.2732269985E+03
L5 0.8300832032E+03  0.2717999755E+03  0.4425437117E+03  0.3349916307E+03
L6 0.1049335318E+04  -.8898523781E+04  0.1333470579E+04  -.1031061052E+05
L7 0.0000000000E+00  0.3681478278E+01  0.1345232208E+02  0.1052832345E+02
L8 0.3453848400E+01  0.4401960586E+02  0.3480577050E+01  0.0000000000E+00
L9 0.0000000000E+00  0.0000000000E+00  0.0000000000E+00  0.9459397151E+00  0.0000000000E+00
L0     3000  0.6000000000E+01  -.7273648153E+04  0.1648110128E+04
L1 0.2925454880E+03  0.2925454880E+03  -.8921758281E+10  0.1000000000E+01
L2 0.1000000000E+01  0.3349892246E+02  0.3349892246E+02  0.3349892246E+02
L3 0.2893971238E+05  -.1269080405E+03  -.6046216966E+03  -.1090111673E+04
L4 -.6072138034E+03  0.2710384525E+03  0.2465450039E+03  0.2870552512E+03
L5 0.8046387076E+03  0.2974710553E+03  0.3724765450E+03  0.5141053948E+03
L6 0.1184052995E+04  -.8921758281E+04  0.1247713557E+04  -.1024055456E+05
L7 0.0000000000E+00  0.3130157075E+01  0.8005462397E+01  0.1159341228E+02
L8 0.2594516119E+01  0.4090237643E+02  0.4856793397E+01  0.0000000000E+00
L9 0.0000000000E+00  0.0000000000E+00  0.0000000000E+00  0.9758739987E+00  0.0000000000E+00
L0     4000  0.8000000000E+01  -.7382066271E+04  0.1631816890E+04
L1 0.2896533796E+03  0.2896533796E+03  -.9013883161E+10  0.1000000000E+01
L2 0.1000000000E+01  0.3339159069E+02  0.3339159069E+02  0.3339159069E+02
L3 0.2866143493E+05  -.4938227258E+03  0.3002052696E+03  -.4592583628E+03
L4 -.2176252730E+03  0.2639287917E+03  0.2797658200E+03  0.2767957395E+03
L5 0.8204903513E+03  0.3657939307E+03  0.2178398496E+03  0.3715309845E+03
L6 0.9551647648E+03  -.9013883161E+04  0.1325053773E+04  -.1040775298E+05
L7 0.0000000000E+00  0.4942164060E+01  0.6949839057E+01  0.1115217701E+02
L8 0.3570156362E+01  0.3975346826E+02  0.2448240144E+01  0.0000000000E+00
L9 0.0000000000E+00  0.0000000000E+00  0.0000000000E+00  0.9853488813E+00  0.0000000000E+00
L0     5000  0.1000000000E+02  -.7240230159E+04  0.1674512986E+04
L1 0.2972320904E+03  0.2972320904E+03  -.8914743145E+10  0.1000000000E+01
L2 0.1000000000E+01  0.3331665050E+02  0.3331665050E+02  0.3331665050E+02
L3 0.2846886005E+05  -.3045606501E+03  0.1359115198E+02  -.3211329413E+03
L4 -.2040341465E+03  0.2968391623E+03  0.2577118427E+03  0.2679674477E+03
L5 0.8225184527E+03  0.3592414409E+03  0.2549271137E+03  0.3337652692E+03
L6 0.9479338239E+03  -.8914743145E+04  0.1279545562E+04  -.1026580738E+05
L7 0.0000000000E+00  0.6736030065E+01  0.6017195133E+01  0.1200353293E+02
L8 0.2917194221E+01  0.4237357064E+02  0.1471148637E+01  0.0000000000E+00
L9 0.0000000000E+00  0.0000000000E+00  0.0000000000E+00  0.9920141796E+00  0.0000000000E+00
L0     6000  0.1200000000E+02  -.7303827862E+04  0.1685366178E+04
L1 0.2991585711E+03  0.2991585711E+03  -.8989194039E+10  0.1000000000E+01
L2 0.1000000000E+01  0.3336802055E+02  0.3336802055E+02  0.3336802055E+02
L3 0.2859892518E+05  0.7332325571E+03  -.4980061272E+01  0.8047808857E+03
L4 0.5110111272E+03  0.2919552402E+03  0.2576986876E+03  0.2971018998E+03
L5 0.8467558276E+03  0.1410348109E+03  0.2587237280E+03  0.1314547589E+03
L6 0.5312132977E+03  -.8989194039E+04  0.1398866605E+04  -.1046192763E+05
L7 0.0000000000E+00  0.1477450396E+01  0.7251751894E+01  0.1264013670E+02
L8 0.3796097572E+01  0.4324192767E+02  0.5459625430E+01  0.0000000000E+00
L9 0.0000000000E+00  0.0000000000E+00  0.0000000000E+00  0.9875025954E+00  0.0000000000E+00
L0     7000  0.1400000000E+02  -.7325711669E+04  0.1658535987E+04
L1 0.2943961154E+03  0.2943961154E+03  -.8984247656E+10  0.1000000000E+01
L2 0.1000000000E+01  0.3337212558E+02  0.3337212558E+02  0.3337212558E+02
L3 0.2861078557E+05  -.1149899007E+04  0.8665117553E+02  0.1063197424E+04
L4 -.1680235338E-01  0.2751149653E+03  0.2723186783E+03  0.2822676437E+03
L5 0.8297012873E+03  0.5118955352E+03  0.2544759681E+03  0.6334016357E+02
L6 0.8297116669E+03  -.8984247656E+04  0.1336969304E+04  -.1040100005E+05
L7 0.0000000000E+00  0.5261243920E+01  0.9937589562E+01  0.1202261832E+02
L8 0.4384725574E+01  0.4531852189E+02  0.2858390280E+01  0.0000000000E+00
L9 0.0000000000E+00  0.0000000000E+00  0.0000000000E+00  0.9870932334E+00  0.0000000000E+00
L0     8000  0.1600000000E+02  -.7283738027E+04  0.1670710161E+04
L1 0.2965570754E+03  0.2965570754E+03  -.8954448188E+10  0.1000000000E+01
L2 0.1000000000E+01  0.3332346626E+02  0.3332346626E+02  0.3332346626E+02
L3 0.2848628293E+05  0.4154463586E+03  -.7436023123E+03  -.2216700514E+03
L4 -.1832753350E+03  0.2862764259E+03  0.2823299734E+03  0.2870320854E+03
L5 0.8556384847E+03  0.2011023716E+03  0.4347819624E+03  0.3324784748E+03
L6 0.9683628089E+03  -.8954448188E+04  0.1291259843E+04  -.1031979156E+05
L7 0.0000000000E+00  0.2046821828E+01  0.8114103346E+01  0.1336254282E+02
L8 0.3372391455E+01  0.4555834766E+02  0.1629318228E+01  0.0000000000E+00
L9 0.0000000000E+00  0.0000000000E+00  0.0000000000E+00  0.9914074403E+00  0.0000000000E+00
L0     9000  0.1800000000E+02  -.7373126548E+04  0.1627569875E+04
L1 0.2888995190E+03  0.2888995190E+03  -.9000696422E+10  0.1000000000E+01
L2 0.1000000000E+01  0.3334420165E+02  0.3334420165E+02  0.3334420165E+02
L3 0.2853889618E+05  0.3091028943E+03  0.5037007445E+03  -.6599443547E+03
L4 0.5095309471E+02  0.2772473223E+03  0.2767512689E+03  0.2550982586E+03
L5 0.8090968498E+03  0.2137585655E+03  0.1732927292E+03  0.3906487417E+03
L6 0.7777000363E+03  -.9000696422E+04  0.1355052406E+04  -.1043533329E+05
L7 0.0000000000E+00  0.1049307853E+01  0.9534030736E+01  0.1024562317E+02
L8 0.4337628329E+01  0.4749160415E+02  0.6926266040E+01  0.0000000000E+00
L9 0.0000000000E+00  0.0000000000E+00  0.0000000000E+00  0.9895797182E+00  0.0000000000E+00
L0    10000  0.2000000000E+02  -.7274588322E+04  0.1671860773E+04
L1 0.2967613130E+03  0.2967613130E+03  -.8946449095E+10  0.1000000000E+01
L2 0.1000000000E+01  0.3340538823E+02  0.3340538823E+02  0.3340538823E+02
L3 0.2869603356E+05  0.2727298606E+03  -.4700999820E+02  0.2290992278E+03
L4 0.1516063634E+03  0.2815180088E+03  0.2742505254E+03  0.2776741809E+03
L5 0.8334427150E+03  0.2251917194E+03  0.2839593954E+03  0.2303588287E+03
L6 0.7395099435E+03  -.8946449095E+04  0.1343504094E+04  -.1037271993E+05
L7 0.0000000000E+00  0.2957478799E+01  0.9755989895E+01  0.1193308965E+02
L8 0.4119701814E+01  0.4877866485E+02  0.5221818490E+01  0.0000000000E+00
L9 0.0000000000E+00  0.0000000000E+00  0.0000000000E+00  0.9841608522E+00  0.0000000000E+00
