L0  Nsteps           time(ps)         Etot             EKinetic        
L1  Temp             T_solute         T_solv           Pres_scal_solu  
L2  Pres_scal_solv   BoxX             BoxY             BoxZ            
L3  volume           pres_X           pres_Y           pres_Z          
L4  Pressure         EKCoM_x          EKCoM_y          EKCoM_z         
L5  EKComTot         VIRIAL_x         VIRIAL_y         VIRIAL_z        
L6  VIRIAL_tot       E_pot            E_vdw            E_el            
L7  E_hbon           E_bon            E_angle          E_dih           
L8  E_14vdw          E_14el           E_const          E_pol           
L9  AV_permMoment    AV_indMoment     AV_totMoment     Density          dV/dlambda      
L0     1000  0.2000000000E+01  -.7587756205E+04  0.1791374788E+04
L1 0.2998870559E+03  0.2998870559E+03  -.9379130993E+10  0.1000000000E+01
L2 0.1000000000E+01  0.3515336878E+02  0.3515336878E+02  0.3515336878E+02
L3 0.3344349731E+05  -.1050932289E+04  -.9738499903E+03  -.5045268052E+03
L4 -.8431030283E+03  0.2952489557E+03  0.2814309166E+03  0.2961705237E+03
L5 0.8728503960E+03  0.5482038011E+03  0.5158323867E+03  0.4176079382E+03
L6 0.1481644126E+04  -.9379130993E+04  0.1413135772E+04  -.1086983596E+05
L7 0.0000000000E+00  0.3416276507E+01  0.1021033617E+02  0.1259194530E+02
L8 0.2462885722E+01  0.4793462291E+02  0.9531329280E+00  0.0000000000E+00
L9 0.0000000000E+00  0.0000000000E+00  0.0000000000E+00  0.8954436969E+00  0.0000000000E+00
L0     2000  0.4000000000E+01  -.7584894765E+04  0.1800231248E+04
L1 0.3013696813E+03  0.3013696813E+03  -.9385126013E+10  0.1000000000E+01
L2 0.1000000000E+01  0.3456747617E+02  0.3456747617E+02  0.3456747617E+02
L3 0.3179750857E+05  -.5790219118E+03  0.3527002041E+02  -.3779720942E+03
L4 -.3072413285E+03  0.2880869326E+03  0.3016981726E+03  0.3152953299E+03
L5 0.9050804351E+03  0.4205957177E+03  0.2936266515E+03  0.4017939959E+03
L6 0.1116016365E+04  -.9385126013E+04  0.1402692032E+04  -.1086675167E+05
L7 0.0000000000E+00  0.6917517297E+01  0.7890786526E+01  0.1291405661E+02
L8 0.2162361886E+01  0.4573847884E+02  0.3310426465E+01  0.0000000000E+00
L9 0.0000000000E+00  0.0000000000E+00  0.0000000000E+00  0.9417960782E+00  0.0000000000E+00
L0     3000  0.6000000000E+01  -.7704402966E+04  0.1806997084E+04
L1 0.3025023234E+03  0.3025023234E+03  -.9511400050E+10  0.1000000000E+01
L2 0.1000000000E+01  0.3431633314E+02  0.3431633314E+02  0.3431633314E+02
L3 0.3111037659E+05  -.4401795055E+03  -.5320675075E+03  -.9225405187E+03
L4 -.6315958439E+03  0.2932717971E+03  0.3017199752E+03  0.3013661534E+03
L5 0.8963579257E+03  0.3918297482E+03  0.4208520174E+03  0.5079266639E+03
L6 0.1320608429E+04  -.9511400050E+04  0.1367872016E+04  -.1095683595E+05
L7 0.0000000000E+00  0.2364980046E+01  0.8386486886E+01  0.1068608334E+02
L8 0.3520158521E+01  0.4912498086E+02  0.3481191572E+01  0.0000000000E+00
L9 0.0000000000E+00  0.0000000000E+00  0.0000000000E+00  0.9625974400E+00  0.0000000000E+00
L0     4000  0.8000000000E+01  -.7725590918E+04  0.1741978780E+04
L1 0.2916178631E+03  0.2916178631E+03  -.9467569698E+10  0.1000000000E+01
L2 0.1000000000E+01  0.3415228563E+02  0.3415228563E+02  0.3415228563E+02
L3 0.3066591162E+05  -.1226121206E+04  0.9610548204E+02  -.2935736634E+03
L4 -.4745297956E+03  0.2839641192E+03  0.3016191923E+03  0.2827049712E+03
L5 0.8682882826E+03  0.5545753791E+03  0.2804082179E+03  0.3474981894E+03
L6 0.1182481786E+04  -.9467569698E+04  0.1346529415E+04  -.1089384738E+05
L7 0.0000000000E+00  0.2228024778E+01  0.1098517916E+02  0.1197027287E+02
L8 0.2964257174E+01  0.4798927539E+02  0.3611260800E+01  0.0000000000E+00
L9 0.0000000000E+00  0.0000000000E+00  0.0000000000E+00  0.9765491156E+00  0.0000000000E+00
L0     5000  0.1000000000E+02  -.7789514900E+04  0.1762958407E+04
L1 0.2951299805E+03  0.2951299805E+03  -.9552473307E+10  0.1000000000E+01
L2 0.1000000000E+01  0.3410589542E+02  0.3410589542E+02  0.3410589542E+02
L3 0.3053984210E+05  0.1948936235E+01  -.1446352155E+03  0.1237140263E+03
L4 -.6324084343E+01  0.2992002780E+03  0.2822322641E+03  0.2792726940E+03
L5 0.8607052361E+03  0.2987719061E+03  0.3140227682E+03  0.2520806216E+03
L6 0.8648752958E+03  -.9552473307E+04  0.1441650698E+04  -.1107007108E+05
L7 0.0000000000E+00  0.2609214685E+01  0.9928978499E+01  0.1253184171E+02
L8 0.2912113020E+01  0.4516982011E+02  0.2795108857E+01  0.0000000000E+00
L9 0.0000000000E+00  0.0000000000E+00  0.0000000000E+00  0.9805803438E+00  0.0000000000E+00
L0     6000  0.1200000000E+02  -.7680120520E+04  0.1745397360E+04
L1 0.2921901542E+03  0.2921901542E+03  -.9425517879E+10  0.1000000000E+01
L2 0.1000000000E+01  0.3402638535E+02  0.3402638535E+02  0.3402638535E+02
L3 0.3032673274E+05  -.6710226407E+03  0.1826298917E+03  0.4882637725E+03
L4 -.4299216108E-01  0.2855813765E+03  0.3085790096E+03  0.2756415965E+03
L5 0.8698019826E+03  0.4320414939E+03  0.2687174702E+03  0.1690711694E+03
L6 0.8698301335E+03  -.9425517879E+04  0.1374822798E+04  -.1088023095E+05
L7 0.0000000000E+00  0.2511598635E+01  0.1075131036E+02  0.1146958534E+02
L8 0.3276176135E+01  0.5024445228E+02  0.1637149833E+01  0.0000000000E+00
L9 0.0000000000E+00  0.0000000000E+00  0.0000000000E+00  0.9874709921E+00  0.0000000000E+00
L0     7000  0.1400000000E+02  -.7707352362E+04  0.1783392847E+04
L1 0.2985508303E+03  0.2985508303E+03  -.9490745209E+10  0.1000000000E+01
L2 0.1000000000E+01  0.3404740680E+02  0.3404740680E+02  0.3404740680E+02
L3 0.3038345174E+05  0.3155572583E+03  -.2887986465E+03  -.5546939895E+03
L4 -.1759784592E+03  0.2910725371E+03  0.3091235242E+03  0.3019234516E+03
L5 0.9021195128E+03  0.2220689186E+03  0.3722757765E+03  0.4232196391E+03
L6 0.1017564334E+04  -.9490745209E+04  0.1379912215E+04  -.1095137281E+05
L7 0.0000000000E+00  0.2975915751E+01  0.7796926855E+01  0.1235463026E+02
L8 0.4472055206E+01  0.4982638905E+02  0.3289471706E+01  0.0000000000E+00
L9 0.0000000000E+00  0.0000000000E+00  0.0000000000E+00  0.9856276081E+00  0.0000000000E+00
L0     8000  0.1600000000E+02  -.7708912365E+04  0.1746486775E+04
L1 0.2923725290E+03  0.2923725290E+03  -.9455399140E+10  0.1000000000E+01
L2 0.1000000000E+01  0.3412343205E+02  0.3412343205E+02  0.3412343205E+02
L3 0.3058662793E+05  -.1050511001E+03  -.3403366921E+02  0.5021998521E+03
L4 0.1210383609E+03  0.2956467253E+03  0.2808531229E+03  0.2877569634E+03
L5 0.8642568115E+03  0.3187721003E+03  0.2883451089E+03  0.1772054326E+03
L6 0.7843226417E+03  -.9455399140E+04  0.1428805243E+04  -.1097376196E+05
L7 0.0000000000E+00  0.7669181945E+01  0.8574394416E+01  0.1548300617E+02
L8 0.2452577384E+01  0.4771023149E+02  0.7668189911E+01  0.0000000000E+00
L9 0.0000000000E+00  0.0000000000E+00  0.0000000000E+00  0.9790804315E+00  0.0000000000E+00
L0     9000  0.1800000000E+02  -.7702533023E+04  0.1804038571E+04
L1 0.3020070504E+03  0.3020070504E+03  -.9506571594E+10  0.1000000000E+01
L2 0.1000000000E+01  0.3407183081E+02  0.3407183081E+02  0.3407183081E+02
L3 0.3044790107E+05  0.2545729067E+03  -.1101959079E+03  0.4152222327E+03
L4 0.1865330772E+03  0.2853393775E+03  0.3004177259E+03  0.2747604088E+03
L5 0.8605175122E+03  0.2295532620E+03  0.3245656280E+03  0.1837702257E+03
L6 0.7378891157E+03  -.9506571594E+04  0.1428763874E+04  -.1101404926E+05
L7 0.0000000000E+00  0.3149441240E+00  0.7968592721E+01  0.1508872015E+02
L8 0.2583319560E+01  0.4759617923E+02  0.5162033967E+01  0.0000000000E+00
L9 0.0000000000E+00  0.0000000000E+00  0.0000000000E+00  0.9835413220E+00  0.0000000000E+00
L0    10000  0.2000000000E+02  -.7659413902E+04  0.1833010180E+04
L1 0.3068570743E+03  0.3068570743E+03  -.9492424082E+10  0.1000000000E+01
L2 0.1000000000E+01  0.3405685547E+02  0.3405685547E+02  0.3405685547E+02
L3 0.3040598120E+05  0.6574872125E+03  0.1126375209E+04  0.7555780644E+03
L4 0.8464801619E+03  0.3154792234E+03  0.2775457230E+03  0.2869913804E+03
L5 0.8800163268E+03  0.1715984004E+03  0.3105607422E+02  0.1216449042E+03
L6 0.3242993788E+03  -.9492424082E+04  0.1519456587E+04  -.1108344543E+05
L7 0.0000000000E+00  0.4102755707E+01  0.4179282195E+01  0.1012225937E+02
L8 0.2969244887E+01  0.4598511984E+02  0.4206097567E+01  0.0000000000E+00
L9 0.0000000000E+00  0.0000000000E+00  0.0000000000E+00  0.9848973025E+00  0.0000000000E+00
