L0  Nsteps           time(ps)         Etot             EKinetic        
L1  Temp             T_solute         T_solv           Pres_scal_solu  
L2  Pres_scal_solv   BoxX             BoxY             BoxZ            
L3  volume           pres_X           pres_Y           pres_Z          
L4  Pressure         EKCoM_x          EKCoM_y          EKCoM_z         
L5  EKComTot         VIRIAL_x         VIRIAL_y         VIRIAL_z        
L6  VIRIAL_tot       E_pot            E_vdw            E_el            
L7  E_hbon           E_bon            E_angle          E_dih           
L8  E_14vdw          E_14el           E_const          E_pol           
L9  AV_permMoment    AV_indMoment     AV_totMoment     Density          dV/dlambda      
L0     1000  0.2000000000E+01  -.7603019168E+04  0.1802337156E+04
L1 0.3035398268E+03  0.3035398268E+03  -.9405356323E+10  0.1000000000E+01
L2 0.1000000000E+01  0.3499924307E+02  0.3499924307E+02  0.3499924307E+02
L3 0.3300631966E+05  -.1288632362E+04  -.7767743769E+03  -.1262176132E+04
L4 -.1109194290E+04  0.3017300686E+03  0.3065091142E+03  0.2870327613E+03
L5 0.8952719441E+03  0.6078437323E+03  0.4910312925E+03  0.5868617670E+03
L6 0.1685736792E+04  -.9405356323E+04  0.1365133429E+04  -.1084575157E+05
L7 0.0000000000E+00  0.3261369270E+01  0.9500405004E+01  0.1102839943E+02
L8 0.2539151069E+01  0.4419278878E+02  0.4739705944E+01  0.0000000000E+00
L9 0.0000000000E+00  0.0000000000E+00  0.0000000000E+00  0.9018657197E+00  0.0000000000E+00
L0     2000  0.4000000000E+01  -.7622883574E+04  0.1769443953E+04
L1 0.2980001325E+03  0.2980001325E+03  -.9392327527E+10  0.1000000000E+01
L2 0.1000000000E+01  0.3445040826E+02  0.3445040826E+02  0.3445040826E+02
L3 0.3147666237E+05  -.6427860733E+03  -.1432291598E+03  -.1334447490E+04
L4 -.7068209078E+03  0.3053631656E+03  0.2815861816E+03  0.2768738548E+03
L5 0.8638232020E+03  0.4509800432E+03  0.3140333423E+03  0.5791798396E+03
L6 0.1344193225E+04  -.9392327527E+04  0.1353413626E+04  -.1081676956E+05
L7 0.0000000000E+00  0.3503855059E+00  0.7149068293E+01  0.1075431776E+02
L8 0.2638106566E+01  0.4736201226E+02  0.2774518256E+01  0.0000000000E+00
L9 0.0000000000E+00  0.0000000000E+00  0.0000000000E+00  0.9456932849E+00  0.0000000000E+00
L0     3000  0.6000000000E+01  -.7576744005E+04  0.1792451121E+04
L1 0.3018748746E+03  0.3018748746E+03  -.9369195126E+10  0.1000000000E+01
L2 0.1000000000E+01  0.3421605180E+02  0.3421605180E+02  0.3421605180E+02
L3 0.3083665628E+05  -.2745777230E+03  0.6176090210E+02  0.2576102148E+03
L4 0.1493113131E+02  0.2935998331E+03  0.2847186926E+03  0.3279106279E+03
L5 0.9062291535E+03  0.3545379682E+03  0.2710118479E+03  0.2707381599E+03
L6 0.8962879760E+03  -.9369195126E+04  0.1414640773E+04  -.1086651345E+05
L7 0.0000000000E+00  0.4329245530E+01  0.1267404819E+02  0.1146603862E+02
L8 0.4389413413E+01  0.4411628132E+02  0.5702525421E+01  0.0000000000E+00
L9 0.0000000000E+00  0.0000000000E+00  0.0000000000E+00  0.9653208818E+00  0.0000000000E+00
L0     4000  0.8000000000E+01  -.7657404832E+04  0.1771331727E+04
L1 0.2983180610E+03  0.2983180610E+03  -.9428736559E+10  0.1000000000E+01
L2 0.1000000000E+01  0.3410515224E+02  0.3410515224E+02  0.3410515224E+02
L3 0.3053862794E+05  0.5954053776E+03  -.8969239278E+03  -.5789036709E+03
L4 -.2934740737E+03  0.2778374348E+03  0.3033484821E+03  0.2923768285E+03
L5 0.8735627454E+03  0.1469738377E+03  0.5004825624E+03  0.4196135308E+03
L6 0.1067069931E+04  -.9428736559E+04  0.1390083735E+04  -.1089763346E+05
L7 0.0000000000E+00  0.1519043592E+01  0.1252915549E+02  0.1094099051E+02
L8 0.3162143319E+01  0.4698107797E+02  0.3680749534E+01  0.0000000000E+00
L9 0.0000000000E+00  0.0000000000E+00  0.0000000000E+00  0.9747415074E+00  0.0000000000E+00
L0     5000  0.1000000000E+02  -.7731401709E+04  0.1799315600E+04
L1 0.3030309528E+03  0.3030309528E+03  -.9530717309E+10  0.1000000000E+01
L2 0.1000000000E+01  0.3397171578E+02  0.3397171578E+02  0.3397171578E+02
L3 0.3018085929E+05  -.4173010272E+03  0.3515898933E+03  -.1020696352E+02
L4 -.2530603248E+02  0.3035275059E+03  0.2889464291E+03  0.3012130242E+03
L5 0.8936869592E+03  0.3941712079E+03  0.2125761174E+03  0.3034301214E+03
L6 0.9101774468E+03  -.9530717309E+04  0.1414895745E+04  -.1101772348E+05
L7 0.0000000000E+00  0.2595963525E+01  0.7369323189E+01  0.9901494956E+01
L8 0.2712992594E+01  0.4795605204E+02  0.1574599813E+01  0.0000000000E+00
L9 0.0000000000E+00  0.0000000000E+00  0.0000000000E+00  0.9862962464E+00  0.0000000000E+00
L0     6000  0.1200000000E+02  -.7574808783E+04  0.1814324368E+04
L1 0.3055586479E+03  0.3055586479E+03  -.9389133151E+10  0.1000000000E+01
L2 0.1000000000E+01  0.3390601092E+02  0.3390601092E+02  0.3390601092E+02
L3 0.3000687435E+05  -.2583205498E+03  -.3721550457E+03  -.3369739524E+03
L4 -.3224831826E+03  0.3093784552E+03  0.3007040259E+03  0.3127240827E+03
L5 0.9228065638E+03  0.3651658777E+03  0.3810753737E+03  0.3854976512E+03
L6 0.1131738903E+04  -.9389133151E+04  0.1307042634E+04  -.1076771851E+05
L7 0.0000000000E+00  0.3767396654E+01  0.7101628857E+01  0.1082776416E+02
L8 0.2140400608E+01  0.4534194443E+02  0.2363592927E+01  0.0000000000E+00
L9 0.0000000000E+00  0.0000000000E+00  0.0000000000E+00  0.9920149591E+00  0.0000000000E+00
L0     7000  0.1400000000E+02  -.7696714005E+04  0.1798923543E+04
L1 0.3029649247E+03  0.3029649247E+03  -.9495637548E+10  0.1000000000E+01
L2 0.1000000000E+01  0.3396731476E+02  0.3396731476E+02  0.3396731476E+02
L3 0.3016943780E+05  0.6766210411E+03  -.6837293504E+03  -.4107734644E+03
L4 -.1392939246E+03  0.3302372010E+03  0.2823573550E+03  0.2903049541E+03
L5 0.9028995101E+03  0.1833211331E+03  0.4308168642E+03  0.3794970107E+03
L6 0.9936350080E+03  -.9495637548E+04  0.1388384007E+04  -.1096458999E+05
L7 0.0000000000E+00  0.3923191655E+01  0.1138773514E+02  0.1069163732E+02
L8 0.3248853692E+01  0.4800042805E+02  0.3316586780E+01  0.0000000000E+00
L9 0.0000000000E+00  0.0000000000E+00  0.0000000000E+00  0.9866696368E+00  0.0000000000E+00
L0     8000  0.1600000000E+02  -.7687641500E+04  0.1771112945E+04
L1 0.2982812149E+03  0.2982812149E+03  -.9458754444E+10  0.1000000000E+01
L2 0.1000000000E+01  0.3398645066E+02  0.3398645066E+02  0.3398645066E+02
L3 0.3022009756E+05  0.1093735700E+03  -.2147750976E+01  -.1267519507E+03
L4 -.6508710579E+01  0.2780089792E+03  0.3033704815E+03  0.2926767281E+03
L5 0.8740561888E+03  0.2542206013E+03  0.3038376100E+03  0.3202448445E+03
L6 0.8783030558E+03  -.9458754444E+04  0.1408810258E+04  -.1094487847E+05
L7 0.0000000000E+00  0.9550323269E+00  0.1014369046E+02  0.1230710934E+02
L8 0.4003804636E+01  0.4740692676E+02  0.2497204456E+01  0.0000000000E+00
L9 0.0000000000E+00  0.0000000000E+00  0.0000000000E+00  0.9850156232E+00  0.0000000000E+00
L0     9000  0.1800000000E+02  -.7563275739E+04  0.1868035720E+04
L1 0.3146044219E+03  0.3146044219E+03  -.9431311459E+10  0.1000000000E+01
L2 0.1000000000E+01  0.3399614092E+02  0.3399614092E+02  0.3399614092E+02
L3 0.3024411948E+05  0.3407424962E+03  0.1424702061E+04  0.2551704957E+03
L4 0.6735383511E+03  0.3115845078E+03  0.3416076655E+03  0.2901430129E+03
L5 0.9433351863E+03  0.2374152683E+03  0.3149351913E+02  0.2346001857E+03
L6 0.5035089732E+03  -.9431311459E+04  0.1475515495E+04  -.1098361289E+05
L7 0.0000000000E+00  0.1450173028E+01  0.7593419350E+01  0.1099422657E+02
L8 0.3871330510E+01  0.5092319511E+02  0.1953595237E+01  0.0000000000E+00
L9 0.0000000000E+00  0.0000000000E+00  0.0000000000E+00  0.9842332575E+00  0.0000000000E+00
L0    10000  0.2000000000E+02  -.7701620419E+04  0.1805148355E+04
L1 0.3040132738E+03  0.3040132738E+03  -.9506768774E+10  0.1000000000E+01
L2 0.1000000000E+01  0.3394097550E+02  0.3394097550E+02  0.3394097550E+02
L3 0.3009851120E+05  0.8426738116E+03  -.3417144484E+03  -.2693708500E+02
L4 0.1580074261E+03  0.3026849950E+03  0.2732732352E+03  0.3009217130E+03
L5 0.8768799431E+03  0.1201437150E+03  0.3472959376E+03  0.3067568652E+03
L6 0.7741965178E+03  -.9506768774E+04  0.1449785193E+04  -.1103585958E+05
L7 0.0000000000E+00  0.4424889692E+01  0.9783156468E+01  0.1134934983E+02
L8 0.2710279002E+01  0.4755678616E+02  0.3481155218E+01  0.0000000000E+00
L9 0.0000000000E+00  0.0000000000E+00  0.0000000000E+00  0.9889947061E+00  0.0000000000E+00
