L0  Nsteps           time(ps)         Etot             EKinetic        
L1  Temp             T_solute         T_solv           Pres_scal_solu  
L2  Pres_scal_solv   BoxX             BoxY             BoxZ            
L3  volume           pres_X           pres_Y           pres_Z          
L4  Pressure         EKCoM_x          EKCoM_y          EKCoM_z         
L5  EKComTot         VIRIAL_x         VIRIAL_y         VIRIAL_z        
L6  VIRIAL_tot       E_pot            E_vdw            E_el            
L7  E_hbon           E_bon            E_angle          E_dih           
L8  E_14vdw          E_14el           E_const          E_pol           
L9  AV_permMoment    AV_indMoment     AV_totMoment     Density          dV/dlambda      
L0     1000  0.2000000000E+01  -.7416390532E+04  0.1737701928E+04
L1 0.2992645747E+03  0.2992645747E+03  -.9154092459E+10  0.1000000000E+01
L2 0.1000000000E+01  0.3474553097E+02  0.3474553097E+02  0.3474553097E+02
L3 0.3229161840E+05  -.2952805242E+03  -.6067230294E+03  -.2424834012E+03
L4 -.3814956516E+03  0.2847620669E+03  0.2821218544E+03  0.3031127747E+03
L5 0.8699966960E+03  0.3533868832E+03  0.4231276202E+03  0.3594672495E+03
L6 0.1135981753E+04  -.9154092459E+04  0.1412316818E+04  -.1064028574E+05
L7 0.0000000000E+00  0.2108201113E+01  0.6725539899E+01  0.1135027242E+02
L8 0.3053016140E+01  0.4879228813E+02  0.1847148761E+01  0.0000000000E+00
L9 0.0000000000E+00  0.0000000000E+00  0.0000000000E+00  0.9014444206E+00  0.0000000000E+00
L0     2000  0.4000000000E+01  -.7426696164E+04  0.1748886476E+04
L1 0.3011907619E+03  0.3011907619E+03  -.9175582641E+10  0.1000000000E+01
L2 0.1000000000E+01  0.3421782323E+02  0.3421782323E+02  0.3421782323E+02
L3 0.3084279095E+05  -.1418676212E+04  0.7760265209E+02  -.8077356466E+02
L4 -.4739490416E+03  0.2773241421E+03  0.2824962710E+03  0.2929675216E+03
L5 0.8527879346E+03  0.5922392796E+03  0.2652701769E+03  0.3108974889E+03
L6 0.1168406945E+04  -.9175582641E+04  0.1349633711E+04  -.1060731493E+05
L7 0.0000000000E+00  0.1900211506E+01  0.9166694453E+01  0.1144316282E+02
L8 0.3440250265E+01  0.4825321760E+02  0.7895041412E+01  0.0000000000E+00
L9 0.0000000000E+00  0.0000000000E+00  0.0000000000E+00  0.9437894024E+00  0.0000000000E+00
L0     3000  0.6000000000E+01  -.7457165293E+04  0.1776070005E+04
L1 0.3058722709E+03  0.3058722709E+03  -.9233235298E+10  0.1000000000E+01
L2 0.1000000000E+01  0.3393090572E+02  0.3393090572E+02  0.3393090572E+02
L3 0.3007311689E+05  -.6927472770E+03  0.2570578032E+03  -.6415572548E+03
L4 -.3590822429E+03  0.2931966917E+03  0.2932913190E+03  0.3071593089E+03
L5 0.8936473196E+03  0.4431340482E+03  0.2376540488E+03  0.4460171609E+03
L6 0.1126805258E+04  -.9233235298E+04  0.1334704803E+04  -.1064008413E+05
L7 0.0000000000E+00  0.3055778333E+01  0.6968783433E+01  0.1146018004E+02
L8 0.2988819805E+01  0.4403474333E+02  0.3635725889E+01  0.0000000000E+00
L9 0.0000000000E+00  0.0000000000E+00  0.0000000000E+00  0.9679442059E+00  0.0000000000E+00
L0     4000  0.8000000000E+01  -.7489827373E+04  0.1729666246E+04
L1 0.2978806809E+03  0.2978806809E+03  -.9219493619E+10  0.1000000000E+01
L2 0.1000000000E+01  0.3376124130E+02  0.3376124130E+02  0.3376124130E+02
L3 0.2962423659E+05  -.3906192510E+02  -.6786227636E+03  -.3490751584E+03
L4 -.3555866157E+03  0.2816592573E+03  0.2853415098E+03  0.2952635235E+03
L5 0.8622642905E+03  0.2899875770E+03  0.4300293957E+03  0.3696891829E+03
L6 0.1089706156E+04  -.9219493619E+04  0.1326039686E+04  -.1061819760E+05
L7 0.0000000000E+00  0.1440502397E+01  0.1065510857E+02  0.1047724981E+02
L8 0.2592766844E+01  0.4446862450E+02  0.3030041160E+01  0.0000000000E+00
L9 0.0000000000E+00  0.0000000000E+00  0.0000000000E+00  0.9826109495E+00  0.0000000000E+00
L0     5000  0.1000000000E+02  -.7463374156E+04  0.1701861526E+04
L1 0.2930921914E+03  0.2930921914E+03  -.9165235682E+10  0.1000000000E+01
L2 0.1000000000E+01  0.3379926641E+02  0.3379926641E+02  0.3379926641E+02
L3 0.2972307305E+05  0.9120948206E+02  0.9276428117E+03  -.5318592436E+03
L4 0.1623310167E+03  0.2904381425E+03  0.2879639555E+03  0.2599492969E+03
L5 0.8383513949E+03  0.2709266595E+03  0.8952310831E+02  0.3737243379E+03
L6 0.7341741057E+03  -.9165235682E+04  0.1374055950E+04  -.1060874806E+05
L7 0.0000000000E+00  0.1950123246E+01  0.7802161741E+01  0.1031404820E+02
L8 0.2672185045E+01  0.4556761933E+02  0.1150284953E+01  0.0000000000E+00
L9 0.0000000000E+00  0.0000000000E+00  0.0000000000E+00  0.9793435286E+00  0.0000000000E+00
L0     6000  0.1200000000E+02  -.7426738509E+04  0.1764027770E+04
L1 0.3037983742E+03  0.3037983742E+03  -.9190766279E+10  0.1000000000E+01
L2 0.1000000000E+01  0.3379472449E+02  0.3379472449E+02  0.3379472449E+02
L3 0.2971192039E+05  -.1199903280E+03  -.3182304799E+03  -.1231539008E+02
L4 -.1501787327E+03  0.3061699527E+03  0.2845090473E+03  0.3097992405E+03
L5 0.9004782405E+03  0.3318285873E+03  0.3525591957E+03  0.3124327536E+03
L6 0.9968205366E+03  -.9190766279E+04  0.1332892436E+04  -.1060146847E+05
L7 0.0000000000E+00  0.5166411633E+01  0.9985787309E+01  0.1133233361E+02
L8 0.3062687527E+01  0.4378063102E+02  0.4481898988E+01  0.0000000000E+00
L9 0.0000000000E+00  0.0000000000E+00  0.0000000000E+00  0.9797111347E+00  0.0000000000E+00
L0     7000  0.1400000000E+02  -.7538078493E+04  0.1732811599E+04
L1 0.2984223692E+03  0.2984223692E+03  -.9270890091E+10  0.1000000000E+01
L2 0.1000000000E+01  0.3373294638E+02  0.3373294638E+02  0.3373294638E+02
L3 0.2955025671E+05  -.4919765752E+03  -.7897367429E+03  -.2869008349E+03
L4 -.5228713843E+03  0.3030671885E+03  0.2902217335E+03  0.2687029930E+03
L5 0.8619919150E+03  0.4076986431E+03  0.4581795354E+03  0.3297198242E+03
L6 0.1195598003E+04  -.9270890091E+04  0.1301182237E+04  -.1064281852E+05
L7 0.0000000000E+00  0.2220999932E+01  0.9918893576E+01  0.1041160773E+02
L8 0.3000260005E+01  0.4281670695E+02  0.2377723572E+01  0.0000000000E+00
L9 0.0000000000E+00  0.0000000000E+00  0.0000000000E+00  0.9850709429E+00  0.0000000000E+00
L0     8000  0.1600000000E+02  -.7491030584E+04  0.1726671819E+04
L1 0.2973649849E+03  0.2973649849E+03  -.9217702403E+10  0.1000000000E+01
L2 0.1000000000E+01  0.3372766900E+02  0.3372766900E+02  0.3372766900E+02
L3 0.2953650060E+05  -.5046599979E+03  -.5887455420E+03  -.6013261526E+03
L4 -.5649105642E+03  0.2902418503E+03  0.2616614202E+03  0.2906212824E+03
L5 0.8425245529E+03  0.3975207972E+03  0.3868149929E+03  0.4184491995E+03
L6 0.1202784990E+04  -.9217702403E+04  0.1277537979E+04  -.1057106461E+05
L7 0.0000000000E+00  0.3098367912E+01  0.5805253658E+01  0.1063552132E+02
L8 0.2787148809E+01  0.4839357835E+02  0.5104354498E+01  0.0000000000E+00
L9 0.0000000000E+00  0.0000000000E+00  0.0000000000E+00  0.9855297225E+00  0.0000000000E+00
L0     9000  0.1800000000E+02  -.7575500376E+04  0.1713289974E+04
L1 0.2950603826E+03  0.2950603826E+03  -.9288790350E+10  0.1000000000E+01
L2 0.1000000000E+01  0.3355396723E+02  0.3355396723E+02  0.3355396723E+02
L3 0.2907978391E+05  0.6684045839E+03  0.8144188106E+01  0.7660029088E+03
L4 0.4808505603E+03  0.2920827338E+03  0.2752515628E+03  0.2937209860E+03
L5 0.8610552827E+03  0.1521925713E+03  0.2735470685E+03  0.1334045041E+03
L6 0.5591441439E+03  -.9288790350E+04  0.1432927223E+04  -.1080398816E+05
L7 0.0000000000E+00  0.7965991027E+01  0.7597432894E+01  0.1102926552E+02
L8 0.4444499315E+01  0.4656399286E+02  0.4669402538E+01  0.0000000000E+00
L9 0.0000000000E+00  0.0000000000E+00  0.0000000000E+00  0.1001008100E+01  0.0000000000E+00
L0    10000  0.2000000000E+02  -.7486599875E+04  0.1731545179E+04
L1 0.2982042682E+03  0.2982042682E+03  -.9218145054E+10  0.1000000000E+01
L2 0.1000000000E+01  0.3376200121E+02  0.3376200121E+02  0.3376200121E+02
L3 0.2962411443E+05  -.4693199037E+02  0.4752256530E+03  0.9146462001E+03
L4 0.4476466209E+03  0.2960641262E+03  0.2891396952E+03  0.2762973126E+03
L5 0.8615011340E+03  0.3060703666E+03  0.1878181434E+03  0.8128811694E+02
L6 0.5751766269E+03  -.9218145054E+04  0.1422700711E+04  -.1071318990E+05
L7 0.0000000000E+00  0.1945767947E+01  0.6459738886E+01  0.1036985601E+02
L8 0.3767754459E+01  0.4697411106E+02  0.2826908941E+01  0.0000000000E+00
L9 0.0000000000E+00  0.0000000000E+00  0.0000000000E+00  0.9826150015E+00  0.0000000000E+00
