L0  Nsteps           time(ps)         Etot             EKinetic        
L1  Temp             T_solute         T_solv           Pres_scal_solu  
L2  Pres_scal_solv   BoxX             BoxY             BoxZ            
L3  volume           pres_X           pres_Y           pres_Z          
L4  Pressure         EKCoM_x          EKCoM_y          EKCoM_z         
L5  EKComTot         VIRIAL_x         VIRIAL_y         VIRIAL_z        
L6  VIRIAL_tot       E_pot            E_vdw            E_el            
L7  E_hbon           E_bon            E_angle          E_dih           
L8  E_14vdw          E_14el           E_const          E_pol           
L9  AV_permMoment    AV_indMoment     AV_totMoment     Density          dV/dlambda      
L0     1000  0.2000000000E+01  -.7019118314E+04  0.1612525678E+04
L1 0.2933693257E+03  0.2933693257E+03  -.8631643992E+10  0.1000000000E+01
L2 0.1000000000E+01  0.3410732640E+02  0.3410732640E+02  0.3410732640E+02
L3 0.3054504262E+05  -.4892932857E+03  -.8273089167E+03  -.1957410540E+03
L4 -.5041144188E+03  0.2782977852E+03  0.2635093405E+03  0.2659056487E+03
L5 0.8077127744E+03  0.3858616930E+03  0.4453809963E+03  0.3089364306E+03
L6 0.1140179120E+04  -.8631643992E+04  0.1324886172E+04  -.1003994103E+05
L7 0.0000000000E+00  0.3611280912E+01  0.1704499774E+02  0.1042128655E+02
L8 0.3587201771E+01  0.4458597926E+02  0.4160123492E+01  0.0000000000E+00
L9 0.0000000000E+00  0.0000000000E+00  0.0000000000E+00  0.9020588845E+00  0.0000000000E+00
L0     2000  0.4000000000E+01  -.7079910716E+04  0.1631938276E+04
L1 0.2969010900E+03  0.2969010900E+03  -.8711848992E+10  0.1000000000E+01
L2 0.1000000000E+01  0.3351809566E+02  0.3351809566E+02  0.3351809566E+02
L3 0.2898901770E+05  -.9501058933E+03  -.4734566953E+03  0.8253539445E+02
L4 -.4470090647E+03  0.2427436697E+03  0.2672684137E+03  0.2864154771E+03
L5 0.7964275606E+03  0.4409703425E+03  0.3660487140E+03  0.2691955896E+03
L6 0.1076214646E+04  -.8711848992E+04  0.1288972203E+04  -.1007452766E+05
L7 0.0000000000E+00  0.1814470590E+01  0.5103428607E+01  0.1292241205E+02
L8 0.3430807057E+01  0.4601605341E+02  0.4419292179E+01  0.0000000000E+00
L9 0.0000000000E+00  0.0000000000E+00  0.0000000000E+00  0.9504781211E+00  0.0000000000E+00
L0     3000  0.6000000000E+01  -.7043936402E+04  0.1658689097E+04
L1 0.3017679089E+03  0.3017679089E+03  -.8702625500E+10  0.1000000000E+01
L2 0.1000000000E+01  0.3333998029E+02  0.3333998029E+02  0.3333998029E+02
L3 0.2852845605E+05  -.6214872457E+03  -.3329742536E+03  0.6386776054E+03
L4 -.1052612980E+03  0.2616623259E+03  0.2793592519E+03  0.2740992711E+03
L5 0.8151208489E+03  0.3892671428E+03  0.3477260912E+03  0.1429649003E+03
L6 0.8799581344E+03  -.8702625500E+04  0.1299951526E+04  -.1007998334E+05
L7 0.0000000000E+00  0.3666742731E+01  0.1426024693E+02  0.1189906145E+02
L8 0.2914652471E+01  0.4008556229E+02  0.4580049884E+01  0.0000000000E+00
L9 0.0000000000E+00  0.0000000000E+00  0.0000000000E+00  0.9658225819E+00  0.0000000000E+00
L0     4000  0.8000000000E+01  -.7180625139E+04  0.1649596498E+04
L1 0.3001136780E+03  0.3001136780E+03  -.8830221637E+10  0.1000000000E+01
L2 0.1000000000E+01  0.3315809723E+02  0.3315809723E+02  0.3315809723E+02
L3 0.2806566487E+05  -.7663690963E+03  -.9719125724E+03  -.4577681524E+03
L4 -.7320166070E+03  0.2521793100E+03  0.2494502803E+03  0.2623730920E+03
L5 0.7640026823E+03  0.4069789330E+03  0.4457678256E+03  0.3548381167E+03
L6 0.1207584875E+04  -.8830221637E+04  0.1248000818E+04  -.1015482059E+05
L7 0.0000000000E+00  0.3966238813E+01  0.6154256746E+01  0.1329327479E+02
L8 0.3936491521E+01  0.4728642066E+02  0.1961454319E+01  0.0000000000E+00
L9 0.0000000000E+00  0.0000000000E+00  0.0000000000E+00  0.9817485958E+00  0.0000000000E+00
L0     5000  0.1000000000E+02  -.7122813084E+04  0.1634658390E+04
L1 0.2973959646E+03  0.2973959646E+03  -.8757471474E+10  0.1000000000E+01
L2 0.1000000000E+01  0.3309696925E+02  0.3309696925E+02  0.3309696925E+02
L3 0.2790858107E+05  0.2740607276E+03  -.2599650507E+03  0.3806156574E+03
L4 0.1315704448E+03  0.2878210013E+03  0.2664149438E+03  0.2527906685E+03
L5 0.8070266136E+03  0.2327730522E+03  0.3186316295E+03  0.1763400529E+03
L6 0.7277447346E+03  -.8757471474E+04  0.1305570087E+04  -.1014044715E+05
L7 0.0000000000E+00  0.3013663942E+01  0.1263269343E+02  0.1106313038E+02
L8 0.2694040705E+01  0.4432850764E+02  0.3673551811E+01  0.0000000000E+00
L9 0.0000000000E+00  0.0000000000E+00  0.0000000000E+00  0.9872743803E+00  0.0000000000E+00
L0     6000  0.1200000000E+02  -.7138008381E+04  0.1625153962E+04
L1 0.2956668092E+03  0.2956668092E+03  -.8763162343E+10  0.1000000000E+01
L2 0.1000000000E+01  0.3318933251E+02  0.3318933251E+02  0.3318933251E+02
L3 0.2814211585E+05  0.5507495495E+03  0.2031270416E+03  0.5612593598E+03
L4 0.4383786503E+03  0.2708503872E+03  0.2884158650E+03  0.2645952159E+03
L5 0.8238614680E+03  0.1593009259E+03  0.2472742751E+03  0.1509170853E+03
L6 0.5574922864E+03  -.8763162343E+04  0.1357205695E+04  -.1019343995E+05
L7 0.0000000000E+00  0.8326521449E+00  0.7974214036E+01  0.9709230666E+01
L8 0.3940563942E+01  0.4665997492E+02  0.3955273041E+01  0.0000000000E+00
L9 0.0000000000E+00  0.0000000000E+00  0.0000000000E+00  0.9790815739E+00  0.0000000000E+00
L0     7000  0.1400000000E+02  -.7132899163E+04  0.1634933285E+04
L1 0.2974459768E+03  0.2974459768E+03  -.8767832449E+10  0.1000000000E+01
L2 0.1000000000E+01  0.3324076307E+02  0.3324076307E+02  0.3324076307E+02
L3 0.2827343587E+05  -.2769062347E+03  0.3767707325E+03  0.8713017004E+03
L4 0.3237220660E+03  0.2845578325E+03  0.2847670224E+03  0.2612974603E+03
L5 0.8306223152E+03  0.3409044568E+03  0.2080993413E+03  0.8399950382E+02
L6 0.6330033019E+03  -.8767832449E+04  0.1356837927E+04  -.1019345739E+05
L7 0.0000000000E+00  0.1877798147E+01  0.5280422627E+01  0.1323698799E+02
L8 0.2718879351E+01  0.4423860089E+02  0.1434322652E+01  0.0000000000E+00
L9 0.0000000000E+00  0.0000000000E+00  0.0000000000E+00  0.9745340894E+00  0.0000000000E+00
L0     8000  0.1600000000E+02  -.7086010446E+04  0.1645668630E+04
L1 0.2993990749E+03  0.2993990749E+03  -.8731679076E+10  0.1000000000E+01
L2 0.1000000000E+01  0.3320438162E+02  0.3320438162E+02  0.3320438162E+02
L3 0.2818033671E+05  -.3879012222E+03  0.2607462510E+03  0.1535521957E+04
L4 0.4694556619E+03  0.2798049030E+03  0.2788021393E+03  0.2742177518E+03
L5 0.8328247941E+03  0.3584775760E+03  0.2259185613E+03  -.3721106018E+02
L6 0.5471850771E+03  -.8731679076E+04  0.1340584253E+04  -.1015020776E+05
L7 0.0000000000E+00  0.4284772762E+01  0.9283671632E+01  0.1152005782E+02
L8 0.2459847593E+01  0.4764618266E+02  0.2749897554E+01  0.0000000000E+00
L9 0.0000000000E+00  0.0000000000E+00  0.0000000000E+00  0.9777536499E+00  0.0000000000E+00
L0     9000  0.1800000000E+02  -.7247998026E+04  0.1599582323E+04
L1 0.2910145208E+03  0.2910145208E+03  -.8847580349E+10  0.1000000000E+01
L2 0.1000000000E+01  0.3321082010E+02  0.3321082010E+02  0.3321082010E+02
L3 0.2819867530E+05  -.5502197568E+03  0.2947834065E+03  -.6530967127E+03
L4 -.3028443543E+03  0.2715090941E+03  0.2637597484E+03  0.2710876646E+03
L5 0.8063565070E+03  0.3831752247E+03  0.2039339752E+03  0.4036324922E+03
L6 0.9907416920E+03  -.8847580349E+04  0.1303923510E+04  -.1022335694E+05
L7 0.0000000000E+00  0.2123759974E+01  0.9525818491E+01  0.9895202082E+01
L8 0.3034235980E+01  0.4616451051E+02  0.1109550186E+01  0.0000000000E+00
L9 0.0000000000E+00  0.0000000000E+00  0.0000000000E+00  0.9771177826E+00  0.0000000000E+00
L0    10000  0.2000000000E+02  -.7158133152E+04  0.1632614478E+04
L1 0.2970241125E+03  0.2970241125E+03  -.8790747630E+10  0.1000000000E+01
L2 0.1000000000E+01  0.3315862563E+02  0.3315862563E+02  0.3315862563E+02
L3 0.2806539978E+05  0.1926712496E+02  -.2750405235E+03  -.1480751128E+02
L4 -.9019363662E+02  0.2697423835E+03  0.2710621494E+03  0.2705047878E+03
L5 0.8113093207E+03  0.2658506354E+03  0.3266173217E+03  0.2734957429E+03
L6 0.8659636999E+03  -.8790747630E+04  0.1292314039E+04  -.1015856563E+05
L7 0.0000000000E+00  0.3701524404E+01  0.1044514754E+02  0.1077317962E+02
L8 0.3897051121E+01  0.4353407055E+02  0.3152985888E+01  0.0000000000E+00
L9 0.0000000000E+00  0.0000000000E+00  0.0000000000E+00  0.9817578690E+00  0.0000000000E+00
