L0  Nsteps           time(ps)         Etot             EKinetic        
L1  Temp             T_solute         T_solv           Pres_scal_solu  
L2  Pres_scal_solv   BoxX             BoxY             BoxZ            
L3  volume           pres_X           pres_Y           pres_Z          
L4  Pressure         EKCoM_x          EKCoM_y          EKCoM_z         
L5  EKComTot         VIRIAL_x         VIRIAL_y         VIRIAL_z        
L6  VIRIAL_tot       E_pot            E_vdw            E_el            
L7  E_hbon           E_bon            E_angle          E_dih           
L8  E_14vdw          E_14el           E_const          E_pol           
L9  AV_permMoment    AV_indMoment     AV_totMoment     Density          dV/dlambda      
L0     1000  0.2000000000E+01  -.6890946787E+04  0.1645861816E+04
L1 0.3020550901E+03  0.3020550901E+03  -.8536808604E+10  0.1000000000E+01
L2 0.1000000000E+01  0.3406607070E+02  0.3406607070E+02  0.3406607070E+02
L3 0.3043407318E+05  -.1935069229E+03  -.7234823832E+03  -.3047049787E+03
L4 -.4072314282E+03  0.2754735327E+03  0.2608381969E+03  0.2585902171E+03
L5 0.7949019466E+03  0.3178586283E+03  0.4193073077E+03  0.3253317552E+03
L6 0.1062497691E+04  -.8536808604E+04  0.1302173716E+04  -.9909489955E+04
L7 0.0000000000E+00  0.3603837428E+01  0.7184944413E+01  0.1044664866E+02
L8 0.4218816593E+01  0.4344392330E+02  0.1609465018E+01  0.0000000000E+00
L9 0.0000000000E+00  0.0000000000E+00  0.0000000000E+00  0.8974839725E+00  0.0000000000E+00
L0     2000  0.4000000000E+01  -.6982716235E+04  0.1593036331E+04
L1 0.2923603473E+03  0.2923603473E+03  -.8575752565E+10  0.1000000000E+01
L2 0.1000000000E+01  0.3347246394E+02  0.3347246394E+02  0.3347246394E+02
L3 0.2887111654E+05  -.2982814436E+02  -.6268327144E+03  -.1074755470E+04
L4 -.5771387761E+03  0.2682904008E+03  0.2466557012E+03  0.2700038246E+03
L5 0.7849499266E+03  0.2744883269E+03  0.3769039264E+03  0.4933249583E+03
L6 0.1144717211E+04  -.8575752565E+04  0.1270249640E+04  -.9923667157E+04
L7 0.0000000000E+00  0.1288135868E+01  0.1223265850E+02  0.1168201774E+02
L8 0.3291470276E+01  0.4520273146E+02  0.3967937832E+01  0.0000000000E+00
L9 0.0000000000E+00  0.0000000000E+00  0.0000000000E+00  0.9460698501E+00  0.0000000000E+00
L0     3000  0.6000000000E+01  -.7009181116E+04  0.1601307577E+04
L1 0.2938783194E+03  0.2938783194E+03  -.8610488693E+10  0.1000000000E+01
L2 0.1000000000E+01  0.3317555887E+02  0.3317555887E+02  0.3317555887E+02
L3 0.2810806503E+05  0.8531183959E+02  -.6116877633E+02  0.1282236679E+03
L4 0.5078891040E+02  0.2632612045E+03  0.2774519464E+03  0.2455345790E+03
L5 0.7862477299E+03  0.2460029513E+03  0.2898261518E+03  0.2195954299E+03
L6 0.7554245330E+03  -.8610488693E+04  0.1291377040E+04  -.9976012326E+04
L7 0.0000000000E+00  0.4604796058E+01  0.9185594616E+01  0.9205046252E+01
L8 0.3194068201E+01  0.4261118231E+02  0.5345904758E+01  0.0000000000E+00
L9 0.0000000000E+00  0.0000000000E+00  0.0000000000E+00  0.9717528712E+00  0.0000000000E+00
L0     4000  0.8000000000E+01  -.6970309087E+04  0.1715606022E+04
L1 0.3148548233E+03  0.3148548233E+03  -.8685915109E+10  0.1000000000E+01
L2 0.1000000000E+01  0.3297369083E+02  0.3297369083E+02  0.3297369083E+02
L3 0.2759813853E+05  -.9889753557E+02  0.8535693617E+02  0.9629390175E+02
L4 0.2758443412E+02  0.3080489627E+03  0.2906524603E+03  0.2623553321E+03
L5 0.8610567551E+03  0.3276925970E+03  0.2736983428E+03  0.2432288475E+03
L6 0.8446197873E+03  -.8685915109E+04  0.1275245451E+04  -.1003722695E+05
L7 0.0000000000E+00  0.6306727914E+00  0.1016533963E+02  0.9670984514E+01
L8 0.5540021897E+01  0.4901686771E+02  0.1042504499E+01  0.0000000000E+00
L9 0.0000000000E+00  0.0000000000E+00  0.0000000000E+00  0.9897077974E+00  0.0000000000E+00
L0     5000  0.1000000000E+02  -.7038588920E+04  0.1654387003E+04
L1 0.3036196661E+03  0.3036196661E+03  -.8692975923E+10  0.1000000000E+01
L2 0.1000000000E+01  0.3293007678E+02  0.3293007678E+02  0.3293007678E+02
L3 0.2748812842E+05  0.7639805388E+03  0.6669463958E+02  0.3925279180E+02
L4 0.2899759901E+03  0.2771531447E+03  0.2863841897E+03  0.2608584676E+03
L5 0.8243958019E+03  0.1260115337E+03  0.2731896975E+03  0.2530929161E+03
L6 0.6522941473E+03  -.8692975923E+04  0.1310668372E+04  -.1008100436E+05
L7 0.0000000000E+00  0.2135594728E+01  0.1328023276E+02  0.9543666866E+01
L8 0.3108874050E+01  0.4504742568E+02  0.4244275480E+01  0.0000000000E+00
L9 0.0000000000E+00  0.0000000000E+00  0.0000000000E+00  0.9936687024E+00  0.0000000000E+00
L0     6000  0.1200000000E+02  -.7056196424E+04  0.1646629659E+04
L1 0.3021960076E+03  0.3021960076E+03  -.8702826083E+10  0.1000000000E+01
L2 0.1000000000E+01  0.3297854143E+02  0.3297854143E+02  0.3297854143E+02
L3 0.2761039096E+05  -.1035763261E+04  0.6653748860E+03  0.3664742602E+03
L4 -.1304705029E+01  0.2721754563E+03  0.2638376489E+03  0.2792084964E+03
L5 0.8152216016E+03  0.4779964349E+03  0.1316181396E+03  0.2063848178E+03
L6 0.8159993922E+03  -.8702826083E+04  0.1286137036E+04  -.1006045112E+05
L7 0.0000000000E+00  0.1882916702E+01  0.1186452563E+02  0.9123527509E+01
L8 0.2592374106E+01  0.4194703072E+02  0.4077623782E+01  0.0000000000E+00
L9 0.0000000000E+00  0.0000000000E+00  0.0000000000E+00  0.9892686032E+00  0.0000000000E+00
L0     7000  0.1400000000E+02  -.7081036992E+04  0.1603735114E+04
L1 0.2943238306E+03  0.2943238306E+03  -.8684772107E+10  0.1000000000E+01
L2 0.1000000000E+01  0.3302492815E+02  0.3302492815E+02  0.3302492815E+02
L3 0.2772656053E+05  0.5572934420E+03  0.3062874560E+03  -.2580074842E+03
L4 0.2018578046E+03  0.2595501940E+03  0.2785918686E+03  0.2708339826E+03
L5 0.8089760452E+03  0.1483420708E+03  0.2174720875E+03  0.3223194765E+03
L6 0.6881336349E+03  -.8684772107E+04  0.1313242701E+04  -.1007214358E+05
L7 0.0000000000E+00  0.5581205381E+01  0.5831624423E+01  0.1064378252E+02
L8 0.3381691196E+01  0.4677514883E+02  0.1915318464E+01  0.0000000000E+00
L9 0.0000000000E+00  0.0000000000E+00  0.0000000000E+00  0.9851237360E+00  0.0000000000E+00
L0     8000  0.1600000000E+02  -.7104894637E+04  0.1613161373E+04
L1 0.2960537750E+03  0.2960537750E+03  -.8718056010E+10  0.1000000000E+01
L2 0.1000000000E+01  0.3298725798E+02  0.3298725798E+02  0.3298725798E+02
L3 0.2763118799E+05  0.6499789607E+03  -.1041019644E+03  0.7913666616E+03
L4 0.4457478860E+03  0.2558724510E+03  0.2758680290E+03  0.2580912154E+03
L5 0.7898316954E+03  0.1266150448E+03  0.2965701604E+03  0.1007168876E+03
L6 0.5239020928E+03  -.8718056010E+04  0.1366893283E+04  -.1016152639E+05
L7 0.0000000000E+00  0.5110264997E+01  0.1076729035E+02  0.8873654586E+01
L8 0.3149447674E+01  0.4599637807E+02  0.2680063757E+01  0.0000000000E+00
L9 0.0000000000E+00  0.0000000000E+00  0.0000000000E+00  0.9885240153E+00  0.0000000000E+00
L0     9000  0.1800000000E+02  -.6995796975E+04  0.1658546563E+04
L1 0.3043830451E+03  0.3043830451E+03  -.8654343538E+10  0.1000000000E+01
L2 0.1000000000E+01  0.3301562097E+02  0.3301562097E+02  0.3301562097E+02
L3 0.2770275315E+05  0.7397381846E+03  -.3113209216E+02  0.3486673494E+03
L4 0.3524244806E+03  0.2835423302E+03  0.2698576479E+03  0.2775798989E+03
L5 0.8309798770E+03  0.1360540372E+03  0.2760647347E+03  0.2080629356E+03
L6 0.6201817076E+03  -.8654343538E+04  0.1313238804E+04  -.1004481910E+05
L7 0.0000000000E+00  0.5604924412E+01  0.6465315163E+01  0.1238437149E+02
L8 0.2786115952E+01  0.4352751737E+02  0.6468511807E+01  0.0000000000E+00
L9 0.0000000000E+00  0.0000000000E+00  0.0000000000E+00  0.9859703385E+00  0.0000000000E+00
L0    10000  0.2000000000E+02  -.7138284793E+04  0.1599448278E+04
L1 0.2935370934E+03  0.2935370934E+03  -.8737733071E+10  0.1000000000E+01
L2 0.1000000000E+01  0.3296237388E+02  0.3296237388E+02  0.3296237388E+02
L3 0.2757005546E+05  0.6283967363E+03  -.2057867779E+03  -.7340945769E+03
L4 -.1038282061E+03  0.2755651197E+03  0.2616944961E+03  0.2671384413E+03
L5 0.8043980572E+03  0.1508761201E+03  0.3025275336E+03  0.4128004302E+03
L6 0.8662040839E+03  -.8737733071E+04  0.1284752924E+04  -.1009710027E+05
L7 0.0000000000E+00  0.2648641263E+01  0.7547701957E+01  0.1065636887E+02
L8 0.3831862699E+01  0.4741558540E+02  0.2514114495E+01  0.0000000000E+00
L9 0.0000000000E+00  0.0000000000E+00  0.0000000000E+00  0.9907159214E+00  0.0000000000E+00
