L0  Nsteps           time(ps)         Etot             EKinetic        
L1  Temp             T_solute         T_solv           Pres_scal_solu  
L2  Pres_scal_solv   BoxX             BoxY             BoxZ            
L3  volume           pres_X           pres_Y           pres_Z          
L4  Pressure         EKCoM_x          EKCoM_y          EKCoM_z         
L5  EKComTot         VIRIAL_x         VIRIAL_y         VIRIAL_z        
L6  VIRIAL_tot       E_pot            E_vdw            E_el            
L7  E_hbon           E_bon            E_angle          E_dih           
L8  E_14vdw          E_14el           E_const          E_pol           
L9  AV_permMoment    AV_indMoment     AV_totMoment     Density          dV/dlambda      
L0     1000  0.2000000000E+01  -.7385294997E+04  0.1689797024E+04
L1 0.2922145194E+03  0.2922145194E+03  -.9075092021E+10  0.1000000000E+01
L2 0.1000000000E+01  0.3467181606E+02  0.3467181606E+02  0.3467181606E+02
L3 0.3208580673E+05  0.9872912772E+01  -.2823648624E+03  -.1161930317E+03
L4 -.1295616604E+03  0.2827895992E+03  0.2759899167E+03  0.2671604517E+03
L5 0.8259399677E+03  0.2805097043E+03  0.3411948110E+03  0.2939922405E+03
L6 0.9156967558E+03  -.9075092021E+04  0.1429836307E+04  -.1057752194E+05
L7 0.0000000000E+00  0.2047565578E+01  0.8768261257E+01  0.1062546550E+02
L8 0.2612655155E+01  0.4413878016E+02  0.4400887013E+01  0.0000000000E+00
L9 0.0000000000E+00  0.0000000000E+00  0.0000000000E+00  0.9034970633E+00  0.0000000000E+00
L0     2000  0.4000000000E+01  -.7429667930E+04  0.1716697873E+04
L1 0.2968664501E+03  0.2968664501E+03  -.9146365803E+10  0.1000000000E+01
L2 0.1000000000E+01  0.3404419959E+02  0.3404419959E+02  0.3404419959E+02
L3 0.3037645966E+05  -.2806934164E+03  -.6628919959E+03  -.1348419953E+04
L4 -.7640017885E+03  0.2882473965E+03  0.2927379123E+03  0.2784795683E+03
L5 0.8594648771E+03  0.3496131346E+03  0.4376606439E+03  0.5732737491E+03
L6 0.1360547528E+04  -.9146365803E+04  0.1293429150E+04  -.1051274047E+05
L7 0.0000000000E+00  0.2801703362E+01  0.5238887212E+01  0.1068743086E+02
L8 0.5850186628E+01  0.4659697797E+02  0.1770332998E+01  0.0000000000E+00
L9 0.0000000000E+00  0.0000000000E+00  0.0000000000E+00  0.9543387372E+00  0.0000000000E+00
L0     3000  0.6000000000E+01  -.7476167669E+04  0.1743729165E+04
L1 0.3015409382E+03  0.3015409382E+03  -.9219896834E+10  0.1000000000E+01
L2 0.1000000000E+01  0.3381319553E+02  0.3381319553E+02  0.3381319553E+02
L3 0.2975925987E+05  0.1622590592E+03  0.1729551131E+03  0.8028935546E+03
L4 0.3793692423E+03  0.2789921721E+03  0.2683071324E+03  0.2921859246E+03
L5 0.8394852290E+03  0.2442395434E+03  0.2312636240E+03  0.1202222655E+03
L6 0.5957254330E+03  -.9219896834E+04  0.1445030480E+04  -.1074323989E+05
L7 0.0000000000E+00  0.3047688619E+01  0.1308437861E+02  0.1103401235E+02
L8 0.4098872938E+01  0.4525205638E+02  0.1795570283E+01  0.0000000000E+00
L9 0.0000000000E+00  0.0000000000E+00  0.0000000000E+00  0.9741314898E+00  0.0000000000E+00
L0     4000  0.8000000000E+01  -.7520710679E+04  0.1688316783E+04
L1 0.2919585431E+03  0.2919585431E+03  -.9209027462E+10  0.1000000000E+01
L2 0.1000000000E+01  0.3365215426E+02  0.3365215426E+02  0.3365215426E+02
L3 0.2933703350E+05  -.6430669599E+03  0.9150631114E+02  0.5973118419E+03
L4 0.1525039771E+02  0.2666335339E+03  0.2894497445E+03  0.3076143556E+03
L5 0.8636976339E+03  0.4024113982E+03  0.2701290014E+03  0.1814972772E+03
L6 0.8540376767E+03  -.9209027462E+04  0.1363907439E+04  -.1065545086E+05
L7 0.0000000000E+00  0.6122828997E+01  0.7914125948E+01  0.1037855742E+02
L8 0.3950694753E+01  0.4532918341E+02  0.8820568460E+01  0.0000000000E+00
L9 0.0000000000E+00  0.0000000000E+00  0.0000000000E+00  0.9881514487E+00  0.0000000000E+00
L0     5000  0.1000000000E+02  -.7469031733E+04  0.1705819664E+04
L1 0.2949852949E+03  0.2949852949E+03  -.9174851398E+10  0.1000000000E+01
L2 0.1000000000E+01  0.3359745697E+02  0.3359745697E+02  0.3359745697E+02
L3 0.2919421703E+05  0.7917784789E+03  -.3486508232E+03  -.3996788507E+03
L4 0.1448293502E+02  0.2758458770E+03  0.2768127538E+03  0.2849694569E+03
L5 0.8376280877E+03  0.1094827383E+03  0.3500689066E+03  0.3689472738E+03
L6 0.8284989187E+03  -.9174851398E+04  0.1340876134E+04  -.1059221990E+05
L7 0.0000000000E+00  0.2303034617E+01  0.7500104344E+01  0.1216937894E+02
L8 0.4052796002E+01  0.4720231959E+02  0.3264737565E+01  0.0000000000E+00
L9 0.0000000000E+00  0.0000000000E+00  0.0000000000E+00  0.9929854299E+00  0.0000000000E+00
L0     6000  0.1200000000E+02  -.7403621364E+04  0.1769553061E+04
L1 0.3060066328E+03  0.3060066328E+03  -.9173174425E+10  0.1000000000E+01
L2 0.1000000000E+01  0.3369595525E+02  0.3369595525E+02  0.3369595525E+02
L3 0.2945227287E+05  -.4989604307E+03  -.3239444769E+03  0.2558013342E+03
L4 -.1890345245E+03  0.2828199774E+03  0.2921610122E+03  0.3019491935E+03
L5 0.8769301831E+03  0.3885848624E+03  0.3608276804E+03  0.2477268604E+03
L6 0.9971394032E+03  -.9173174425E+04  0.1318330979E+04  -.1057549325E+05
L7 0.0000000000E+00  0.5466491128E+01  0.7768700183E+01  0.1122077014E+02
L8 0.5987989594E+01  0.4941909646E+02  0.4124799237E+01  0.0000000000E+00
L9 0.0000000000E+00  0.0000000000E+00  0.0000000000E+00  0.9842850594E+00  0.0000000000E+00
L0     7000  0.1400000000E+02  -.7531979921E+04  0.1711074756E+04
L1 0.2958940515E+03  0.2958940515E+03  -.9243054677E+10  0.1000000000E+01
L2 0.1000000000E+01  0.3368154909E+02  0.3368154909E+02  0.3368154909E+02
L3 0.2941530620E+05  -.6582027651E+03  -.3423169276E+03  -.4729085028E+03
L4 -.4911427318E+03  0.2794434685E+03  0.2599394588E+03  0.2872084819E+03
L5 0.8265914091E+03  0.4187879122E+03  0.3324094701E+03  0.3873253087E+03
L6 0.1138522691E+04  -.9243054677E+04  0.1320906801E+04  -.1064036211E+05
L7 0.0000000000E+00  0.2623335315E+01  0.9938133849E+01  0.1259320922E+02
L8 0.3249482988E+01  0.4540226602E+02  0.2594201164E+01  0.0000000000E+00
L9 0.0000000000E+00  0.0000000000E+00  0.0000000000E+00  0.9855220256E+00  0.0000000000E+00
L0     8000  0.1600000000E+02  -.7398897789E+04  0.1797154299E+04
L1 0.3107796808E+03  0.3107796808E+03  -.9196052088E+10  0.1000000000E+01
L2 0.1000000000E+01  0.3375929515E+02  0.3375929515E+02  0.3375929515E+02
L3 0.2961822826E+05  -.5899325940E+03  -.1554531287E+03  0.6842145071E+03
L4 -.2039040520E+02  0.2931925435E+03  0.2972390888E+03  0.2883119036E+03
L5 0.8787435359E+03  0.4189454546E+03  0.3303762365E+03  0.1424613998E+03
L6 0.8917830908E+03  -.9196052088E+04  0.1362008455E+04  -.1062973826E+05
L7 0.0000000000E+00  0.2142372190E+01  0.9625581505E+01  0.1088115218E+02
L8 0.2849567726E+01  0.4440657893E+02  0.1772462039E+01  0.0000000000E+00
L9 0.0000000000E+00  0.0000000000E+00  0.0000000000E+00  0.9787699622E+00  0.0000000000E+00
L0     9000  0.1800000000E+02  -.7539682032E+04  0.1694090024E+04
L1 0.2929569026E+03  0.2929569026E+03  -.9233772056E+10  0.1000000000E+01
L2 0.1000000000E+01  0.3379946872E+02  0.3379946872E+02  0.3379946872E+02
L3 0.2972486665E+05  -.5424864836E+01  -.4925216786E+03  -.4405684264E+03
L4 -.3128383233E+03  0.2926419037E+03  0.2931434712E+03  0.2780499891E+03
L5 0.8638353639E+03  0.2938024579E+03  0.3985097993E+03  0.3723018351E+03
L6 0.1064614092E+04  -.9233772056E+04  0.1336121932E+04  -.1064306067E+05
L7 0.0000000000E+00  0.3501289886E+01  0.9898374278E+01  0.9819932105E+01
L8 0.2302868422E+01  0.4377426438E+02  0.3869953852E+01  0.0000000000E+00
L9 0.0000000000E+00  0.0000000000E+00  0.0000000000E+00  0.9752586107E+00  0.0000000000E+00
L0    10000  0.2000000000E+02  -.7478070896E+04  0.1760230223E+04
L1 0.3043944459E+03  0.3043944459E+03  -.9238301119E+10  0.1000000000E+01
L2 0.1000000000E+01  0.3377362024E+02  0.3377362024E+02  0.3377362024E+02
L3 0.2965549820E+05  0.1608833637E+03  0.1500783502E+03  0.1379780057E+03
L4 0.1496465732E+03  0.2903294732E+03  0.2879767697E+03  0.2854846235E+03
L5 0.8637908663E+03  0.2559916356E+03  0.2559450798E+03  0.2560355478E+03
L6 0.7679722631E+03  -.9238301119E+04  0.1399253600E+04  -.1070880048E+05
L7 0.0000000000E+00  0.3326476246E+01  0.7593576891E+01  0.1147707240E+02
L8 0.2143425424E+01  0.4465750379E+02  0.2047709700E+01  0.0000000000E+00
L9 0.0000000000E+00  0.0000000000E+00  0.0000000000E+00  0.9775398801E+00  0.0000000000E+00
