L0  Nsteps           time(ps)         Etot             EKinetic        
L1  Temp             T_solute         T_solv           Pres_scal_solu  
L2  Pres_scal_solv   BoxX             BoxY             BoxZ            
L3  volume           pres_X           pres_Y           pres_Z          
L4  Pressure         EKCoM_x          EKCoM_y          EKCoM_z         
L5  EKComTot         VIRIAL_x         VIRIAL_y         VIRIAL_z        
L6  VIRIAL_tot       E_pot            E_vdw            E_el            
L7  E_hbon           E_bon            E_angle          E_dih           
L8  E_14vdw          E_14el           E_const          E_pol           
L9  AV_permMoment    AV_indMoment     AV_totMoment     Density          dV/dlambda      
L0     1000  0.2000000000E+01  -.7462416099E+04  0.1757236419E+04
L1 0.2989456684E+03  0.2989456684E+03  -.9219652518E+10  0.1000000000E+01
L2 0.1000000000E+01  0.3487038840E+02  0.3487038840E+02  0.3487038840E+02
L3 0.3264183477E+05  -.9563051754E+03  -.3028935982E+03  -.7568199680E+03
L4 -.6720062472E+03  0.2959538179E+03  0.2997691341E+03  0.3023938495E+03
L5 0.8981168015E+03  0.5206147975E+03  0.3709267250E+03  0.4801905610E+03
L6 0.1371732084E+04  -.9219652518E+04  0.1367604705E+04  -.1066954473E+05
L7 0.0000000000E+00  0.4669712318E+01  0.8723931840E+01  0.9708257941E+01
L8 0.3645275596E+01  0.5019589472E+02  0.5344435524E+01  0.0000000000E+00
L9 0.0000000000E+00  0.0000000000E+00  0.0000000000E+00  0.9027709601E+00  0.0000000000E+00
L0     2000  0.4000000000E+01  -.7494186194E+04  0.1758139502E+04
L1 0.2990993032E+03  0.2990993032E+03  -.9252325695E+10  0.1000000000E+01
L2 0.1000000000E+01  0.3443144058E+02  0.3443144058E+02  0.3443144058E+02
L3 0.3142425765E+05  -.9903156353E+03  -.1074393974E+04  0.4174222922E+03
L4 -.5490957722E+03  0.2957334572E+03  0.3053614376E+03  0.2787065519E+03
L5 0.8798014466E+03  0.5197062383E+03  0.5483496301E+03  0.1843010630E+03
L6 0.1252356931E+04  -.9252325695E+04  0.1352574474E+04  -.1068170334E+05
L7 0.0000000000E+00  0.4782692937E+01  0.9097815896E+01  0.1021942986E+02
L8 0.4278503094E+01  0.4645593388E+02  0.1968796287E+01  0.0000000000E+00
L9 0.0000000000E+00  0.0000000000E+00  0.0000000000E+00  0.9377500924E+00  0.0000000000E+00
L0     3000  0.6000000000E+01  -.7635973639E+04  0.1739255451E+04
L1 0.2958866989E+03  0.2958866989E+03  -.9375229090E+10  0.1000000000E+01
L2 0.1000000000E+01  0.3403413671E+02  0.3403413671E+02  0.3403413671E+02
L3 0.3034826754E+05  -.2616474409E+03  -.1095529520E+03  -.5203532984E+03
L4 -.2971845638E+03  0.2872023403E+03  0.2787512436E+03  0.2925762277E+03
L5 0.8585298116E+03  0.3443511218E+03  0.3026796937E+03  0.4062312930E+03
L6 0.1053262109E+04  -.9375229090E+04  0.1381102532E+04  -.1082384497E+05
L7 0.0000000000E+00  0.2190843318E+01  0.5354220709E+01  0.8676044101E+01
L8 0.3217678095E+01  0.4621343774E+02  0.1861128032E+01  0.0000000000E+00
L9 0.0000000000E+00  0.0000000000E+00  0.0000000000E+00  0.9709977834E+00  0.0000000000E+00
L0     4000  0.8000000000E+01  -.7575726186E+04  0.1781703294E+04
L1 0.3031080374E+03  0.3031080374E+03  -.9357429480E+10  0.1000000000E+01
L2 0.1000000000E+01  0.3393764206E+02  0.3393764206E+02  0.3393764206E+02
L3 0.3008884828E+05  0.1121195404E+04  0.6416035958E+03  -.3994545387E+03
L4 0.4544481538E+03  0.2997230421E+03  0.3151950589E+03  0.2776932850E+03
L5 0.8926113859E+03  0.5692596539E+02  0.1762545345E+03  0.3641959534E+03
L6 0.5973764533E+03  -.9357429480E+04  0.1463654063E+04  -.1089560239E+05
L7 0.0000000000E+00  0.4950234651E+01  0.1111015183E+02  0.1197041717E+02
L8 0.2656897457E+01  0.4142111994E+02  0.2410024385E+01  0.0000000000E+00
L9 0.0000000000E+00  0.0000000000E+00  0.0000000000E+00  0.9793695071E+00  0.0000000000E+00
L0     5000  0.1000000000E+02  -.7631795493E+04  0.1761745052E+04
L1 0.2997126889E+03  0.2997126889E+03  -.9393540545E+10  0.1000000000E+01
L2 0.1000000000E+01  0.3385685166E+02  0.3385685166E+02  0.3385685166E+02
L3 0.2987455698E+05  0.4014799003E+03  -.9507929269E+02  0.9646542911E+03
L4 0.4236849662E+03  0.2974154272E+03  0.2929138266E+03  0.2929772612E+03
L5 0.8833065149E+03  0.2110933542E+03  0.3133567968E+03  0.8556723118E+02
L6 0.6100173822E+03  -.9393540545E+04  0.1456321175E+04  -.1092341779E+05
L7 0.0000000000E+00  0.2242180080E+01  0.7123714746E+01  0.1032160387E+02
L8 0.2784184633E+01  0.4744017981E+02  0.3644207832E+01  0.0000000000E+00
L9 0.0000000000E+00  0.0000000000E+00  0.0000000000E+00  0.9863945608E+00  0.0000000000E+00
L0     6000  0.1200000000E+02  -.7656194850E+04  0.1731975377E+04
L1 0.2946481936E+03  0.2946481936E+03  -.9388170227E+10  0.1000000000E+01
L2 0.1000000000E+01  0.3388804940E+02  0.3388804940E+02  0.3388804940E+02
L3 0.2995796761E+05  -.2588751448E+03  0.2974379542E+02  0.6583100759E+03
L4 0.1430595755E+03  0.2750535494E+03  0.2928759089E+03  0.3032471371E+03
L5 0.8711765953E+03  0.3308696228E+03  0.2864628487E+03  0.1613088927E+03
L6 0.7786413643E+03  -.9388170227E+04  0.1425869681E+04  -.1088534946E+05
L7 0.0000000000E+00  0.2722086908E+01  0.5299755923E+01  0.1278431227E+02
L8 0.3988086302E+01  0.4487391733E+02  0.1641389865E+01  0.0000000000E+00
L9 0.0000000000E+00  0.0000000000E+00  0.0000000000E+00  0.9836481865E+00  0.0000000000E+00
L0     7000  0.1400000000E+02  -.7560137349E+04  0.1755368415E+04
L1 0.2986278787E+03  0.2986278787E+03  -.9315505764E+10  0.1000000000E+01
L2 0.1000000000E+01  0.3389502870E+02  0.3389502870E+02  0.3389502870E+02
L3 0.2997680823E+05  -.4754318792E+03  -.2517826583E+03  0.7893781855E+03
L4 0.2072121600E+02  0.2770080179E+03  0.2902045367E+03  0.2873050757E+03
L5 0.8545176303E+03  0.3795803592E+03  0.3445255402E+03  0.1170001967E+03
L6 0.8411060961E+03  -.9315505764E+04  0.1380501325E+04  -.1076709436E+05
L7 0.0000000000E+00  0.1782793306E+01  0.8060094232E+01  0.1166348058E+02
L8 0.3220130196E+01  0.4355894682E+02  0.2801825353E+01  0.0000000000E+00
L9 0.0000000000E+00  0.0000000000E+00  0.0000000000E+00  0.9830299571E+00  0.0000000000E+00
L0     8000  0.1600000000E+02  -.7602343495E+04  0.1705624861E+04
L1 0.2901653748E+03  0.2901653748E+03  -.9307968356E+10  0.1000000000E+01
L2 0.1000000000E+01  0.3392757011E+02  0.3392757011E+02  0.3392757011E+02
L3 0.3006295622E+05  0.3881643233E+03  0.9773738227E+02  -.1172982344E+03
L4 0.1228678237E+03  0.2967812788E+03  0.2745177901E+03  0.2680922909E+03
L5 0.8393913598E+03  0.2127958622E+03  0.2533707803E+03  0.2934715968E+03
L6 0.7596382393E+03  -.9307968356E+04  0.1393166350E+04  -.1076998595E+05
L7 0.0000000000E+00  0.5639407570E+01  0.6890160131E+01  0.1124991946E+02
L8 0.2227203081E+01  0.4024829925E+02  0.2596252748E+01  0.0000000000E+00
L9 0.0000000000E+00  0.0000000000E+00  0.0000000000E+00  0.9802130003E+00  0.0000000000E+00
L0     9000  0.1800000000E+02  -.7624160372E+04  0.1760062051E+04
L1 0.2994263723E+03  0.2994263723E+03  -.9384222422E+10  0.1000000000E+01
L2 0.1000000000E+01  0.3384816191E+02  0.3384816191E+02  0.3384816191E+02
L3 0.2985244234E+05  0.2187411086E+03  0.9559605949E+02  -.3747049227E+02
L4 0.9228889193E+02  0.2717286365E+03  0.2832242788E+03  0.3026638847E+03
L5 0.8576168000E+03  0.2247319914E+03  0.2626854138E+03  0.3107144402E+03
L6 0.7981318454E+03  -.9384222422E+04  0.1401669308E+04  -.1085755727E+05
L7 0.0000000000E+00  0.2714375830E+01  0.6772662426E+01  0.9493367379E+01
L8 0.3270398789E+01  0.4698924210E+02  0.2425498035E+01  0.0000000000E+00
L9 0.0000000000E+00  0.0000000000E+00  0.0000000000E+00  0.9871252803E+00  0.0000000000E+00
L0    10000  0.2000000000E+02  -.7726253133E+04  0.1719862152E+04
L1 0.2925874601E+03  0.2925874601E+03  -.9446115285E+10  0.1000000000E+01
L2 0.1000000000E+01  0.3391132857E+02  0.3391132857E+02  0.3391132857E+02
L3 0.3002037736E+05  -.2164722692E+03  0.2073095898E+03  -.2663983039E+03
L4 -.9185366109E+02  0.2926329233E+03  0.2956538046E+03  0.2638848158E+03
L5 0.8521715437E+03  0.3394037447E+03  0.2508626642E+03  0.3214426154E+03
L6 0.9117090243E+03  -.9446115285E+04  0.1417359120E+04  -.1093328363E+05
L7 0.0000000000E+00  0.3188370872E+01  0.5269074704E+01  0.1115936121E+02
L8 0.2656100480E+01  0.4544415752E+02  0.2092162256E+01  0.0000000000E+00
L9 0.0000000000E+00  0.0000000000E+00  0.0000000000E+00  0.9816032676E+00  0.0000000000E+00
