L0  Nsteps           time(ps)         Etot             EKinetic        
L1  Temp             T_solute         T_solv           Pres_scal_solu  
L2  Pres_scal_solv   BoxX             BoxY             BoxZ            
L3  volume           pres_X           pres_Y           pres_Z          
L4  Pressure         EKCoM_x          EKCoM_y          EKCoM_z         
L5  EKComTot         VIRIAL_x         VIRIAL_y         VIRIAL_z        
L6  VIRIAL_tot       E_pot            E_vdw            E_el            
L7  E_hbon           E_bon            E_angle          E_dih           
L8  E_14vdw          E_14el           E_const          E_pol           
L9  AV_permMoment    AV_indMoment     AV_totMoment     Density          dV/dlambda      
L0     1000  0.2000000000E+01  -.7454192436E+04  0.1777413166E+04
L1 0.3023781895E+03  0.3023781895E+03  -.9231605601E+10  0.1000000000E+01
L2 0.1000000000E+01  0.3493177894E+02  0.3493177894E+02  0.3493177894E+02
L3 0.3281401244E+05  -.4858178016E+03  -.2604905416E+03  -.7292651558E+03
L4 -.4918578330E+03  0.2743089159E+03  0.2983752258E+03  0.2969694432E+03
L5 0.8696535849E+03  0.3890421783E+03  0.3598940289E+03  0.4691965008E+03
L6 0.1218132708E+04  -.9231605601E+04  0.1415757024E+04  -.1072139620E+05
L7 0.0000000000E+00  0.2163309925E+01  0.5833528591E+01  0.1193717627E+02
L8 0.5535790714E+01  0.4434947643E+02  0.4214288627E+01  0.0000000000E+00
L9 0.0000000000E+00  0.0000000000E+00  0.0000000000E+00  0.8980340508E+00  0.0000000000E+00
L0     2000  0.4000000000E+01  -.7551243963E+04  0.1751806322E+04
L1 0.2980218861E+03  0.2980218861E+03  -.9303050285E+10  0.1000000000E+01
L2 0.1000000000E+01  0.3433513865E+02  0.3433513865E+02  0.3433513865E+02
L3 0.3116123259E+05  -.6770562105E+03  -.4016113386E+03  -.4730180648E+03
L4 -.5172285379E+03  0.2750238067E+03  0.3033407087E+03  0.2863850143E+03
L5 0.8647495296E+03  0.4268672117E+03  0.3934100888E+03  0.3924687817E+03
L6 0.1212746082E+04  -.9303050285E+04  0.1364208313E+04  -.1074808240E+05
L7 0.0000000000E+00  0.2912924670E+01  0.1038423530E+02  0.1044002144E+02
L8 0.3469261944E+01  0.4902914843E+02  0.4588215277E+01  0.0000000000E+00
L9 0.0000000000E+00  0.0000000000E+00  0.0000000000E+00  0.9456654331E+00  0.0000000000E+00
L0     3000  0.6000000000E+01  -.7621115985E+04  0.1739232393E+04
L1 0.2958827764E+03  0.2958827764E+03  -.9360348378E+10  0.1000000000E+01
L2 0.1000000000E+01  0.3397823932E+02  0.3397823932E+02  0.3397823932E+02
L3 0.3019717872E+05  0.3898327630E+03  0.5822463216E+03  0.1444548046E+03
L4 0.3721779631E+03  0.2860802363E+03  0.2724138342E+03  0.2851831657E+03
L5 0.8436772362E+03  0.2013572441E+03  0.1458732885E+03  0.2537885667E+03
L6 0.6010190993E+03  -.9360348378E+04  0.1456978898E+04  -.1089129386E+05
L7 0.0000000000E+00  0.4032859888E+01  0.7906216885E+01  0.9878631442E+01
L8 0.3141577728E+01  0.4503801969E+02  0.3969277178E+01  0.0000000000E+00
L9 0.0000000000E+00  0.0000000000E+00  0.0000000000E+00  0.9758560818E+00  0.0000000000E+00
L0     4000  0.8000000000E+01  -.7609149612E+04  0.1754482156E+04
L1 0.2984771060E+03  0.2984771060E+03  -.9363631768E+10  0.1000000000E+01
L2 0.1000000000E+01  0.3394760222E+02  0.3394760222E+02  0.3394760222E+02
L3 0.3011800904E+05  -.5364862578E+03  -.4133216775E+03  -.6586954131E+03
L4 -.5361677828E+03  0.2774939674E+03  0.2866480494E+03  0.2973306758E+03
L5 0.8614726926E+03  0.3937837186E+03  0.3762404189E+03  0.4401107090E+03
L6 0.1210134846E+04  -.9363631768E+04  0.1325594640E+04  -.1076175834E+05
L7 0.0000000000E+00  0.2860119928E+01  0.1158858312E+02  0.1032200059E+02
L8 0.2587650879E+01  0.4282555643E+02  0.2348021736E+01  0.0000000000E+00
L9 0.0000000000E+00  0.0000000000E+00  0.0000000000E+00  0.9784212652E+00  0.0000000000E+00
L0     5000  0.1000000000E+02  -.7620659620E+04  0.1713777810E+04
L1 0.2915523758E+03  0.2915523758E+03  -.9334437430E+10  0.1000000000E+01
L2 0.1000000000E+01  0.3382765311E+02  0.3382765311E+02  0.3382765311E+02
L3 0.2979813457E+05  0.3588853336E+03  -.2138927698E+03  0.2191725596E+03
L4 0.1213883745E+03  0.2746170139E+03  0.2958766934E+03  0.2875675183E+03
L5 0.8580612256E+03  0.1976505794E+03  0.3417480687E+03  0.2405638409E+03
L6 0.7799624891E+03  -.9334437430E+04  0.1381138135E+04  -.1078569885E+05
L7 0.0000000000E+00  0.1241054585E+01  0.7703875596E+01  0.9315631754E+01
L8 0.3671187539E+01  0.4594365572E+02  0.2247881768E+01  0.0000000000E+00
L9 0.0000000000E+00  0.0000000000E+00  0.0000000000E+00  0.9889243382E+00  0.0000000000E+00
L0     6000  0.1200000000E+02  -.7493835582E+04  0.1801847800E+04
L1 0.3065350735E+03  0.3065350735E+03  -.9295683381E+10  0.1000000000E+01
L2 0.1000000000E+01  0.3387148797E+02  0.3387148797E+02  0.3387148797E+02
L3 0.2991443599E+05  -.4125339985E+03  0.1173785318E+03  0.3092399433E+03
L4 0.4694825522E+01  0.2735345122E+03  0.2926900040E+03  0.2940388584E+03
L5 0.8602633746E+03  0.3623517261E+03  0.2674187919E+03  0.2274605151E+03
L6 0.8572310331E+03  -.9295683381E+04  0.1366926499E+04  -.1072967529E+05
L7 0.0000000000E+00  0.1366909568E+01  0.4256876013E+01  0.1154479891E+02
L8 0.2638874769E+01  0.4423682705E+02  0.3021126229E+01  0.0000000000E+00
L9 0.0000000000E+00  0.0000000000E+00  0.0000000000E+00  0.9850795956E+00  0.0000000000E+00
L0     7000  0.1400000000E+02  -.7641751910E+04  0.1753701260E+04
L1 0.2983442579E+03  0.2983442579E+03  -.9395453170E+10  0.1000000000E+01
L2 0.1000000000E+01  0.3384169357E+02  0.3384169357E+02  0.3384169357E+02
L3 0.2983590380E+05  0.5252169751E+03  -.9319258343E+03  0.3825201631E+02
L4 -.1228189476E+03  0.2927680137E+03  0.2977470833E+03  0.2717763329E+03
L5 0.8622914299E+03  0.1799873795E+03  0.4978609250E+03  0.2635624197E+03
L6 0.9414107241E+03  -.9395453170E+04  0.1392377161E+04  -.1085872275E+05
L7 0.0000000000E+00  0.2974065352E+01  0.6146181515E+01  0.9930206414E+01
L8 0.2583828035E+01  0.4748643316E+02  0.1771700998E+01  0.0000000000E+00
L9 0.0000000000E+00  0.0000000000E+00  0.0000000000E+00  0.9876724603E+00  0.0000000000E+00
L0     8000  0.1600000000E+02  -.7603552468E+04  0.1753752975E+04
L1 0.2983530559E+03  0.2983530559E+03  -.9357305443E+10  0.1000000000E+01
L2 0.1000000000E+01  0.3382161012E+02  0.3382161012E+02  0.3382161012E+02
L3 0.2978255624E+05  0.1123246269E+03  0.3624303204E+03  -.5490559850E+03
L4 -.2476701257E+02  0.2912832698E+03  0.2839635524E+03  0.2803344571E+03
L5 0.8555812793E+03  0.2672067597E+03  0.2062774964E+03  0.3980232696E+03
L6 0.8715075257E+03  -.9357305443E+04  0.1381027898E+04  -.1080987756E+05
L7 0.0000000000E+00  0.4594877652E+01  0.6113758348E+01  0.1369156446E+02
L8 0.1839101234E+01  0.4346830589E+02  0.1836615875E+01  0.0000000000E+00
L9 0.0000000000E+00  0.0000000000E+00  0.0000000000E+00  0.9894416139E+00  0.0000000000E+00
L0     9000  0.1800000000E+02  -.7614975573E+04  0.1744797299E+04
L1 0.2968294926E+03  0.2968294926E+03  -.9359772872E+10  0.1000000000E+01
L2 0.1000000000E+01  0.3380517779E+02  0.3380517779E+02  0.3380517779E+02
L3 0.2973932355E+05  -.3793629232E+03  0.7919056526E+02  0.4938445841E+02
L4 -.8359596651E+02  0.2880663233E+03  0.3001328229E+03  0.2892964741E+03
L5 0.8774956203E+03  0.3692638030E+03  0.2831831583E+03  0.2787264017E+03
L6 0.9311733630E+03  -.9359772872E+04  0.1366797309E+04  -.1079860530E+05
L7 0.0000000000E+00  0.5394181679E+01  0.8171139810E+01  0.1068375912E+02
L8 0.2074318019E+01  0.4351238784E+02  0.2199331524E+01  0.0000000000E+00
L9 0.0000000000E+00  0.0000000000E+00  0.0000000000E+00  0.9908799864E+00  0.0000000000E+00
L0    10000  0.2000000000E+02  -.7693927170E+04  0.1714029863E+04
L1 0.2915952558E+03  0.2915952558E+03  -.9407957033E+10  0.1000000000E+01
L2 0.1000000000E+01  0.3383785176E+02  0.3383785176E+02  0.3383785176E+02
L3 0.2982555397E+05  -.3466340608E+03  -.3431405161E+02  0.2265096739E+03
L4 -.5147947950E+02  0.2650392351E+03  0.2884038769E+03  0.2670436785E+03
L5 0.8204867904E+03  0.3394466701E+03  0.2957696290E+03  0.2184217865E+03
L6 0.8536380857E+03  -.9407957033E+04  0.1409970068E+04  -.1088775516E+05
L7 0.0000000000E+00  0.3130832067E+01  0.6018500583E+01  0.9150596704E+01
L8 0.3447493904E+01  0.4567419345E+02  0.2406445265E+01  0.0000000000E+00
L9 0.0000000000E+00  0.0000000000E+00  0.0000000000E+00  0.9880151946E+00  0.0000000000E+00
