L0  Nsteps           time(ps)         Etot             EKinetic        
L1  Temp             T_solute         T_solv           Pres_scal_solu  
L2  Pres_scal_solv   BoxX             BoxY             BoxZ            
L3  volume           pres_X           pres_Y           pres_Z          
L4  Pressure         EKCoM_x          EKCoM_y          EKCoM_z         
L5  EKComTot         VIRIAL_x         VIRIAL_y         VIRIAL_z        
L6  VIRIAL_tot       E_pot            E_vdw            E_el            
L7  E_hbon           E_bon            E_angle          E_dih           
L8  E_14vdw          E_14el           E_const          E_pol           
L9  AV_permMoment    AV_indMoment     AV_totMoment     Density          dV/dlambda      
L0     1000  0.2000000000E+01  -.7638284396E+04  0.1748784866E+04
L1 0.2921740616E+03  0.2921740616E+03  -.9387069262E+10  0.1000000000E+01
L2 0.1000000000E+01  0.3506855010E+02  0.3506855010E+02  0.3506855010E+02
L3 0.3320204996E+05  -.8616597971E+02  -.8829265239E+03  -.1609080419E+04
L4 -.8593909743E+03  0.2901532311E+03  0.2964959086E+03  0.2794560417E+03
L5 0.8661051814E+03  0.3107432767E+03  0.5074782183E+03  0.6639585956E+03
L6 0.1482180091E+04  -.9387069262E+04  0.1373146477E+04  -.1083405403E+05
L7 0.0000000000E+00  0.5023982659E+01  0.6171159730E+01  0.1161423045E+02
L8 0.2318704546E+01  0.4613647700E+02  0.2573739173E+01  0.0000000000E+00
L9 0.0000000000E+00  0.0000000000E+00  0.0000000000E+00  0.9037575224E+00  0.0000000000E+00
L0     2000  0.4000000000E+01  -.7694053729E+04  0.1786048549E+04
L1 0.2983998027E+03  0.2983998027E+03  -.9480102278E+10  0.1000000000E+01
L2 0.1000000000E+01  0.3451871413E+02  0.3451871413E+02  0.3451871413E+02
L3 0.3166360459E+05  -.4095994842E+03  -.4805940169E+03  -.5309243298E+03
L4 -.4737059436E+03  0.3086041799E+03  0.2665948374E+03  0.3066076582E+03
L5 0.8818066755E+03  0.4019460150E+03  0.3761153060E+03  0.4275976816E+03
L6 0.1205659003E+04  -.9480102278E+04  0.1406404538E+04  -.1096364998E+05
L7 0.0000000000E+00  0.4718655922E+01  0.7244258636E+01  0.1066456599E+02
L8 0.3263655417E+01  0.4642742747E+02  0.4824603850E+01  0.0000000000E+00
L9 0.0000000000E+00  0.0000000000E+00  0.0000000000E+00  0.9476685551E+00  0.0000000000E+00
L0     3000  0.6000000000E+01  -.7810726920E+04  0.1757616817E+04
L1 0.2936496388E+03  0.2936496388E+03  -.9568343737E+10  0.1000000000E+01
L2 0.1000000000E+01  0.3421234804E+02  0.3421234804E+02  0.3421234804E+02
L3 0.3082642660E+05  -.7146812372E+03  0.6112953999E+03  0.3848481889E+03
L4 0.9382078386E+02  0.2978847948E+03  0.2887523826E+03  0.3038187468E+03
L5 0.8904559242E+03  0.4564442500E+03  0.1531301492E+03  0.2184361791E+03
L6 0.8280105782E+03  -.9568343737E+04  0.1466445402E+04  -.1111306793E+05
L7 0.0000000000E+00  0.2286297317E+01  0.9284619429E+01  0.1072475074E+02
L8 0.4300147095E+01  0.5002053851E+02  0.1662437718E+01  0.0000000000E+00
L9 0.0000000000E+00  0.0000000000E+00  0.0000000000E+00  0.9734051501E+00  0.0000000000E+00
L0     4000  0.8000000000E+01  -.7792080479E+04  0.1747962535E+04
L1 0.2920366726E+03  0.2920366726E+03  -.9540043014E+10  0.1000000000E+01
L2 0.1000000000E+01  0.3408408825E+02  0.3408408825E+02  0.3408408825E+02
L3 0.3048334362E+05  -.7946053597E+03  -.1017280569E+04  -.4635840309E+03
L4 -.7584899865E+03  0.2816441123E+03  0.2866862633E+03  0.2898456920E+03
L5 0.8581760677E+03  0.4559735269E+03  0.5098686568E+03  0.3915519437E+03
L6 0.1357394127E+04  -.9540043014E+04  0.1322806822E+04  -.1093639502E+05
L7 0.0000000000E+00  0.2585160609E+01  0.7046505906E+01  0.1031181915E+02
L8 0.2402898541E+01  0.4694192132E+02  0.4256879335E+01  0.0000000000E+00
L9 0.0000000000E+00  0.0000000000E+00  0.0000000000E+00  0.9843605998E+00  0.0000000000E+00
L0     5000  0.1000000000E+02  -.7735788407E+04  0.1802631527E+04
L1 0.3011703641E+03  0.3011703641E+03  -.9538419934E+10  0.1000000000E+01
L2 0.1000000000E+01  0.3405189487E+02  0.3405189487E+02  0.3405189487E+02
L3 0.3039384855E+05  0.1689672573E+03  0.6329069724E+03  0.4628445023E+03
L4 0.4215729107E+03  0.2921588197E+03  0.3057998702E+03  0.3058820707E+03
L5 0.9038407606E+03  0.2551977246E+03  0.1673533147E+03  0.2046361849E+03
L6 0.6271872242E+03  -.9538419934E+04  0.1458158707E+04  -.1106789058E+05
L7 0.0000000000E+00  0.3165500703E+01  0.8098345731E+01  0.1048404629E+02
L8 0.3430463348E+01  0.4397988566E+02  0.2153699306E+01  0.0000000000E+00
L9 0.0000000000E+00  0.0000000000E+00  0.0000000000E+00  0.9872590622E+00  0.0000000000E+00
L0     6000  0.1200000000E+02  -.7732554752E+04  0.1789837336E+04
L1 0.2990328052E+03  0.2990328052E+03  -.9522392088E+10  0.1000000000E+01
L2 0.1000000000E+01  0.3411041779E+02  0.3411041779E+02  0.3411041779E+02
L3 0.3055206163E+05  0.3946613427E+03  -.5658395454E+03  0.7585194107E+02
L4 -.3177542055E+02  0.2746539892E+03  0.2890576764E+03  0.2974261817E+03
L5 0.8611378473E+03  0.1878735807E+03  0.4134777339E+03  0.2807474201E+03
L6 0.8820987346E+03  -.9522392088E+04  0.1412646007E+04  -.1101294903E+05
L7 0.0000000000E+00  0.5278832647E+01  0.7375641049E+01  0.1491258143E+02
L8 0.2707247040E+01  0.4563657037E+02  0.2000063865E+01  0.0000000000E+00
L9 0.0000000000E+00  0.0000000000E+00  0.0000000000E+00  0.9821465660E+00  0.0000000000E+00
L0     7000  0.1400000000E+02  -.7785484821E+04  0.1762502061E+04
L1 0.2944658293E+03  0.2944658293E+03  -.9547986882E+10  0.1000000000E+01
L2 0.1000000000E+01  0.3404731139E+02  0.3404731139E+02  0.3404731139E+02
L3 0.3038174412E+05  0.3066468655E+03  -.2492568507E+02  0.7978970559E+03
L4 0.3598727454E+03  0.2755139698E+03  0.3138964113E+03  0.2855310291E+03
L5 0.8749414103E+03  0.2084625758E+03  0.3193466608E+03  0.1110628838E+03
L6 0.6388721205E+03  -.9547986882E+04  0.1475480242E+04  -.1110101818E+05
L7 0.0000000000E+00  0.2385786048E+01  0.1047131186E+02  0.1233700198E+02
L8 0.3787322303E+01  0.4565644109E+02  0.2913192310E+01  0.0000000000E+00
L9 0.0000000000E+00  0.0000000000E+00  0.0000000000E+00  0.9876523974E+00  0.0000000000E+00
L0     8000  0.1600000000E+02  -.7791672091E+04  0.1785822222E+04
L1 0.2983619895E+03  0.2983619895E+03  -.9577494312E+10  0.1000000000E+01
L2 0.1000000000E+01  0.3393141331E+02  0.3393141331E+02  0.3393141331E+02
L3 0.3007393954E+05  -.7295997548E+03  0.1336701190E+03  0.1080475542E+03
L4 -.1626273605E+03  0.2988214607E+03  0.2824354230E+03  0.3141076280E+03
L5 0.8953645117E+03  0.4567394413E+03  0.2535032378E+03  0.2907213104E+03
L6 0.1000963989E+04  -.9577494312E+04  0.1375550954E+04  -.1102464878E+05
L7 0.0000000000E+00  0.1942482277E+01  0.6684918954E+01  0.1104320872E+02
L8 0.2147169931E+01  0.4703265426E+02  0.2753079037E+01  0.0000000000E+00
L9 0.0000000000E+00  0.0000000000E+00  0.0000000000E+00  0.9977609477E+00  0.0000000000E+00
L0     9000  0.1800000000E+02  -.7794531668E+04  0.1838279252E+04
L1 0.3071261229E+03  0.3071261229E+03  -.9632810920E+10  0.1000000000E+01
L2 0.1000000000E+01  0.3398398099E+02  0.3398398099E+02  0.3398398099E+02
L3 0.3021232068E+05  -.2036316906E+03  0.7326822401E+03  0.7754761313E+03
L4 0.4348422270E+03  0.3151780610E+03  0.3228571295E+03  0.2936315828E+03
L5 0.9316667733E+03  0.3594558608E+03  0.1635422533E+03  0.1250115766E+03
L6 0.6480096908E+03  -.9632810920E+04  0.1484424184E+04  -.1119188996E+05
L7 0.0000000000E+00  0.2091861373E+01  0.6873911450E+01  0.1255428733E+02
L8 0.2630780011E+01  0.4901139633E+02  0.1492615972E+01  0.0000000000E+00
L9 0.0000000000E+00  0.0000000000E+00  0.0000000000E+00  0.9931909147E+00  0.0000000000E+00
L0    10000  0.2000000000E+02  -.7766925616E+04  0.1784393856E+04
L1 0.2981233488E+03  0.2981233488E+03  -.9551319472E+10  0.1000000000E+01
L2 0.1000000000E+01  0.3405993104E+02  0.3405993104E+02  0.3405993104E+02
L3 0.3041695580E+05  -.5623265880E+02  0.6708026780E+02  -.4971263313E+03
L4 -.1620929074E+03  0.2694380648E+03  0.3007912546E+03  0.3046090418E+03
L5 0.8748383612E+03  0.2817481468E+03  0.2861064858E+03  0.4134366523E+03
L6 0.9812912848E+03  -.9551319472E+04  0.1391816127E+04  -.1101648487E+05
L7 0.0000000000E+00  0.1810040924E+01  0.4950011549E+01  0.1037597489E+02
L8 0.3696043937E+01  0.5027460626E+02  0.2242593603E+01  0.0000000000E+00
L9 0.0000000000E+00  0.0000000000E+00  0.0000000000E+00  0.9865090581E+00  0.0000000000E+00
