L0  Nsteps           time(ps)         Etot             EKinetic        
L1  Temp             T_solute         T_solv           Pres_scal_solu  
L2  Pres_scal_solv   BoxX             BoxY             BoxZ            
L3  volume           pres_X           pres_Y           pres_Z          
L4  Pressure         EKCoM_x          EKCoM_y          EKCoM_z         
L5  EKComTot         VIRIAL_x         VIRIAL_y         VIRIAL_z        
L6  VIRIAL_tot       E_pot            E_vdw            E_el            
L7  E_hbon           E_bon            E_angle          E_dih           
L8  E_14vdw          E_14el           E_const          E_pol           
L9  AV_permMoment    AV_indMoment     AV_totMoment     Density          dV/dlambda      
L0     1000  0.2000000000E+01  -.6766559904E+04  0.1568100192E+04
L1 0.2972141775E+03  0.2972141775E+03  -.8334660096E+10  0.1000000000E+01
L2 0.1000000000E+01  0.3356294298E+02  0.3356294298E+02  0.3356294298E+02
L3 0.2910680005E+05  -.8219849550E+03  -.7123133604E+03  -.1267622207E+04
L4 -.9339735074E+03  0.2696319356E+03  0.2512902435E+03  0.2526099523E+03
L5 0.7735321314E+03  0.4418247051E+03  0.4005085589E+03  0.5181566355E+03
L6 0.1360489900E+04  -.8334660096E+04  0.1222481992E+04  -.9630685268E+04
L7 0.0000000000E+00  0.4128422422E+01  0.1145914996E+02  0.1244273039E+02
L8 0.1872317687E+01  0.4043225343E+02  0.3208305919E+01  0.0000000000E+00
L9 0.0000000000E+00  0.0000000000E+00  0.0000000000E+00  0.9086023353E+00  0.0000000000E+00
L0     2000  0.4000000000E+01  -.6764253654E+04  0.1575150311E+04
L1 0.2985504410E+03  0.2985504410E+03  -.8339403965E+10  0.1000000000E+01
L2 0.1000000000E+01  0.3298527989E+02  0.3298527989E+02  0.3298527989E+02
L3 0.2762815811E+05  -.4988464332E+03  -.3484267371E+03  -.1778550675E+03
L4 -.3417094126E+03  0.2531481287E+03  0.2565854732E+03  0.2493629793E+03
L5 0.7590965812E+03  0.3523398402E+03  0.3258674047E+03  0.2847280684E+03
L6 0.9629353133E+03  -.8339403965E+04  0.1227426195E+04  -.9638482163E+04
L7 0.0000000000E+00  0.2846688100E+01  0.8135745083E+01  0.1315418644E+02
L8 0.2320451818E+01  0.4291512332E+02  0.2279807644E+01  0.0000000000E+00
L9 0.0000000000E+00  0.0000000000E+00  0.0000000000E+00  0.9572301706E+00  0.0000000000E+00
L0     3000  0.6000000000E+01  -.6826559050E+04  0.1559004721E+04
L1 0.2954902423E+03  0.2954902423E+03  -.8385563771E+10  0.1000000000E+01
L2 0.1000000000E+01  0.3279989895E+02  0.3279989895E+02  0.3279989895E+02
L3 0.2716336437E+05  0.5010187465E+03  -.1957111158E+02  0.4580899082E+03
L4 0.3131791810E+03  0.2608731561E+03  0.2575645628E+03  0.2448166352E+03
L5 0.7632543541E+03  0.1629254848E+03  0.2613906568E+03  0.1552614237E+03
L6 0.5795775653E+03  -.8385563771E+04  0.1296623674E+04  -.9759538421E+04
L7 0.0000000000E+00  0.1899878422E+01  0.1112419819E+02  0.1247492569E+02
L8 0.2642264379E+01  0.4614452044E+02  0.3065189338E+01  0.0000000000E+00
L9 0.0000000000E+00  0.0000000000E+00  0.0000000000E+00  0.9736093859E+00  0.0000000000E+00
L0     4000  0.8000000000E+01  -.6865223043E+04  0.1540140995E+04
L1 0.2919148542E+03  0.2919148542E+03  -.8405364038E+10  0.1000000000E+01
L2 0.1000000000E+01  0.3264305716E+02  0.3264305716E+02  0.3264305716E+02
L3 0.2677737948E+05  -.1250030532E+04  -.3648992768E+03  0.2657384083E+03
L4 -.4497304668E+03  0.2557276409E+03  0.2529277353E+03  0.2505386104E+03
L5 0.7591939866E+03  0.4966323415E+03  0.3232507784E+03  0.1993257560E+03
L6 0.1019208876E+04  -.8405364038E+04  0.1190730479E+04  -.9668405314E+04
L7 0.0000000000E+00  0.2773591966E+01  0.8954424824E+01  0.1205007940E+02
L8 0.2759161782E+01  0.4443323489E+02  0.1340304496E+01  0.0000000000E+00
L9 0.0000000000E+00  0.0000000000E+00  0.0000000000E+00  0.9876435637E+00  0.0000000000E+00
L0     5000  0.1000000000E+02  -.6710053592E+04  0.1590617892E+04
L1 0.3014821315E+03  0.3014821315E+03  -.8300671484E+10  0.1000000000E+01
L2 0.1000000000E+01  0.3260515686E+02  0.3260515686E+02  0.3260515686E+02
L3 0.2668251670E+05  0.8847642311E+02  0.5984771160E+03  0.1080605123E+03
L4 0.2650046838E+03  0.2695470747E+03  0.2552524740E+03  0.2643984778E+03
L5 0.7891980265E+03  0.2525563882E+03  0.1403231324E+03  0.2436469349E+03
L6 0.6365264555E+03  -.8300671484E+04  0.1227476904E+04  -.9602020654E+04
L7 0.0000000000E+00  0.2033822642E+01  0.8495706586E+01  0.1139631707E+02
L8 0.4308436297E+01  0.4617854553E+02  0.1459437910E+01  0.0000000000E+00
L9 0.0000000000E+00  0.0000000000E+00  0.0000000000E+00  0.9911548750E+00  0.0000000000E+00
L0     6000  0.1200000000E+02  -.6763003774E+04  0.1606114780E+04
L1 0.3044193767E+03  0.3044193767E+03  -.8369118554E+10  0.1000000000E+01
L2 0.1000000000E+01  0.3265145848E+02  0.3265145848E+02  0.3265145848E+02
L3 0.2679786153E+05  -.3504604556E+03  -.5614014377E+03  -.1884911494E+03
L4 -.3667843475E+03  0.2488700060E+03  0.2584046712E+03  0.2856121080E+03
L5 0.7928867852E+03  0.3164620749E+03  0.3666801815E+03  0.3219657296E+03
L6 0.1005107986E+04  -.8369118554E+04  0.1171357047E+04  -.9620780592E+04
L7 0.0000000000E+00  0.2086339967E+01  0.1010868533E+02  0.1073818816E+02
L8 0.3650067316E+01  0.4901110243E+02  0.4710607568E+01  0.0000000000E+00
L9 0.0000000000E+00  0.0000000000E+00  0.0000000000E+00  0.9868886914E+00  0.0000000000E+00
L0     7000  0.1400000000E+02  -.6925905329E+04  0.1514617942E+04
L1 0.2870772723E+03  0.2870772723E+03  -.8440523272E+10  0.1000000000E+01
L2 0.1000000000E+01  0.3260542239E+02  0.3260542239E+02  0.3260542239E+02
L3 0.2668418935E+05  0.4742937065E+03  -.8597182373E+03  -.1061107481E+03
L4 -.1638450930E+03  0.2443307835E+03  0.2538141387E+03  0.2360528239E+03
L5 0.7341977461E+03  0.1532434570E+03  0.4189216128E+03  0.2564312186E+03
L6 0.8285962883E+03  -.8440523272E+04  0.1232777816E+04  -.9745153111E+04
L7 0.0000000000E+00  0.2403904679E+01  0.7629324133E+01  0.1217547309E+02
L8 0.3014739117E+01  0.4540941924E+02  0.1219163389E+01  0.0000000000E+00
L9 0.0000000000E+00  0.0000000000E+00  0.0000000000E+00  0.9910927462E+00  0.0000000000E+00
L0     8000  0.1600000000E+02  -.6808926077E+04  0.1593061859E+04
L1 0.3019453554E+03  0.3019453554E+03  -.8401987936E+10  0.1000000000E+01
L2 0.1000000000E+01  0.3255652162E+02  0.3255652162E+02  0.3255652162E+02
L3 0.2656437661E+05  -.9805249127E+02  -.4121135713E+03  -.6755868636E+02
L4 -.1925749163E+03  0.2847968346E+03  0.2463464921E+03  0.2855679373E+03
L5 0.8167112640E+03  0.3035431035E+03  0.3251368594E+03  0.2984842159E+03
L6 0.9271641788E+03  -.8401987936E+04  0.1195003244E+04  -.9688031380E+04
L7 0.0000000000E+00  0.7098041864E+01  0.1162682979E+02  0.1423646412E+02
L8 0.5623065016E+01  0.4660789950E+02  0.5847899234E+01  0.0000000000E+00
L9 0.0000000000E+00  0.0000000000E+00  0.0000000000E+00  0.9955628505E+00  0.0000000000E+00
L0     9000  0.1800000000E+02  -.6897743714E+04  0.1559607093E+04
L1 0.2956044146E+03  0.2956044146E+03  -.8457350807E+10  0.1000000000E+01
L2 0.1000000000E+01  0.3253981638E+02  0.3253981638E+02  0.3253981638E+02
L3 0.2652414872E+05  -.3058175150E+03  -.1012918541E+04  -.7411395671E+02
L4 -.4642833376E+03  0.2704600311E+03  0.2629426674E+03  0.2839071517E+03
L5 0.8173098501E+03  0.3288395335E+03  0.4563053022E+03  0.2980552488E+03
L6 0.1083200084E+04  -.8457350807E+04  0.1173591825E+04  -.9704855740E+04
L7 0.0000000000E+00  0.1212470052E+01  0.8647169751E+01  0.1018765244E+02
L8 0.2685840885E+01  0.4786481852E+02  0.3315156614E+01  0.0000000000E+00
L9 0.0000000000E+00  0.0000000000E+00  0.0000000000E+00  0.9970727725E+00  0.0000000000E+00
L0    10000  0.2000000000E+02  -.6880719819E+04  0.1577966455E+04
L1 0.2990842066E+03  0.2990842066E+03  -.8458686274E+10  0.1000000000E+01
L2 0.1000000000E+01  0.3260807984E+02  0.3260807984E+02  0.3260807984E+02
L3 0.2669102318E+05  -.1140706412E+04  -.9592990958E+01  0.2697220859E+03
L4 -.2935257724E+03  0.2598858742E+03  0.2615814272E+03  0.2790254551E+03
L5 0.8004927565E+03  0.4790127694E+03  0.2634242172E+03  0.2272125061E+03
L6 0.9696494926E+03  -.8458686274E+04  0.1225086631E+04  -.9757701420E+04
L7 0.0000000000E+00  0.1493528503E+01  0.7910192784E+01  0.1126453607E+02
L8 0.2778943382E+01  0.4550775427E+02  0.4973560087E+01  0.0000000000E+00
L9 0.0000000000E+00  0.0000000000E+00  0.0000000000E+00  0.9908389920E+00  0.0000000000E+00
