L0  Nsteps           time(ps)         Etot             EKinetic        
L1  Temp             T_solute         T_solv           Pres_scal_solu  
L2  Pres_scal_solv   BoxX             BoxY             BoxZ            
L3  volume           pres_X           pres_Y           pres_Z          
L4  Pressure         EKCoM_x          EKCoM_y          EKCoM_z         
L5  EKComTot         VIRIAL_x         VIRIAL_y         VIRIAL_z        
L6  VIRIAL_tot       E_pot            E_vdw            E_el            
L7  E_hbon           E_bon            E_angle          E_dih           
L8  E_14vdw          E_14el           E_const          E_pol           
L9  AV_permMoment    AV_indMoment     AV_totMoment     Density          dV/dlambda      
L0     1000  0.2000000000E+01  -.6996730545E+04  0.1584428654E+04
L1 0.2901457402E+03  0.2901457402E+03  -.8581159200E+10  0.1000000000E+01
L2 0.1000000000E+01  0.3403795517E+02  0.3403795517E+02  0.3403795517E+02
L3 0.3035975636E+05  -.1180823175E+04  -.9151217529E+03  -.2056809265E+03
L4 -.7672086180E+03  0.2674983822E+03  0.2550310612E+03  0.2839842085E+03
L5 0.8065136519E+03  0.5255102781E+03  0.4549867392E+03  0.3289258449E+03
L6 0.1309422862E+04  -.8581159200E+04  0.1275467519E+04  -.9930588977E+04
L7 0.0000000000E+00  0.3533225267E+01  0.1429125666E+02  0.9724966333E+01
L8 0.2820678432E+01  0.4022690842E+02  0.3365223328E+01  0.0000000000E+00
L9 0.0000000000E+00  0.0000000000E+00  0.0000000000E+00  0.9016517167E+00  0.0000000000E+00
L0     2000  0.4000000000E+01  -.6994447347E+04  0.1613935382E+04
L1 0.2955491084E+03  0.2955491084E+03  -.8608382729E+10  0.1000000000E+01
L2 0.1000000000E+01  0.3350173894E+02  0.3350173894E+02  0.3350173894E+02
L3 0.2894576123E+05  -.3924157765E+03  0.3369845921E+03  -.3124621994E+03
L4 -.1226311279E+03  0.2693017879E+03  0.2639268919E+03  0.2590279007E+03
L5 0.7922565805E+03  0.3510518356E+03  0.1937245501E+03  0.3241216131E+03
L6 0.8688979988E+03  -.8608382729E+04  0.1305116849E+04  -.9990961674E+04
L7 0.0000000000E+00  0.2900203586E+01  0.1725921780E+02  0.1029264462E+02
L8 0.2517132008E+01  0.4213254610E+02  0.2360351388E+01  0.0000000000E+00
L9 0.0000000000E+00  0.0000000000E+00  0.0000000000E+00  0.9456972378E+00  0.0000000000E+00
L0     3000  0.6000000000E+01  -.6999256614E+04  0.1638206069E+04
L1 0.2999936358E+03  0.2999936358E+03  -.8637462684E+10  0.1000000000E+01
L2 0.1000000000E+01  0.3332469162E+02  0.3332469162E+02  0.3332469162E+02
L3 0.2848872452E+05  -.1100933452E+03  -.1027214382E+03  0.4905323989E+03
L4 0.9257253849E+02  0.2676318967E+03  0.2675232753E+03  0.2739098342E+03
L5 0.8090650062E+03  0.2902049680E+03  0.2885848422E+03  0.1733331572E+03
L6 0.7521229673E+03  -.8637462684E+04  0.1325955835E+04  -.1004006800E+05
L7 0.0000000000E+00  0.2831130348E+01  0.1016828668E+02  0.1353206374E+02
L8 0.2545269297E+01  0.4335721859E+02  0.4215511250E+01  0.0000000000E+00
L9 0.0000000000E+00  0.0000000000E+00  0.0000000000E+00  0.9608687966E+00  0.0000000000E+00
L0     4000  0.8000000000E+01  -.7115004335E+04  0.1587011823E+04
L1 0.2906187785E+03  0.2906187785E+03  -.8702016158E+10  0.1000000000E+01
L2 0.1000000000E+01  0.3309868087E+02  0.3309868087E+02  0.3309868087E+02
L3 0.2791387568E+05  -.2432473632E+03  0.1690053340E+02  -.5410128348E+03
L4 -.2557865549E+03  0.2743991739E+03  0.2545235386E+03  0.2593980655E+03
L5 0.7883207781E+03  0.3232672072E+03  0.2511282466E+03  0.3680867390E+03
L6 0.9424821929E+03  -.8702016158E+04  0.1274961147E+04  -.1005204935E+05
L7 0.0000000000E+00  0.1961582663E+01  0.1394081771E+02  0.9922798376E+01
L8 0.2441159249E+01  0.4463374074E+02  0.2171948991E+01  0.0000000000E+00
L9 0.0000000000E+00  0.0000000000E+00  0.0000000000E+00  0.9806566008E+00  0.0000000000E+00
L0     5000  0.1000000000E+02  -.7065343678E+04  0.1636027695E+04
L1 0.2995947247E+03  0.2995947247E+03  -.8701371373E+10  0.1000000000E+01
L2 0.1000000000E+01  0.3302690659E+02  0.3302690659E+02  0.3302690659E+02
L3 0.2773143853E+05  -.8047742501E+03  0.7744950931E+03  0.7636456899E+03
L4 0.2444555110E+03  0.2566626824E+03  0.2828428664E+03  0.2792955090E+03
L5 0.8188010577E+03  0.4172839507E+03  0.1282648787E+03  0.1268829048E+03
L6 0.6724317342E+03  -.8701371373E+04  0.1302402242E+04  -.1007076293E+05
L7 0.0000000000E+00  0.2290465950E+01  0.4314259804E+01  0.9857975458E+01
L8 0.3377081941E+01  0.4566937646E+02  0.1480156883E+01  0.0000000000E+00
L9 0.0000000000E+00  0.0000000000E+00  0.0000000000E+00  0.9871080583E+00  0.0000000000E+00
L0     6000  0.1200000000E+02  -.7103367955E+04  0.1610336143E+04
L1 0.2948900040E+03  0.2948900040E+03  -.8713704098E+10  0.1000000000E+01
L2 0.1000000000E+01  0.3300879322E+02  0.3300879322E+02  0.3300879322E+02
L3 0.2768607497E+05  0.2399522896E+03  0.5838571488E+03  -.3804424005E+03
L4 0.1477890127E+03  0.2661560295E+03  0.2710560780E+03  0.2535511234E+03
L5 0.7907632310E+03  0.2183433736E+03  0.1547172799E+03  0.3293576999E+03
L6 0.7024183534E+03  -.8713704098E+04  0.1316587089E+04  -.1010510998E+05
L7 0.0000000000E+00  0.3341370542E+01  0.9150863173E+01  0.1038638759E+02
L8 0.3324078271E+01  0.4380340891E+02  0.4812689169E+01  0.0000000000E+00
L9 0.0000000000E+00  0.0000000000E+00  0.0000000000E+00  0.9887254323E+00  0.0000000000E+00
L0     7000  0.1400000000E+02  -.7092594206E+04  0.1619618471E+04
L1 0.2965898141E+03  0.2965898141E+03  -.8712212677E+10  0.1000000000E+01
L2 0.1000000000E+01  0.3307481219E+02  0.3307481219E+02  0.3307481219E+02
L3 0.2785317642E+05  -.4715432152E+02  -.6930923014E+02  -.2239079011E+03
L4 -.1134571509E+03  0.2691701615E+03  0.2528970134E+03  0.2861201907E+03
L5 0.8081873657E+03  0.2786227948E+03  0.2667908563E+03  0.3310051390E+03
L6 0.8764187902E+03  -.8712212677E+04  0.1290235083E+04  -.1007349601E+05
L7 0.0000000000E+00  0.3045857931E+01  0.1046094137E+02  0.1167390540E+02
L8 0.2663190485E+01  0.4179110567E+02  0.1413252989E+01  0.0000000000E+00
L9 0.0000000000E+00  0.0000000000E+00  0.0000000000E+00  0.9827937046E+00  0.0000000000E+00
L0     8000  0.1600000000E+02  -.7021285518E+04  0.1638905992E+04
L1 0.3001218079E+03  0.3001218079E+03  -.8660191510E+10  0.1000000000E+01
L2 0.1000000000E+01  0.3312391493E+02  0.3312391493E+02  0.3312391493E+02
L3 0.2797776620E+05  -.1549161693E+01  0.2424367371E+03  -.1006037240E+04
L4 -.2550498882E+03  0.2761190954E+03  0.2782910273E+03  0.2688041742E+03
L5 0.8232142968E+03  0.2764310320E+03  0.2294743690E+03  0.4713781602E+03
L6 0.9772835612E+03  -.8660191510E+04  0.1264245095E+04  -.9998828973E+04
L7 0.0000000000E+00  0.4101494263E+01  0.1206876273E+02  0.1034829620E+02
L8 0.2940456384E+01  0.4196557921E+02  0.2967778996E+01  0.0000000000E+00
L9 0.0000000000E+00  0.0000000000E+00  0.0000000000E+00  0.9784171562E+00  0.0000000000E+00
L0     9000  0.1800000000E+02  -.7092529888E+04  0.1644851194E+04
L1 0.3012105126E+03  0.3012105126E+03  -.8737381081E+10  0.1000000000E+01
L2 0.1000000000E+01  0.3295746511E+02  0.3295746511E+02  0.3295746511E+02
L3 0.2755714592E+05  0.2482494984E+03  0.4392666106E+03  -.2738804456E+03
L4 0.1378785545E+03  0.2675084296E+03  0.2748486709E+03  0.2814715384E+03
L5 0.8238286390E+03  0.2182728341E+03  0.1877284418E+03  0.3357905479E+03
L6 0.7417918238E+03  -.8737381081E+04  0.1300104944E+04  -.1010957954E+05
L7 0.0000000000E+00  0.4247698557E+01  0.6442687785E+01  0.1034133877E+02
L8 0.3631142049E+01  0.4500253658E+02  0.2428107670E+01  0.0000000000E+00
L9 0.0000000000E+00  0.0000000000E+00  0.0000000000E+00  0.9933512898E+00  0.0000000000E+00
L0    10000  0.2000000000E+02  -.7157104639E+04  0.1663468144E+04
L1 0.3046197092E+03  0.3046197092E+03  -.8820572782E+10  0.1000000000E+01
L2 0.1000000000E+01  0.3294247834E+02  0.3294247834E+02  0.3294247834E+02
L3 0.2752058461E+05  -.2389857461E+03  -.2266340199E+01  -.5853349150E+03
L4 -.2755290005E+03  0.2787866422E+03  0.2763806889E+03  0.2740344220E+03
L5 0.8292017532E+03  0.3261220622E+03  0.2768295783E+03  0.3899705164E+03
L6 0.9929221568E+03  -.8820572782E+04  0.1281645073E+04  -.1018137433E+05
L7 0.0000000000E+00  0.2733233245E+01  0.1154480661E+02  0.1045924078E+02
L8 0.2830709251E+01  0.4619843148E+02  0.5390047869E+01  0.0000000000E+00
L9 0.0000000000E+00  0.0000000000E+00  0.0000000000E+00  0.9946709647E+00  0.0000000000E+00
