L0  Nsteps           time(ps)         Etot             EKinetic        
L1  Temp             T_solute         T_solv           Pres_scal_solu  
L2  Pres_scal_solv   BoxX             BoxY             BoxZ            
L3  volume           pres_X           pres_Y           pres_Z          
L4  Pressure         EKCoM_x          EKCoM_y          EKCoM_z         
L5  EKComTot         VIRIAL_x         VIRIAL_y         VIRIAL_z        
L6  VIRIAL_tot       E_pot            E_vdw            E_el            
L7  E_hbon           E_bon            E_angle          E_dih           
L8  E_14vdw          E_14el           E_const          E_pol           
L9  AV_permMoment    AV_indMoment     AV_totMoment     Density          dV/dlambda      
L0     1000  0.2000000000E+01  -.7087841369E+04  0.1639083597E+04
L1 0.2969129241E+03  0.2969129241E+03  -.8726924966E+10  0.1000000000E+01
L2 0.1000000000E+01  0.3417742146E+02  0.3417742146E+02  0.3417742146E+02
L3 0.3073584156E+05  -.1534196788E+04  -.4282007718E+03  -.1836075845E+04
L4 -.1266157801E+04  0.2755819885E+03  0.2774571225E+03  0.2661620484E+03
L5 0.8192011595E+03  0.6149592633E+03  0.3721787464E+03  0.6723175178E+03
L6 0.1659455527E+04  -.8726924966E+04  0.1255537037E+04  -.1006240993E+05
L7 0.0000000000E+00  0.2504900649E+01  0.6701161545E+01  0.1260506447E+02
L8 0.3346206882E+01  0.4771692768E+02  0.7073662126E+01  0.0000000000E+00
L9 0.0000000000E+00  0.0000000000E+00  0.0000000000E+00  0.9003525773E+00  0.0000000000E+00
L0     2000  0.4000000000E+01  -.7005106970E+04  0.1660870767E+04
L1 0.3008595759E+03  0.3008595759E+03  -.8665977737E+10  0.1000000000E+01
L2 0.1000000000E+01  0.3370461415E+02  0.3370461415E+02  0.3370461415E+02
L3 0.2947554534E+05  -.5610810892E+03  -.8692780725E+02  -.5596993792E+03
L4 -.4025694252E+03  0.2814661625E+03  0.3002325954E+03  0.2705623322E+03
L5 0.8522610901E+03  0.4004927713E+03  0.3186732848E+03  0.3892958278E+03
L6 0.1108461884E+04  -.8665977737E+04  0.1287183935E+04  -.1002786041E+05
L7 0.0000000000E+00  0.2828573927E+01  0.6895631843E+01  0.1151157989E+02
L8 0.3551686620E+01  0.4458990970E+02  0.5321353334E+01  0.0000000000E+00
L9 0.0000000000E+00  0.0000000000E+00  0.0000000000E+00  0.9388492682E+00  0.0000000000E+00
L0     3000  0.6000000000E+01  -.7134426617E+04  0.1603336844E+04
L1 0.2904375538E+03  0.2904375538E+03  -.8737763461E+10  0.1000000000E+01
L2 0.1000000000E+01  0.3328510283E+02  0.3328510283E+02  0.3328510283E+02
L3 0.2838818658E+05  0.1273341362E+03  -.6569578722E+03  -.2268014200E+03
L4 -.2521417187E+03  0.2790572144E+03  0.2554034675E+03  0.2515397839E+03
L5 0.7860004658E+03  0.2530413011E+03  0.3896279543E+03  0.2978780736E+03
L6 0.9405473289E+03  -.8737763461E+04  0.1279695554E+04  -.1010001498E+05
L7 0.0000000000E+00  0.3702853701E+01  0.8017104706E+01  0.1376320423E+02
L8 0.4653327011E+01  0.4744075879E+02  0.4978718940E+01  0.0000000000E+00
L9 0.0000000000E+00  0.0000000000E+00  0.0000000000E+00  0.9748102117E+00  0.0000000000E+00
L0     4000  0.8000000000E+01  -.7167162893E+04  0.1652279516E+04
L1 0.2993033079E+03  0.2993033079E+03  -.8819442409E+10  0.1000000000E+01
L2 0.1000000000E+01  0.3321647769E+02  0.3321647769E+02  0.3321647769E+02
L3 0.2821294516E+05  -.3512747786E+03  -.2826673941E+03  -.1031273506E+03
L4 -.2456898411E+03  0.2885245348E+03  0.2597479797E+03  0.2777314825E+03
L5 0.8260039970E+03  0.3598512088E+03  0.3171438599E+03  0.2986715880E+03
L6 0.9756666567E+03  -.8819442409E+04  0.1286847823E+04  -.1017481102E+05
L7 0.0000000000E+00  0.2214851239E+01  0.7007409680E+01  0.1023266999E+02
L8 0.2918742580E+01  0.4346616219E+02  0.2680956947E+01  0.0000000000E+00
L9 0.0000000000E+00  0.0000000000E+00  0.0000000000E+00  0.9808651316E+00  0.0000000000E+00
L0     5000  0.1000000000E+02  -.7182177167E+04  0.1657230598E+04
L1 0.3002001750E+03  0.3002001750E+03  -.8839407765E+10  0.1000000000E+01
L2 0.1000000000E+01  0.3321586491E+02  0.3321586491E+02  0.3321586491E+02
L3 0.2821198105E+05  -.6797705052E+02  -.5621827371E+03  -.8189444728E+03
L4 -.4830347535E+03  0.2791062607E+03  0.2676734789E+03  0.2741130819E+03
L5 0.8208928215E+03  0.2929085930E+03  0.3818213114E+03  0.4403948446E+03
L6 0.1115124749E+04  -.8839407765E+04  0.1274238245E+04  -.1019969710E+05
L7 0.0000000000E+00  0.4017863811E+01  0.1481768276E+02  0.1165757361E+02
L8 0.4149990431E+01  0.4882209644E+02  0.2585886850E+01  0.0000000000E+00
L9 0.0000000000E+00  0.0000000000E+00  0.0000000000E+00  0.9808986515E+00  0.0000000000E+00
L0     6000  0.1200000000E+02  -.7109189711E+04  0.1678205600E+04
L1 0.3039997061E+03  0.3039997061E+03  -.8787395310E+10  0.1000000000E+01
L2 0.1000000000E+01  0.3303079509E+02  0.3303079509E+02  0.3303079509E+02
L3 0.2774131439E+05  0.7884064646E+03  -.6600175303E+03  0.5084653413E+03
L4 0.2122847585E+03  0.2893467810E+03  0.2751581407E+03  0.2810187371E+03
L5 0.8455236588E+03  0.1319362475E+03  0.4069349794E+03  0.1795002891E+03
L6 0.7183715161E+03  -.8787395310E+04  0.1298756205E+04  -.1016232549E+05
L7 0.0000000000E+00  0.3805584167E+01  0.8515826906E+01  0.1092213318E+02
L8 0.4118944684E+01  0.4349636871E+02  0.5315113331E+01  0.0000000000E+00
L9 0.0000000000E+00  0.0000000000E+00  0.0000000000E+00  0.9975408440E+00  0.0000000000E+00
L0     7000  0.1400000000E+02  -.7204118977E+04  0.1677923020E+04
L1 0.3039485181E+03  0.3039485181E+03  -.8882041997E+10  0.1000000000E+01
L2 0.1000000000E+01  0.3310910313E+02  0.3310910313E+02  0.3310910313E+02
L3 0.2793911289E+05  -.2403152013E+03  0.2148525767E+03  0.6304097999E+03
L4 0.2016490584E+03  0.2783096026E+03  0.2729325502E+03  0.2744135569E+03
L5 0.8256557097E+03  0.3266322185E+03  0.2297299627E+03  0.1476506621E+03
L6 0.7040128432E+03  -.8882041997E+04  0.1361668491E+04  -.1031343665E+05
L7 0.0000000000E+00  0.1870623291E+01  0.6288739392E+01  0.9113778831E+01
L8 0.3521286591E+01  0.4737137773E+02  0.1560359235E+01  0.0000000000E+00
L9 0.0000000000E+00  0.0000000000E+00  0.0000000000E+00  0.9904786268E+00  0.0000000000E+00
L0     8000  0.1600000000E+02  -.7181224577E+04  0.1629458523E+04
L1 0.2951693834E+03  0.2951693834E+03  -.8810683100E+10  0.1000000000E+01
L2 0.1000000000E+01  0.3316953332E+02  0.3316953332E+02  0.3316953332E+02
L3 0.2809219351E+05  0.5208848806E+03  0.9378667995E+03  -.6373369135E+03
L4 0.2738049222E+03  0.2451092791E+03  0.2805858842E+03  0.2896056081E+03
L5 0.8153007714E+03  0.1397957944E+03  0.9096621110E+02  0.4184635838E+03
L6 0.6492255893E+03  -.8810683100E+04  0.1336628519E+04  -.1022176047E+05
L7 0.0000000000E+00  0.4169663109E+01  0.8171270919E+01  0.1327208276E+02
L8 0.2551566219E+01  0.4426422796E+02  0.2020042041E+01  0.0000000000E+00
L9 0.0000000000E+00  0.0000000000E+00  0.0000000000E+00  0.9850812880E+00  0.0000000000E+00
L0     9000  0.1800000000E+02  -.7217842602E+04  0.1652980587E+04
L1 0.2994303038E+03  0.2994303038E+03  -.8870823189E+10  0.1000000000E+01
L2 0.1000000000E+01  0.3312914331E+02  0.3312914331E+02  0.3312914331E+02
L3 0.2799132146E+05  -.8333992575E+03  0.3829155199E+03  -.6809767272E+03
L4 -.3771534882E+03  0.2755713279E+03  0.2582769875E+03  0.2787434002E+03
L5 0.8125917156E+03  0.4434645218E+03  0.1811363984E+03  0.4159301768E+03
L6 0.1040531097E+04  -.8870823189E+04  0.1284518391E+04  -.1023297607E+05
L7 0.0000000000E+00  0.4346294721E+01  0.1164993107E+02  0.1091266843E+02
L8 0.3151566378E+01  0.4164484856E+02  0.5929184247E+01  0.0000000000E+00
L9 0.0000000000E+00  0.0000000000E+00  0.0000000000E+00  0.9886312158E+00  0.0000000000E+00
L0    10000  0.2000000000E+02  -.7057860380E+04  0.1682583337E+04
L1 0.3047927143E+03  0.3047927143E+03  -.8740443717E+10  0.1000000000E+01
L2 0.1000000000E+01  0.3314534200E+02  0.3314534200E+02  0.3314534200E+02
L3 0.2803048979E+05  0.4741501103E+03  -.1933096644E+03  0.8808922599E+03
L4 0.3872442353E+03  0.2931907713E+03  0.2570694331E+03  0.2812957508E+03
L5 0.8315559551E+03  0.1975367742E+03  0.2960672982E+03  0.1035864900E+03
L6 0.5971905624E+03  -.8740443717E+04  0.1332569852E+04  -.1014649343E+05
L7 0.0000000000E+00  0.2337233989E+01  0.7269970710E+01  0.1062169936E+02
L8 0.3746268623E+01  0.4671679285E+02  0.2787895351E+01  0.0000000000E+00
L9 0.0000000000E+00  0.0000000000E+00  0.0000000000E+00  0.9872497546E+00  0.0000000000E+00
