L0  Nsteps           time(ps)         Etot             EKinetic        
L1  Temp             T_solute         T_solv           Pres_scal_solu  
L2  Pres_scal_solv   BoxX             BoxY             BoxZ            
L3  volume           pres_X           pres_Y           pres_Z          
L4  Pressure         EKCoM_x          EKCoM_y          EKCoM_z         
L5  EKComTot         VIRIAL_x         VIRIAL_y         VIRIAL_z        
L6  VIRIAL_tot       E_pot            E_vdw            E_el            
L7  E_hbon           E_bon            E_angle          E_dih           
L8  E_14vdw          E_14el           E_const          E_pol           
L9  AV_permMoment    AV_indMoment     AV_totMoment     Density          dV/dlambda      
L0     1000  0.2000000000E+01  -.7314315761E+04  0.1695077097E+04
L1 0.2937332315E+03  0.2937332315E+03  -.9009392859E+10  0.1000000000E+01
L2 0.1000000000E+01  0.3465584963E+02  0.3465584963E+02  0.3465584963E+02
L3 0.3204336451E+05  -.3322805512E+03  -.5415759760E+03  -.1471309479E+04
L4 -.7817220021E+03  0.2773738338E+03  0.2872212016E+03  0.2764441204E+03
L5 0.8410391558E+03  0.3540039726E+03  0.4121187982E+03  0.6157557329E+03
L6 0.1381878504E+04  -.9009392859E+04  0.1319869881E+04  -.1040739879E+05
L7 0.0000000000E+00  0.1823147914E+01  0.5239640089E+01  0.9707863589E+01
L8 0.4525414510E+01  0.4795305362E+02  0.8886929566E+01  0.0000000000E+00
L9 0.0000000000E+00  0.0000000000E+00  0.0000000000E+00  0.9028264995E+00  0.0000000000E+00
L0     2000  0.4000000000E+01  -.7425957667E+04  0.1664652817E+04
L1 0.2884611278E+03  0.2884611278E+03  -.9090610484E+10  0.1000000000E+01
L2 0.1000000000E+01  0.3411683276E+02  0.3411683276E+02  0.3411683276E+02
L3 0.3057095819E+05  -.7895719306E+03  -.1140954771E+04  0.1335097087E+02
L4 -.6390585771E+03  0.2735349222E+03  0.2771568196E+03  0.2736785672E+03
L5 0.8243703090E+03  0.4472579267E+03  0.5281916946E+03  0.2707410631E+03
L6 0.1246190684E+04  -.9090610484E+04  0.1312708723E+04  -.1048404540E+05
L7 0.0000000000E+00  0.1659814188E+01  0.1177398415E+02  0.1058872960E+02
L8 0.3495054330E+01  0.4785957950E+02  0.5349027028E+01  0.0000000000E+00
L9 0.0000000000E+00  0.0000000000E+00  0.0000000000E+00  0.9463098417E+00  0.0000000000E+00
L0     3000  0.6000000000E+01  -.7406682865E+04  0.1703449754E+04
L1 0.2951840963E+03  0.2951840963E+03  -.9110132620E+10  0.1000000000E+01
L2 0.1000000000E+01  0.3387409118E+02  0.3387409118E+02  0.3387409118E+02
L3 0.2992170575E+05  0.7901954673E+02  -.2331953325E+03  -.2498367581E+03
L4 -.1346708480E+03  0.2771400300E+03  0.3053104936E+03  0.2700540738E+03
L5 0.8525045974E+03  0.2601232470E+03  0.3555288831E+03  0.3238561783E+03
L6 0.9395083084E+03  -.9110132620E+04  0.1338893390E+04  -.1052366058E+05
L7 0.0000000000E+00  0.5429354595E+01  0.8098339686E+01  0.1100121889E+02
L8 0.3259635392E+01  0.4320822941E+02  0.3637789912E+01  0.0000000000E+00
L9 0.0000000000E+00  0.0000000000E+00  0.0000000000E+00  0.9668432291E+00  0.0000000000E+00
L0     4000  0.8000000000E+01  -.7516568495E+04  0.1682553072E+04
L1 0.2915629925E+03  0.2915629925E+03  -.9199121567E+10  0.1000000000E+01
L2 0.1000000000E+01  0.3373032554E+02  0.3373032554E+02  0.3373032554E+02
L3 0.2954245652E+05  -.9209739872E+03  0.3517873431E+02  0.3566647064E+03
L4 -.1763768488E+03  0.2752391736E+03  0.2739850234E+03  0.2737562898E+03
L5 0.8229804868E+03  0.4710562440E+03  0.2665053369E+03  0.1979224021E+03
L6 0.9354839830E+03  -.9199121567E+04  0.1351873754E+04  -.1062827180E+05
L7 0.0000000000E+00  0.1411630240E+01  0.9034180093E+01  0.1010814408E+02
L8 0.3842840062E+01  0.4942347270E+02  0.3456210943E+01  0.0000000000E+00
L9 0.0000000000E+00  0.0000000000E+00  0.0000000000E+00  0.9792550119E+00  0.0000000000E+00
L0     5000  0.1000000000E+02  -.7414823129E+04  0.1739994636E+04
L1 0.3015168148E+03  0.3015168148E+03  -.9154817765E+10  0.1000000000E+01
L2 0.1000000000E+01  0.3375093426E+02  0.3375093426E+02  0.3375093426E+02
L3 0.2959653983E+05  -.1753876137E+03  0.1241693817E+03  -.3645525658E+03
L4 -.1385902659E+03  0.2993886280E+03  0.3095342323E+03  0.2669205375E+03
L5 0.8758433978E+03  0.3367477309E+03  0.2830850629E+03  0.3445734375E+03
L6 0.9644062313E+03  -.9154817765E+04  0.1331905305E+04  -.1056212233E+05
L7 0.0000000000E+00  0.1296558228E+01  0.1221751392E+02  0.9091117716E+01
L8 0.4040138251E+01  0.4459094494E+02  0.4162987887E+01  0.0000000000E+00
L9 0.0000000000E+00  0.0000000000E+00  0.0000000000E+00  0.9774655676E+00  0.0000000000E+00
L0     6000  0.1200000000E+02  -.7461265859E+04  0.1747683830E+04
L1 0.3028492449E+03  0.3028492449E+03  -.9208949689E+10  0.1000000000E+01
L2 0.1000000000E+01  0.3370763867E+02  0.3370763867E+02  0.3370763867E+02
L3 0.2948283576E+05  -.7063531947E+03  0.3573980197E+03  -.1226112012E+03
L4 -.1571887920E+03  0.3012247635E+03  0.3039165911E+03  0.2738611164E+03
L5 0.8790024710E+03  0.4511061655E+03  0.2280801446E+03  0.2998780423E+03
L6 0.9790643524E+03  -.9208949689E+04  0.1343559629E+04  -.1062615847E+05
L7 0.0000000000E+00  0.4094786937E+01  0.8013790881E+01  0.9079758635E+01
L8 0.4087752622E+01  0.4715145903E+02  0.1221601896E+01  0.0000000000E+00
L9 0.0000000000E+00  0.0000000000E+00  0.0000000000E+00  0.9812352803E+00  0.0000000000E+00
L0     7000  0.1400000000E+02  -.7584669000E+04  0.1724904254E+04
L1 0.2989018619E+03  0.2989018619E+03  -.9309573253E+10  0.1000000000E+01
L2 0.1000000000E+01  0.3359543995E+02  0.3359543995E+02  0.3359543995E+02
L3 0.2918951667E+05  0.5088046706E+03  -.5698092365E+03  -.5377093780E+03
L4 -.1995713146E+03  0.2723779445E+03  0.3030732618E+03  0.2906144714E+03
L5 0.8660656776E+03  0.1654885607E+03  0.4227784486E+03  0.4035761390E+03
L6 0.9918431482E+03  -.9309573253E+04  0.1368057604E+04  -.1075575976E+05
L7 0.0000000000E+00  0.5277015780E+01  0.1186781026E+02  0.9551713268E+01
L8 0.3304194691E+01  0.4511473017E+02  0.3013435179E+01  0.0000000000E+00
L9 0.0000000000E+00  0.0000000000E+00  0.0000000000E+00  0.9910954995E+00  0.0000000000E+00
L0     8000  0.1600000000E+02  -.7416586636E+04  0.1712382899E+04
L1 0.2967320858E+03  0.2967320858E+03  -.9128969536E+10  0.1000000000E+01
L2 0.1000000000E+01  0.3362522572E+02  0.3362522572E+02  0.3362522572E+02
L3 0.2926509544E+05  -.1421141817E+03  0.1038420497E+04  0.9510573819E+03
L4 0.6157878989E+03  0.2949259777E+03  0.2849438987E+03  0.2794032807E+03
L5 0.8592731571E+03  0.3248585434E+03  0.6622829054E+02  0.7908838480E+02
L6 0.4701752187E+03  -.9128969536E+04  0.1408506231E+04  -.1060775982E+05
L7 0.0000000000E+00  0.1201619049E+01  0.9184273022E+01  0.1103570484E+02
L8 0.2200744042E+01  0.4365516568E+02  0.3006550664E+01  0.0000000000E+00
L9 0.0000000000E+00  0.0000000000E+00  0.0000000000E+00  0.9885359392E+00  0.0000000000E+00
L0     9000  0.1800000000E+02  -.7544531119E+04  0.1683566360E+04
L1 0.2917385812E+03  0.2917385812E+03  -.9228097478E+10  0.1000000000E+01
L2 0.1000000000E+01  0.3362145237E+02  0.3362145237E+02  0.3362145237E+02
L3 0.2925540243E+05  0.7781963766E+03  0.7036297551E+03  0.1838180349E+03
L4 0.5552147222E+03  0.2836108493E+03  0.2703268950E+03  0.2774106311E+03
L5 0.8313483753E+03  0.1197588063E+03  0.1221751220E+03  0.2387070834E+03
L6 0.4806410117E+03  -.9228097478E+04  0.1438554614E+04  -.1074044881E+05
L7 0.0000000000E+00  0.1975056457E+01  0.9578181469E+01  0.1025604026E+02
L8 0.4039436076E+01  0.4500674045E+02  0.2941263304E+01  0.0000000000E+00
L9 0.0000000000E+00  0.0000000000E+00  0.0000000000E+00  0.9888634648E+00  0.0000000000E+00
L0    10000  0.2000000000E+02  -.7444936959E+04  0.1714538178E+04
L1 0.2971055656E+03  0.2971055656E+03  -.9159475137E+10  0.1000000000E+01
L2 0.1000000000E+01  0.3359226518E+02  0.3359226518E+02  0.3359226518E+02
L3 0.2918139078E+05  0.3845647704E+03  -.6385804013E+03  -.5159140431E+03
L4 -.2566432247E+03  0.2894973856E+03  0.2920158602E+03  0.2845546789E+03
L5 0.8660679247E+03  0.2087307369E+03  0.4261311067E+03  0.3929074233E+03
L6 0.1027769267E+04  -.9159475137E+04  0.1300281840E+04  -.1053654712E+05
L7 0.0000000000E+00  0.4164387507E+01  0.9418007017E+01  0.1064643383E+02
L8 0.3388888841E+01  0.4731660583E+02  0.1855816738E+01  0.0000000000E+00
L9 0.0000000000E+00  0.0000000000E+00  0.0000000000E+00  0.9913714813E+00  0.0000000000E+00
