L0  Nsteps           time(ps)         Etot             EKinetic        
L1  Temp             T_solute         T_solv           Pres_scal_solu  
L2  Pres_scal_solv   BoxX             BoxY             BoxZ            
L3  volume           pres_X           pres_Y           pres_Z          
L4  Pressure         EKCoM_x          EKCoM_y          EKCoM_z         
L5  EKComTot         VIRIAL_x         VIRIAL_y         VIRIAL_z        
L6  VIRIAL_tot       E_pot            E_vdw            E_el            
L7  E_hbon           E_bon            E_angle          E_dih           
L8  E_14vdw          E_14el           E_const          E_pol           
L9  AV_permMoment    AV_indMoment     AV_totMoment     Density          dV/dlambda      
L0     1000  0.2000000000E+01  -.7353513873E+04  0.1698497259E+04
L1 0.2955471672E+03  0.2955471672E+03  -.9052011132E+10  0.1000000000E+01
L2 0.1000000000E+01  0.3453393075E+02  0.3453393075E+02  0.3453393075E+02
L3 0.3170575870E+05  0.2561551091E+03  -.9397998875E+02  -.1860746671E+04
L4 -.5661905168E+03  0.2891807344E+03  0.2615877069E+03  0.2774811156E+03
L5 0.8282495568E+03  0.2307289528E+03  0.2830329078E+03  0.7020830620E+03
L6 0.1215844923E+04  -.9052011132E+04  0.1364206095E+04  -.1049013586E+05
L7 0.0000000000E+00  0.1810359876E+01  0.6326728662E+01  0.1184424464E+02
L8 0.2809003774E+01  0.4929923993E+02  0.1829060864E+01  0.0000000000E+00
L9 0.0000000000E+00  0.0000000000E+00  0.0000000000E+00  0.9086655768E+00  0.0000000000E+00
L0     2000  0.4000000000E+01  -.7399554688E+04  0.1676027882E+04
L1 0.2916373812E+03  0.2916373812E+03  -.9075582570E+10  0.1000000000E+01
L2 0.1000000000E+01  0.3393254294E+02  0.3393254294E+02  0.3393254294E+02
L3 0.3007669625E+05  0.6791803740E+03  -.6307349677E+03  -.2601488443E+03
L4 -.7056781268E+02  0.2607962759E+03  0.2856506752E+03  0.2904231287E+03
L5 0.8368700798E+03  0.1137778266E+03  0.4221824132E+03  0.3467361217E+03
L6 0.8826963615E+03  -.9075582570E+04  0.1373626343E+04  -.1052460614E+05
L7 0.0000000000E+00  0.4255346453E+01  0.9994037577E+01  0.1111661162E+02
L8 0.2550375132E+01  0.4461230574E+02  0.2868553143E+01  0.0000000000E+00
L9 0.0000000000E+00  0.0000000000E+00  0.0000000000E+00  0.9578821848E+00  0.0000000000E+00
L0     3000  0.6000000000E+01  -.7449895322E+04  0.1735353694E+04
L1 0.3019603744E+03  0.3019603744E+03  -.9185249016E+10  0.1000000000E+01
L2 0.1000000000E+01  0.3382797717E+02  0.3382797717E+02  0.3382797717E+02
L3 0.2979979364E+05  -.2894398387E+03  -.1014938198E+03  -.1508367148E+03
L4 -.1805901244E+03  0.2672196578E+03  0.2974451997E+03  0.2979522094E+03
L5 0.8626170669E+03  0.3292962895E+03  0.3192127438E+03  0.3303024043E+03
L6 0.9788114377E+03  -.9185249016E+04  0.1370900588E+04  -.1063173085E+05
L7 0.0000000000E+00  0.3478540854E+01  0.6339086094E+01  0.1316861909E+02
L8 0.3136160558E+01  0.4778199127E+02  0.1676852722E+01  0.0000000000E+00
L9 0.0000000000E+00  0.0000000000E+00  0.0000000000E+00  0.9667829202E+00  0.0000000000E+00
L0     4000  0.8000000000E+01  -.7447745808E+04  0.1709336589E+04
L1 0.2974332657E+03  0.2974332657E+03  -.9157082397E+10  0.1000000000E+01
L2 0.1000000000E+01  0.3363376372E+02  0.3363376372E+02  0.3363376372E+02
L3 0.2928941488E+05  0.5472318120E+03  -.1151897894E+04  0.1311367608E+03
L4 -.1578431069E+03  0.2668935638E+03  0.2648986873E+03  0.2878763649E+03
L5 0.8196686160E+03  0.1515379826E+03  0.5077169010E+03  0.2602329477E+03
L6 0.9194878313E+03  -.9157082397E+04  0.1352711402E+04  -.1057847387E+05
L7 0.0000000000E+00  0.4048833714E+01  0.3700197324E+01  0.1143356033E+02
L8 0.3439576115E+01  0.4372855099E+02  0.2329357058E+01  0.0000000000E+00
L9 0.0000000000E+00  0.0000000000E+00  0.0000000000E+00  0.9836294660E+00  0.0000000000E+00
L0     5000  0.1000000000E+02  -.7513712664E+04  0.1650576617E+04
L1 0.2872087315E+03  0.2872087315E+03  -.9164289280E+10  0.1000000000E+01
L2 0.1000000000E+01  0.3357468762E+02  0.3357468762E+02  0.3357468762E+02
L3 0.2913435591E+05  -.1853086150E+03  0.9563247926E+03  -.9767263590E+02
L4 0.2244478472E+03  0.2817408177E+03  0.2584732746E+03  0.2760555426E+03
L5 0.8162696348E+03  0.3205967748E+03  0.5794878650E+02  0.2965357763E+03
L6 0.6750813377E+03  -.9164289280E+04  0.1377316958E+04  -.1061577682E+05
L7 0.0000000000E+00  0.3696254342E+01  0.7821914562E+01  0.9932421154E+01
L8 0.2244035117E+01  0.4563124297E+02  0.4844712645E+01  0.0000000000E+00
L9 0.0000000000E+00  0.0000000000E+00  0.0000000000E+00  0.9888645421E+00  0.0000000000E+00
L0     6000  0.1200000000E+02  -.7473107128E+04  0.1697407466E+04
L1 0.2953575376E+03  0.2953575376E+03  -.9170514593E+10  0.1000000000E+01
L2 0.1000000000E+01  0.3354291493E+02  0.3354291493E+02  0.3354291493E+02
L3 0.2905201325E+05  0.3768720979E+03  -.2791041581E+03  0.2385681297E+03
L4 0.1121120232E+03  0.2815073582E+03  0.2699329163E+03  0.2634108712E+03
L5 0.8148511456E+03  0.2027072527E+03  0.3282907443E+03  0.2135287125E+03
L6 0.7445267095E+03  -.9170514593E+04  0.1383470816E+04  -.1062869648E+05
L7 0.0000000000E+00  0.2117880805E+01  0.9005608733E+01  0.1121921713E+02
L8 0.4376841078E+01  0.4585929243E+02  0.2132226041E+01  0.0000000000E+00
L9 0.0000000000E+00  0.0000000000E+00  0.0000000000E+00  0.9916672992E+00  0.0000000000E+00
L0     7000  0.1400000000E+02  -.7499213797E+04  0.1691568743E+04
L1 0.2943415701E+03  0.2943415701E+03  -.9190782539E+10  0.1000000000E+01
L2 0.1000000000E+01  0.3357392743E+02  0.3357392743E+02  0.3357392743E+02
L3 0.2913278928E+05  0.1982197488E+02  0.1477043070E+03  0.2984995262E+02
L4 0.6579207816E+02  0.2898803326E+03  0.2879314896E+03  0.2665965803E+03
L5 0.8444084026E+03  0.2857242367E+03  0.2569621598E+03  0.2603379069E+03
L6 0.8030243034E+03  -.9190782539E+04  0.1363304029E+04  -.1062307588E+05
L7 0.0000000000E+00  0.2086522931E+01  0.6841377005E+01  0.1052883797E+02
L8 0.2836320087E+01  0.4502908696E+02  0.1667166501E+01  0.0000000000E+00
L9 0.0000000000E+00  0.0000000000E+00  0.0000000000E+00  0.9889177190E+00  0.0000000000E+00
L0     8000  0.1600000000E+02  -.7396778423E+04  0.1757742084E+04
L1 0.3058560682E+03  0.3058560682E+03  -.9154520506E+10  0.1000000000E+01
L2 0.1000000000E+01  0.3355657658E+02  0.3355657658E+02  0.3355657658E+02
L3 0.2908816646E+05  -.3902432074E+03  -.3035987488E+03  0.2889453866E+03
L4 -.1349655232E+03  0.2793320352E+03  0.2972491368E+03  0.2870760072E+03
L5 0.8636571792E+03  0.3610294435E+03  0.3608075292E+03  0.2265852958E+03
L6 0.9484222686E+03  -.9154520506E+04  0.1339856561E+04  -.1056734387E+05
L7 0.0000000000E+00  0.2920472021E+01  0.9684081132E+01  0.9492414199E+01
L8 0.2560077951E+01  0.4588427586E+02  0.2425483532E+01  0.0000000000E+00
L9 0.0000000000E+00  0.0000000000E+00  0.0000000000E+00  0.9904347721E+00  0.0000000000E+00
L0     9000  0.1800000000E+02  -.7420554415E+04  0.1726935193E+04
L1 0.3004955124E+03  0.3004955124E+03  -.9147489608E+10  0.1000000000E+01
L2 0.1000000000E+01  0.3360880768E+02  0.3360880768E+02  0.3360880768E+02
L3 0.2922553300E+05  -.7372102188E+03  -.2258563329E+03  -.9689878873E+03
L4 -.6440181463E+03  0.2769990320E+03  0.2815934754E+03  0.2867630162E+03
L5 0.8453555237E+03  0.4320628121E+03  0.3290997848E+03  0.4905785913E+03
L6 0.1251741188E+04  -.9147489608E+04  0.1279124345E+04  -.1050799351E+05
L7 0.0000000000E+00  0.9457544395E+01  0.1305079773E+02  0.9466794993E+01
L8 0.1905420275E+01  0.4064981905E+02  0.6849184212E+01  0.0000000000E+00
L9 0.0000000000E+00  0.0000000000E+00  0.0000000000E+00  0.9857795073E+00  0.0000000000E+00
L0    10000  0.2000000000E+02  -.7461312345E+04  0.1716987884E+04
L1 0.2987646301E+03  0.2987646301E+03  -.9178300229E+10  0.1000000000E+01
L2 0.1000000000E+01  0.3360621371E+02  0.3360621371E+02  0.3360621371E+02
L3 0.2921731483E+05  -.1114010932E+03  -.6879866459E+03  0.5382837209E+03
L4 -.8703467274E+02  0.2856164414E+03  0.2765806139E+03  0.2915371616E+03
L5 0.8537342170E+03  0.3090418046E+03  0.4212500834E+03  0.1783471444E+03
L6 0.9086390324E+03  -.9178300229E+04  0.1350297892E+04  -.1060234670E+05
L7 0.0000000000E+00  0.1533325320E+01  0.7523223751E+01  0.9951529633E+01
L8 0.3818946983E+01  0.4807332171E+02  0.2848231669E+01  0.0000000000E+00
L9 0.0000000000E+00  0.0000000000E+00  0.0000000000E+00  0.9860567847E+00  0.0000000000E+00
