L0  Nsteps           time(ps)         Etot             EKinetic        
L1  Temp             T_solute         T_solv           Pres_scal_solu  
L2  Pres_scal_solv   BoxX             BoxY             BoxZ            
L3  volume           pres_X           pres_Y           pres_Z          
L4  Pressure         EKCoM_x          EKCoM_y          EKCoM_z         
L5  EKComTot         VIRIAL_x         VIRIAL_y         VIRIAL_z        
L6  VIRIAL_tot       E_pot            E_vdw            E_el            
L7  E_hbon           E_bon            E_angle          E_dih           
L8  E_14vdw          E_14el           E_const          E_pol           
L9  AV_permMoment    AV_indMoment     AV_totMoment     Density          dV/dlambda      
L0     1000  0.2000000000E+01  -.6975839441E+04  0.1669290257E+04
L1 0.3020585330E+03  0.3020585330E+03  -.8645129698E+10  0.1000000000E+01
L2 0.1000000000E+01  0.3427582641E+02  0.3427582641E+02  0.3427582641E+02
L3 0.3100092686E+05  -.8820850347E+03  -.8423798910E+03  -.8077642986E+03
L4 -.8440764081E+03  0.2654655203E+03  0.2884487754E+03  0.3141321856E+03
L5 0.8680464813E+03  0.4622730510E+03  0.4763974422E+03  0.4943575502E+03
L6 0.1433028044E+04  -.8645129698E+04  0.1274916910E+04  -.9993465012E+04
L7 0.0000000000E+00  0.5031928769E+01  0.5559986013E+01  0.1128051890E+02
L8 0.2419817306E+01  0.4719799357E+02  0.1928159966E+01  0.0000000000E+00
L9 0.0000000000E+00  0.0000000000E+00  0.0000000000E+00  0.8936187962E+00  0.0000000000E+00
L0     2000  0.4000000000E+01  -.7039655423E+04  0.1672214935E+04
L1 0.3025877544E+03  0.3025877544E+03  -.8711870358E+10  0.1000000000E+01
L2 0.1000000000E+01  0.3370567698E+02  0.3370567698E+02  0.3370567698E+02
L3 0.2947841541E+05  -.9067276203E+03  -.7592639558E+03  0.3652246676E+03
L4 -.4335889695E+03  0.2588218403E+03  0.2710320292E+03  0.2858375200E+03
L5 0.8156913895E+03  0.4511919356E+03  0.4321164345E+03  0.2083519526E+03
L6 0.1091660323E+04  -.8711870358E+04  0.1291001701E+04  -.1007297990E+05
L7 0.0000000000E+00  0.1004990450E+01  0.4790546308E+01  0.1091298777E+02
L8 0.3537698487E+01  0.4747397807E+02  0.2387640780E+01  0.0000000000E+00
L9 0.0000000000E+00  0.0000000000E+00  0.0000000000E+00  0.9397727304E+00  0.0000000000E+00
L0     3000  0.6000000000E+01  -.7107620761E+04  0.1621131534E+04
L1 0.2933441988E+03  0.2933441988E+03  -.8728752295E+10  0.1000000000E+01
L2 0.1000000000E+01  0.3336972727E+02  0.3336972727E+02  0.3336972727E+02
L3 0.2860492081E+05  -.1356749622E+03  0.8575556497E+02  -.3066070920E+03
L4 -.1188421631E+03  0.2608211658E+03  0.2926170148E+03  0.2655760589E+03
L5 0.8190142395E+03  0.2887528446E+03  0.2749623433E+03  0.3286978809E+03
L6 0.8924130687E+03  -.8728752295E+04  0.1297081899E+04  -.1010399591E+05
L7 0.0000000000E+00  0.8321045896E+00  0.8754210471E+01  0.1102632382E+02
L8 0.3074124208E+01  0.5124008871E+02  0.3234861137E+01  0.0000000000E+00
L9 0.0000000000E+00  0.0000000000E+00  0.0000000000E+00  0.9684701146E+00  0.0000000000E+00
L0     4000  0.8000000000E+01  -.7157519188E+04  0.1634729647E+04
L1 0.2958047812E+03  0.2958047812E+03  -.8792248836E+10  0.1000000000E+01
L2 0.1000000000E+01  0.3327437542E+02  0.3327437542E+02  0.3327437542E+02
L3 0.2836097583E+05  -.2050190825E+02  -.4982595702E+03  -.5079943730E+03
L4 -.3422519505E+03  0.2794738049E+03  0.2645531127E+03  0.2837363498E+03
L5 0.8277632674E+03  0.2836585791E+03  0.3662560272E+03  0.3874262966E+03
L6 0.1037340903E+04  -.8792248836E+04  0.1272947804E+04  -.1013869856E+05
L7 0.0000000000E+00  0.3851223091E+01  0.6175221575E+01  0.1174519085E+02
L8 0.2032096044E+01  0.4811064216E+02  0.1587551347E+01  0.0000000000E+00
L9 0.0000000000E+00  0.0000000000E+00  0.0000000000E+00  0.9768003437E+00  0.0000000000E+00
L0     5000  0.1000000000E+02  -.7248164237E+04  0.1637309276E+04
L1 0.2962715657E+03  0.2962715657E+03  -.8885473513E+10  0.1000000000E+01
L2 0.1000000000E+01  0.3324285302E+02  0.3324285302E+02  0.3324285302E+02
L3 0.2827920309E+05  0.4875605450E+03  -.5946213364E+03  0.5620881422E+03
L4 0.1516757836E+03  0.2748649837E+03  0.2646623206E+03  0.2868602604E+03
L5 0.8263875647E+03  0.1756328566E+03  0.3856842955E+03  0.1724596951E+03
L6 0.7337768472E+03  -.8885473513E+04  0.1353570687E+04  -.1031708709E+05
L7 0.0000000000E+00  0.2461583074E+01  0.6962816179E+01  0.1093144961E+02
L8 0.3857626420E+01  0.4977966452E+02  0.4049751310E+01  0.0000000000E+00
L9 0.0000000000E+00  0.0000000000E+00  0.0000000000E+00  0.9796248802E+00  0.0000000000E+00
L0     6000  0.1200000000E+02  -.7095246226E+04  0.1635213074E+04
L1 0.2958922575E+03  0.2958922575E+03  -.8730459300E+10  0.1000000000E+01
L2 0.1000000000E+01  0.3317732745E+02  0.3317732745E+02  0.3317732745E+02
L3 0.2811284210E+05  -.2009979563E+01  -.4166772085E+02  -.1407660456E+03
L4 -.6148124867E+02  0.2783284724E+03  0.2521677348E+03  0.2721310493E+03
L5 0.8026272565E+03  0.2787351526E+03  0.2605983852E+03  0.3006123123E+03
L6 0.8399458500E+03  -.8730459300E+04  0.1268842336E+04  -.1008464246E+05
L7 0.0000000000E+00  0.2577814234E+01  0.1530326363E+02  0.1256844713E+02
L8 0.2836858913E+01  0.4865744083E+02  0.3397001388E+01  0.0000000000E+00
L9 0.0000000000E+00  0.0000000000E+00  0.0000000000E+00  0.9854219236E+00  0.0000000000E+00
L0     7000  0.1400000000E+02  -.7194548825E+04  0.1620288734E+04
L1 0.2931916940E+03  0.2931916940E+03  -.8814837559E+10  0.1000000000E+01
L2 0.1000000000E+01  0.3318794554E+02  0.3318794554E+02  0.3318794554E+02
L3 0.2813940602E+05  -.4649263879E+03  0.2999070747E+03  0.5022544823E+03
L4 0.1124117230E+03  0.2720446626E+03  0.2625914947E+03  0.2621497536E+03
L5 0.7967859109E+03  0.3662023324E+03  0.2018538123E+03  0.1604323357E+03
L6 0.7284884803E+03  -.8814837559E+04  0.1342598841E+04  -.1023098316E+05
L7 0.0000000000E+00  0.3739098860E+01  0.5498638801E+01  0.1235609403E+02
L8 0.2760689975E+01  0.4707915629E+02  0.2113086098E+01  0.0000000000E+00
L9 0.0000000000E+00  0.0000000000E+00  0.0000000000E+00  0.9844916742E+00  0.0000000000E+00
L0     8000  0.1600000000E+02  -.7170651177E+04  0.1623076206E+04
L1 0.2936960877E+03  0.2936960877E+03  -.8793727383E+10  0.1000000000E+01
L2 0.1000000000E+01  0.3318454388E+02  0.3318454388E+02  0.3318454388E+02
L3 0.2813172417E+05  -.3005726401E+03  -.5486885867E+03  0.2697963581E+02
L4 -.2740938637E+03  0.2553696403E+03  0.2567924291E+03  0.2801145046E+03
L5 0.7922765740E+03  0.3162254964E+03  0.3678834242E+03  0.2746520353E+03
L6 0.9587609559E+03  -.8793727383E+04  0.1271809692E+04  -.1014945620E+05
L7 0.0000000000E+00  0.3854442737E+01  0.1185600958E+02  0.1156298530E+02
L8 0.4263355225E+01  0.4971850947E+02  0.2663823967E+01  0.0000000000E+00
L9 0.0000000000E+00  0.0000000000E+00  0.0000000000E+00  0.9847605064E+00  0.0000000000E+00
L0     9000  0.1800000000E+02  -.7180142332E+04  0.1657525667E+04
L1 0.2999297273E+03  0.2999297273E+03  -.8837667999E+10  0.1000000000E+01
L2 0.1000000000E+01  0.3323904491E+02  0.3323904491E+02  0.3323904491E+02
L3 0.2826817193E+05  -.1613869416E+03  0.9555316171E+03  0.1223955133E+04
L4 0.6726999363E+03  0.2790133327E+03  0.2606379820E+03  0.2721896925E+03
L5 0.8118410072E+03  0.3118472497E+03  0.6623659198E+02  0.2317796438E+02
L6 0.4012618061E+03  -.8837667999E+04  0.1424261599E+04  -.1034135195E+05
L7 0.0000000000E+00  0.3266252629E+01  0.7568172357E+01  0.1118261780E+02
L8 0.4672250349E+01  0.4954210367E+02  0.3190953927E+01  0.0000000000E+00
L9 0.0000000000E+00  0.0000000000E+00  0.0000000000E+00  0.9800071619E+00  0.0000000000E+00
L0    10000  0.2000000000E+02  -.7131315420E+04  0.1669826442E+04
L1 0.3021555559E+03  0.3021555559E+03  -.8801141862E+10  0.1000000000E+01
L2 0.1000000000E+01  0.3317196647E+02  0.3317196647E+02  0.3317196647E+02
L3 0.2809973851E+05  -.3303676630E+03  -.1047328467E+03  -.3742211247E+03
L4 -.2697738782E+03  0.2566322689E+03  0.2828421171E+03  0.2750695184E+03
L5 0.8145439044E+03  0.3234445638E+03  0.3040228882E+03  0.3507505700E+03
L6 0.9782180221E+03  -.8801141862E+04  0.1278494105E+04  -.1015347509E+05
L7 0.0000000000E+00  0.4854170604E+01  0.7908606843E+01  0.1170229257E+02
L8 0.2415315479E+01  0.4461892864E+02  0.2339809137E+01  0.0000000000E+00
L9 0.0000000000E+00  0.0000000000E+00  0.0000000000E+00  0.9858814497E+00  0.0000000000E+00
