L0  Nsteps           time(ps)         Etot             EKinetic        
L1  Temp             T_solute         T_solv           Pres_scal_solu  
L2  Pres_scal_solv   BoxX             BoxY             BoxZ            
L3  volume           pres_X           pres_Y           pres_Z          
L4  Pressure         EKCoM_x          EKCoM_y          EKCoM_z         
L5  EKComTot         VIRIAL_x         VIRIAL_y         VIRIAL_z        
L6  VIRIAL_tot       E_pot            E_vdw            E_el            
L7  E_hbon           E_bon            E_angle          E_dih           
L8  E_14vdw          E_14el           E_const          E_pol           
L9  AV_permMoment    AV_indMoment     AV_totMoment     Density          dV/dlambda      
L0     1000  0.2000000000E+01  -.7271965897E+04  0.1658560182E+04
L1 0.2931595233E+03  0.2931595233E+03  -.8930526078E+10  0.1000000000E+01
L2 0.1000000000E+01  0.3447178910E+02  0.3447178910E+02  0.3447178910E+02
L3 0.3153699349E+05  -.7076338214E+03  -.2011209769E+04  -.1202712323E+04
L4 -.1307185304E+04  0.2802220978E+03  0.2576949705E+03  0.2643031196E+03
L5 0.8022201880E+03  0.4408368568E+03  0.7141880924E+03  0.5372880223E+03
L6 0.1692312971E+04  -.8930526078E+04  0.1268151972E+04  -.1027273545E+05
L7 0.0000000000E+00  0.2115711020E+01  0.9788588170E+01  0.1071546019E+02
L8 0.2438256399E+01  0.4589222691E+02  0.3107160151E+01  0.0000000000E+00
L9 0.0000000000E+00  0.0000000000E+00  0.0000000000E+00  0.8992987852E+00  0.0000000000E+00
L0     2000  0.4000000000E+01  -.7276850202E+04  0.1655019031E+04
L1 0.2925336057E+03  0.2925336057E+03  -.8931869233E+10  0.1000000000E+01
L2 0.1000000000E+01  0.3389354006E+02  0.3389354006E+02  0.3389354006E+02
L3 0.2997326525E+05  -.5925616569E+03  -.2149003468E+03  0.4134745555E+03
L4 -.1313291494E+03  0.2711041110E+03  0.2993103919E+03  0.2719034549E+03
L5 0.8423179578E+03  0.3989315780E+03  0.3456687188E+03  0.1827086775E+03
L6 0.9273089742E+03  -.8931869233E+04  0.1363540596E+04  -.1037146219E+05
L7 0.0000000000E+00  0.2916454798E+01  0.8761668371E+01  0.1298927114E+02
L8 0.3222537471E+01  0.4448188235E+02  0.3680551186E+01  0.0000000000E+00
L9 0.0000000000E+00  0.0000000000E+00  0.0000000000E+00  0.9462158927E+00  0.0000000000E+00
L0     3000  0.6000000000E+01  -.7207723380E+04  0.1748410707E+04
L1 0.3090410918E+03  0.3090410918E+03  -.8956134087E+10  0.1000000000E+01
L2 0.1000000000E+01  0.3357692650E+02  0.3357692650E+02  0.3357692650E+02
L3 0.2914096848E+05  -.3892821324E+02  -.4358638766E+01  -.1880126092E+03
L4 -.7709982040E+02  0.2936714637E+03  0.2787006010E+03  0.2873473071E+03
L5 0.8597193719E+03  0.3018358780E+03  0.2796147383E+03  0.3267791920E+03
L6 0.9082298083E+03  -.8956134087E+04  0.1323855418E+04  -.1035450878E+05
L7 0.0000000000E+00  0.3142668630E+01  0.1276008852E+02  0.9964193092E+01
L8 0.2785702875E+01  0.4442019425E+02  0.1446425196E+01  0.0000000000E+00
L9 0.0000000000E+00  0.0000000000E+00  0.0000000000E+00  0.9732408156E+00  0.0000000000E+00
L0     4000  0.8000000000E+01  -.7291714915E+04  0.1702373284E+04
L1 0.3009037271E+03  0.3009037271E+03  -.8994088199E+10  0.1000000000E+01
L2 0.1000000000E+01  0.3359901622E+02  0.3359901622E+02  0.3359901622E+02
L3 0.2919744350E+05  0.3499113992E+03  0.6028803733E+03  0.5642429274E+02
L4 0.3364053551E+03  0.2923011712E+03  0.2742232544E+03  0.2616525305E+03
L5 0.8281769561E+03  0.2187720293E+03  0.1475361084E+03  0.2497957295E+03
L6 0.6161038673E+03  -.8994088199E+04  0.1404621593E+04  -.1047827565E+05
L7 0.0000000000E+00  0.3348970665E+01  0.9861806921E+01  0.1026734971E+02
L8 0.3261261422E+01  0.4689607779E+02  0.5930392876E+01  0.0000000000E+00
L9 0.0000000000E+00  0.0000000000E+00  0.0000000000E+00  0.9713583292E+00  0.0000000000E+00
L0     5000  0.1000000000E+02  -.7326258473E+04  0.1713262935E+04
L1 0.3028285322E+03  0.3028285322E+03  -.9039521409E+10  0.1000000000E+01
L2 0.1000000000E+01  0.3352806889E+02  0.3352806889E+02  0.3352806889E+02
L3 0.2901357104E+05  -.3380440864E+03  0.2656607916E+03  0.2744346371E+03
L4 0.6735044740E+02  0.2841140250E+03  0.2911578344E+03  0.2699233185E+03
L5 0.8451951779E+03  0.3547020627E+03  0.2356843778E+03  0.2126177679E+03
L6 0.8030042084E+03  -.9039521409E+04  0.1371938483E+04  -.1047833648E+05
L7 0.0000000000E+00  0.2325324272E+01  0.5012804512E+01  0.1044614230E+02
L8 0.2943639961E+01  0.4428419225E+02  0.1864488946E+01  0.0000000000E+00
L9 0.0000000000E+00  0.0000000000E+00  0.0000000000E+00  0.9775142775E+00  0.0000000000E+00
L0     6000  0.1200000000E+02  -.7344962140E+04  0.1690549775E+04
L1 0.2988138578E+03  0.2988138578E+03  -.9035511915E+10  0.1000000000E+01
L2 0.1000000000E+01  0.3351482465E+02  0.3351482465E+02  0.3351482465E+02
L3 0.2897957968E+05  -.2852296602E+03  0.2482538722E+02  0.2394697964E+02
L4 -.7881909777E+02  0.2809743470E+03  0.2826821671E+03  0.2621086430E+03
L5 0.8257651571E+03  0.3404642617E+03  0.2775043740E+03  0.2571140580E+03
L6 0.8750826938E+03  -.9035511915E+04  0.1348403552E+04  -.1046133613E+05
L7 0.0000000000E+00  0.3637767398E+01  0.9307431472E+01  0.9518502395E+01
L8 0.3726612897E+01  0.4864654998E+02  0.2583801945E+01  0.0000000000E+00
L9 0.0000000000E+00  0.0000000000E+00  0.0000000000E+00  0.9786608448E+00  0.0000000000E+00
L0     7000  0.1400000000E+02  -.7242705681E+04  0.1742748307E+04
L1 0.3080402318E+03  0.3080402318E+03  -.8985453988E+10  0.1000000000E+01
L2 0.1000000000E+01  0.3358385425E+02  0.3358385425E+02  0.3358385425E+02
L3 0.2916059330E+05  -.5127646386E+03  -.5926367765E+03  -.9523177812E+03
L4 -.6859063988E+03  0.2797540760E+03  0.2822607852E+03  0.2865092305E+03
L5 0.8485240917E+03  0.3873686284E+03  0.4066382025E+03  0.4863733475E+03
L6 0.1280380178E+04  -.8985453988E+04  0.1259829161E+04  -.1032109928E+05
L7 0.0000000000E+00  0.2791828828E+01  0.8456787530E+01  0.1013216065E+02
L8 0.3446878729E+01  0.4719388555E+02  0.3794593911E+01  0.0000000000E+00
L9 0.0000000000E+00  0.0000000000E+00  0.0000000000E+00  0.9725858333E+00  0.0000000000E+00
L0     8000  0.1600000000E+02  -.7393126847E+04  0.1649211684E+04
L1 0.2915071255E+03  0.2915071255E+03  -.9042338531E+10  0.1000000000E+01
L2 0.1000000000E+01  0.3350795987E+02  0.3350795987E+02  0.3350795987E+02
L3 0.2896195906E+05  -.9887343414E+02  -.5170668460E+03  0.1667191534E+03
L4 -.1497403756E+03  0.2678676578E+03  0.2519390706E+03  0.2613434112E+03
L5 0.7811501396E+03  0.2884770002E+03  0.3597173404E+03  0.2265921947E+03
L6 0.8747865353E+03  -.9042338531E+04  0.1348590762E+04  -.1047311592E+05
L7 0.0000000000E+00  0.4178654196E+01  0.1236115954E+02  0.1539845312E+02
L8 0.2690540095E+01  0.4469554891E+02  0.2862270894E+01  0.0000000000E+00
L9 0.0000000000E+00  0.0000000000E+00  0.0000000000E+00  0.9792562678E+00  0.0000000000E+00
L0     9000  0.1800000000E+02  -.7386399488E+04  0.1683012145E+04
L1 0.2974815407E+03  0.2974815407E+03  -.9069411633E+10  0.1000000000E+01
L2 0.1000000000E+01  0.3345433339E+02  0.3345433339E+02  0.3345433339E+02
L3 0.2882383550E+05  -.6081785677E+03  0.2044657907E+02  -.6865088874E+03
L4 -.4247469587E+03  0.2559501448E+03  0.2745549665E+03  0.3145863908E+03
L5 0.8450915021E+03  0.3821153104E+03  0.2703133734E+03  0.4570009909E+03
L6 0.1109429675E+04  -.9069411633E+04  0.1308690726E+04  -.1045361535E+05
L7 0.0000000000E+00  0.1078041290E+01  0.7973141419E+01  0.1243311407E+02
L8 0.3193058188E+01  0.4577427679E+02  0.5061360934E+01  0.0000000000E+00
L9 0.0000000000E+00  0.0000000000E+00  0.0000000000E+00  0.9839488547E+00  0.0000000000E+00
L0    10000  0.2000000000E+02  -.7230962027E+04  0.1727286384E+04
L1 0.3053072529E+03  0.3053072529E+03  -.8958248411E+10  0.1000000000E+01
L2 0.1000000000E+01  0.3348059056E+02  0.3348059056E+02  0.3348059056E+02
L3 0.2889039418E+05  0.2340149803E+03  0.5826897083E+03  -.5041220986E+03
L4 0.1041941967E+03  0.2688178598E+03  0.2886579539E+03  0.2784897440E+03
L5 0.8359655577E+03  0.2201599212E+03  0.1675012653E+03  0.3833101369E+03
L6 0.7709713233E+03  -.8958248411E+04  0.1340618176E+04  -.1037396941E+05
L7 0.0000000000E+00  0.4685897246E+01  0.8341905927E+01  0.1167197528E+02
L8 0.2574955443E+01  0.4615194455E+02  0.1676147207E+01  0.0000000000E+00
L9 0.0000000000E+00  0.0000000000E+00  0.0000000000E+00  0.9816819998E+00  0.0000000000E+00
