L0  Nsteps           time(ps)         Etot             EKinetic        
L1  Temp             T_solute         T_solv           Pres_scal_solu  
L2  Pres_scal_solv   BoxX             BoxY             BoxZ            
L3  volume           pres_X           pres_Y           pres_Z          
L4  Pressure         EKCoM_x          EKCoM_y          EKCoM_z         
L5  EKComTot         VIRIAL_x         VIRIAL_y         VIRIAL_z        
L6  VIRIAL_tot       E_pot            E_vdw            E_el            
L7  E_hbon           E_bon            E_angle          E_dih           
L8  E_14vdw          E_14el           E_const          E_pol           
L9  AV_permMoment    AV_indMoment     AV_totMoment     Density          dV/dlambda      
L0     1000  0.2000000000E+01  -.7635050796E+04  0.1775226034E+04
L1 0.2968873613E+03  0.2968873613E+03  -.9410276831E+10  0.1000000000E+01
L2 0.1000000000E+01  0.3498419762E+02  0.3498419762E+02  0.3498419762E+02
L3 0.3296307787E+05  -.7053454542E+03  -.1012080308E+04  -.9022606604E+03
L4 -.8732288076E+03  0.2922860332E+03  0.2892172408E+03  0.2874601317E+03
L5 0.8689634058E+03  0.4596208098E+03  0.5293211944E+03  0.5015106869E+03
L6 0.1490452691E+04  -.9410276831E+04  0.1367710475E+04  -.1085277247E+05
L7 0.0000000000E+00  0.3540578309E+01  0.1017720211E+02  0.9493584283E+01
L8 0.2677647406E+01  0.4486065829E+02  0.4035494099E+01  0.0000000000E+00
L9 0.0000000000E+00  0.0000000000E+00  0.0000000000E+00  0.9094019000E+00  0.0000000000E+00
L0     2000  0.4000000000E+01  -.7720822376E+04  0.1777147448E+04
L1 0.2972086970E+03  0.2972086970E+03  -.9497969824E+10  0.1000000000E+01
L2 0.1000000000E+01  0.3448118241E+02  0.3448118241E+02  0.3448118241E+02
L3 0.3155953355E+05  -.3731014884E+03  -.1611036208E+03  0.7333086017E+02
L4 -.1536247497E+03  0.2898962976E+03  0.2713359193E+03  0.2934740559E+03
L5 0.8547062728E+03  0.3746413080E+03  0.3079284509E+03  0.2768179323E+03
L6 0.9593876913E+03  -.9497969824E+04  0.1449426231E+04  -.1101838150E+05
L7 0.0000000000E+00  0.2823158842E+01  0.9343138169E+01  0.1197136151E+02
L8 0.2553087429E+01  0.4197243337E+02  0.2322266528E+01  0.0000000000E+00
L9 0.0000000000E+00  0.0000000000E+00  0.0000000000E+00  0.9498456493E+00  0.0000000000E+00
L0     3000  0.6000000000E+01  -.7696827119E+04  0.1790524450E+04
L1 0.2994458560E+03  0.2994458560E+03  -.9487351569E+10  0.1000000000E+01
L2 0.1000000000E+01  0.3421699727E+02  0.3421699727E+02  0.3421699727E+02
L3 0.3083823119E+05  0.6103839936E+02  0.1219388795E+04  -.1652841338E+03
L4 0.3717143536E+03  0.3218703598E+03  0.2998618355E+03  0.2793857750E+03
L5 0.9011179703E+03  0.3083231712E+03  0.2922416914E+02  0.3160698191E+03
L6 0.6536171594E+03  -.9487351569E+04  0.1459532499E+04  -.1101982170E+05
L7 0.0000000000E+00  0.2508165973E+01  0.9280526374E+01  0.1133984447E+02
L8 0.3310869515E+01  0.4403009449E+02  0.2468127288E+01  0.0000000000E+00
L9 0.0000000000E+00  0.0000000000E+00  0.0000000000E+00  0.9720624200E+00  0.0000000000E+00
L0     4000  0.8000000000E+01  -.7740411831E+04  0.1758990098E+04
L1 0.2941720765E+03  0.2941720765E+03  -.9499401928E+10  0.1000000000E+01
L2 0.1000000000E+01  0.3412664202E+02  0.3412664202E+02  0.3412664202E+02
L3 0.3059750132E+05  -.1175433990E+04  0.8834976087E+02  -.1012853369E+04
L4 -.6999791994E+03  0.2750276258E+03  0.3054291349E+03  0.3012708064E+03
L5 0.8817275671E+03  0.5338732259E+03  0.2859733874E+03  0.5243140743E+03
L6 0.1344160688E+04  -.9499401928E+04  0.1337165375E+04  -.1090795510E+05
L7 0.0000000000E+00  0.6117232272E+00  0.3821796310E+01  0.1116783481E+02
L8 0.4196691393E+01  0.4770084093E+02  0.3888910774E+01  0.0000000000E+00
L9 0.0000000000E+00  0.0000000000E+00  0.0000000000E+00  0.9797102490E+00  0.0000000000E+00
L0     5000  0.1000000000E+02  -.7823204748E+04  0.1726530978E+04
L1 0.2887436396E+03  0.2887436396E+03  -.9549735726E+10  0.1000000000E+01
L2 0.1000000000E+01  0.3414108910E+02  0.3414108910E+02  0.3414108910E+02
L3 0.3063402954E+05  -.1187845914E+03  0.7549661590E+03  -.1591162329E+03
L4 0.1590217782E+03  0.2793050857E+03  0.3035417436E+03  0.2732069012E+03
L5 0.8560537305E+03  0.3054942002E+03  0.1370900602E+03  0.3082881621E+03
L6 0.7508724225E+03  -.9549735726E+04  0.1460398827E+04  -.1108587860E+05
L7 0.0000000000E+00  0.1057274525E+01  0.6058240444E+01  0.1365552086E+02
L8 0.3122299605E+01  0.4851274389E+02  0.3337967023E+01  0.0000000000E+00
L9 0.0000000000E+00  0.0000000000E+00  0.0000000000E+00  0.9785420363E+00  0.0000000000E+00
L0     6000  0.1200000000E+02  -.7695285619E+04  0.1757038252E+04
L1 0.2938456513E+03  0.2938456513E+03  -.9452323870E+10  0.1000000000E+01
L2 0.1000000000E+01  0.3409871426E+02  0.3409871426E+02  0.3409871426E+02
L3 0.3052030647E+05  -.1108137019E+03  0.3029324423E+03  0.6302561928E+02
L4 0.8504811988E+02  0.2978102070E+03  0.3176571577E+03  0.2734645919E+03
L5 0.8889319566E+03  0.3221512360E+03  0.2511158615E+03  0.2596205600E+03
L6 0.8328876575E+03  -.9452323870E+04  0.1410131906E+04  -.1093325913E+05
L7 0.0000000000E+00  0.2920725358E+01  0.6950875681E+01  0.1058506860E+02
L8 0.3001784647E+01  0.4251519728E+02  0.4829705053E+01  0.0000000000E+00
L9 0.0000000000E+00  0.0000000000E+00  0.0000000000E+00  0.9821882250E+00  0.0000000000E+00
L0     7000  0.1400000000E+02  -.7720118065E+04  0.1785700417E+04
L1 0.2986390886E+03  0.2986390886E+03  -.9505818482E+10  0.1000000000E+01
L2 0.1000000000E+01  0.3406517687E+02  0.3406517687E+02  0.3406517687E+02
L3 0.3043089474E+05  -.4169778342E+02  -.4473088658E+03  0.1325588242E+03
L4 -.1188159417E+03  0.3043439933E+03  0.2885739688E+03  0.3100020023E+03
L5 0.9029199644E+03  0.3134763796E+03  0.3865407429E+03  0.2809698025E+03
L6 0.9809869250E+03  -.9505818482E+04  0.1381485931E+04  -.1096048086E+05
L7 0.0000000000E+00  0.2489220707E+01  0.7807948290E+01  0.1302728959E+02
L8 0.3541886982E+01  0.4415753579E+02  0.2152564357E+01  0.0000000000E+00
L9 0.0000000000E+00  0.0000000000E+00  0.0000000000E+00  0.9850740802E+00  0.0000000000E+00
L0     8000  0.1600000000E+02  -.7808149640E+04  0.1773442810E+04
L1 0.2965891364E+03  0.2965891364E+03  -.9581592451E+10  0.1000000000E+01
L2 0.1000000000E+01  0.3401414239E+02  0.3401414239E+02  0.3401414239E+02
L3 0.3029427706E+05  0.1767803305E+03  -.4839735060E+03  0.9634296665E+01
L4 -.9918629296E+02  0.2948537311E+03  0.2931977693E+03  0.2898315007E+03
L5 0.8778830011E+03  0.2563102342E+03  0.3987187359E+03  0.2877309305E+03
L6 0.9427599006E+03  -.9581592451E+04  0.1421534701E+04  -.1108174122E+05
L7 0.0000000000E+00  0.3596089231E+01  0.5988385238E+01  0.1215991552E+02
L8 0.2794767519E+01  0.4796938522E+02  0.6105525245E+01  0.0000000000E+00
L9 0.0000000000E+00  0.0000000000E+00  0.0000000000E+00  0.9895164549E+00  0.0000000000E+00
L0     9000  0.1800000000E+02  -.7834355970E+04  0.1749600252E+04
L1 0.2926017263E+03  0.2926017263E+03  -.9583956222E+10  0.1000000000E+01
L2 0.1000000000E+01  0.3405472961E+02  0.3405472961E+02  0.3405472961E+02
L3 0.3040260226E+05  -.6554303559E+01  -.5377744171E+03  0.5230742712E+03
L4 -.7084816488E+01  0.2899428527E+03  0.2868495043E+03  0.2767137777E+03
L5 0.8535061346E+03  0.2913770004E+03  0.4045199710E+03  0.1622598511E+03
L6 0.8581568226E+03  -.9583956222E+04  0.1445950349E+04  -.1110760379E+05
L7 0.0000000000E+00  0.2998936231E+01  0.1006551809E+02  0.1189528829E+02
L8 0.3258704406E+01  0.4480104050E+02  0.4677729647E+01  0.0000000000E+00
L9 0.0000000000E+00  0.0000000000E+00  0.0000000000E+00  0.9859907841E+00  0.0000000000E+00
L0    10000  0.2000000000E+02  -.7742568632E+04  0.1763394918E+04
L1 0.2949087351E+03  0.2949087351E+03  -.9505963550E+10  0.1000000000E+01
L2 0.1000000000E+01  0.3405228862E+02  0.3405228862E+02  0.3405228862E+02
L3 0.3039568659E+05  -.3905904066E+03  0.7163365782E+03  0.7179227609E+02
L4 0.1325128159E+03  0.2843736306E+03  0.2969483564E+03  0.2888241562E+03
L5 0.8701461433E+03  0.3698193106E+03  0.1402423417E+03  0.2731188553E+03
L6 0.7831805076E+03  -.9505963550E+04  0.1411113194E+04  -.1099088826E+05
L7 0.0000000000E+00  0.3256738288E+01  0.8406734549E+01  0.1011058327E+02
L8 0.2472033511E+01  0.4755940070E+02  0.2006025124E+01  0.0000000000E+00
L9 0.0000000000E+00  0.0000000000E+00  0.0000000000E+00  0.9862151181E+00  0.0000000000E+00
