L0  Nsteps           time(ps)         Etot             EKinetic        
L1  Temp             T_solute         T_solv           Pres_scal_solu  
L2  Pres_scal_solv   BoxX             BoxY             BoxZ            
L3  volume           pres_X           pres_Y           pres_Z          
L4  Pressure         EKCoM_x          EKCoM_y          EKCoM_z         
L5  EKComTot         VIRIAL_x         VIRIAL_y         VIRIAL_z        
L6  VIRIAL_tot       E_pot            E_vdw            E_el            
L7  E_hbon           E_bon            E_angle          E_dih           
L8  E_14vdw          E_14el           E_const          E_pol           
L9  AV_permMoment    AV_indMoment     AV_totMoment     Density          dV/dlambda      
L0     1000  0.2000000000E+01  -.7495143088E+04  0.1718996668E+04
L1 0.2909647412E+03  0.2909647412E+03  -.9214139755E+10  0.1000000000E+01
L2 0.1000000000E+01  0.3495065585E+02  0.3495065585E+02  0.3495065585E+02
L3 0.3286811278E+05  -.1036185828E+04  -.1700812735E+03  -.1163730144E+04
L4 -.7899990818E+03  0.2942730590E+03  0.2922536565E+03  0.2978251847E+03
L5 0.8843519001E+03  0.5393875553E+03  0.3324871596E+03  0.5731108721E+03
L6 0.1444985587E+04  -.9214139755E+04  0.1349781894E+04  -.1064082457E+05
L7 0.0000000000E+00  0.3331324473E+01  0.8287649133E+01  0.1142990988E+02
L8 0.3129521037E+01  0.4557598179E+02  0.5148532863E+01  0.0000000000E+00
L9 0.0000000000E+00  0.0000000000E+00  0.0000000000E+00  0.9011069353E+00  0.0000000000E+00
L0     2000  0.4000000000E+01  -.7559373544E+04  0.1776006767E+04
L1 0.3006145149E+03  0.3006145149E+03  -.9335380311E+10  0.1000000000E+01
L2 0.1000000000E+01  0.3436741485E+02  0.3436741485E+02  0.3436741485E+02
L3 0.3124819763E+05  -.6328548381E+03  -.1874054692E+03  0.3399479048E+03
L4 -.1601041342E+03  0.2791300826E+03  0.2884407176E+03  0.3012324503E+03
L5 0.8688032505E+03  0.4214565458E+03  0.3305874407E+03  0.2247795577E+03
L6 0.9768235443E+03  -.9335380311E+04  0.1408517208E+04  -.1081814974E+05
L7 0.0000000000E+00  0.3918533638E+01  0.1166198743E+02  0.9959095512E+01
L8 0.2484858159E+01  0.4256236729E+02  0.3665376320E+01  0.0000000000E+00
L9 0.0000000000E+00  0.0000000000E+00  0.0000000000E+00  0.9478205662E+00  0.0000000000E+00
L0     3000  0.6000000000E+01  -.7667745968E+04  0.1717498401E+04
L1 0.2907111382E+03  0.2907111382E+03  -.9385244369E+10  0.1000000000E+01
L2 0.1000000000E+01  0.3404565808E+02  0.3404565808E+02  0.3404565808E+02
L3 0.3037900418E+05  -.6859013509E+03  -.3709828669E+03  0.2701214876E+03
L4 -.2622542434E+03  0.2853948896E+03  0.2836475437E+03  0.2724348283E+03
L5 0.8414772615E+03  0.4353605318E+03  0.3647593301E+03  0.2133753989E+03
L6 0.1013495261E+04  -.9385244369E+04  0.1373979834E+04  -.1083126137E+05
L7 0.0000000000E+00  0.6607276066E+01  0.8745714723E+01  0.1151743483E+02
L8 0.2016579875E+01  0.4109291343E+02  0.2057245853E+01  0.0000000000E+00
L9 0.0000000000E+00  0.0000000000E+00  0.0000000000E+00  0.9749392771E+00  0.0000000000E+00
L0     4000  0.8000000000E+01  -.7716092167E+04  0.1729252264E+04
L1 0.2927006474E+03  0.2927006474E+03  -.9445344432E+10  0.1000000000E+01
L2 0.1000000000E+01  0.3393287553E+02  0.3393287553E+02  0.3393287553E+02
L3 0.3007818431E+05  0.3884441291E+03  -.6954115073E+03  -.5797005899E+03
L4 -.2955559894E+03  0.2839919936E+03  0.2874603345E+03  0.3067566369E+03
L5 0.8782089650E+03  0.1999034640E+03  0.4379996958E+03  0.4322474516E+03
L6 0.1070150611E+04  -.9445344432E+04  0.1354550451E+04  -.1087688953E+05
L7 0.0000000000E+00  0.2429473560E+01  0.7646251542E+01  0.1429271265E+02
L8 0.3827768697E+01  0.4448622512E+02  0.4312218643E+01  0.0000000000E+00
L9 0.0000000000E+00  0.0000000000E+00  0.0000000000E+00  0.9846899023E+00  0.0000000000E+00
L0     5000  0.1000000000E+02  -.7603913967E+04  0.1753674633E+04
L1 0.2968344821E+03  0.2968344821E+03  -.9357588599E+10  0.1000000000E+01
L2 0.1000000000E+01  0.3386460752E+02  0.3386460752E+02  0.3386460752E+02
L3 0.2989651510E+05  -.3977569227E+03  0.2722983179E+03  -.2039179719E+03
L4 -.1097921922E+03  0.2660797305E+03  0.2888837355E+03  0.2981611209E+03
L5 0.8531245870E+03  0.3516641865E+03  0.2302939233E+03  0.3420376890E+03
L6 0.9239957988E+03  -.9357588599E+04  0.1361760210E+04  -.1079527825E+05
L7 0.0000000000E+00  0.1994718496E+01  0.8380567120E+01  0.1030779310E+02
L8 0.4472340882E+01  0.4794609054E+02  0.2827930082E+01  0.0000000000E+00
L9 0.0000000000E+00  0.0000000000E+00  0.0000000000E+00  0.9906734707E+00  0.0000000000E+00
L0     6000  0.1200000000E+02  -.7696471946E+04  0.1756132267E+04
L1 0.2972504719E+03  0.2972504719E+03  -.9452604213E+10  0.1000000000E+01
L2 0.1000000000E+01  0.3395259150E+02  0.3395259150E+02  0.3395259150E+02
L3 0.3012938450E+05  0.4206731941E+03  -.3203716212E+03  0.4185201112E+03
L4 0.1729405614E+03  0.2951267889E+03  0.2938251748E+03  0.2898130585E+03
L5 0.8787650222E+03  0.2039064505E+03  0.3632957474E+03  0.1990596026E+03
L6 0.7662618006E+03  -.9452604213E+04  0.1437830801E+04  -.1096482454E+05
L7 0.0000000000E+00  0.2156193253E+01  0.9640692279E+01  0.1098678971E+02
L8 0.3839887521E+01  0.4575463861E+02  0.2011328995E+01  0.0000000000E+00
L9 0.0000000000E+00  0.0000000000E+00  0.0000000000E+00  0.9830165755E+00  0.0000000000E+00
L0     7000  0.1400000000E+02  -.7710830574E+04  0.1747071754E+04
L1 0.2957168506E+03  0.2957168506E+03  -.9457902328E+10  0.1000000000E+01
L2 0.1000000000E+01  0.3393206754E+02  0.3393206754E+02  0.3393206754E+02
L3 0.3007579193E+05  -.6263039072E+03  -.8876957076E+02  0.1010569416E+03
L4 -.2046721788E+03  0.2852690893E+03  0.2673446933E+03  0.2827782174E+03
L5 0.8353920000E+03  0.4208375837E+03  0.2865595775E+03  0.2609036334E+03
L6 0.9683007946E+03  -.9457902328E+04  0.1389745438E+04  -.1092542704E+05
L7 0.0000000000E+00  0.3946081702E+01  0.5928598759E+01  0.1200771585E+02
L8 0.4295009661E+01  0.4678662095E+02  0.4815248872E+01  0.0000000000E+00
L9 0.0000000000E+00  0.0000000000E+00  0.0000000000E+00  0.9847682296E+00  0.0000000000E+00
L0     8000  0.1600000000E+02  -.7675346427E+04  0.1747369531E+04
L1 0.2957672537E+03  0.2957672537E+03  -.9422715959E+10  0.1000000000E+01
L2 0.1000000000E+01  0.3397679232E+02  0.3397679232E+02  0.3397679232E+02
L3 0.3019444842E+05  -.9889380325E+02  0.4692299353E+03  -.5096858281E+03
L4 -.4644989869E+02  0.3188595951E+03  0.2890020278E+03  0.2922099531E+03
L5 0.9000715761E+03  0.3403504039E+03  0.1870327388E+03  0.4029707926E+03
L6 0.9303539352E+03  -.9422715959E+04  0.1398915316E+04  -.1090514804E+05
L7 0.0000000000E+00  0.1482492783E+01  0.9166732791E+01  0.1211219227E+02
L8 0.5518999607E+01  0.5011383283E+02  0.5122517959E+01  0.0000000000E+00
L9 0.0000000000E+00  0.0000000000E+00  0.0000000000E+00  0.9808983413E+00  0.0000000000E+00
L0     9000  0.1800000000E+02  -.7660006324E+04  0.1761522473E+04
L1 0.2981628412E+03  0.2981628412E+03  -.9421528797E+10  0.1000000000E+01
L2 0.1000000000E+01  0.3396581150E+02  0.3396581150E+02  0.3396581150E+02
L3 0.3016450700E+05  0.5951105876E+03  0.5152281618E+02  -.3269824948E+02
L4 0.2046450514E+03  0.2964474337E+03  0.2824054355E+03  0.3134153451E+03
L5 0.8922682143E+03  0.1672510110E+03  0.2712200127E+03  0.3205140205E+03
L6 0.7589850441E+03  -.9421528797E+04  0.1430936304E+04  -.1092952177E+05
L7 0.0000000000E+00  0.2710948761E+01  0.7076097386E+01  0.1383084491E+02
L8 0.3667818055E+01  0.4669887487E+02  0.3072086146E+01  0.0000000000E+00
L9 0.0000000000E+00  0.0000000000E+00  0.0000000000E+00  0.9818719854E+00  0.0000000000E+00
L0    10000  0.2000000000E+02  -.7608586375E+04  0.1764541677E+04
L1 0.2986738846E+03  0.2986738846E+03  -.9373128052E+10  0.1000000000E+01
L2 0.1000000000E+01  0.3396748138E+02  0.3396748138E+02  0.3396748138E+02
L3 0.3016889241E+05  0.3945209494E+03  -.1116619361E+03  0.4021906594E+03
L4 0.2283498909E+03  0.3042718945E+03  0.2858912287E+03  0.3195213325E+03
L5 0.9096844558E+03  0.2186103273E+03  0.3101361680E+03  0.2321944561E+03
L6 0.7609409513E+03  -.9373128052E+04  0.1409514561E+04  -.1086302388E+05
L7 0.0000000000E+00  0.2305870353E+01  0.9152705839E+01  0.1107937015E+02
L8 0.5051343955E+01  0.4577720423E+02  0.7014769687E+01  0.0000000000E+00
L9 0.0000000000E+00  0.0000000000E+00  0.0000000000E+00  0.9817292584E+00  0.0000000000E+00
