L0  Nsteps           time(ps)         Etot             EKinetic        
L1  Temp             T_solute         T_solv           Pres_scal_solu  
L2  Pres_scal_solv   BoxX             BoxY             BoxZ            
L3  volume           pres_X           pres_Y           pres_Z          
L4  Pressure         EKCoM_x          EKCoM_y          EKCoM_z         
L5  EKComTot         VIRIAL_x         VIRIAL_y         VIRIAL_z        
L6  VIRIAL_tot       E_pot            E_vdw            E_el            
L7  E_hbon           E_bon            E_angle          E_dih           
L8  E_14vdw          E_14el           E_const          E_pol           
L9  AV_permMoment    AV_indMoment     AV_totMoment     Density          dV/dlambda      
L0     1000  0.2000000000E+01  -.7435445773E+04  0.1782963642E+04
L1 0.3024023628E+03  0.3024023628E+03  -.9218409415E+10  0.1000000000E+01
L2 0.1000000000E+01  0.3499601009E+02  0.3499601009E+02  0.3499601009E+02
L3 0.3299628324E+05  -.9316628250E+03  -.9219317473E+03  -.5663195598E+03
L4 -.8066380440E+03  0.2966895053E+03  0.2735293378E+03  0.3218353536E+03
L5 0.8920541967E+03  0.5179380230E+03  0.4924669480E+03  0.4563232389E+03
L6 0.1466728210E+04  -.9218409415E+04  0.1358226036E+04  -.1065296188E+05
L7 0.0000000000E+00  0.1692123413E+01  0.1237966049E+02  0.1285964199E+02
L8 0.3276472588E+01  0.4301502977E+02  0.3103502393E+01  0.0000000000E+00
L9 0.0000000000E+00  0.0000000000E+00  0.0000000000E+00  0.8957933417E+00  0.0000000000E+00
L0     2000  0.4000000000E+01  -.7498357423E+04  0.1782637577E+04
L1 0.3023470599E+03  0.3023470599E+03  -.9280995000E+10  0.1000000000E+01
L2 0.1000000000E+01  0.3445274737E+02  0.3445274737E+02  0.3445274737E+02
L3 0.3148220024E+05  -.3916359319E+03  -.4440466071E+03  -.3509844817E+03
L4 -.3955556736E+03  0.2919910137E+03  0.3066691752E+03  0.2747292540E+03
L5 0.8733894429E+03  0.3807279004E+03  0.4072812750E+03  0.3542553334E+03
L6 0.1142264509E+04  -.9280995000E+04  0.1383591400E+04  -.1074018446E+05
L7 0.0000000000E+00  0.2144903603E+01  0.1022279963E+02  0.1107829476E+02
L8 0.3167805674E+01  0.4643670861E+02  0.2547551813E+01  0.0000000000E+00
L9 0.0000000000E+00  0.0000000000E+00  0.0000000000E+00  0.9388750023E+00  0.0000000000E+00
L0     3000  0.6000000000E+01  -.7497177939E+04  0.1834526943E+04
L1 0.3111478379E+03  0.3111478379E+03  -.9331704882E+10  0.1000000000E+01
L2 0.1000000000E+01  0.3414205300E+02  0.3414205300E+02  0.3414205300E+02
L3 0.3063568141E+05  0.5635562279E+03  0.3117101717E+03  0.6369172320E+03
L4 0.5040612105E+03  0.2917894034E+03  0.3302378139E+03  0.3024816369E+03
L5 0.9245088542E+03  0.1675322563E+03  0.2615095935E+03  0.1620492997E+03
L6 0.5910911495E+03  -.9331704882E+04  0.1468694532E+04  -.1087322709E+05
L7 0.0000000000E+00  0.4433149181E+01  0.6155464967E+01  0.1040538973E+02
L8 0.2687643942E+01  0.4707176756E+02  0.2074258589E+01  0.0000000000E+00
L9 0.0000000000E+00  0.0000000000E+00  0.0000000000E+00  0.9648178028E+00  0.0000000000E+00
L0     4000  0.8000000000E+01  -.7653005898E+04  0.1701969587E+04
L1 0.2886652382E+03  0.2886652382E+03  -.9354975485E+10  0.1000000000E+01
L2 0.1000000000E+01  0.3391251974E+02  0.3391251974E+02  0.3391251974E+02
L3 0.3002302284E+05  0.1020166816E+03  -.7474000270E+02  0.2775556011E+03
L4 0.1016107600E+03  0.2853959040E+03  0.2890176372E+03  0.2770416434E+03
L5 0.8514551846E+03  0.2633523208E+03  0.3051673241E+03  0.2170679227E+03
L6 0.7855875677E+03  -.9354975485E+04  0.1389438226E+04  -.1082336467E+05
L7 0.0000000000E+00  0.4288013396E+01  0.9215562987E+01  0.1147479960E+02
L8 0.3120381301E+01  0.4512961045E+02  0.5722595857E+01  0.0000000000E+00
L9 0.0000000000E+00  0.0000000000E+00  0.0000000000E+00  0.9845061568E+00  0.0000000000E+00
L0     5000  0.1000000000E+02  -.7542613265E+04  0.1811828541E+04
L1 0.3072980396E+03  0.3072980396E+03  -.9354441806E+10  0.1000000000E+01
L2 0.1000000000E+01  0.3395739450E+02  0.3395739450E+02  0.3395739450E+02
L3 0.3014212988E+05  -.1660292281E+03  0.1437227047E+03  0.5890134536E+03
L4 0.1889023101E+03  0.3137680232E+03  0.3135337588E+03  0.2998418693E+03
L5 0.9271436513E+03  0.3497856477E+03  0.2823552099E+03  0.1720639737E+03
L6 0.8042048313E+03  -.9354441806E+04  0.1401942265E+04  -.1083278363E+05
L7 0.0000000000E+00  0.3274971811E+01  0.9026613238E+01  0.1137451712E+02
L8 0.3203897296E+01  0.4474097327E+02  0.4778590340E+01  0.0000000000E+00
L9 0.0000000000E+00  0.0000000000E+00  0.0000000000E+00  0.9806158671E+00  0.0000000000E+00
L0     6000  0.1200000000E+02  -.7611513582E+04  0.1806506048E+04
L1 0.3063953096E+03  0.3063953096E+03  -.9418019630E+10  0.1000000000E+01
L2 0.1000000000E+01  0.3394638983E+02  0.3394638983E+02  0.3394638983E+02
L3 0.3011337128E+05  0.2260908075E+03  0.8509901066E+01  -.2672584818E+03
L4 -.1088592439E+02  0.3090209469E+03  0.2870632674E+03  0.3169885374E+03
L5 0.9130727517E+03  0.2600206328E+03  0.2852189296E+03  0.3749110584E+03
L6 0.9201506208E+03  -.9418019630E+04  0.1413222608E+04  -.1090606480E+05
L7 0.0000000000E+00  0.5419200041E+01  0.9728234208E+01  0.1187564462E+02
L8 0.2679166685E+01  0.4254027245E+02  0.2580041482E+01  0.0000000000E+00
L9 0.0000000000E+00  0.0000000000E+00  0.0000000000E+00  0.9815523659E+00  0.0000000000E+00
L0     7000  0.1400000000E+02  -.7535322569E+04  0.1834208970E+04
L1 0.3110939075E+03  0.3110939075E+03  -.9369531539E+10  0.1000000000E+01
L2 0.1000000000E+01  0.3395000862E+02  0.3395000862E+02  0.3395000862E+02
L3 0.3012233086E+05  -.3198813500E+03  -.6234731308E+02  0.1099838485E+04
L4 0.2392032739E+03  0.2922450017E+03  0.3044369513E+03  0.3089412838E+03
L5 0.9056232368E+03  0.3615930232E+03  0.3179534092E+03  0.7050405448E+02
L6 0.7500504868E+03  -.9369531539E+04  0.1416626080E+04  -.1086679860E+05
L7 0.0000000000E+00  0.2936458476E+01  0.1122028819E+02  0.1295888698E+02
L8 0.3772534591E+01  0.4627679447E+02  0.3476018195E+01  0.0000000000E+00
L9 0.0000000000E+00  0.0000000000E+00  0.0000000000E+00  0.9812604134E+00  0.0000000000E+00
L0     8000  0.1600000000E+02  -.7767540368E+04  0.1714407840E+04
L1 0.2907748477E+03  0.2907748477E+03  -.9481948207E+10  0.1000000000E+01
L2 0.1000000000E+01  0.3391639353E+02  0.3391639353E+02  0.3391639353E+02
L3 0.3003457488E+05  0.1851336247E+03  -.1048219786E+04  -.2456655368E+03
L4 -.3695838995E+03  0.2896504908E+03  0.2792197361E+03  0.2924522662E+03
L5 0.8613224931E+03  0.2496317542E+03  0.5058043533E+03  0.3455556634E+03
L6 0.1100991771E+04  -.9481948207E+04  0.1364801798E+04  -.1092350390E+05
L7 0.0000000000E+00  0.7156182537E+01  0.1091981967E+02  0.1067911716E+02
L8 0.1570241443E+01  0.4397605063E+02  0.2452483716E+01  0.0000000000E+00
L9 0.0000000000E+00  0.0000000000E+00  0.0000000000E+00  0.9841274913E+00  0.0000000000E+00
L0     9000  0.1800000000E+02  -.7569913939E+04  0.1772402553E+04
L1 0.3006111326E+03  0.3006111326E+03  -.9342316491E+10  0.1000000000E+01
L2 0.1000000000E+01  0.3387266746E+02  0.3387266746E+02  0.3387266746E+02
L3 0.2991659611E+05  -.7339820584E+02  0.6845290607E+03  0.4878868959E+03
L4 0.3663392502E+03  0.2833161870E+03  0.2912097844E+03  0.3047388335E+03
L5 0.8792648049E+03  0.2991197205E+03  0.1438222857E+03  0.1996908036E+03
L6 0.6426328099E+03  -.9342316491E+04  0.1411137382E+04  -.1083168194E+05
L7 0.0000000000E+00  0.2472492530E+01  0.9002790742E+01  0.1043166959E+02
L8 0.4625253881E+01  0.4794977166E+02  0.3746092114E+01  0.0000000000E+00
L9 0.0000000000E+00  0.0000000000E+00  0.0000000000E+00  0.9880084860E+00  0.0000000000E+00
L0    10000  0.2000000000E+02  -.7618547359E+04  0.1724956595E+04
L1 0.2925639859E+03  0.2925639859E+03  -.9343503954E+10  0.1000000000E+01
L2 0.1000000000E+01  0.3393326003E+02  0.3393326003E+02  0.3393326003E+02
L3 0.3007973584E+05  -.2755387028E+03  -.1714668728E+02  -.1185518815E+04
L4 -.4927347350E+03  0.2940584021E+03  0.3009969353E+03  0.2850342219E+03
L5 0.8800895593E+03  0.3537087811E+03  0.3047089597E+03  0.5416829102E+03
L6 0.1200100651E+04  -.9343503954E+04  0.1311014914E+04  -.1072938747E+05
L7 0.0000000000E+00  0.4827166578E+01  0.8962161573E+01  0.1090187828E+02
L8 0.2164656430E+01  0.4421579991E+02  0.3796935346E+01  0.0000000000E+00
L9 0.0000000000E+00  0.0000000000E+00  0.0000000000E+00  0.9826499469E+00  0.0000000000E+00
