L0  Nsteps           time(ps)         Etot             EKinetic        
L1  Temp             T_solute         T_solv           Pres_scal_solu  
L2  Pres_scal_solv   BoxX             BoxY             BoxZ            
L3  volume           pres_X           pres_Y           pres_Z          
L4  Pressure         EKCoM_x          EKCoM_y          EKCoM_z         
L5  EKComTot         VIRIAL_x         VIRIAL_y         VIRIAL_z        
L6  VIRIAL_tot       E_pot            E_vdw            E_el            
L7  E_hbon           E_bon            E_angle          E_dih           
L8  E_14vdw          E_14el           E_const          E_pol           
L9  AV_permMoment    AV_indMoment     AV_totMoment     Density          dV/dlambda      
L0     1000  0.2000000000E+01  -.6852286716E+04  0.1545666305E+04
L1 0.2900128260E+03  0.2900128260E+03  -.8397953021E+10  0.1000000000E+01
L2 0.1000000000E+01  0.3362869768E+02  0.3362869768E+02  0.3362869768E+02
L3 0.2927779198E+05  -.5563759750E+03  -.5366037796E+02  -.1713078296E+04
L4 -.7743715495E+03  0.2607421977E+03  0.2617358458E+03  0.2487727869E+03
L5 0.7712508304E+03  0.3779788124E+03  0.2730428779E+03  0.6097436214E+03
L6 0.1260765312E+04  -.8397953021E+04  0.1258506025E+04  -.9733085526E+04
L7 0.0000000000E+00  0.3283919491E+01  0.1145300537E+02  0.1251300257E+02
L8 0.2605641113E+01  0.4168654270E+02  0.5084369084E+01  0.0000000000E+00
L9 0.0000000000E+00  0.0000000000E+00  0.0000000000E+00  0.9124922218E+00  0.0000000000E+00
L0     2000  0.4000000000E+01  -.6880114968E+04  0.1547045987E+04
L1 0.2902716952E+03  0.2902716952E+03  -.8427160954E+10  0.1000000000E+01
L2 0.1000000000E+01  0.3315157810E+02  0.3315157810E+02  0.3315157810E+02
L3 0.2804759148E+05  -.5014529412E+03  -.5926725012E+02  0.1906533663E+03
L4 -.1233556083E+03  0.2534788766E+03  0.2618645513E+03  0.2610188712E+03
L5 0.7763622992E+03  0.3547026065E+03  0.2738282904E+03  0.2225334157E+03
L6 0.8510643126E+03  -.8427160954E+04  0.1280749215E+04  -.9792796781E+04
L7 0.0000000000E+00  0.3884758473E+01  0.1437400113E+02  0.1368631377E+02
L8 0.3002432004E+01  0.4394914158E+02  0.5989965055E+01  0.0000000000E+00
L9 0.0000000000E+00  0.0000000000E+00  0.0000000000E+00  0.9525152086E+00  0.0000000000E+00
L0     3000  0.6000000000E+01  -.6886908958E+04  0.1529733742E+04
L1 0.2870234049E+03  0.2870234049E+03  -.8416642701E+10  0.1000000000E+01
L2 0.1000000000E+01  0.3289431683E+02  0.3289431683E+02  0.3289431683E+02
L3 0.2739994747E+05  -.4532216923E+03  -.1874702638E+03  -.5180549697E+02
L4 -.2308324843E+03  0.2550989320E+03  0.2604359930E+03  0.2709165094E+03
L5 0.7864514344E+03  0.3444741262E+03  0.2974050779E+03  0.2811325393E+03
L6 0.9230117433E+03  -.8416642701E+04  0.1215126438E+04  -.9709855066E+04
L7 0.0000000000E+00  0.1584176506E+01  0.1424705087E+02  0.1326932940E+02
L8 0.2508911865E+01  0.4559935827E+02  0.8771006415E+00  0.0000000000E+00
L9 0.0000000000E+00  0.0000000000E+00  0.0000000000E+00  0.9750295136E+00  0.0000000000E+00
L0     4000  0.8000000000E+01  -.6905082287E+04  0.1580230816E+04
L1 0.2964981530E+03  0.2964981530E+03  -.8485313102E+10  0.1000000000E+01
L2 0.1000000000E+01  0.3285444076E+02  0.3285444076E+02  0.3285444076E+02
L3 0.2729897466E+05  0.4066830304E+03  0.4435142543E+03  0.2398935051E+03
L4 0.3633635966E+03  0.2623368000E+03  0.2544205516E+03  0.2645248425E+03
L5 0.7812821940E+03  0.1824345578E+03  0.1672819677E+03  0.2173922416E+03
L6 0.5671087671E+03  -.8485313102E+04  0.1310238137E+04  -.9873199281E+04
L7 0.0000000000E+00  0.4374347671E+01  0.8741508032E+01  0.1293625722E+02
L8 0.3820826071E+01  0.4467843404E+02  0.3096668519E+01  0.0000000000E+00
L9 0.0000000000E+00  0.0000000000E+00  0.0000000000E+00  0.9786359299E+00  0.0000000000E+00
L0     5000  0.1000000000E+02  -.6859470728E+04  0.1593062892E+04
L1 0.2989058310E+03  0.2989058310E+03  -.8452533620E+10  0.1000000000E+01
L2 0.1000000000E+01  0.3281464300E+02  0.3281464300E+02  0.3281464300E+02
L3 0.2719938412E+05  0.3278987096E+03  0.1522211750E+03  0.1235653980E+04
L4 0.5719246217E+03  0.2676048894E+03  0.2561855302E+03  0.2703346766E+03
L5 0.7941250962E+03  0.2034166656E+03  0.2263872828E+03  0.2844767956E+02
L6 0.4582516280E+03  -.8452533620E+04  0.1321388771E+04  -.9851008275E+04
L7 0.0000000000E+00  0.1841843020E+01  0.1229947495E+02  0.1359095298E+02
L8 0.1270276360E+01  0.4520831232E+02  0.2875024463E+01  0.0000000000E+00
L9 0.0000000000E+00  0.0000000000E+00  0.0000000000E+00  0.9822192050E+00  0.0000000000E+00
L0     6000  0.1200000000E+02  -.6952928702E+04  0.1604912779E+04
L1 0.3011292210E+03  0.3011292210E+03  -.8557841481E+10  0.1000000000E+01
L2 0.1000000000E+01  0.3272817085E+02  0.3272817085E+02  0.3272817085E+02
L3 0.2698670970E+05  -.3514030909E+03  -.5749129974E+03  0.4181405025E+03
L4 -.1693918619E+03  0.2699729471E+03  0.2503321539E+03  0.2635527019E+03
L5 0.7838578028E+03  0.3382244304E+03  0.3619949875E+03  0.1823391034E+03
L6 0.8825585212E+03  -.8557841481E+04  0.1253050702E+04  -.9880189353E+04
L7 0.0000000000E+00  0.3971173119E+01  0.7414156134E+01  0.1131338549E+02
L8 0.2868930897E+01  0.4155514385E+02  0.2174381235E+01  0.0000000000E+00
L9 0.0000000000E+00  0.0000000000E+00  0.0000000000E+00  0.9899597894E+00  0.0000000000E+00
L0     7000  0.1400000000E+02  -.6934678122E+04  0.1590533001E+04
L1 0.2984311484E+03  0.2984311484E+03  -.8525211123E+10  0.1000000000E+01
L2 0.1000000000E+01  0.3272514421E+02  0.3272514421E+02  0.3272514421E+02
L3 0.2697876866E+05  0.4987377312E+01  0.4988168649E+03  -.4451724290E+03
L4 0.1954393776E+02  0.2615326446E+03  0.2826574589E+03  0.2645134098E+03
L5 0.8087035133E+03  0.2605642532E+03  0.1858029524E+03  0.3509518584E+03
L6 0.7973190640E+03  -.8525211123E+04  0.1262020285E+04  -.9863143678E+04
L7 0.0000000000E+00  0.3560090426E+01  0.9469995206E+01  0.1151050353E+02
L8 0.3041744053E+01  0.4376970623E+02  0.4560230896E+01  0.0000000000E+00
L9 0.0000000000E+00  0.0000000000E+00  0.0000000000E+00  0.9902511783E+00  0.0000000000E+00
L0     8000  0.1600000000E+02  -.6945808862E+04  0.1609814859E+04
L1 0.3020489967E+03  0.3020489967E+03  -.8555623721E+10  0.1000000000E+01
L2 0.1000000000E+01  0.3273872714E+02  0.3273872714E+02  0.3273872714E+02
L3 0.2701245658E+05  -.4189284847E+03  0.7081792722E+03  -.3307979633E+03
L4 -.1384905858E+02  0.2720519546E+03  0.2771524376E+03  0.2861887596E+03
L5 0.8353931517E+03  0.3534962279E+03  0.1394746517E+03  0.3504994969E+03
L6 0.8434703765E+03  -.8555623721E+04  0.1271872651E+04  -.9908592697E+04
L7 0.0000000000E+00  0.2304735393E+01  0.1383590977E+02  0.1176054400E+02
L8 0.4241828659E+01  0.4569655382E+02  0.3256752690E+01  0.0000000000E+00
L9 0.0000000000E+00  0.0000000000E+00  0.0000000000E+00  0.9890162109E+00  0.0000000000E+00
L0     9000  0.1800000000E+02  -.6923153599E+04  0.1545168518E+04
L1 0.2899194265E+03  0.2899194265E+03  -.8468322117E+10  0.1000000000E+01
L2 0.1000000000E+01  0.3270659420E+02  0.3270659420E+02  0.3270659420E+02
L3 0.2693380295E+05  -.2278342184E+03  -.3208671482E+03  -.4995563537E+03
L4 -.3494192401E+03  0.2518040201E+03  0.2498405364E+03  0.2534389488E+03
L5 0.7550835052E+03  0.2959685091E+03  0.3120389793E+03  0.3502753733E+03
L6 0.9582828617E+03  -.8468322117E+04  0.1200994089E+04  -.9750960785E+04
L7 0.0000000000E+00  0.2488778416E+01  0.1002017715E+02  0.1504233661E+02
L8 0.4273492265E+01  0.4507794143E+02  0.4741853892E+01  0.0000000000E+00
L9 0.0000000000E+00  0.0000000000E+00  0.0000000000E+00  0.9919043923E+00  0.0000000000E+00
L0    10000  0.2000000000E+02  -.6903869067E+04  0.1599365778E+04
L1 0.3000884393E+03  0.3000884393E+03  -.8503234845E+10  0.1000000000E+01
L2 0.1000000000E+01  0.3275714579E+02  0.3275714579E+02  0.3275714579E+02
L3 0.2705701832E+05  0.2851343202E+03  0.1400324309E+04  -.4154564520E+03
L4 0.4233340591E+03  0.2489934802E+03  0.2647327547E+03  0.2496872379E+03
L5 0.7634134728E+03  0.1934688071E+03  -.7954691032E+01  0.3305897531E+03
L6 0.5161038692E+03  -.8503234845E+04  0.1308143820E+04  -.9885472327E+04
L7 0.0000000000E+00  0.5433135060E+01  0.6434864761E+01  0.1099830731E+02
L8 0.3796606744E+01  0.4479024957E+02  0.2640499131E+01  0.0000000000E+00
L9 0.0000000000E+00  0.0000000000E+00  0.0000000000E+00  0.9873873437E+00  0.0000000000E+00
