L0  Nsteps           time(ps)         Etot             EKinetic        
L1  Temp             T_solute         T_solv           Pres_scal_solu  
L2  Pres_scal_solv   BoxX             BoxY             BoxZ            
L3  volume           pres_X           pres_Y           pres_Z          
L4  Pressure         EKCoM_x          EKCoM_y          EKCoM_z         
L5  EKComTot         VIRIAL_x         VIRIAL_y         VIRIAL_z        
L6  VIRIAL_tot       E_pot            E_vdw            E_el            
L7  E_hbon           E_bon            E_angle          E_dih           
L8  E_14vdw          E_14el           E_const          E_pol           
L9  AV_permMoment    AV_indMoment     AV_totMoment     Density          dV/dlambda      
L0     1000  0.2000000000E+01  -.7127892636E+04  0.1589550514E+04
L1 0.2885634669E+03  0.2885634669E+03  -.8717443151E+10  0.1000000000E+01
L2 0.1000000000E+01  0.3414643946E+02  0.3414643946E+02  0.3414643946E+02
L3 0.3065005426E+05  -.4833077785E+03  -.8143464303E+03  -.3134308852E+01
L4 -.4335961726E+03  0.2616646394E+03  0.2612183378E+03  0.2543122601E+03
L5 0.7771952372E+03  0.3682779949E+03  0.4408558470E+03  0.2550036605E+03
L6 0.1064137502E+04  -.8717443151E+04  0.1374058723E+04  -.1016010380E+05
L7 0.0000000000E+00  0.2446944055E+01  0.7005953067E+01  0.1155260813E+02
L8 0.2537912312E+01  0.4307718893E+02  0.1981315133E+01  0.0000000000E+00
L9 0.0000000000E+00  0.0000000000E+00  0.0000000000E+00  0.9009204483E+00  0.0000000000E+00
L0     2000  0.4000000000E+01  -.7050146215E+04  0.1643107900E+04
L1 0.2982861557E+03  0.2982861557E+03  -.8693254115E+10  0.1000000000E+01
L2 0.1000000000E+01  0.3365249576E+02  0.3365249576E+02  0.3365249576E+02
L3 0.2933883291E+05  -.1864019260E+03  -.6624685337E+03  -.1442898620E+03
L4 -.3310534405E+03  0.2731957542E+03  0.2647780720E+03  0.2812736969E+03
L5 0.8192475231E+03  0.3125552757E+03  0.4046609852E+03  0.3117410855E+03
L6 0.1028957346E+04  -.8693254115E+04  0.1307563727E+04  -.1007846776E+05
L7 0.0000000000E+00  0.3655949831E+01  0.1563455281E+02  0.1203378386E+02
L8 0.2425892057E+01  0.4006664060E+02  0.3833102789E+01  0.0000000000E+00
L9 0.0000000000E+00  0.0000000000E+00  0.0000000000E+00  0.9411846989E+00  0.0000000000E+00
L0     3000  0.6000000000E+01  -.7085355418E+04  0.1693282838E+04
L1 0.3073948024E+03  0.3073948024E+03  -.8778638256E+10  0.1000000000E+01
L2 0.1000000000E+01  0.3326742706E+02  0.3326742706E+02  0.3326742706E+02
L3 0.2834375818E+05  -.5505374996E+03  -.8509381873E+03  -.2727470018E+03
L4 -.5580742296E+03  0.2817289846E+03  0.3102152266E+03  0.2792571556E+03
L5 0.8712013668E+03  0.3940344573E+03  0.4838001604E+03  0.3348954745E+03
L6 0.1212730092E+04  -.8778638256E+04  0.1233585879E+04  -.1008379064E+05
L7 0.0000000000E+00  0.2882890143E+01  0.9491814034E+01  0.1079624964E+02
L8 0.2427801184E+01  0.4256952818E+02  0.3398218574E+01  0.0000000000E+00
L9 0.0000000000E+00  0.0000000000E+00  0.0000000000E+00  0.9742272159E+00  0.0000000000E+00
L0     4000  0.8000000000E+01  -.7140222606E+04  0.1611532340E+04
L1 0.2925539988E+03  0.2925539988E+03  -.8751754946E+10  0.1000000000E+01
L2 0.1000000000E+01  0.3324895799E+02  0.3324895799E+02  0.3324895799E+02
L3 0.2829563590E+05  -.3052207154E+03  -.3997520274E+03  0.1499882149E+03
L4 -.1849948426E+03  0.2643962428E+03  0.2709821641E+03  0.2832539259E+03
L5 0.8186323327E+03  0.3265532427E+03  0.3523900944E+03  0.2527094150E+03
L6 0.9316527521E+03  -.8751754946E+04  0.1287260234E+04  -.1011671076E+05
L7 0.0000000000E+00  0.1945438112E+01  0.1308939709E+02  0.1044839641E+02
L8 0.2956033093E+01  0.4328145157E+02  0.5974868401E+01  0.0000000000E+00
L9 0.0000000000E+00  0.0000000000E+00  0.0000000000E+00  0.9758840804E+00  0.0000000000E+00
L0     5000  0.1000000000E+02  -.7171774198E+04  0.1628142813E+04
L1 0.2955694271E+03  0.2955694271E+03  -.8799917011E+10  0.1000000000E+01
L2 0.1000000000E+01  0.3317683464E+02  0.3317683464E+02  0.3317683464E+02
L3 0.2811012779E+05  0.1162069886E+04  0.2607864389E+03  0.1414081733E+03
L4 0.5214214996E+03  0.2719432929E+03  0.2692443439E+03  0.2679535934E+03
L5 0.8091412302E+03  0.3684382455E+02  0.2164843904E+03  0.2393451708E+03
L6 0.4926733858E+03  -.8799917011E+04  0.1377772124E+04  -.1024481497E+05
L7 0.0000000000E+00  0.2889394367E+01  0.6944683026E+01  0.9108644732E+01
L8 0.2853823824E+01  0.4348263404E+02  0.1846654597E+01  0.0000000000E+00
L9 0.0000000000E+00  0.0000000000E+00  0.0000000000E+00  0.9823242652E+00  0.0000000000E+00
L0     6000  0.1200000000E+02  -.7170333954E+04  0.1653387553E+04
L1 0.3001523011E+03  0.3001523011E+03  -.8823721507E+10  0.1000000000E+01
L2 0.1000000000E+01  0.3311434092E+02  0.3311434092E+02  0.3311434092E+02
L3 0.2795343100E+05  0.2008502125E+03  -.4840393106E+03  -.3827705033E+03
L4 -.2219865338E+03  0.2523144161E+03  0.2542558802E+03  0.2926137763E+03
L5 0.7991840726E+03  0.2119067286E+03  0.3516364552E+03  0.3696207691E+03
L6 0.9331639529E+03  -.8823721507E+04  0.1297405267E+04  -.1019654208E+05
L7 0.0000000000E+00  0.3720174075E+01  0.9037484006E+01  0.1155174046E+02
L8 0.3775750665E+01  0.4500679286E+02  0.2323359448E+01  0.0000000000E+00
L9 0.0000000000E+00  0.0000000000E+00  0.0000000000E+00  0.9878308185E+00  0.0000000000E+00
L0     7000  0.1400000000E+02  -.7143400321E+04  0.1667160786E+04
L1 0.3026526631E+03  0.3026526631E+03  -.8810561107E+10  0.1000000000E+01
L2 0.1000000000E+01  0.3310648013E+02  0.3310648013E+02  0.3310648013E+02
L3 0.2793505550E+05  -.9883335087E+03  -.9206471501E+03  -.5951071516E+03
L4 -.8346959368E+03  0.2732724046E+03  0.2657394258E+03  0.2924286255E+03
L5 0.8314404559E+03  0.4719777904E+03  0.4508364052E+03  0.4120754806E+03
L6 0.1334889676E+04  -.8810561107E+04  0.1197160491E+04  -.1008071424E+05
L7 0.0000000000E+00  0.1672503608E+01  0.7732691024E+01  0.9224208470E+01
L8 0.4321735032E+01  0.4586266648E+02  0.4178837182E+01  0.0000000000E+00
L9 0.0000000000E+00  0.0000000000E+00  0.0000000000E+00  0.9884806073E+00  0.0000000000E+00
L0     8000  0.1600000000E+02  -.7133470535E+04  0.1650960974E+04
L1 0.2997117853E+03  0.2997117853E+03  -.8784431509E+10  0.1000000000E+01
L2 0.1000000000E+01  0.3312821640E+02  0.3312821640E+02  0.3312821640E+02
L3 0.2798881303E+05  0.1114051427E+03  -.2332846979E+03  -.8185138478E+03
L4 -.3134644677E+03  0.2760789981E+03  0.2724867539E+03  0.2736393799E+03
L5 0.8222051319E+03  0.2536377865E+03  0.3194791201E+03  0.4385190434E+03
L6 0.1011635950E+04  -.8784431509E+04  0.1259457941E+04  -.1011756353E+05
L7 0.0000000000E+00  0.4579922917E+01  0.7376966905E+01  0.1049211153E+02
L8 0.4432164808E+01  0.4382107533E+02  0.2971841058E+01  0.0000000000E+00
L9 0.0000000000E+00  0.0000000000E+00  0.0000000000E+00  0.9865820529E+00  0.0000000000E+00
L0     9000  0.1800000000E+02  -.7160576241E+04  0.1617396667E+04
L1 0.2936185957E+03  0.2936185957E+03  -.8777972908E+10  0.1000000000E+01
L2 0.1000000000E+01  0.3315532177E+02  0.3315532177E+02  0.3315532177E+02
L3 0.2805682822E+05  0.3100842453E+03  -.1110815997E+03  -.2499318417E+03
L4 -.1697639872E+02  0.2884572244E+03  0.2538375211E+03  0.2650144311E+03
L5 0.8073091766E+03  0.2258427334E+03  0.2762679345E+03  0.3154825064E+03
L6 0.8175931743E+03  -.8777972908E+04  0.1305356788E+04  -.1016634943E+05
L7 0.0000000000E+00  0.8640381697E+01  0.9185412243E+01  0.1129265689E+02
L8 0.4313370580E+01  0.4561971851E+02  0.3968195798E+01  0.0000000000E+00
L9 0.0000000000E+00  0.0000000000E+00  0.0000000000E+00  0.9841903869E+00  0.0000000000E+00
L0    10000  0.2000000000E+02  -.7133535775E+04  0.1630553429E+04
L1 0.2960070449E+03  0.2960070449E+03  -.8764089203E+10  0.1000000000E+01
L2 0.1000000000E+01  0.3307020674E+02  0.3307020674E+02  0.3307020674E+02
L3 0.2784208047E+05  -.2496432957E+03  0.8804903046E+02  -.8281211522E+03
L4 -.3299051391E+03  0.2831524610E+03  0.2746851001E+03  0.2531318653E+03
L5 0.8109694265E+03  0.3331764329E+03  0.2570416773E+03  0.4190722690E+03
L6 0.1009290379E+04  -.8764089203E+04  0.1254450446E+04  -.1009571795E+05
L7 0.0000000000E+00  0.3644742279E+01  0.1335111146E+02  0.1075470323E+02
L8 0.3797372798E+01  0.4308861530E+02  0.2541758238E+01  0.0000000000E+00
L9 0.0000000000E+00  0.0000000000E+00  0.0000000000E+00  0.9917815104E+00  0.0000000000E+00
